// General information: 
//  MT Manager version: 2022.2.0 
//  XDA version: 2022.2.0 build 7381 rev 124627 built on 2023-07-19
// Device information: 
//  DeviceId: 00B4CAF0
//  ProductCode: MTW2-3A7G6
//  Firmware Version: 4.6.0
//  Hardware Version: 2.0.0
// Device settings: 
//  Filter Profile: human(46.1)
//  Option Flags: Orientation Smoother Disabled, Position/Velocity Smoother Disabled, Continuous Zero Rotation Update Disabled, AHS Disabled, ICC Disabled
// Coordinate system: ENU
PacketCounter	Acc_X	Acc_Y	Acc_Z	Gyr_X	Gyr_Y	Gyr_Z	Mat[1][1]	Mat[2][1]	Mat[3][1]	Mat[1][2]	Mat[2][2]	Mat[3][2]	Mat[1][3]	Mat[2][3]	Mat[3][3]
01711	3.647764	-0.930790	9.548127	-0.001426	0.012856	0.006840	-0.934371	-0.009608	0.356172	-0.022413	-0.996072	-0.085667	0.355595	-0.088028	0.930485
01712	3.623288	-0.939724	9.572023	-0.001584	0.002834	0.004788	-0.934357	-0.009508	0.356211	-0.022547	-0.996063	-0.085727	0.355624	-0.088131	0.930465
01713	3.671511	-0.972829	9.583648	0.000178	0.004070	0.001959	-0.934358	-0.009510	0.356210	-0.022548	-0.996063	-0.085735	0.355623	-0.088139	0.930464
01714	3.708078	-0.915377	9.591645	-0.001603	0.008785	0.004880	-0.934378	-0.009398	0.356158	-0.022677	-0.996056	-0.085776	0.355560	-0.088224	0.930481
01715	3.669321	-0.933342	9.597950	-0.000816	0.007337	0.004476	-0.934391	-0.009422	0.356124	-0.022658	-0.996055	-0.085802	0.355528	-0.088242	0.930491
01716	3.702286	-0.935726	9.605859	-0.001791	0.004653	0.006901	-0.934408	-0.009288	0.356083	-0.022808	-0.996048	-0.085833	0.355473	-0.088325	0.930504
01717	3.676490	-0.894813	9.571016	-0.004555	0.012696	0.008358	-0.934441	-0.009346	0.355996	-0.022767	-0.996043	-0.085908	0.355390	-0.088381	0.930530
01718	3.643656	-0.983563	9.608637	-0.005520	0.010074	0.006802	-0.934459	-0.009189	0.355952	-0.022961	-0.996031	-0.085991	0.355330	-0.088528	0.930539
01719	3.684946	-0.946913	9.589233	-0.003572	0.009366	0.009820	-0.934480	-0.009263	0.355895	-0.022903	-0.996027	-0.086061	0.355278	-0.088574	0.930555
01720	3.674047	-0.937091	9.558216	-0.006111	0.009640	0.009069	-0.934507	-0.009271	0.355824	-0.022931	-0.996016	-0.086175	0.355205	-0.088690	0.930571
01721	3.631702	-1.015215	9.564329	-0.004911	0.004556	0.004439	-0.934510	-0.009296	0.355816	-0.022928	-0.996011	-0.086239	0.355198	-0.088749	0.930568
01722	3.663685	-0.937873	9.599661	-0.002354	-0.001669	0.005096	-0.934481	-0.009173	0.355896	-0.023088	-0.996002	-0.086293	0.355264	-0.088856	0.930533
01723	3.687325	-0.929631	9.576046	-0.000217	0.001755	0.006094	-0.934474	-0.009217	0.355913	-0.023053	-0.996001	-0.086320	0.355285	-0.088868	0.930524
01724	3.663271	-0.938606	9.599747	-0.002382	0.004217	0.009168	-0.934489	-0.009262	0.355872	-0.023028	-0.995995	-0.086393	0.355246	-0.088928	0.930533
01725	3.663579	-0.979086	9.586046	-0.002176	0.002399	0.007054	-0.934485	-0.009315	0.355882	-0.022991	-0.995992	-0.086441	0.355260	-0.088960	0.930525
01726	3.696159	-0.941775	9.607627	-0.004715	0.002674	0.006304	-0.934490	-0.009365	0.355866	-0.022977	-0.995983	-0.086547	0.355247	-0.089054	0.930521
01727	3.618718	-0.927591	9.560950	-0.002963	0.003847	0.007456	-0.934491	-0.009421	0.355863	-0.022939	-0.995979	-0.086604	0.355247	-0.089094	0.930517
01728	3.753521	-0.976340	9.578077	-0.002550	0.000212	0.003229	-0.934468	-0.009272	0.355926	-0.023126	-0.995969	-0.086662	0.355295	-0.089214	0.930487
01729	3.666114	-0.921757	9.586346	-0.007264	0.002886	0.009532	-0.934466	-0.009349	0.355930	-0.023084	-0.995961	-0.086766	0.355303	-0.089296	0.930476
01730	3.656647	-0.962195	9.613928	-0.005529	0.010007	0.010777	-0.934482	-0.009175	0.355892	-0.023296	-0.995949	-0.086845	0.355247	-0.089446	0.930483
01731	3.660854	-0.983327	9.586653	-0.005708	0.005939	0.008818	-0.934491	-0.009242	0.355868	-0.023255	-0.995943	-0.086932	0.355227	-0.089513	0.930484
01732	3.631174	-0.962174	9.565339	-0.002176	0.002397	0.007052	-0.934477	-0.009079	0.355908	-0.023454	-0.995933	-0.086987	0.355250	-0.089635	0.930464
01733	3.664783	-0.964800	9.573004	-0.003332	-0.004355	0.007517	-0.934449	-0.009142	0.355981	-0.023418	-0.995929	-0.087047	0.355327	-0.089677	0.930430
01734	3.635668	-0.943388	9.551504	-0.000798	0.001383	0.004381	-0.934439	-0.009015	0.356010	-0.023568	-0.995922	-0.087080	0.355344	-0.089761	0.930416
01735	3.670061	-0.985468	9.545364	0.004295	-0.005119	0.005789	-0.934407	-0.009061	0.356091	-0.023521	-0.995925	-0.087063	0.355429	-0.089728	0.930386
01736	3.660955	-0.984844	9.586459	0.001561	-0.002961	0.003173	-0.934367	-0.008700	0.356205	-0.023905	-0.995919	-0.087029	0.355508	-0.089832	0.930346
01737	3.665746	-0.965065	9.572609	0.002543	-0.006291	0.004636	-0.934331	-0.008736	0.356298	-0.023874	-0.995920	-0.087024	0.355605	-0.089816	0.930311
01738	3.666919	-1.004747	9.558633	0.004898	-0.004621	-0.000458	-0.934301	-0.008611	0.356381	-0.024006	-0.995919	-0.086997	0.355676	-0.089837	0.930282
01739	3.638316	-0.982237	9.537052	0.009009	-0.007794	-0.000514	-0.934259	-0.008596	0.356493	-0.024001	-0.995927	-0.086914	0.355788	-0.089756	0.930247
01740	3.649125	-0.991811	9.568130	0.012540	-0.011336	-0.002280	-0.934204	-0.008403	0.356641	-0.024175	-0.995933	-0.086792	0.355920	-0.089703	0.930201
01741	3.631056	-0.979265	9.577693	0.014112	-0.014233	-0.003087	-0.934138	-0.008368	0.356815	-0.024177	-0.995945	-0.086652	0.356094	-0.089572	0.930147
01742	3.708590	-0.942534	9.565228	0.013932	-0.018303	-0.005047	-0.934085	-0.008265	0.356956	-0.024236	-0.995959	-0.086482	0.356228	-0.089432	0.930109
01743	3.672270	-0.958300	9.570788	0.019210	-0.014661	-0.009550	-0.934016	-0.008167	0.357139	-0.024279	-0.995976	-0.086271	0.356406	-0.089250	0.930059
01744	3.692645	-0.927495	9.574203	0.017258	-0.020031	-0.004704	-0.933928	-0.007949	0.357372	-0.024470	-0.995986	-0.086100	0.356622	-0.089156	0.929985
01745	3.661412	-0.963662	9.552251	0.014122	-0.014175	-0.007073	-0.933862	-0.007874	0.357548	-0.024508	-0.995998	-0.085946	0.356794	-0.089025	0.929931
01746	3.715360	-0.935334	9.563308	0.014138	-0.020127	-0.007167	-0.933749	-0.007420	0.357852	-0.024963	-0.996001	-0.085787	0.357058	-0.089036	0.929829
01747	3.674089	-0.931149	9.596339	0.013532	-0.014609	-0.004807	-0.933681	-0.007368	0.358031	-0.024983	-0.996012	-0.085646	0.357234	-0.088911	0.929773
01748	3.704365	-0.941430	9.544738	0.012565	-0.017232	-0.006363	-0.933615	-0.007279	0.358205	-0.025049	-0.996021	-0.085525	0.357402	-0.088820	0.929718
01749	3.657546	-0.906927	9.532717	0.014522	-0.017880	-0.007328	-0.933534	-0.007204	0.358416	-0.025088	-0.996034	-0.085366	0.357609	-0.088685	0.929651
01750	3.717142	-0.909130	9.588730	0.008854	-0.017761	-0.006554	-0.933474	-0.007264	0.358571	-0.025016	-0.996041	-0.085304	0.357771	-0.088600	0.929597
01751	3.642228	-0.933205	9.527854	0.011574	-0.013966	-0.003851	-0.933409	-0.007221	0.358743	-0.025034	-0.996051	-0.085186	0.357941	-0.088494	0.929541
01752	3.741732	-1.037757	9.536564	0.011016	-0.020231	-0.009634	-0.933304	-0.006714	0.359025	-0.025542	-0.996051	-0.085024	0.358178	-0.088524	0.929447
01753	3.631490	-0.939297	9.509221	0.018233	-0.017359	-0.007150	-0.933225	-0.006640	0.359231	-0.025567	-0.996067	-0.084832	0.358382	-0.088352	0.929385
01754	3.673636	-1.009423	9.547573	0.020615	-0.027603	-0.012437	-0.933122	-0.006499	0.359501	-0.025660	-0.996084	-0.084608	0.358643	-0.088175	0.929301
01755	3.609070	-1.002520	9.531584	0.027256	-0.025045	-0.015648	-0.933013	-0.006347	0.359786	-0.025732	-0.996108	-0.084301	0.358920	-0.087912	0.929219
01756	3.702106	-0.954813	9.536100	0.029231	-0.031651	-0.016711	-0.932873	-0.005828	0.360158	-0.026184	-0.996127	-0.083942	0.359252	-0.087738	0.929107
01757	3.657550	-0.958413	9.509988	0.029638	-0.035301	-0.020947	-0.932726	-0.005632	0.360542	-0.026297	-0.996153	-0.083594	0.359626	-0.087451	0.928989
01758	3.685876	-0.955843	9.557698	0.036897	-0.044285	-0.022643	-0.932535	-0.005126	0.361044	-0.026724	-0.996177	-0.083169	0.360091	-0.087206	0.928833
01759	3.666021	-0.949930	9.507577	0.038857	-0.044887	-0.027604	-0.932351	-0.004872	0.361523	-0.026866	-0.996211	-0.082710	0.360556	-0.086828	0.928687
01760	3.618742	-0.972153	9.494847	0.037324	-0.053910	-0.026991	-0.932130	-0.004234	0.362099	-0.027414	-0.996237	-0.082220	0.361084	-0.086566	0.928507
01761	3.486924	-1.088994	9.363313	0.045555	-0.060115	-0.039097	-0.931887	-0.003877	0.362728	-0.027639	-0.996277	-0.081657	0.361694	-0.086121	0.928311
01762	3.269113	-1.268711	9.371647	0.058212	-0.101079	-0.057851	-0.931465	-0.002834	0.363819	-0.028560	-0.996315	-0.080880	0.362708	-0.085728	0.927951
01763	3.675638	-1.053337	9.481117	0.077916	-0.143439	-0.064205	-0.930910	-0.002297	0.365240	-0.028900	-0.996382	-0.079926	0.364103	-0.084959	0.927476
01764	3.831603	-0.712829	9.559831	0.059898	-0.133856	-0.063259	-0.930401	-0.001559	0.366540	-0.029493	-0.996430	-0.079100	0.365355	-0.084405	0.927034
01765	3.549304	-1.017994	9.452632	0.054078	-0.143852	-0.064593	-0.929840	-0.001016	0.367963	-0.029921	-0.996476	-0.078364	0.366746	-0.083876	0.926533
01766	3.682709	-1.055875	9.546016	0.066538	-0.177290	-0.069335	-0.929153	-0.000298	0.369696	-0.030516	-0.996525	-0.077497	0.368435	-0.083288	0.925915
01767	3.949446	-0.671350	9.543637	0.074710	-0.165925	-0.061395	-0.928506	0.000196	0.371318	-0.030836	-0.996587	-0.076580	0.370035	-0.082555	0.925342
01768	3.935138	-0.750900	9.575886	0.048541	-0.167911	-0.060486	-0.927836	0.001065	0.372986	-0.031652	-0.996614	-0.075892	0.371642	-0.082221	0.924728
01769	3.795244	-0.825827	9.537970	0.042953	-0.173933	-0.051894	-0.927156	0.001460	0.374671	-0.031999	-0.996647	-0.075302	0.373305	-0.081806	0.924095
01770	3.890621	-0.873455	9.563912	0.046406	-0.165629	-0.053625	-0.926482	0.002238	0.376333	-0.032745	-0.996669	-0.074687	0.374912	-0.081519	0.923469
01771	3.966361	-0.720294	9.566689	0.045728	-0.182197	-0.053638	-0.925764	0.002645	0.378093	-0.033096	-0.996704	-0.074064	0.376651	-0.081080	0.922800
01772	4.060401	-0.688341	9.618823	0.029814	-0.157272	-0.043371	-0.925113	0.003553	0.379676	-0.034032	-0.996707	-0.073594	0.378165	-0.081004	0.922188
01773	4.139709	-0.638326	9.567572	0.018822	-0.142908	-0.037694	-0.924542	0.003835	0.381060	-0.034336	-0.996720	-0.073278	0.379529	-0.080833	0.921642
01774	4.057523	-0.660523	9.586892	0.008983	-0.109858	-0.020248	-0.924087	0.004288	0.382157	-0.034867	-0.996713	-0.073126	0.380587	-0.080900	0.921199
01775	3.962609	-0.785083	9.463116	-0.005673	-0.107935	-0.018851	-0.923653	0.004410	0.383204	-0.035090	-0.996707	-0.073108	0.381619	-0.080973	0.920766
01776	3.993779	-0.804916	9.521482	0.002409	-0.090373	-0.018701	-0.923276	0.004981	0.384104	-0.035735	-0.996694	-0.072971	0.382471	-0.081098	0.920402
01777	3.984162	-0.832625	9.514800	0.008853	-0.091968	-0.020023	-0.922901	0.005128	0.385004	-0.035914	-0.996699	-0.072813	0.383359	-0.081026	0.920038
01778	3.935877	-0.837584	9.529000	0.014052	-0.082383	-0.020534	-0.922559	0.005551	0.385817	-0.036356	-0.996699	-0.072593	0.384140	-0.080998	0.919715
01779	4.076466	-0.832716	9.480298	0.015211	-0.081595	-0.021137	-0.922221	0.005718	0.386621	-0.036520	-0.996709	-0.072373	0.384935	-0.080863	0.919395
01780	4.026673	-0.836927	9.495222	0.022267	-0.060665	-0.022404	-0.921938	0.006383	0.387286	-0.037177	-0.996706	-0.072074	0.385550	-0.080846	0.919138
01781	4.025099	-0.803957	9.447931	0.025932	-0.054139	-0.022173	-0.921704	0.006583	0.387838	-0.037310	-0.996725	-0.071751	0.386095	-0.080603	0.918931
01782	4.063842	-0.801950	9.452839	0.031914	-0.045997	-0.023099	-0.921516	0.007070	0.388276	-0.037686	-0.996743	-0.071291	0.386507	-0.080328	0.918782
01783	4.044467	-0.766270	9.489166	0.034185	-0.038394	-0.024148	-0.921342	0.007303	0.388684	-0.037805	-0.996768	-0.070884	0.386910	-0.080003	0.918640
01784	4.081453	-0.763806	9.494820	0.033962	-0.024583	-0.017786	-0.921226	0.007721	0.388951	-0.038112	-0.996785	-0.070481	0.387157	-0.079752	0.918558
01785	4.067952	-0.729014	9.490605	0.036366	-0.012829	-0.020845	-0.921152	0.007942	0.389122	-0.038192	-0.996811	-0.070066	0.387325	-0.079403	0.918518
01786	3.965169	-0.819901	9.458018	0.035585	-0.005400	-0.016310	-0.921096	0.008556	0.389241	-0.038694	-0.996820	-0.069655	0.387408	-0.079220	0.918499
01787	3.873989	-0.892205	9.370026	0.037712	-0.007911	-0.019457	-0.921042	0.008767	0.389366	-0.038757	-0.996847	-0.069233	0.387531	-0.078857	0.918478
01788	3.655210	-1.016067	9.387029	0.043272	-0.030124	-0.026686	-0.920880	0.009527	0.389729	-0.039391	-0.996859	-0.068708	0.387850	-0.078624	0.918363
01789	4.037923	-0.839669	9.383617	0.049120	-0.060224	-0.032179	-0.920617	0.009824	0.390343	-0.039527	-0.996893	-0.068132	0.388460	-0.078153	0.918145
01790	4.028423	-0.692062	9.490418	0.041787	-0.045200	-0.030215	-0.920389	0.010536	0.390861	-0.040140	-0.996901	-0.067649	0.388937	-0.077952	0.917960
01791	3.998085	-0.825753	9.456571	0.034657	-0.054176	-0.028714	-0.920150	0.010804	0.391416	-0.040299	-0.996924	-0.067219	0.389486	-0.077625	0.917756
01792	4.096762	-0.755718	9.442432	0.044628	-0.053366	-0.027813	-0.919899	0.011330	0.391992	-0.040712	-0.996941	-0.066724	0.390037	-0.077338	0.917546
01793	4.258065	-0.667940	9.468928	0.037471	-0.040190	-0.027971	-0.919714	0.011603	0.392418	-0.040854	-0.996965	-0.066271	0.390458	-0.076982	0.917397
01794	4.147157	-0.637482	9.517014	0.030379	-0.021040	-0.020011	-0.919570	0.012400	0.392730	-0.041599	-0.996957	-0.065926	0.390717	-0.076961	0.917288
01795	4.165440	-0.704900	9.506994	0.025152	-0.018678	-0.015270	-0.919474	0.012563	0.392950	-0.041673	-0.996973	-0.065636	0.390936	-0.076725	0.917215
01796	4.246509	-0.575177	9.576286	0.019214	0.001288	-0.007886	-0.919445	0.012991	0.393004	-0.042058	-0.996970	-0.065439	0.390963	-0.076696	0.917205
01797	4.298458	-0.586284	9.573005	0.007013	0.020974	-0.001303	-0.919510	0.013046	0.392851	-0.042073	-0.996974	-0.065370	0.390809	-0.076637	0.917276
01798	4.287231	-0.516740	9.542148	-0.006285	0.039836	0.009858	-0.919623	0.013448	0.392572	-0.042540	-0.996945	-0.065499	0.390492	-0.076934	0.917386
01799	4.133731	-0.670968	9.548434	-0.017387	0.066321	0.015953	-0.919872	0.013366	0.391991	-0.042492	-0.996933	-0.065722	0.389911	-0.077112	0.917618
01800	4.131628	-0.694257	9.523740	-0.023831	0.067885	0.017265	-0.920129	0.013412	0.391387	-0.042610	-0.996909	-0.066009	0.389291	-0.077414	0.917856
01801	4.099413	-0.737372	9.465335	-0.028324	0.080755	0.025777	-0.920437	0.013244	0.390667	-0.042514	-0.996889	-0.066371	0.388573	-0.077699	0.918136
01802	4.086890	-0.720451	9.495870	-0.026982	0.085664	0.027140	-0.920748	0.013435	0.389927	-0.042808	-0.996852	-0.066736	0.387803	-0.078139	0.918424
01803	4.100141	-0.675790	9.488071	-0.033112	0.095482	0.028378	-0.921113	0.013254	0.389070	-0.042707	-0.996828	-0.067151	0.386946	-0.078470	0.918758
01804	4.011748	-0.735980	9.520852	-0.037007	0.102741	0.034457	-0.921506	0.013393	0.388133	-0.042959	-0.996787	-0.067599	0.385981	-0.078966	0.919121
01805	3.983304	-0.701309	9.448335	-0.037613	0.108287	0.036807	-0.921922	0.013138	0.387152	-0.042797	-0.996761	-0.068088	0.385003	-0.079341	0.919499
01806	3.861942	-0.840384	9.447788	-0.035897	0.103500	0.029788	-0.922299	0.013394	0.386245	-0.043178	-0.996714	-0.068540	0.384058	-0.079892	0.919846
01807	3.813037	-0.893581	9.372729	-0.026620	0.093763	0.030910	-0.922655	0.013188	0.385400	-0.043028	-0.996695	-0.068905	0.383218	-0.080158	0.920173
01808	3.901448	-0.880790	9.423776	-0.013861	0.080483	0.026208	-0.922922	0.013667	0.384744	-0.043590	-0.996653	-0.069160	0.382511	-0.080600	0.920429
01809	3.810641	-0.848808	9.409209	-0.007085	0.081179	0.020737	-0.923225	0.013553	0.384021	-0.043459	-0.996648	-0.069306	0.381795	-0.080674	0.920720
01810	3.847966	-0.861504	9.450168	0.001777	0.069221	0.018062	-0.923477	0.013749	0.383408	-0.043631	-0.996638	-0.069350	0.381166	-0.080771	0.920972
01811	3.811948	-0.840254	9.431624	0.011988	0.056224	0.012694	-0.923680	0.013695	0.382921	-0.043502	-0.996648	-0.069289	0.380688	-0.080658	0.921179
01812	3.859763	-0.852017	9.430555	0.016866	0.051597	0.008142	-0.923853	0.014050	0.382489	-0.043796	-0.996643	-0.069173	0.380234	-0.080658	0.921367
01813	3.835315	-0.799339	9.455915	0.019279	0.041227	0.006780	-0.923996	0.014044	0.382144	-0.043694	-0.996658	-0.069022	0.379897	-0.080474	0.921521
01814	3.943609	-0.483234	9.501469	0.019218	0.035311	-0.005302	-0.924091	0.014739	0.381889	-0.044343	-0.996642	-0.068836	0.379592	-0.080545	0.921641
01815	3.846625	-1.096666	9.470416	0.001630	0.041232	-0.000334	-0.924230	0.014804	0.381548	-0.044375	-0.996642	-0.068820	0.379248	-0.080537	0.921783
01816	3.764786	-0.821892	9.491556	0.017260	0.013874	-0.002564	-0.924238	0.015463	0.381504	-0.045018	-0.996624	-0.068665	0.379154	-0.080637	0.921813
01817	3.843678	-0.845054	9.437748	0.017168	0.025839	-0.002380	-0.924318	0.015537	0.381307	-0.045010	-0.996635	-0.068498	0.378960	-0.080477	0.921907
01818	3.693493	-0.995159	9.440391	0.021028	0.002466	-0.006612	-0.924290	0.015992	0.381355	-0.045426	-0.996630	-0.068305	0.378977	-0.080457	0.921902
01819	3.699134	-1.012933	9.413017	0.031113	-0.020615	-0.013993	-0.924189	0.016144	0.381594	-0.045473	-0.996651	-0.067965	0.379219	-0.080165	0.921828
01820	3.823822	-0.885113	9.448609	0.033913	-0.034681	-0.019589	-0.924015	0.016901	0.381982	-0.046161	-0.996646	-0.067567	0.379559	-0.080066	0.921697
01821	3.934303	-0.726259	9.479609	0.035766	-0.045463	-0.018654	-0.923817	0.017080	0.382453	-0.046233	-0.996670	-0.067167	0.380032	-0.079732	0.921531
01822	4.033266	-0.626392	9.552759	0.027126	-0.035399	-0.014167	-0.923638	0.017656	0.382859	-0.046774	-0.996664	-0.066880	0.380401	-0.079681	0.921383
01823	3.953016	-0.770360	9.495210	0.012014	-0.029697	-0.016466	-0.923500	0.017826	0.383183	-0.046917	-0.996669	-0.066707	0.380718	-0.079582	0.921260
01824	3.965939	-0.738457	9.538490	0.014864	-0.031875	-0.005902	-0.923329	0.018594	0.383560	-0.047719	-0.996641	-0.066556	0.381034	-0.079756	0.921115
01825	3.958695	-0.767088	9.493108	0.012636	-0.023363	-0.006686	-0.923220	0.018673	0.383819	-0.047769	-0.996648	-0.066415	0.381292	-0.079650	0.921017
01826	3.895299	-0.842790	9.452047	0.013846	-0.028549	-0.007361	-0.923077	0.019187	0.384137	-0.048290	-0.996633	-0.066261	0.381572	-0.079714	0.920896
01827	3.859744	-0.818814	9.471369	0.016585	-0.030670	-0.008783	-0.922939	0.019281	0.384464	-0.048345	-0.996643	-0.066075	0.381899	-0.079570	0.920772
01828	3.835054	-0.876171	9.422744	0.014286	-0.044220	-0.015799	-0.922737	0.019856	0.384917	-0.048923	-0.996628	-0.065869	0.382312	-0.079611	0.920598
01829	3.819686	-0.822583	9.444356	0.020784	-0.051796	-0.017197	-0.922514	0.020018	0.385445	-0.049040	-0.996639	-0.065612	0.382836	-0.079430	0.920395
01830	3.964293	-0.806500	9.455662	0.022834	-0.064442	-0.018398	-0.922208	0.020916	0.386129	-0.049967	-0.996610	-0.065353	0.383453	-0.079563	0.920127
01831	3.936295	-0.801919	9.446627	0.024870	-0.054987	-0.021356	-0.921969	0.021118	0.386688	-0.050107	-0.996624	-0.065042	0.384009	-0.079343	0.919914
01832	3.923773	-0.827897	9.441581	0.022191	-0.064845	-0.024132	-0.921702	0.021373	0.387309	-0.050308	-0.996634	-0.064725	0.384622	-0.079142	0.919675
01833	3.915481	-0.834155	9.422199	0.027848	-0.064978	-0.025036	-0.921422	0.021603	0.387962	-0.050471	-0.996649	-0.064372	0.385271	-0.078894	0.919425
01834	3.908130	-0.879736	9.389799	0.039350	-0.067090	-0.028961	-0.921129	0.022164	0.388626	-0.050940	-0.996655	-0.063898	0.385910	-0.078655	0.919177
01835	3.943577	-0.815026	9.434447	0.046593	-0.076135	-0.034814	-0.920800	0.022484	0.389387	-0.051120	-0.996682	-0.063335	0.386671	-0.078224	0.918894
01836	3.946453	-0.788477	9.459097	0.048354	-0.074960	-0.033725	-0.920467	0.023084	0.390138	-0.051602	-0.996693	-0.062773	0.387399	-0.077912	0.918614
01837	3.935604	-0.811330	9.453743	0.056194	-0.077633	-0.033795	-0.920131	0.023394	0.390911	-0.051735	-0.996727	-0.062125	0.388178	-0.077387	0.918329
01838	4.007470	-0.758429	9.404741	0.059855	-0.083102	-0.041816	-0.919758	0.024248	0.391736	-0.052435	-0.996734	-0.061415	0.388968	-0.077027	0.918025
01839	4.010362	-0.690114	9.442001	0.062093	-0.085671	-0.037002	-0.919387	0.024585	0.392584	-0.052573	-0.996771	-0.060700	0.389824	-0.076446	0.917711
01840	4.081381	-0.664718	9.479726	0.064528	-0.073963	-0.036158	-0.919042	0.025364	0.393342	-0.053182	-0.996782	-0.059982	0.390555	-0.076044	0.917433
01841	4.093032	-0.678033	9.449945	0.063187	-0.072929	-0.033476	-0.918722	0.025677	0.394070	-0.053283	-0.996819	-0.059270	0.391295	-0.075450	0.917167
01842	4.088049	-0.621018	9.429097	0.057348	-0.070968	-0.030466	-0.918387	0.026540	0.394791	-0.054009	-0.996818	-0.058628	0.391979	-0.075166	0.916898
01843	4.143055	-0.606215	9.450183	0.053759	-0.061392	-0.028533	-0.918113	0.026813	0.395410	-0.054102	-0.996848	-0.058022	0.392608	-0.074664	0.916670
01844	4.140918	-0.599018	9.489498	0.045976	-0.058758	-0.024488	-0.917816	0.027830	0.396029	-0.055044	-0.996826	-0.057519	0.393171	-0.074591	0.916435
01845	4.139187	-0.605141	9.429248	0.040014	-0.044769	-0.021264	-0.917611	0.028044	0.396490	-0.055124	-0.996847	-0.057068	0.393639	-0.074222	0.916264
01846	4.131685	-0.618671	9.483654	0.037214	-0.036642	-0.019737	-0.917465	0.028144	0.396820	-0.055077	-0.996874	-0.056639	0.393986	-0.073820	0.916147
01847	4.104566	-0.593799	9.461641	0.033259	-0.029314	-0.017614	-0.917322	0.028334	0.397137	-0.055150	-0.996892	-0.056264	0.394309	-0.073514	0.916033
01848	4.155718	-0.581885	9.484092	0.026206	-0.022121	-0.013874	-0.917230	0.028423	0.397342	-0.055135	-0.996909	-0.055964	0.394523	-0.073239	0.915963
01849	4.162128	-0.599977	9.456231	0.022134	-0.018923	-0.009707	-0.917133	0.028542	0.397559	-0.055180	-0.996920	-0.055722	0.394744	-0.073042	0.915883
01850	4.140898	-0.606192	9.480441	0.014833	-0.009859	-0.007832	-0.917063	0.028970	0.397689	-0.055591	-0.996906	-0.055572	0.394848	-0.073071	0.915836
01851	4.124261	-0.674124	9.465018	0.013679	-0.004648	-0.003144	-0.917025	0.029035	0.397772	-0.055610	-0.996913	-0.055434	0.394934	-0.072954	0.915808
01852	4.089695	-0.631162	9.471295	0.012460	0.000557	-0.002459	-0.916991	0.029460	0.397819	-0.056039	-0.996893	-0.055347	0.394953	-0.073046	0.915793
01853	4.061714	-0.730223	9.412346	0.010696	0.005364	0.000525	-0.916994	0.029496	0.397808	-0.056035	-0.996899	-0.055251	0.394945	-0.072956	0.915803
01854	4.084955	-0.607966	9.498733	0.012279	-0.003587	-0.004422	-0.916961	0.029726	0.397869	-0.056249	-0.996892	-0.055154	0.394993	-0.072954	0.915783
01855	4.060705	-0.687409	9.425338	0.013185	0.005096	-0.002796	-0.916961	0.029795	0.397862	-0.056266	-0.996899	-0.055022	0.394989	-0.072839	0.915794
01856	4.118551	-0.579138	9.418482	0.010878	0.003491	-0.001607	-0.916952	0.029989	0.397870	-0.056449	-0.996892	-0.054956	0.394985	-0.072852	0.915795
01857	4.081567	-0.636676	9.413907	0.007350	0.007092	0.000266	-0.916962	0.030029	0.397843	-0.056462	-0.996895	-0.054890	0.394959	-0.072795	0.915810
01858	4.119734	-0.545632	9.504563	0.001450	0.009080	-0.000674	-0.916977	0.030141	0.397799	-0.056591	-0.996886	-0.054917	0.394905	-0.072869	0.915828
01859	3.991117	-0.722317	9.400974	0.002720	0.014017	-0.003310	-0.917013	0.030222	0.397711	-0.056655	-0.996884	-0.054878	0.394813	-0.072857	0.915868
01860	4.076293	-0.695456	9.416781	0.000116	0.004135	-0.002041	-0.917008	0.030365	0.397712	-0.056826	-0.996873	-0.054912	0.394801	-0.072955	0.915865
01861	4.063764	-0.644986	9.398522	0.009477	0.004553	-0.002885	-0.917006	0.030435	0.397711	-0.056859	-0.996876	-0.054814	0.394800	-0.072878	0.915872
01862	4.075357	-0.694192	9.417280	0.002177	0.007603	-0.005104	-0.917014	0.030594	0.397681	-0.057030	-0.996866	-0.054817	0.394757	-0.072948	0.915885
01863	4.132471	-0.546246	9.423019	-0.000074	-0.001907	-0.018141	-0.916978	0.030811	0.397747	-0.057241	-0.996858	-0.054745	0.394810	-0.072968	0.915861
01864	4.105210	-0.713402	9.438519	0.007336	0.011208	-0.009783	-0.916996	0.031023	0.397687	-0.057440	-0.996850	-0.054682	0.394738	-0.072986	0.915890
01865	4.036767	-0.710093	9.425844	0.000597	0.004522	-0.008344	-0.916991	0.031148	0.397689	-0.057558	-0.996846	-0.054643	0.394732	-0.072998	0.915892
01866	4.074268	-0.578474	9.529087	0.004849	0.005460	-0.010555	-0.916987	0.031361	0.397682	-0.057771	-0.996836	-0.054600	0.394712	-0.073041	0.915897
01867	3.971088	-0.827342	9.375023	-0.002320	0.002511	-0.008859	-0.916974	0.031489	0.397703	-0.057906	-0.996829	-0.054586	0.394723	-0.073083	0.915889
01868	4.083982	-0.660027	9.462191	-0.003767	-0.006569	-0.008183	-0.916923	0.031671	0.397805	-0.058132	-0.996813	-0.054631	0.394807	-0.073217	0.915842
01869	4.022172	-0.718140	9.409105	0.007901	-0.004544	-0.010217	-0.916881	0.031807	0.397891	-0.058239	-0.996813	-0.054518	0.394888	-0.073159	0.915812
01870	4.093825	-0.700442	9.407631	0.002065	-0.002548	-0.007155	-0.916847	0.031982	0.397955	-0.058433	-0.996802	-0.054514	0.394939	-0.073234	0.915784
01871	4.058563	-0.617460	9.426422	0.013193	-0.006936	-0.010982	-0.916795	0.032124	0.398063	-0.058526	-0.996805	-0.054350	0.395046	-0.073124	0.915747
01872	4.081461	-0.635328	9.488743	0.004916	-0.000548	-0.010645	-0.916767	0.032335	0.398111	-0.058740	-0.996795	-0.054306	0.395080	-0.073171	0.915728
01873	4.049840	-0.714024	9.456691	0.000486	-0.005632	-0.010395	-0.916721	0.032473	0.398207	-0.058879	-0.996789	-0.054260	0.395167	-0.073187	0.915689
01874	4.043946	-0.612183	9.509070	-0.001034	-0.002687	-0.005539	-0.916687	0.032631	0.398272	-0.059070	-0.996776	-0.054291	0.395217	-0.073294	0.915659
01875	4.014738	-0.744249	9.364312	0.004264	-0.011097	-0.010396	-0.916619	0.032765	0.398418	-0.059194	-0.996773	-0.054211	0.395356	-0.073274	0.915601
01876	4.026853	-0.600379	9.518544	-0.006364	-0.016456	-0.006912	-0.916529	0.032928	0.398610	-0.059419	-0.996756	-0.054285	0.395529	-0.073439	0.915513
01877	4.036613	-0.714791	9.365159	-0.002149	-0.031678	-0.011266	-0.916379	0.033055	0.398944	-0.059576	-0.996748	-0.054260	0.395853	-0.073490	0.915368
01878	4.094844	-0.668097	9.358440	-0.020515	-0.024239	-0.005649	-0.916260	0.033199	0.399206	-0.059846	-0.996720	-0.054469	0.396089	-0.073799	0.915242
01879	4.033817	-0.590615	9.614815	-0.029668	-0.036676	-0.000981	-0.916096	0.033220	0.399581	-0.060018	-0.996695	-0.054737	0.396442	-0.074126	0.915062
01880	4.055311	-0.801608	9.293933	-0.012415	-0.034778	-0.007968	-0.915933	0.033379	0.399941	-0.060277	-0.996673	-0.054862	0.396779	-0.074358	0.914898
01881	4.100359	-0.625276	9.293732	-0.029730	-0.042717	-0.009095	-0.915740	0.033476	0.400375	-0.060524	-0.996645	-0.055098	0.397187	-0.074688	0.914693
01882	3.995552	-0.538122	9.512068	-0.042051	-0.043274	0.001374	-0.915548	0.033536	0.400807	-0.060816	-0.996603	-0.055532	0.397583	-0.075218	0.914478
01883	4.044957	-0.665627	9.436322	-0.041546	-0.059056	-0.003103	-0.915293	0.033561	0.401387	-0.061055	-0.996568	-0.055900	0.398134	-0.075672	0.914201
01884	4.036277	-0.681003	9.416529	-0.075245	-0.070394	0.006308	-0.914996	0.033550	0.402064	-0.061435	-0.996502	-0.056657	0.398757	-0.076541	0.913857
01885	4.096283	-0.494785	9.358580	-0.123091	-0.089566	0.016943	-0.914631	0.033351	0.402912	-0.061817	-0.996410	-0.057850	0.399536	-0.077818	0.913409
01886	4.088752	-0.520326	9.624308	-0.129388	-0.088042	0.026239	-0.914275	0.033125	0.403737	-0.062231	-0.996306	-0.059180	0.400285	-0.079232	0.912959
01887	3.936161	-0.739163	9.596027	-0.167327	-0.100442	0.037751	-0.913878	0.032707	0.404670	-0.062602	-0.996181	-0.060860	0.401134	-0.080952	0.912435
01888	3.944667	-0.979844	9.366740	-0.147949	-0.137643	0.037041	-0.913328	0.032330	0.405940	-0.062994	-0.996061	-0.062403	0.402323	-0.082566	0.911767
01889	3.895545	-1.065044	9.206663	-0.145715	-0.158338	0.029326	-0.912690	0.031944	0.407403	-0.063359	-0.995946	-0.063850	0.403712	-0.084088	0.911014
01890	4.002440	-0.913703	9.698011	-0.124948	-0.176280	0.022013	-0.911971	0.031681	0.409031	-0.063802	-0.995836	-0.065122	0.405264	-0.085486	0.910194
01891	4.023542	-1.096948	9.536710	-0.089740	-0.202143	0.000860	-0.911131	0.031537	0.410908	-0.064205	-0.995756	-0.065942	0.407084	-0.086464	0.909289
01892	4.139440	-0.851254	9.438037	-0.079276	-0.211198	0.001082	-0.910250	0.031449	0.412863	-0.064659	-0.995675	-0.066711	0.408979	-0.087419	0.908347
01893	4.144427	-0.774782	9.538152	-0.045209	-0.230032	-0.005293	-0.909285	0.031339	0.414993	-0.064939	-0.995631	-0.067100	0.411077	-0.087962	0.907347
01894	4.049533	-0.796025	9.393594	-0.048469	-0.250735	-0.004225	-0.908228	0.031266	0.417306	-0.065318	-0.995574	-0.067566	0.413347	-0.088623	0.906251
01895	4.105582	-0.769770	9.515744	-0.052765	-0.275999	-0.014946	-0.907055	0.031208	0.419855	-0.065719	-0.995520	-0.067981	0.415852	-0.089255	0.905042
01896	4.183304	-0.663865	9.752480	-0.088863	-0.288343	-0.053209	-0.905796	0.031585	0.422535	-0.066712	-0.995411	-0.068605	0.418429	-0.090331	0.903747
01897	3.676249	-0.688592	9.595055	-0.116089	-0.318691	-0.182157	-0.904315	0.033146	0.425576	-0.068895	-0.995243	-0.068881	0.421269	-0.091610	0.902297
01898	4.113013	-0.919697	9.521839	-0.183375	-0.336534	-0.312185	-0.902651	0.036045	0.428861	-0.072630	-0.994952	-0.069243	0.424201	-0.093651	0.900713
01899	3.466731	-0.256147	10.001365	-0.166717	-0.398007	-0.270699	-0.900735	0.038400	0.432669	-0.075827	-0.994691	-0.069577	0.427700	-0.095478	0.898864
01900	4.388128	-0.658934	9.437208	-0.206755	-0.544713	-0.238191	-0.898186	0.040344	0.437760	-0.078995	-0.994383	-0.070438	0.432459	-0.097847	0.896328
01901	3.934350	-0.320512	9.719510	-0.186820	-0.521977	-0.216856	-0.895722	0.042022	0.442624	-0.081799	-0.994106	-0.071154	0.437025	-0.099941	0.893880
01902	4.284993	-0.429949	9.695077	-0.210593	-0.635458	-0.190742	-0.892747	0.043373	0.448466	-0.084564	-0.993797	-0.072224	0.442552	-0.102401	0.890877
01903	4.223339	-0.690249	9.637296	-0.231099	-0.651473	-0.136525	-0.889707	0.044092	0.454398	-0.086856	-0.993494	-0.073661	0.448193	-0.105004	0.887748
01904	4.582622	-0.932628	9.458985	-0.197135	-0.747038	-0.113716	-0.886213	0.044523	0.461135	-0.088886	-0.993220	-0.074925	0.454672	-0.107387	0.884161
01905	4.495920	-0.911084	9.446444	-0.169160	-0.751717	-0.102783	-0.882656	0.044767	0.467883	-0.090616	-0.992987	-0.075937	0.461202	-0.109424	0.880522
01906	4.528001	-1.030033	9.292013	-0.153062	-0.793513	-0.105746	-0.878850	0.045034	0.474969	-0.092388	-0.992755	-0.076821	0.468068	-0.111395	0.876643
01907	4.828611	-1.123098	9.077895	-0.147442	-0.828014	-0.121523	-0.874808	0.045348	0.482342	-0.094196	-0.992531	-0.077526	0.475224	-0.113255	0.872546
01908	4.671764	-1.134668	9.126948	-0.130213	-0.845751	-0.139225	-0.870602	0.045858	0.489845	-0.096166	-0.992303	-0.078020	0.482497	-0.115030	0.868311
01909	4.965012	-1.141872	9.018527	-0.096228	-0.867883	-0.158815	-0.866205	0.046467	0.497524	-0.098060	-0.992114	-0.078065	0.489973	-0.116407	0.863930
01910	5.030580	-1.129976	8.944592	-0.057364	-0.878199	-0.176714	-0.861670	0.047286	0.505262	-0.100003	-0.991948	-0.077711	0.497519	-0.117489	0.859460
01911	5.296292	-0.967770	8.757321	-0.034236	-0.880145	-0.178760	-0.857053	0.048059	0.512982	-0.101757	-0.991818	-0.077089	0.505080	-0.118269	0.854931
01912	5.268224	-0.958378	8.746860	-0.003256	-0.861197	-0.184147	-0.852458	0.048957	0.520499	-0.103483	-0.991708	-0.076203	0.512452	-0.118823	0.850455
01913	5.303778	-0.769399	8.869919	0.008738	-0.843906	-0.184541	-0.847885	0.049821	0.527833	-0.105054	-0.991623	-0.075156	0.519667	-0.119175	0.846016
01914	5.756580	-0.850980	8.500356	-0.001322	-0.878609	-0.194486	-0.843055	0.050791	0.535423	-0.106840	-0.991506	-0.074170	0.527108	-0.119734	0.841321
01915	5.158117	-0.997354	8.399732	0.122323	-0.853460	-0.201395	-0.838283	0.051807	0.542768	-0.107930	-0.991544	-0.072052	0.534445	-0.118981	0.836786
01916	5.903953	-0.871113	8.485226	0.142502	-0.880331	-0.214864	-0.833286	0.052984	0.550298	-0.109095	-0.991583	-0.069724	0.541972	-0.118135	0.832052
01917	5.130742	-0.752898	8.717359	0.129018	-0.884955	-0.237877	-0.828169	0.054339	0.557838	-0.110414	-0.991603	-0.067329	0.549495	-0.117353	0.827214
01918	5.573948	-0.918057	8.659199	0.152096	-0.937373	-0.260410	-0.822664	0.055914	0.565771	-0.111857	-0.991619	-0.064647	0.557415	-0.116468	0.822024
01919	5.331254	-0.739388	8.607807	0.170795	-0.982718	-0.284583	-0.816798	0.057636	0.574037	-0.113278	-0.991651	-0.061618	0.565693	-0.115355	0.816508
01920	5.439062	-0.878040	8.611059	0.166215	-1.045975	-0.315438	-0.810448	0.059649	0.582766	-0.115033	-0.991639	-0.058475	0.574406	-0.114429	0.810533
01921	5.482418	-0.815745	8.554558	0.168670	-1.108239	-0.353898	-0.803593	0.061934	0.591948	-0.116959	-0.991611	-0.055026	0.583575	-0.113452	0.804095
01922	5.481685	-0.721971	8.580566	0.164438	-1.177615	-0.380755	-0.796185	0.064465	0.601609	-0.119174	-0.991538	-0.051471	0.593200	-0.112677	0.797131
01923	5.708545	-0.733904	8.480793	0.169080	-1.255341	-0.419962	-0.788140	0.067258	0.611810	-0.121536	-0.991446	-0.047572	0.603377	-0.111850	0.789573
01924	5.780319	-0.617253	8.353296	0.146071	-1.304508	-0.440549	-0.779630	0.070253	0.622287	-0.124237	-0.991288	-0.043739	0.613793	-0.111411	0.781566
01925	5.731042	-0.641565	8.372993	0.135418	-1.399284	-0.475482	-0.770336	0.073448	0.633393	-0.127130	-0.991092	-0.039690	0.624836	-0.111098	0.772811
01926	5.997084	-0.577652	8.348233	0.123843	-1.476502	-0.507183	-0.760342	0.076915	0.644953	-0.130367	-0.990829	-0.035529	0.636305	-0.111095	0.763396
01927	6.417995	-0.624386	8.385063	0.125937	-1.511724	-0.522778	-0.749914	0.080453	0.656625	-0.133552	-0.990552	-0.031159	0.647914	-0.111060	0.753573
01928	6.464238	-0.572505	8.310874	0.140433	-1.546420	-0.520932	-0.739068	0.083974	0.668376	-0.136649	-0.990260	-0.026687	0.659625	-0.111057	0.743344
01929	6.592231	-0.475025	8.322838	0.158906	-1.585599	-0.518784	-0.727766	0.087390	0.680235	-0.139442	-0.989986	-0.022002	0.671500	-0.110866	0.732664
01930	6.623885	-0.504945	8.091709	0.137443	-1.609784	-0.519287	-0.716096	0.090820	0.692068	-0.142397	-0.989655	-0.017469	0.683322	-0.111058	0.721621
01931	6.794691	-0.466141	8.090838	0.122050	-1.676370	-0.521262	-0.703756	0.094151	0.704175	-0.145301	-0.989303	-0.012941	0.695424	-0.111425	0.709908
01932	6.933964	-0.207450	8.141758	0.150533	-1.705948	-0.514428	-0.691000	0.097409	0.716261	-0.147970	-0.988957	-0.008256	0.707547	-0.111690	0.697784
01933	6.873438	-0.182529	8.132091	0.117578	-1.838906	-0.513507	-0.677070	0.100465	0.729029	-0.150688	-0.988574	-0.003716	0.720326	-0.112372	0.684473
01934	7.405059	-0.241247	8.166712	0.044361	-1.882475	-0.493571	-0.662604	0.103282	0.741815	-0.153807	-0.988101	0.000188	0.733007	-0.113972	0.670605
01935	7.204557	-0.224869	8.460078	-0.023406	-1.908462	-0.502174	-0.647678	0.106084	0.754493	-0.157314	-0.987541	0.003809	0.745497	-0.116226	0.656297
01936	7.096033	-0.419247	8.352077	0.022780	-2.066031	-0.543040	-0.631240	0.109087	0.767878	-0.160749	-0.986962	0.008065	0.758747	-0.118345	0.640545
01937	7.492254	-0.645878	8.556300	-0.004932	-2.216642	-0.575791	-0.613294	0.112155	0.781852	-0.164414	-0.986312	0.012517	0.772554	-0.120871	0.623339
01938	7.741212	-0.973848	8.440412	0.032418	-2.333559	-0.634093	-0.594010	0.115618	0.796106	-0.168123	-0.985607	0.017694	0.786693	-0.123333	0.604899
01939	7.822574	-0.564403	8.698225	-0.055492	-2.409808	-0.636314	-0.573761	0.118912	0.810345	-0.172322	-0.984784	0.022498	0.800690	-0.126732	0.585521
01940	7.932955	-0.401929	8.445918	0.063748	-2.543365	-0.712443	-0.551935	0.122725	0.824807	-0.175955	-0.983981	0.028665	0.815112	-0.129307	0.564688
01941	8.039510	-0.510286	8.787907	-0.127915	-2.707925	-0.740072	-0.528305	0.126476	0.839582	-0.181045	-0.982882	0.034141	0.829528	-0.133966	0.542159
01942	8.192812	-0.271816	8.853047	-0.143005	-2.769419	-0.772376	-0.503682	0.130332	0.854001	-0.186365	-0.981670	0.039899	0.843548	-0.139060	0.518739
01943	8.144663	-0.168855	8.611471	-0.185368	-2.894522	-0.808470	-0.477491	0.134194	0.868328	-0.191948	-0.980329	0.045951	0.857413	-0.144733	0.493857
01944	8.344622	-0.451824	8.709705	-0.204432	-2.999527	-0.845444	-0.449887	0.138083	0.882346	-0.197771	-0.978850	0.052346	0.870912	-0.150952	0.467681
01945	7.633723	-0.412485	8.252036	-0.158150	-3.113311	-0.885796	-0.420746	0.141992	0.895997	-0.203053	-0.977356	0.059535	0.884162	-0.156886	0.440050
01946	7.474547	-0.467111	7.976864	-0.080845	-3.243611	-0.925949	-0.389920	0.145889	0.909219	-0.207661	-0.975867	0.067528	0.897128	-0.162479	0.410806
01947	7.040051	-0.415933	7.560328	0.026010	-3.397496	-0.959784	-0.357166	0.149684	0.921969	-0.211047	-0.974482	0.076451	0.909885	-0.167273	0.379642
01948	6.886986	-0.129736	7.385904	0.175789	-3.542568	-0.992689	-0.322576	0.153384	0.934033	-0.212944	-0.973247	0.086282	0.922280	-0.171064	0.346608
01949	6.479911	-0.111255	7.534046	0.279745	-3.660485	-1.006621	-0.286404	0.156896	0.945175	-0.213446	-0.972158	0.096697	0.934031	-0.174049	0.311919
01950	6.225233	-0.386156	7.558931	0.405257	-3.766176	-1.036329	-0.248784	0.160386	0.955187	-0.212539	-0.971197	0.107718	0.944952	-0.176216	0.275707
01951	3.730623	-0.617383	6.403063	0.650906	-3.832650	-1.077479	-0.210051	0.164132	0.963815	-0.208857	-0.970585	0.119767	0.955122	-0.176143	0.238152
01952	0.196113	-1.238101	4.061189	1.099927	-4.330041	-1.187782	-0.166009	0.168114	0.971689	-0.200650	-0.970506	0.133629	0.965495	-0.172786	0.194845
01953	12.199051	0.340269	1.872813	1.579273	-5.191103	-1.095662	-0.113438	0.169989	0.978895	-0.186876	-0.971320	0.147018	0.975812	-0.166254	0.141952
01954	35.371192	-5.182014	14.360863	1.053335	-2.059899	-0.111783	-0.093074	0.167717	0.981432	-0.176821	-0.972826	0.149477	0.979833	-0.159625	0.120200
01955	14.363324	0.606703	20.342956	2.049895	1.609583	0.343388	-0.109386	0.166794	0.979905	-0.156394	-0.976430	0.148745	0.981619	-0.136981	0.132894
01956	16.602287	0.817447	14.940755	1.561967	3.364780	0.931344	-0.143761	0.161936	0.976273	-0.140060	-0.979920	0.141916	0.979651	-0.116334	0.163555
01957	9.709601	1.208285	10.254248	1.182228	4.199196	1.370796	-0.186575	0.153021	0.970451	-0.126272	-0.983338	0.130776	0.974292	-0.098141	0.202788
01958	5.717408	1.880203	7.851469	1.010429	4.963023	1.695227	-0.236747	0.140770	0.961319	-0.113044	-0.986719	0.116650	0.964973	-0.081055	0.249515
01959	4.077749	1.575918	5.895288	0.749628	5.149186	1.888379	-0.288099	0.125952	0.949281	-0.100932	-0.989785	0.100694	0.952267	-0.066803	0.297868
01960	1.797489	2.735380	3.900703	0.611872	5.325257	1.940866	-0.340257	0.109964	0.933881	-0.089199	-0.992435	0.084360	0.936092	-0.054597	0.347492
01961	-2.257957	4.934711	1.418377	0.258947	5.150849	1.907589	-0.389581	0.093663	0.916217	-0.079873	-0.994503	0.067704	0.917522	-0.046805	0.394920
01962	-7.692572	5.097461	-1.129821	-0.345558	4.211121	1.661638	-0.429180	0.079125	0.899746	-0.076317	-0.995770	0.051166	0.899989	-0.046706	0.433404
01963	-7.169055	1.538692	0.056486	-0.606980	2.392911	1.096024	-0.451388	0.069420	0.889623	-0.076961	-0.996283	0.038693	0.889003	-0.051000	0.455053
01964	2.028189	-0.949723	3.224401	-0.412907	1.363090	0.636894	-0.463985	0.063822	0.883541	-0.077771	-0.996485	0.031140	0.882423	-0.054265	0.467317
01965	6.107979	-1.880920	7.328320	0.387749	1.396534	0.183541	-0.476366	0.062761	0.877004	-0.073539	-0.996798	0.031389	0.876166	-0.049542	0.479456
01966	9.169663	0.511588	9.503693	0.788984	2.183497	-0.176081	-0.495296	0.065531	0.866249	-0.067603	-0.997034	0.036772	0.866090	-0.040348	0.498257
01967	6.437578	3.054475	9.165736	0.623255	2.824130	-0.482892	-0.519205	0.071415	0.851661	-0.064740	-0.996926	0.044128	0.852194	-0.032225	0.522232
01968	4.833948	3.611604	7.810179	0.047678	2.938473	-0.766835	-0.543544	0.079999	0.835560	-0.068478	-0.996356	0.050848	0.836583	-0.029580	0.547041
01969	6.132494	1.705889	7.222742	-0.478201	2.823678	-1.008928	-0.566167	0.090960	0.819256	-0.078084	-0.995342	0.056548	0.820584	-0.031955	0.570632
01970	7.741435	-0.645181	7.510722	-0.689469	2.860076	-1.136271	-0.588474	0.103263	0.801895	-0.090287	-0.994000	0.061744	0.803459	-0.036066	0.594267
01971	8.438963	-1.988201	7.608989	-0.664084	3.002926	-1.110556	-0.611219	0.115472	0.782993	-0.102269	-0.992529	0.066540	0.784826	-0.039405	0.618462
01972	8.311724	-2.454808	7.529985	-0.604125	3.044483	-0.950606	-0.633827	0.126170	0.763115	-0.112933	-0.991129	0.070069	0.765186	-0.041769	0.642453
01973	8.538751	-2.800787	7.754439	-0.562401	3.000326	-0.679755	-0.655655	0.134226	0.743034	-0.121610	-0.989997	0.071529	0.745203	-0.043462	0.665420
01974	9.334734	-3.125957	8.123171	-0.513974	2.971823	-0.309375	-0.677140	0.138642	0.722676	-0.127546	-0.989339	0.070291	0.724716	-0.044578	0.687604
