// General information: 
//  MT Manager version: 2022.2.0 
//  XDA version: 2022.2.0 build 7381 rev 124627 built on 2023-07-19
// Device information: 
//  DeviceId: 00B4CBA7
//  ProductCode: MTW2-3A7G6
//  Firmware Version: 4.6.0
//  Hardware Version: 2.0.0
// Device settings: 
//  Filter Profile: human(46.1)
//  Option Flags: Orientation Smoother Disabled, Position/Velocity Smoother Disabled, Continuous Zero Rotation Update Disabled, AHS Disabled, ICC Disabled
// Coordinate system: ENU
PacketCounter	Acc_X	Acc_Y	Acc_Z	Gyr_X	Gyr_Y	Gyr_Z	Mat[1][1]	Mat[2][1]	Mat[3][1]	Mat[1][2]	Mat[2][2]	Mat[3][2]	Mat[1][3]	Mat[2][3]	Mat[3][3]
01711	9.624195	-0.515674	-1.246001	0.019352	-0.025753	0.034064	0.134449	-0.051920	0.989559	0.048702	-0.997073	-0.058931	0.989723	0.056117	-0.131527
01712	9.674452	-0.503822	-1.298943	0.018373	-0.028520	0.038348	0.134858	-0.052232	0.989487	0.049005	-0.997036	-0.059309	0.989652	0.056488	-0.131898
01713	9.647616	-0.490277	-1.287545	0.005533	-0.033656	0.034943	0.135203	-0.052523	0.989425	0.049003	-0.997018	-0.059622	0.989605	0.056546	-0.132226
01714	9.637724	-0.471444	-1.292961	0.004574	-0.027966	0.038324	0.135524	-0.052811	0.989366	0.049152	-0.996990	-0.059951	0.989554	0.056754	-0.132521
01715	9.665388	-0.495326	-1.344344	-0.009237	-0.027416	0.038303	0.135810	-0.053139	0.989309	0.048999	-0.996978	-0.060277	0.989523	0.056662	-0.132795
01716	9.705992	-0.508134	-1.343858	-0.015109	-0.026385	0.040574	0.136070	-0.053477	0.989255	0.048881	-0.996964	-0.060617	0.989493	0.056604	-0.133043
01717	9.656602	-0.530429	-1.330623	-0.018316	-0.032008	0.043782	0.136403	-0.053857	0.989188	0.048630	-0.996953	-0.060986	0.989459	0.056423	-0.133369
01718	9.670942	-0.526270	-1.316068	-0.014013	-0.027390	0.042215	0.136723	-0.054218	0.989125	0.048632	-0.996930	-0.061368	0.989415	0.056494	-0.133666
01719	9.655374	-0.538393	-1.336319	-0.011055	-0.028018	0.044686	0.137017	-0.054609	0.989062	0.048452	-0.996915	-0.061755	0.989383	0.056384	-0.133948
01720	9.665952	-0.568013	-1.370912	0.003580	-0.027162	0.043901	0.137375	-0.054962	0.988993	0.048596	-0.996883	-0.062151	0.989326	0.056599	-0.134276
01721	9.656088	-0.549865	-1.375859	0.006273	-0.025363	0.043934	0.137642	-0.055348	0.988934	0.048589	-0.996858	-0.062554	0.989289	0.056661	-0.134521
01722	9.698549	-0.566559	-1.409449	0.009596	-0.023517	0.046648	0.137958	-0.055711	0.988870	0.048717	-0.996827	-0.062956	0.989239	0.056860	-0.134806
01723	9.664526	-0.534394	-1.433702	0.013019	-0.016768	0.047169	0.138142	-0.056133	0.988820	0.048771	-0.996796	-0.063400	0.989211	0.056984	-0.134962
01724	9.664012	-0.539253	-1.435342	0.010984	-0.018500	0.049823	0.138447	-0.056549	0.988754	0.049042	-0.996752	-0.063874	0.989155	0.057334	-0.135224
01725	9.678510	-0.536262	-1.419460	0.007805	-0.015665	0.052132	0.138623	-0.057022	0.988702	0.049038	-0.996721	-0.064360	0.989130	0.057406	-0.135372
01726	9.655283	-0.577154	-1.419047	0.003823	-0.014233	0.055244	0.138820	-0.057492	0.988647	0.049150	-0.996683	-0.064861	0.989097	0.057596	-0.135534
01727	9.678977	-0.596875	-1.400566	0.010148	-0.016334	0.051924	0.139003	-0.057962	0.988594	0.049170	-0.996650	-0.065348	0.989071	0.057692	-0.135687
01728	9.650555	-0.581735	-1.352864	0.008512	-0.007143	0.053916	0.139148	-0.058396	0.988548	0.049218	-0.996618	-0.065801	0.989048	0.057810	-0.135803
01729	9.657439	-0.606560	-1.316807	0.005843	-0.008919	0.053891	0.139258	-0.058890	0.988503	0.049192	-0.996586	-0.066301	0.989033	0.057859	-0.135886
01730	9.655148	-0.608911	-1.283207	0.003106	-0.007149	0.055154	0.139397	-0.059369	0.988455	0.049320	-0.996546	-0.066810	0.989008	0.058064	-0.135987
01731	9.637795	-0.619302	-1.267145	0.005066	-0.010303	0.054701	0.139521	-0.059869	0.988408	0.049285	-0.996514	-0.067317	0.988992	0.058106	-0.136084
01732	9.653733	-0.666638	-1.228950	0.007830	-0.012055	0.053443	0.139678	-0.060332	0.988357	0.049370	-0.996476	-0.067804	0.988965	0.058266	-0.136207
01733	9.659154	-0.641430	-1.215213	0.016298	-0.016211	0.053392	0.139860	-0.060816	0.988302	0.049448	-0.996438	-0.068314	0.988936	0.058424	-0.136355
01734	9.643462	-0.654886	-1.234655	0.012353	-0.026751	0.056129	0.140186	-0.061312	0.988225	0.049533	-0.996397	-0.068846	0.988885	0.058601	-0.136644
01735	9.678905	-0.613939	-1.187450	0.009314	-0.030993	0.055864	0.140516	-0.061812	0.988147	0.049538	-0.996360	-0.069370	0.988838	0.058699	-0.136943
01736	9.640143	-0.662846	-1.206273	-0.006040	-0.036714	0.056194	0.141025	-0.062292	0.988044	0.049523	-0.996325	-0.069882	0.988767	0.058786	-0.137422
01737	9.641105	-0.671319	-1.244197	-0.005373	-0.036646	0.058881	0.141413	-0.062819	0.987956	0.049378	-0.996295	-0.070417	0.988719	0.058741	-0.137787
01738	9.621548	-0.678675	-1.196918	-0.006683	-0.045174	0.054433	0.141927	-0.063239	0.987855	0.049364	-0.996263	-0.070869	0.988646	0.058823	-0.138275
01739	9.640462	-0.732065	-1.230903	0.003243	-0.047883	0.056254	0.142424	-0.063733	0.987752	0.049308	-0.996229	-0.071389	0.988577	0.058871	-0.138745
01740	9.632142	-0.717944	-1.272421	0.012954	-0.051719	0.054345	0.143079	-0.064195	0.987627	0.049610	-0.996175	-0.071938	0.988467	0.059289	-0.139347
01741	9.640639	-0.698989	-1.331101	0.028318	-0.054422	0.054922	0.143641	-0.064671	0.987515	0.049803	-0.996126	-0.072479	0.988376	0.059592	-0.139863
01742	9.660830	-0.666363	-1.303935	0.033257	-0.058207	0.056936	0.144304	-0.065171	0.987385	0.050301	-0.996056	-0.073095	0.988254	0.060214	-0.140457
01743	9.629332	-0.688099	-1.344001	0.037213	-0.056088	0.055111	0.144883	-0.065648	0.987269	0.050581	-0.996001	-0.073651	0.988155	0.060608	-0.140983
01744	9.642216	-0.636101	-1.353934	0.038669	-0.063037	0.057913	0.145644	-0.066093	0.987127	0.051013	-0.995937	-0.074209	0.988021	0.061164	-0.141680
01745	9.635303	-0.625975	-1.430572	0.029626	-0.055546	0.063813	0.146222	-0.066656	0.987004	0.051204	-0.995880	-0.074841	0.987926	0.061482	-0.142206
01746	9.631930	-0.676449	-1.345490	0.022683	-0.061850	0.065404	0.146906	-0.067219	0.986864	0.051429	-0.995820	-0.075485	0.987813	0.061842	-0.142835
01747	9.605924	-0.715433	-1.314867	0.033446	-0.063162	0.066405	0.147561	-0.067803	0.986726	0.051653	-0.995758	-0.076148	0.987703	0.062204	-0.143433
01748	9.616722	-0.708237	-1.234907	0.023767	-0.067681	0.069272	0.148331	-0.068353	0.986573	0.051897	-0.995696	-0.076788	0.987575	0.062590	-0.144145
01749	9.608498	-0.792413	-1.200236	0.022025	-0.075112	0.065893	0.149104	-0.068924	0.986417	0.052009	-0.995640	-0.077430	0.987453	0.062847	-0.144869
01750	9.616317	-0.778578	-1.052961	0.009421	-0.082522	0.065029	0.150031	-0.069451	0.986239	0.052162	-0.995584	-0.078044	0.987304	0.063153	-0.145745
01751	9.546226	-0.800960	-0.958761	-0.000570	-0.093028	0.066396	0.150981	-0.070015	0.986054	0.052049	-0.995542	-0.078658	0.987166	0.063199	-0.146663
01752	9.539419	-0.747761	-0.887477	-0.031189	-0.111375	0.064664	0.152134	-0.070503	0.985842	0.051657	-0.995522	-0.079167	0.987009	0.062970	-0.147811
01753	9.527202	-0.774651	-0.811016	-0.071030	-0.126877	0.063858	0.153417	-0.071021	0.985606	0.050851	-0.995525	-0.079651	0.986852	0.062339	-0.149118
01754	9.562046	-0.920239	-0.793595	-0.089823	-0.150861	0.056264	0.154954	-0.071381	0.985340	0.050031	-0.995539	-0.079988	0.986654	0.061692	-0.150692
01755	9.516684	-0.908521	-0.743549	-0.078647	-0.173335	0.049552	0.156686	-0.071729	0.985040	0.049170	-0.995556	-0.080316	0.986424	0.061019	-0.152462
01756	9.524922	-0.938126	-0.793992	-0.064824	-0.198888	0.045044	0.158694	-0.071984	0.984700	0.048484	-0.995567	-0.080592	0.986137	0.060532	-0.154500
01757	9.542922	-0.803561	-0.825780	-0.039920	-0.219796	0.042973	0.160879	-0.072240	0.984327	0.048014	-0.995564	-0.080912	0.985806	0.060279	-0.156697
01758	9.500698	-0.800126	-0.884776	-0.039139	-0.244523	0.041264	0.163503	-0.072453	0.983879	0.047836	-0.995544	-0.081261	0.985382	0.060351	-0.159308
01759	9.532095	-0.749860	-1.034231	-0.044070	-0.263247	0.039704	0.166113	-0.072651	0.983427	0.047328	-0.995546	-0.081541	0.984970	0.060089	-0.161934
01760	9.546370	-0.751334	-1.112094	-0.056708	-0.277667	0.040992	0.168908	-0.072804	0.982939	0.046897	-0.995545	-0.081797	0.984515	0.059913	-0.164742
01761	9.519983	-0.745083	-1.227201	-0.107988	-0.278472	0.038453	0.171665	-0.072983	0.982448	0.045761	-0.995585	-0.081955	0.984092	0.059027	-0.167567
01762	9.540648	-0.626001	-1.471898	-0.194322	-0.268870	0.044304	0.174518	-0.073191	0.981930	0.044186	-0.995647	-0.082067	0.983662	0.057710	-0.170524
01763	9.733348	-1.006303	-1.897251	-0.226100	-0.258622	0.047979	0.177080	-0.073484	0.981449	0.041871	-0.995743	-0.082109	0.983305	0.055634	-0.173250
01764	9.774489	-1.089573	-2.175974	-0.100447	-0.245344	0.035069	0.179686	-0.073590	0.980968	0.041154	-0.995763	-0.082238	0.982863	0.055147	-0.175896
01765	9.697569	-0.620443	-2.203431	-0.073372	-0.229373	0.045596	0.181957	-0.073880	0.980527	0.040343	-0.995773	-0.082515	0.982478	0.054572	-0.178208
01766	9.725706	-0.374145	-2.226851	-0.121323	-0.206180	0.057525	0.184126	-0.074231	0.980096	0.039531	-0.995778	-0.082845	0.982107	0.053998	-0.180414
01767	9.747549	-0.408228	-2.434223	-0.156654	-0.184040	0.071092	0.185959	-0.074802	0.979706	0.037854	-0.995812	-0.083217	0.981828	0.052561	-0.182349
01768	9.639901	-0.523634	-2.375480	-0.187751	-0.176004	0.072824	0.187801	-0.075328	0.979314	0.036178	-0.995848	-0.083537	0.981541	0.051118	-0.184296
01769	9.612806	-0.604609	-2.266321	-0.197222	-0.167549	0.084636	0.189474	-0.076048	0.978936	0.034077	-0.995886	-0.083960	0.981294	0.049267	-0.186103
01770	9.549348	-0.834921	-2.198488	-0.171747	-0.168224	0.084272	0.191224	-0.076692	0.978546	0.032568	-0.995898	-0.084416	0.981006	0.048012	-0.187942
01771	9.506443	-0.925256	-2.106544	-0.138998	-0.176982	0.084159	0.192986	-0.077408	0.978143	0.031037	-0.995903	-0.084936	0.980710	0.046750	-0.189793
01772	9.600285	-0.930069	-1.899088	-0.100085	-0.165437	0.080280	0.194877	-0.077978	0.977723	0.030574	-0.995867	-0.085519	0.980351	0.046558	-0.191687
01773	9.520059	-0.769773	-1.735189	-0.091101	-0.138450	0.074379	0.196256	-0.078616	0.977396	0.029529	-0.995855	-0.086030	0.980108	0.045746	-0.193121
01774	9.444519	-0.765093	-1.576543	-0.126610	-0.138055	0.069443	0.197770	-0.079132	0.977049	0.028460	-0.995853	-0.086416	0.979835	0.044897	-0.194698
01775	9.442380	-0.760143	-1.453901	-0.153344	-0.160609	0.061146	0.199361	-0.079631	0.976685	0.026830	-0.995875	-0.086673	0.979559	0.043484	-0.196402
01776	9.466790	-0.881894	-1.446543	-0.213507	-0.174347	0.055112	0.201252	-0.079968	0.976270	0.025149	-0.995912	-0.086761	0.979217	0.042013	-0.198418
01777	9.492726	-1.109821	-1.504194	-0.246184	-0.188346	0.044766	0.203107	-0.080298	0.975858	0.022642	-0.995980	-0.086667	0.978895	0.039698	-0.200473
01778	9.475278	-1.220529	-1.536233	-0.245080	-0.203012	0.038511	0.205224	-0.080441	0.975404	0.020680	-0.996038	-0.086494	0.978497	0.037922	-0.202747
01779	9.390194	-1.196660	-1.524897	-0.248062	-0.219369	0.026964	0.207376	-0.080590	0.974936	0.018192	-0.996111	-0.086210	0.978092	0.035614	-0.205104
01780	9.411090	-1.156328	-1.482706	-0.249040	-0.240171	0.018339	0.209916	-0.080504	0.974399	0.016401	-0.996174	-0.085836	0.977582	0.033999	-0.207793
01781	9.406960	-1.099571	-1.460065	-0.259395	-0.260412	0.010687	0.212464	-0.080486	0.973848	0.013837	-0.996254	-0.085357	0.977071	0.031611	-0.210555
01782	9.427218	-1.059576	-1.456343	-0.283880	-0.284466	0.003081	0.215437	-0.080223	0.973217	0.011900	-0.996330	-0.084762	0.976445	0.029842	-0.213692
01783	9.408757	-1.057584	-1.400315	-0.283432	-0.306089	-0.003974	0.218426	-0.080057	0.972564	0.009137	-0.996418	-0.084073	0.975811	0.027250	-0.216912
01784	9.395703	-1.029920	-1.433911	-0.276861	-0.329840	-0.014671	0.221918	-0.079588	0.971812	0.007523	-0.996494	-0.083328	0.975036	0.025803	-0.220541
01785	9.310075	-1.001731	-1.432952	-0.274575	-0.358240	-0.019128	0.225411	-0.079271	0.971033	0.004885	-0.996580	-0.082491	0.974252	0.023338	-0.224253
01786	9.311787	-0.967517	-1.488762	-0.262484	-0.384693	-0.024406	0.229436	-0.078624	0.970143	0.003612	-0.996656	-0.081627	0.973317	0.022232	-0.228385
01787	9.397705	-0.928859	-1.670649	-0.258886	-0.400612	-0.034780	0.233335	-0.078154	0.969251	0.001170	-0.996742	-0.080652	0.972396	0.019953	-0.232483
01788	9.593084	-0.876764	-2.117621	-0.240994	-0.392801	-0.042857	0.237363	-0.077373	0.968335	-0.000031	-0.996824	-0.079642	0.971421	0.018874	-0.236611
01789	9.585871	-0.742433	-2.609615	-0.198053	-0.376017	-0.045389	0.241017	-0.076815	0.967476	-0.001849	-0.996897	-0.078690	0.970519	0.017177	-0.240412
01790	9.536580	-0.438021	-2.980781	-0.189609	-0.355908	-0.036288	0.244638	-0.076120	0.966622	-0.002603	-0.996962	-0.077850	0.969611	0.016529	-0.244093
01791	9.505251	-0.362370	-3.533893	-0.178228	-0.334620	-0.020088	0.247885	-0.075828	0.965817	-0.004284	-0.997008	-0.077177	0.968780	0.014994	-0.247468
01792	9.471339	-0.233069	-4.066892	-0.210913	-0.279584	-0.017148	0.250719	-0.075409	0.965118	-0.005627	-0.997058	-0.076443	0.968044	0.013735	-0.250406
01793	9.357415	-0.418901	-4.271509	-0.240832	-0.229162	-0.008660	0.252941	-0.075256	0.964550	-0.007939	-0.997098	-0.075713	0.967449	0.011494	-0.252804
01794	9.447527	-0.423841	-4.280082	-0.206166	-0.182789	0.008812	0.254764	-0.075169	0.964077	-0.009557	-0.997121	-0.075220	0.966956	0.009950	-0.254749
01795	9.659329	-0.255255	-4.259736	-0.164303	-0.123656	0.012385	0.255963	-0.075242	0.963754	-0.011179	-0.997130	-0.074879	0.966622	0.008392	-0.256069
01796	9.730815	-0.247339	-4.238707	-0.170265	-0.050215	0.020155	0.256458	-0.075347	0.963614	-0.012747	-0.997134	-0.074576	0.966471	0.006843	-0.256683
01797	9.582164	-0.302282	-4.022833	-0.122590	0.019747	0.032689	0.256267	-0.075636	0.963642	-0.014018	-0.997120	-0.074535	0.966504	0.005593	-0.256589
01798	9.452932	-0.409448	-3.542902	-0.078638	0.055582	0.053063	0.255734	-0.076076	0.963749	-0.014794	-0.997090	-0.074783	0.966634	0.004867	-0.256115
01799	9.473408	-0.748818	-3.239385	-0.006180	0.081690	0.053004	0.254941	-0.076570	0.963920	-0.014992	-0.997053	-0.075237	0.966841	0.004730	-0.255337
01800	9.478249	-0.992549	-2.881933	0.088300	0.092283	0.047228	0.254048	-0.076966	0.964124	-0.014186	-0.997018	-0.075854	0.967087	0.005594	-0.254383
01801	9.413644	-1.080404	-2.658615	0.203448	0.100672	0.043245	0.253073	-0.077365	0.964349	-0.012330	-0.996974	-0.076747	0.967369	0.007532	-0.253261
01802	9.379822	-0.896812	-2.354528	0.266318	0.083247	0.038724	0.252269	-0.077693	0.964533	-0.009821	-0.996926	-0.077734	0.967607	0.010137	-0.252256
01803	9.358553	-0.759603	-2.121626	0.288852	0.068557	0.041437	0.251606	-0.078075	0.964676	-0.007133	-0.996863	-0.078820	0.967804	0.012951	-0.251373
01804	9.326056	-0.599309	-1.925779	0.270750	0.045331	0.043447	0.251167	-0.078447	0.964760	-0.004587	-0.996796	-0.079858	0.967933	0.015632	-0.250722
01805	9.350846	-0.624027	-1.645647	0.217992	0.017092	0.042605	0.251004	-0.078836	0.964770	-0.002586	-0.996729	-0.080775	0.967983	0.017779	-0.250387
01806	9.423247	-0.707361	-1.542713	0.174081	-0.016193	0.035451	0.251161	-0.079119	0.964706	-0.000958	-0.996674	-0.081491	0.967945	0.019544	-0.250402
01807	9.454977	-0.805574	-1.578188	0.142301	-0.041997	0.036949	0.251571	-0.079440	0.964573	0.000324	-0.996619	-0.082164	0.967839	0.020983	-0.250695
01808	9.389360	-0.887507	-1.593742	0.090309	-0.068041	0.039041	0.252232	-0.079749	0.964375	0.001131	-0.996573	-0.082708	0.967666	0.021953	-0.251277
01809	9.364432	-0.849887	-1.704345	0.074860	-0.094252	0.038533	0.253148	-0.080073	0.964108	0.001756	-0.996529	-0.083227	0.967426	0.022762	-0.252129
01810	9.409943	-0.759453	-1.840650	0.036894	-0.116525	0.040363	0.254276	-0.080383	0.963785	0.002042	-0.996493	-0.083650	0.967129	0.023238	-0.253220
01811	9.431203	-0.651090	-1.961122	-0.010237	-0.134473	0.040220	0.255581	-0.080714	0.963413	0.001838	-0.996467	-0.083971	0.966786	0.023232	-0.254529
01812	9.404469	-0.663871	-2.093947	-0.057949	-0.146582	0.039089	0.256996	-0.081007	0.963011	0.001204	-0.996453	-0.084142	0.966412	0.022784	-0.255987
01813	9.428697	-0.708192	-2.195856	-0.092523	-0.158620	0.038218	0.258533	-0.081314	0.962574	0.000209	-0.996446	-0.084231	0.966002	0.021978	-0.257597
01814	9.424615	-0.761753	-2.227927	-0.111698	-0.171330	0.037214	0.260187	-0.081582	0.962106	-0.000933	-0.996445	-0.084241	0.965558	0.021021	-0.259338
01815	9.334626	-0.768186	-2.187930	-0.120633	-0.190032	0.031441	0.262025	-0.081817	0.961587	-0.002182	-0.996447	-0.084189	0.965059	0.019962	-0.261272
01816	9.381344	-0.905608	-2.206803	-0.139609	-0.193493	0.033464	0.263889	-0.082047	0.961057	-0.003584	-0.996452	-0.084085	0.964546	0.018744	-0.263247
01817	9.436653	-1.013439	-2.210939	-0.126828	-0.203507	0.026954	0.265854	-0.082240	0.960499	-0.004880	-0.996457	-0.083968	0.964001	0.017636	-0.265313
01818	9.407152	-0.969307	-2.334911	-0.146245	-0.209945	0.020449	0.267875	-0.082342	0.959929	-0.006312	-0.996470	-0.083715	0.963433	0.016366	-0.267449
01819	9.460222	-1.101576	-2.478256	-0.139448	-0.200084	0.015399	0.269805	-0.082425	0.959381	-0.007698	-0.996482	-0.083448	0.962884	0.015129	-0.269490
01820	9.426038	-0.978834	-2.740984	-0.086119	-0.196297	0.015369	0.271691	-0.082487	0.958843	-0.008541	-0.996487	-0.083305	0.962347	0.014444	-0.271441
01821	9.420543	-0.743186	-2.816549	-0.063983	-0.188636	0.013477	0.273509	-0.082555	0.958320	-0.009194	-0.996489	-0.083219	0.961826	0.013950	-0.273307
01822	9.279773	-0.584539	-2.861465	-0.072461	-0.188341	0.022034	0.275316	-0.082683	0.957792	-0.009918	-0.996486	-0.083173	0.961303	0.013399	-0.275168
01823	9.358480	-0.605036	-2.851864	-0.102512	-0.196852	0.018597	0.277209	-0.082804	0.957235	-0.010956	-0.996487	-0.083027	0.960747	0.012529	-0.277143
01824	9.406149	-0.792099	-2.854558	-0.134718	-0.188336	0.016782	0.279016	-0.082887	0.956703	-0.012270	-0.996494	-0.082756	0.960208	0.011352	-0.279055
01825	9.403503	-1.048695	-2.886539	-0.124952	-0.184692	0.007715	0.280792	-0.082905	0.956181	-0.013492	-0.996505	-0.082439	0.959674	0.010248	-0.280929
01826	9.339873	-1.069390	-2.829752	-0.087175	-0.176884	0.009094	0.282487	-0.082912	0.955681	-0.014319	-0.996511	-0.082221	0.959164	0.009542	-0.282689
01827	9.316221	-0.946800	-2.760553	-0.060612	-0.179651	0.016113	0.284212	-0.083016	0.955161	-0.014946	-0.996507	-0.082163	0.958645	0.009075	-0.284460
01828	9.318976	-0.841813	-2.676011	-0.069884	-0.179328	0.022088	0.285927	-0.083156	0.954637	-0.015646	-0.996500	-0.082116	0.958124	0.008543	-0.286227
01829	9.362935	-0.955395	-2.626859	-0.076405	-0.173274	0.020167	0.287587	-0.083303	0.954125	-0.016437	-0.996493	-0.082048	0.957613	0.007914	-0.287948
01830	9.358861	-0.982951	-2.556758	-0.054328	-0.174441	0.010489	0.289254	-0.083333	0.953618	-0.016960	-0.996493	-0.081936	0.957102	0.007527	-0.289653
01831	9.299259	-0.977225	-2.550757	-0.048633	-0.171775	0.004549	0.290901	-0.083327	0.953118	-0.017439	-0.996496	-0.081797	0.956594	0.007173	-0.291335
01832	9.241343	-1.074522	-2.543808	-0.055746	-0.179522	-0.000931	0.292617	-0.083245	0.952599	-0.017943	-0.996506	-0.081570	0.956061	0.006776	-0.293088
01833	9.291818	-1.158135	-2.514154	-0.041668	-0.191988	-0.002729	0.294456	-0.083166	0.952039	-0.018333	-0.996514	-0.081381	0.955489	0.006509	-0.294955
01834	9.288351	-1.180344	-2.601762	-0.018391	-0.194212	-0.010968	0.296311	-0.082989	0.951479	-0.018458	-0.996529	-0.081170	0.954913	0.006489	-0.296814
01835	9.297755	-1.172871	-2.638758	0.003895	-0.193023	-0.020476	0.298162	-0.082733	0.950923	-0.018360	-0.996549	-0.080946	0.954339	0.006676	-0.298652
01836	9.297602	-1.194391	-2.691791	0.034512	-0.199853	-0.027689	0.300070	-0.082390	0.950352	-0.017930	-0.996574	-0.080736	0.953749	0.007187	-0.300520
01837	9.332455	-1.123190	-2.784470	0.048449	-0.199689	-0.042573	0.301986	-0.081911	0.949787	-0.017339	-0.996609	-0.080436	0.953155	0.007822	-0.302382
01838	9.371488	-1.150353	-2.998100	0.060506	-0.198196	-0.048732	0.303880	-0.081355	0.949231	-0.016594	-0.996648	-0.080106	0.952566	0.008591	-0.304211
01839	9.309215	-0.982703	-3.132622	0.075306	-0.189017	-0.057997	0.305693	-0.080720	0.948702	-0.015700	-0.996692	-0.079745	0.952001	0.009483	-0.305949
01840	9.289616	-0.853503	-3.183821	0.071854	-0.180039	-0.060865	0.307413	-0.080048	0.948203	-0.014818	-0.996737	-0.079341	0.951461	0.010340	-0.307596
01841	9.286975	-0.769119	-3.236095	0.031150	-0.176392	-0.064275	0.309104	-0.079349	0.947712	-0.014323	-0.996789	-0.078787	0.950920	0.010779	-0.309248
01842	9.275373	-0.844076	-3.250195	0.008276	-0.171550	-0.072994	0.310742	-0.078557	0.947242	-0.014009	-0.996849	-0.078075	0.950391	0.010991	-0.310863
01843	9.305537	-0.852820	-3.182630	0.011856	-0.162088	-0.081499	0.312297	-0.077687	0.946803	-0.013642	-0.996915	-0.077299	0.949886	0.011224	-0.312394
01844	9.274443	-0.828486	-3.211889	-0.005663	-0.158778	-0.088448	0.313814	-0.076735	0.946379	-0.013401	-0.996988	-0.076395	0.949390	0.011291	-0.313897
01845	9.209480	-0.895409	-3.200176	-0.026993	-0.147003	-0.093710	0.315226	-0.075745	0.945989	-0.013362	-0.997065	-0.075383	0.948923	0.011123	-0.315313
01846	9.220540	-0.828137	-3.216205	-0.011193	-0.139268	-0.097006	0.316556	-0.074715	0.945627	-0.013150	-0.997143	-0.074383	0.948483	0.011111	-0.316634
01847	9.210918	-0.639772	-3.178870	-0.011801	-0.142491	-0.100969	0.317924	-0.073653	0.945251	-0.012941	-0.997222	-0.073350	0.948028	0.011088	-0.317994
01848	9.228857	-0.438854	-3.179490	-0.042579	-0.126860	-0.103283	0.319138	-0.072562	0.944926	-0.013004	-0.997306	-0.072192	0.947619	0.010751	-0.319221
01849	9.215683	-0.456060	-3.207471	-0.109107	-0.130446	-0.104172	0.320391	-0.071470	0.944585	-0.013704	-0.997395	-0.070818	0.947186	0.009745	-0.320536
01850	9.236819	-0.590911	-3.186293	-0.141998	-0.123098	-0.108976	0.321571	-0.070320	0.944271	-0.014680	-0.997489	-0.069284	0.946772	0.008418	-0.321795
01851	9.235864	-0.731557	-3.214094	-0.147419	-0.114433	-0.112467	0.322675	-0.069150	0.943980	-0.015712	-0.997582	-0.067705	0.946379	0.007015	-0.322981
01852	9.237587	-0.716638	-3.191282	-0.115088	-0.112118	-0.111818	0.323751	-0.067979	0.943697	-0.016427	-0.997669	-0.066231	0.946000	0.005940	-0.324113
01853	9.273082	-0.557504	-3.191081	-0.111436	-0.104412	-0.112297	0.324761	-0.066813	0.943433	-0.017116	-0.997754	-0.064768	0.945641	0.004887	-0.325175
01854	9.253381	-0.446057	-3.182569	-0.123561	-0.106743	-0.109660	0.325787	-0.065664	0.943160	-0.017912	-0.997835	-0.063283	0.945273	0.003723	-0.326258
01855	9.288412	-0.286898	-3.181443	-0.141888	-0.100336	-0.100260	0.326758	-0.064621	0.942896	-0.018924	-0.997907	-0.061833	0.944918	0.002361	-0.327297
01856	9.281797	-0.198118	-3.139228	-0.173986	-0.108940	-0.093288	0.327804	-0.063639	0.942600	-0.020248	-0.997973	-0.060335	0.944529	0.000692	-0.328428
01857	9.256122	-0.167132	-3.129294	-0.217334	-0.110217	-0.087147	0.328867	-0.062730	0.942290	-0.022013	-0.998030	-0.058758	0.944120	-0.001419	-0.329600
01858	9.224133	-0.320157	-3.153174	-0.234363	-0.112396	-0.082685	0.329945	-0.061851	0.941972	-0.023930	-0.998079	-0.057153	0.943697	-0.003684	-0.330791
01859	9.219791	-0.408391	-3.199200	-0.254469	-0.113771	-0.080344	0.331043	-0.061016	0.941641	-0.026063	-0.998118	-0.055512	0.943256	-0.006165	-0.332010
01860	9.255700	-0.558474	-3.269000	-0.233320	-0.111548	-0.074299	0.332114	-0.060228	0.941315	-0.027998	-0.998149	-0.053986	0.942824	-0.008425	-0.333185
01861	9.229173	-0.550611	-3.329729	-0.207176	-0.115084	-0.071745	0.333224	-0.059483	0.940970	-0.029710	-0.998175	-0.052578	0.942380	-0.010436	-0.334383
01862	9.216323	-0.566430	-3.357716	-0.191327	-0.114734	-0.068795	0.334324	-0.058754	0.940625	-0.031262	-0.998197	-0.051239	0.941939	-0.012275	-0.335558
01863	9.185577	-0.618769	-3.348666	-0.160725	-0.119293	-0.071818	0.335475	-0.058014	0.940261	-0.032533	-0.998220	-0.049982	0.941487	-0.013822	-0.336766
01864	9.124393	-0.530340	-3.281599	-0.135124	-0.121920	-0.068225	0.336644	-0.057295	0.939887	-0.033554	-0.998243	-0.048834	0.941034	-0.015097	-0.337976
01865	9.171396	-0.663607	-3.215296	-0.094793	-0.123815	-0.068943	0.337837	-0.056586	0.939502	-0.034211	-0.998270	-0.047824	0.940583	-0.015985	-0.339189
01866	9.212825	-0.767676	-3.235371	-0.045395	-0.127636	-0.080756	0.339063	-0.055749	0.939110	-0.034348	-0.998311	-0.046862	0.940136	-0.016368	-0.340406
01867	9.222427	-0.752665	-3.267116	0.001618	-0.137271	-0.084697	0.340387	-0.054887	0.938682	-0.034043	-0.998360	-0.046032	0.939669	-0.016287	-0.341698
01868	9.192083	-0.758729	-3.240929	0.046460	-0.140093	-0.091038	0.341733	-0.053950	0.938247	-0.033281	-0.998419	-0.045288	0.939208	-0.015749	-0.342988
01869	9.220117	-0.687763	-3.240308	0.083293	-0.145768	-0.094548	0.343137	-0.052989	0.937790	-0.032173	-0.998485	-0.044647	0.938734	-0.014851	-0.344322
01870	9.175806	-0.569340	-3.211328	0.100963	-0.156394	-0.094455	0.344633	-0.052018	0.937295	-0.030885	-0.998551	-0.044062	0.938229	-0.013763	-0.345740
01871	9.136436	-0.451687	-3.149114	0.112906	-0.164521	-0.094854	0.346209	-0.051053	0.936767	-0.029495	-0.998617	-0.043523	0.937694	-0.012562	-0.347236
01872	9.132918	-0.475847	-3.112201	0.099391	-0.176064	-0.095807	0.347885	-0.050069	0.936199	-0.028217	-0.998680	-0.042925	0.937113	-0.011484	-0.348838
01873	9.158997	-0.441616	-2.975757	0.095676	-0.186283	-0.103839	0.349663	-0.049013	0.935593	-0.026956	-0.998744	-0.042247	0.936488	-0.010448	-0.350545
01874	9.151543	-0.493328	-2.922997	0.082600	-0.198796	-0.105873	0.351549	-0.047927	0.934942	-0.025799	-0.998805	-0.041500	0.935814	-0.009531	-0.352366
01875	9.201654	-0.466450	-2.898148	0.091259	-0.216291	-0.110613	0.353605	-0.046803	0.934223	-0.024552	-0.998868	-0.040748	0.935073	-0.008529	-0.354354
01876	9.182580	-0.377592	-3.020719	0.093945	-0.228023	-0.114418	0.355760	-0.045632	0.933463	-0.023258	-0.998930	-0.039968	0.934288	-0.007491	-0.356440
01877	9.131363	-0.198411	-3.104005	0.073672	-0.239776	-0.114029	0.358029	-0.044470	0.932651	-0.022160	-0.998989	-0.039127	0.933447	-0.006659	-0.358652
01878	9.141233	-0.198443	-3.269390	0.016281	-0.250212	-0.114921	0.360385	-0.043290	0.931799	-0.021581	-0.999042	-0.038067	0.932554	-0.006390	-0.360974
01879	9.133890	-0.232879	-3.397788	-0.015429	-0.254812	-0.115108	0.362789	-0.042117	0.930919	-0.021305	-0.999092	-0.036898	0.931628	-0.006447	-0.363357
01880	9.147776	-0.333622	-3.565507	-0.045478	-0.255403	-0.117806	0.365188	-0.040907	0.930035	-0.021285	-0.999140	-0.035589	0.930690	-0.006799	-0.365745
01881	9.120214	-0.327821	-3.603435	-0.039974	-0.260825	-0.121300	0.367644	-0.039674	0.929120	-0.021209	-0.999187	-0.034274	0.929725	-0.007105	-0.368187
01882	9.105018	-0.167638	-3.520925	-0.033999	-0.266265	-0.111972	0.370138	-0.038525	0.928178	-0.021096	-0.999231	-0.033062	0.928737	-0.007344	-0.370666
01883	9.105307	-0.089093	-3.336659	-0.064084	-0.276133	-0.102807	0.372727	-0.037480	0.927184	-0.021306	-0.999266	-0.031829	0.927696	-0.007891	-0.373252
01884	9.171354	0.053387	-3.270930	-0.115004	-0.290023	-0.103943	0.375434	-0.036412	0.926133	-0.021963	-0.999297	-0.030386	0.926589	-0.008933	-0.375970
01885	9.247059	0.168585	-3.120772	-0.169599	-0.305817	-0.115588	0.378297	-0.035248	0.925013	-0.023094	-0.999323	-0.028635	0.925396	-0.010530	-0.378855
01886	9.244495	0.230007	-3.010186	-0.233002	-0.327151	-0.122413	0.381347	-0.034010	0.923806	-0.024764	-0.999340	-0.026568	0.924100	-0.012746	-0.381937
01887	9.257173	-0.089565	-2.996475	-0.332070	-0.371257	-0.128683	0.384813	-0.032737	0.922414	-0.027333	-0.999337	-0.024065	0.922590	-0.015952	-0.385452
01888	9.399478	-0.750109	-3.000377	-0.348403	-0.389262	-0.135818	0.388435	-0.031393	0.920941	-0.029995	-0.999321	-0.021413	0.920988	-0.019307	-0.389112
01889	9.470447	-1.318624	-3.171328	-0.283775	-0.407549	-0.138111	0.392232	-0.030057	0.919375	-0.032063	-0.999305	-0.018991	0.919307	-0.022029	-0.392923
01890	9.401928	-1.331999	-3.378360	-0.151094	-0.421308	-0.139164	0.396141	-0.028712	0.917741	-0.032885	-0.999313	-0.017070	0.917601	-0.023418	-0.396813
01891	9.377127	-0.848603	-3.586060	-0.095526	-0.432425	-0.139008	0.400156	-0.027387	0.916038	-0.033202	-0.999330	-0.015373	0.915846	-0.024263	-0.400797
01892	9.343946	-0.335324	-3.844413	-0.091338	-0.437231	-0.147715	0.404198	-0.025977	0.914302	-0.033436	-0.999348	-0.013611	0.914060	-0.025069	-0.404803
01893	9.381657	0.125969	-4.049000	-0.166789	-0.442912	-0.148880	0.408298	-0.024564	0.912518	-0.034349	-0.999343	-0.011532	0.912202	-0.026636	-0.408873
01894	9.474825	0.044042	-4.153204	-0.249735	-0.440352	-0.163787	0.412361	-0.023007	0.910730	-0.035944	-0.999314	-0.008970	0.910311	-0.029036	-0.412905
01895	9.492953	-0.150596	-4.225363	-0.264273	-0.426747	-0.172402	0.416310	-0.021374	0.908972	-0.037627	-0.999272	-0.006264	0.908444	-0.031594	-0.416811
01896	9.437420	-0.257202	-4.189577	-0.223211	-0.428053	-0.170220	0.420253	-0.019770	0.907192	-0.038931	-0.999235	-0.003742	0.906572	-0.033745	-0.420701
01897	9.426920	-0.058938	-4.102706	-0.192299	-0.419436	-0.161762	0.424120	-0.018260	0.905422	-0.039984	-0.999199	-0.001422	0.904723	-0.035599	-0.424511
01898	9.434859	0.063177	-4.003134	-0.254898	-0.414612	-0.126322	0.427912	-0.017109	0.903659	-0.041740	-0.999128	0.000849	0.902856	-0.038082	-0.428253
01899	9.488478	-0.042636	-3.671614	-0.390227	-0.408554	-0.091565	0.431641	-0.016318	0.901898	-0.044860	-0.998988	0.003395	0.900929	-0.041924	-0.431936
01900	9.814083	0.956156	-3.300385	-0.325412	-0.413765	-0.113430	0.435410	-0.015323	0.900102	-0.047288	-0.998864	0.005870	0.898989	-0.045120	-0.435640
01901	9.795775	1.408365	-3.321129	-0.473044	-0.439312	-0.136161	0.439427	-0.014132	0.898167	-0.050933	-0.998660	0.009205	0.896833	-0.049791	-0.439557
01902	9.706360	0.579971	-3.411439	-0.518799	-0.455067	-0.146673	0.443572	-0.012855	0.896146	-0.054913	-0.998408	0.012859	0.894555	-0.054913	-0.443572
01903	9.739238	0.358635	-3.586472	-0.424655	-0.471640	-0.168327	0.447886	-0.011404	0.894018	-0.057949	-0.998187	0.016298	0.892211	-0.059107	-0.447735
01904	9.699146	0.172063	-3.672982	-0.388132	-0.495016	-0.194135	0.452403	-0.009715	0.891761	-0.060510	-0.997971	0.019826	0.889759	-0.062930	-0.452073
01905	9.559366	-0.046801	-3.826798	-0.305106	-0.518860	-0.211078	0.457148	-0.007903	0.889356	-0.062254	-0.997792	0.023133	0.887209	-0.065941	-0.456631
01906	9.421656	0.035937	-4.002273	-0.242220	-0.532770	-0.211585	0.461991	-0.006098	0.886864	-0.063406	-0.997645	0.026170	0.884615	-0.068323	-0.461289
01907	9.241218	0.114535	-4.111427	-0.257772	-0.542197	-0.210548	0.466920	-0.004336	0.884289	-0.064697	-0.997476	0.029271	0.881929	-0.070878	-0.466022
01908	9.080064	0.261824	-4.383291	-0.286306	-0.541725	-0.199995	0.471811	-0.002681	0.881696	-0.066259	-0.997276	0.032423	0.879206	-0.073718	-0.470703
01909	8.985910	0.398089	-4.566043	-0.347099	-0.535490	-0.192283	0.476647	-0.001129	0.879094	-0.068385	-0.997017	0.035798	0.876431	-0.077180	-0.475302
01910	8.829355	0.498013	-4.820678	-0.409905	-0.530848	-0.184049	0.481410	0.000336	0.876495	-0.071070	-0.996692	0.039417	0.873609	-0.081268	-0.479794
01911	8.712590	0.531380	-4.909005	-0.488503	-0.522488	-0.174549	0.486100	0.001678	0.873902	-0.074477	-0.996281	0.043340	0.870724	-0.086153	-0.484167
01912	8.525519	0.377588	-5.023254	-0.515387	-0.516720	-0.180907	0.490720	0.003073	0.871312	-0.078051	-0.995819	0.047471	0.867815	-0.091302	-0.488428
01913	8.400737	0.282756	-5.025185	-0.508463	-0.509069	-0.187634	0.495286	0.004503	0.868718	-0.081522	-0.995333	0.051637	0.864896	-0.096395	-0.492607
01914	8.243855	0.244835	-5.103072	-0.474010	-0.525108	-0.192576	0.499970	0.005951	0.866022	-0.084635	-0.994854	0.055698	0.861897	-0.101143	-0.496894
01915	8.704705	0.228165	-4.895010	-0.470635	-0.507787	-0.199653	0.504518	0.007450	0.863369	-0.087672	-0.994352	0.059813	0.858938	-0.105870	-0.501015
01916	8.511502	0.203568	-4.664768	-0.398305	-0.493351	-0.214477	0.508930	0.009098	0.860760	-0.089982	-0.993904	0.063709	0.856092	-0.109877	-0.505009
01917	8.619935	0.435806	-4.587743	-0.353569	-0.514471	-0.212398	0.513527	0.010674	0.858007	-0.091908	-0.993486	0.067367	0.853137	-0.113452	-0.509201
01918	8.776805	0.235388	-4.258823	-0.400747	-0.523854	-0.213075	0.518177	0.012230	0.855186	-0.094206	-0.992998	0.071283	0.850069	-0.117501	-0.513397
01919	8.687879	0.375533	-4.195509	-0.297405	-0.533130	-0.221777	0.522918	0.013837	0.852271	-0.095564	-0.992613	0.074749	0.847009	-0.120534	-0.517733
01920	8.683497	0.249063	-4.136007	-0.336768	-0.559289	-0.229177	0.527858	0.015470	0.849192	-0.097194	-0.992166	0.078490	0.843753	-0.123968	-0.522219
01921	8.718550	0.295686	-4.038445	-0.260340	-0.576427	-0.234656	0.532948	0.017114	0.845975	-0.098130	-0.991799	0.081885	0.840439	-0.126656	-0.526898
01922	8.599046	0.495605	-3.959426	-0.251109	-0.600217	-0.241968	0.538210	0.018785	0.842602	-0.098931	-0.991432	0.085294	0.836985	-0.129265	-0.531740
01923	8.541330	0.535266	-3.904257	-0.245095	-0.633080	-0.240374	0.543742	0.020380	0.839005	-0.099665	-0.991063	0.088665	0.833313	-0.131830	-0.536852
01924	8.559697	0.693595	-3.850118	-0.212893	-0.670591	-0.242012	0.549548	0.021924	0.835175	-0.100104	-0.990726	0.091876	0.829443	-0.134095	-0.542257
01925	8.597771	0.857935	-3.788184	-0.209331	-0.709028	-0.249112	0.555671	0.023471	0.831071	-0.100447	-0.990384	0.095132	0.825312	-0.136341	-0.547970
01926	8.549353	0.972683	-3.699708	-0.245215	-0.753348	-0.246493	0.562107	0.024912	0.826689	-0.101079	-0.989984	0.098562	0.820865	-0.138964	-0.553959
01927	8.622731	0.883174	-3.671064	-0.271172	-0.793588	-0.254737	0.568868	0.026358	0.822006	-0.101845	-0.989535	0.102212	0.816099	-0.141863	-0.560230
01928	8.498512	0.854379	-3.686225	-0.280049	-0.825120	-0.261243	0.575834	0.027798	0.817094	-0.102619	-0.989060	0.105967	0.811101	-0.144869	-0.566682
01929	8.469953	0.823910	-3.899013	-0.233829	-0.867865	-0.266990	0.583132	0.029209	0.811852	-0.102948	-0.988640	0.109514	0.805828	-0.147440	-0.573500
01930	8.615312	1.100747	-4.102639	-0.172373	-0.904307	-0.272237	0.590659	0.030596	0.806341	-0.102725	-0.988299	0.112747	0.800356	-0.149426	-0.580605
01931	8.589801	1.372932	-4.196075	-0.222303	-0.946059	-0.271858	0.598489	0.031895	0.800496	-0.102867	-0.987877	0.116269	0.794499	-0.151930	-0.587952
01932	8.644694	1.241417	-4.074624	-0.340726	-1.000512	-0.267509	0.606666	0.033039	0.794270	-0.103938	-0.987263	0.120455	0.788133	-0.155631	-0.595505
01933	8.820527	1.111350	-4.037468	-0.308457	-1.035517	-0.266682	0.615078	0.034080	0.787729	-0.104714	-0.986685	0.124452	0.781482	-0.159034	-0.603319
01934	8.907747	1.218121	-3.914064	-0.330686	-1.103715	-0.281713	0.623942	0.035126	0.780681	-0.105527	-0.986052	0.128706	0.774313	-0.162688	-0.611533
01935	9.082276	1.189354	-3.704771	-0.418547	-1.168253	-0.281275	0.633248	0.036010	0.773111	-0.106967	-0.985258	0.133507	0.766521	-0.167241	-0.620061
01936	9.331563	1.022662	-3.503724	-0.474996	-1.228852	-0.275839	0.642894	0.036683	0.765076	-0.108812	-0.984348	0.138631	0.758187	-0.172375	-0.628840
01937	9.615359	0.875550	-3.609032	-0.494602	-1.282692	-0.279017	0.652876	0.037221	0.756550	-0.110716	-0.983376	0.143924	0.749330	-0.177727	-0.637901
01938	9.805438	0.869096	-3.816601	-0.496558	-1.337056	-0.269606	0.663111	0.037501	0.747581	-0.112624	-0.982376	0.149177	0.739999	-0.183117	-0.647201
01939	9.931984	0.994316	-4.062125	-0.525244	-1.388634	-0.254719	0.673616	0.037458	0.738132	-0.114765	-0.981300	0.154531	0.730117	-0.188806	-0.656720
01940	9.980510	1.203191	-4.116788	-0.566953	-1.453862	-0.240478	0.684409	0.037066	0.728156	-0.117229	-0.980119	0.160078	0.719612	-0.194920	-0.666457
01941	10.086952	1.338354	-4.206891	-0.625570	-1.501333	-0.223315	0.695402	0.036315	0.717703	-0.120136	-0.978793	0.165929	0.708508	-0.201609	-0.676291
01942	9.817501	1.215215	-4.310377	-0.707195	-1.553735	-0.203413	0.706541	0.035152	0.706799	-0.123668	-0.977264	0.172226	0.696783	-0.209093	-0.686129
01943	9.954341	1.021072	-4.536988	-0.763592	-1.601144	-0.207589	0.717866	0.033804	0.695360	-0.127443	-0.975561	0.178994	0.684417	-0.217113	-0.696014
01944	10.118796	0.887202	-4.852090	-0.754073	-1.605374	-0.221916	0.729012	0.032454	0.683731	-0.130943	-0.973816	0.185837	0.671860	-0.225007	-0.705674
01945	10.077682	0.834948	-5.209035	-0.730792	-1.581689	-0.242443	0.739868	0.031231	0.672027	-0.134005	-0.972063	0.192707	0.659271	-0.232633	-0.715013
01946	9.927257	0.835892	-5.629081	-0.658938	-1.527387	-0.268354	0.750177	0.030259	0.660544	-0.136308	-0.970421	0.199259	0.647035	-0.239517	-0.723863
01947	9.678099	1.095995	-6.091693	-0.541640	-1.447257	-0.279905	0.759848	0.029504	0.649431	-0.137645	-0.969020	0.205070	0.635362	-0.245213	-0.732247
01948	9.230438	1.084278	-6.481894	-0.448009	-1.297826	-0.282567	0.768385	0.029046	0.639328	-0.138316	-0.967823	0.210206	0.624862	-0.249948	-0.739644
01949	8.958739	1.113669	-6.750219	-0.222566	-1.061206	-0.297566	0.775389	0.029297	0.630804	-0.137377	-0.967173	0.213783	0.616360	-0.252423	-0.745911
01950	8.371490	1.017714	-7.358996	0.053859	-0.786909	-0.342027	0.780648	0.030629	0.624220	-0.134400	-0.967202	0.215540	0.610348	-0.252156	-0.750928
01951	7.271289	1.059133	-7.918769	0.153206	-0.565097	-0.398484	0.784620	0.033100	0.619093	-0.130326	-0.967456	0.216897	0.606124	-0.250865	-0.754772
01952	6.064452	1.126362	-8.347658	0.175634	-0.451481	-0.406867	0.787839	0.035907	0.614834	-0.126090	-0.967750	0.218087	0.602836	-0.249342	-0.757903
01953	5.464408	1.493427	-7.876441	0.328670	-0.371830	-0.375035	0.790546	0.038653	0.611181	-0.121129	-0.968420	0.217924	0.600304	-0.246311	-0.760898
01954	4.950213	1.560909	-8.509372	0.592529	-0.344852	-0.324930	0.792966	0.040952	0.607889	-0.115038	-0.969728	0.215391	0.598307	-0.240728	-0.764250
01955	4.598475	2.169428	-11.066523	1.261283	-0.551954	-0.327285	0.796626	0.042873	0.602950	-0.104885	-0.972547	0.207728	0.595304	-0.228722	-0.770260
01956	3.633425	3.705970	-8.458285	0.853013	-0.672595	-0.405861	0.800995	0.045297	0.596955	-0.096620	-0.974281	0.203573	0.590823	-0.220738	-0.776017
01957	4.910662	3.270581	-7.179639	0.391549	-0.497404	-0.450862	0.804352	0.048640	0.592158	-0.090670	-0.974922	0.203240	0.587193	-0.217168	-0.779771
01958	6.113170	2.431143	-7.088162	0.298508	-0.177770	-0.485611	0.805794	0.052991	0.589820	-0.085031	-0.975315	0.203792	0.586059	-0.214367	-0.781397
01959	6.986296	1.806666	-7.136221	0.398564	0.119674	-0.555302	0.805550	0.058701	0.589613	-0.078194	-0.975846	0.203984	0.587345	-0.210423	-0.781503
01960	7.338387	1.748962	-6.667040	0.439668	0.496235	-0.592769	0.803038	0.065521	0.592315	-0.070854	-0.976389	0.204069	0.591700	-0.205843	-0.779435
01961	7.294843	0.958922	-6.277679	0.516284	0.938809	-0.589469	0.797845	0.073223	0.598399	-0.063036	-0.977023	0.203599	0.599558	-0.200161	-0.774898
01962	7.804361	1.204262	-5.823824	1.038193	1.367419	-0.557489	0.789859	0.081332	0.607871	-0.052352	-0.978608	0.198961	0.611049	-0.188974	-0.768705
01963	7.917278	2.190801	-5.960519	1.239199	1.776128	-0.472700	0.779101	0.089236	0.620514	-0.040957	-0.980457	0.192424	0.625559	-0.175332	-0.760220
01964	7.083467	2.418973	-6.176956	1.105481	2.173637	-0.373704	0.765417	0.096571	0.636248	-0.031088	-0.981973	0.186446	0.642783	-0.162489	-0.748617
01965	5.642999	3.261720	-7.650573	1.189559	2.402285	-0.210400	0.749811	0.102412	0.653679	-0.021715	-0.983607	0.179011	0.661296	-0.148419	-0.735295
01966	4.837409	4.564332	-8.115322	0.647025	2.430770	-0.000035	0.733477	0.105919	0.671411	-0.017397	-0.984535	0.174322	0.679492	-0.139542	-0.720291
01967	4.997893	4.770109	-7.439438	0.028385	2.490586	0.169603	0.716300	0.107727	0.689426	-0.018411	-0.984750	0.173001	0.697549	-0.136614	-0.703393
01968	5.543128	4.695686	-7.161457	-0.391826	2.622552	0.280723	0.697665	0.108595	0.708146	-0.023159	-0.984510	0.173792	0.716050	-0.137649	-0.684343
01969	6.505046	4.642273	-6.993546	-0.845260	2.726211	0.354601	0.677796	0.108970	0.727130	-0.031710	-0.983704	0.176980	0.734566	-0.143014	-0.663295
01970	7.030530	3.491601	-7.416042	-1.144273	2.819875	0.454044	0.656608	0.108717	0.746356	-0.043221	-0.982507	0.181140	0.752993	-0.151196	-0.640423
01971	6.967969	2.279149	-7.631160	-1.143817	2.886505	0.563682	0.634336	0.107702	0.765518	-0.055561	-0.981335	0.184105	0.771058	-0.159317	-0.616512
01972	6.743386	1.386211	-7.524274	-0.973293	2.966492	0.674968	0.610737	0.105972	0.784710	-0.067319	-0.980467	0.184802	0.788967	-0.165691	-0.591674
01973	6.752597	0.976704	-7.398680	-0.666617	3.030652	0.764128	0.586010	0.103592	0.803655	-0.077196	-0.980146	0.182632	0.806619	-0.169063	-0.566378
