// General information: 
//  MT Manager version: 2022.2.0 
//  XDA version: 2022.2.0 build 7381 rev 124627 built on 2023-07-19
// Device information: 
//  DeviceId: 00B4CAF0
//  ProductCode: MTW2-3A7G6
//  Firmware Version: 4.6.0
//  Hardware Version: 2.0.0
// Device settings: 
//  Filter Profile: human(46.1)
//  Option Flags: Orientation Smoother Disabled, Position/Velocity Smoother Disabled, Continuous Zero Rotation Update Disabled, AHS Disabled, ICC Disabled
// Coordinate system: ENU
PacketCounter	Acc_X	Acc_Y	Acc_Z	Gyr_X	Gyr_Y	Gyr_Z	Mat[1][1]	Mat[2][1]	Mat[3][1]	Mat[1][2]	Mat[2][2]	Mat[3][2]	Mat[1][3]	Mat[2][3]	Mat[3][3]
02845	5.283500	0.152995	8.824240	-0.006393	0.007764	0.003082	-0.709694	-0.473939	0.521264	0.562243	-0.826858	0.013698	0.424520	0.302798	0.853286
02846	5.322430	0.049711	8.804475	-0.005054	0.007287	0.000765	-0.709701	-0.473951	0.521244	0.562209	-0.826883	0.013616	0.424555	0.302711	0.853299
02847	5.344180	0.066932	8.758605	-0.007975	0.011986	0.000504	-0.709674	-0.474028	0.521210	0.562228	-0.826872	0.013503	0.424573	0.302622	0.853322
02848	5.310177	0.058206	8.765803	-0.005069	0.013060	-0.000961	-0.709715	-0.474044	0.521141	0.562181	-0.826905	0.013431	0.424567	0.302507	0.853365
02849	5.324191	0.056252	8.746993	0.009963	0.005166	0.003230	-0.709728	-0.474013	0.521151	0.562178	-0.826906	0.013488	0.424549	0.302552	0.853358
02850	5.331057	0.035285	8.754877	0.021297	-0.001691	0.007600	-0.709658	-0.474055	0.521208	0.562304	-0.826819	0.013595	0.424500	0.302725	0.853321
02851	5.313426	0.115225	8.763440	0.018941	-0.001131	0.005460	-0.709597	-0.474081	0.521267	0.562416	-0.826741	0.013710	0.424453	0.302897	0.853284
02852	5.287412	-0.002439	8.756225	0.023110	-0.003886	0.013353	-0.709485	-0.474163	0.521344	0.562590	-0.826621	0.013803	0.424409	0.303096	0.853235
02853	5.302957	0.085877	8.758077	0.024774	-0.004760	0.004264	-0.709511	-0.474030	0.521431	0.562569	-0.826632	0.014001	0.424395	0.303274	0.853179
02854	5.291498	0.013328	8.787793	0.020372	-0.004783	0.005359	-0.709440	-0.474044	0.521514	0.562675	-0.826558	0.014112	0.424372	0.303455	0.853126
02855	5.318585	0.087025	8.738256	0.020217	-0.004213	0.002672	-0.709352	-0.474066	0.521614	0.562803	-0.826468	0.014235	0.424349	0.303664	0.853063
02856	5.314984	0.122790	8.762392	0.010376	0.001596	-0.001333	-0.709346	-0.474043	0.521642	0.562819	-0.826457	0.014296	0.424338	0.303731	0.853044
02857	5.299855	0.125505	8.781869	0.003206	0.005702	0.002182	-0.709416	-0.473929	0.521652	0.562697	-0.826539	0.014311	0.424384	0.303685	0.853038
02858	5.273342	0.095370	8.796602	0.001075	0.008291	0.003206	-0.709413	-0.473964	0.521624	0.562706	-0.826534	0.014269	0.424377	0.303643	0.853056
02859	5.290783	0.105422	8.809754	-0.002695	0.006729	0.002901	-0.709399	-0.473983	0.521625	0.562696	-0.826542	0.014205	0.424412	0.303593	0.853057
02860	5.315689	0.046143	8.774463	-0.005374	0.007687	0.007534	-0.709370	-0.474052	0.521603	0.562708	-0.826536	0.014085	0.424446	0.303502	0.853072
02861	5.286328	0.091697	8.778426	-0.005124	0.004689	0.000279	-0.709396	-0.473986	0.521627	0.562609	-0.826604	0.014021	0.424533	0.303418	0.853058
02862	5.314602	0.044881	8.775128	-0.006392	0.007768	0.003075	-0.709391	-0.474019	0.521603	0.562585	-0.826622	0.013916	0.424572	0.303318	0.853075
02863	5.303194	0.100843	8.791942	-0.005208	0.007860	-0.001930	-0.709473	-0.473917	0.521584	0.562440	-0.826721	0.013878	0.424628	0.303207	0.853087
02864	5.321116	0.063768	8.748813	-0.005758	0.006228	0.001678	-0.709470	-0.473934	0.521574	0.562409	-0.826744	0.013786	0.424674	0.303119	0.853095
02865	5.308866	0.078000	8.800577	-0.000576	0.009911	0.000148	-0.709493	-0.473923	0.521552	0.562372	-0.826770	0.013755	0.424684	0.303065	0.853109
02866	5.330966	0.096018	8.754510	0.010915	0.002481	0.007218	-0.709443	-0.473974	0.521573	0.562451	-0.826716	0.013776	0.424664	0.303133	0.853095
02867	5.330804	0.096423	8.754605	0.008008	0.001409	0.008682	-0.709285	-0.474172	0.521608	0.562685	-0.826557	0.013754	0.424618	0.303256	0.853074
02868	5.271921	0.058572	8.775491	0.014065	-0.000191	0.010655	-0.709205	-0.474243	0.521654	0.562801	-0.826477	0.013784	0.424598	0.303363	0.853046
02869	5.322696	0.077509	8.781879	0.005411	0.005711	0.001639	-0.709223	-0.474207	0.521661	0.562773	-0.826496	0.013803	0.424605	0.303366	0.853041
02870	5.315566	0.052998	8.718141	0.008859	0.007670	0.008725	-0.709187	-0.474286	0.521639	0.562853	-0.826442	0.013799	0.424559	0.303392	0.853055
02871	5.351151	0.073855	8.744039	0.003053	0.006272	-0.000505	-0.709194	-0.474273	0.521641	0.562840	-0.826450	0.013802	0.424565	0.303389	0.853053
02872	5.317409	0.065950	8.751050	0.001702	0.012522	0.000081	-0.709226	-0.474295	0.521576	0.562829	-0.826458	0.013782	0.424525	0.303333	0.853093
02873	5.352841	0.039700	8.721076	-0.001445	0.015192	-0.003355	-0.709303	-0.474261	0.521503	0.562751	-0.826512	0.013765	0.424500	0.303240	0.853139
02874	5.325038	0.056614	8.792524	-0.000893	0.016823	-0.006961	-0.709394	-0.474238	0.521400	0.562679	-0.826561	0.013759	0.424444	0.303142	0.853201
02875	5.334978	0.042256	8.742202	-0.002316	0.020473	-0.006853	-0.709424	-0.474333	0.521274	0.562724	-0.826531	0.013733	0.424334	0.303076	0.853279
02876	5.293311	0.056419	8.741917	-0.005053	0.019574	-0.014855	-0.709570	-0.474253	0.521147	0.562578	-0.826630	0.013733	0.424282	0.302931	0.853357
02877	5.258249	0.095342	8.805632	-0.005449	0.017371	-0.008557	-0.709650	-0.474254	0.521037	0.562522	-0.826669	0.013708	0.424224	0.302823	0.853424
02878	5.289748	0.103462	8.800007	-0.005520	0.014771	-0.009036	-0.709743	-0.474208	0.520952	0.562416	-0.826742	0.013674	0.424209	0.302696	0.853476
02879	5.281029	0.036627	8.771695	-0.009524	0.016950	-0.014241	-0.709938	-0.474010	0.520867	0.562141	-0.826929	0.013655	0.424247	0.302494	0.853529
02880	5.268859	0.092932	8.788910	-0.010937	0.014828	-0.012405	-0.710051	-0.473936	0.520781	0.561988	-0.827034	0.013591	0.424262	0.302323	0.853582
02881	5.275271	0.112399	8.762688	-0.012205	0.017906	-0.009606	-0.710175	-0.473849	0.520690	0.561809	-0.827157	0.013511	0.424290	0.302123	0.853639
02882	5.305907	0.078113	8.792028	-0.010780	0.014256	-0.009712	-0.710270	-0.473796	0.520609	0.561675	-0.827249	0.013435	0.424308	0.301956	0.853689
02883	5.294686	0.087619	8.752752	-0.000089	0.008941	-0.003930	-0.710321	-0.473729	0.520600	0.561589	-0.827307	0.013425	0.424337	0.301900	0.853695
02884	5.315346	0.110785	8.797973	0.009107	0.004675	0.001480	-0.710313	-0.473739	0.520603	0.561619	-0.827286	0.013461	0.424311	0.301942	0.853693
02885	5.285765	0.068947	8.780467	0.009815	0.005736	0.000564	-0.710390	-0.473632	0.520594	0.561532	-0.827344	0.013542	0.424296	0.301950	0.853697
02886	5.285428	0.069659	8.780664	0.010047	0.001995	0.005459	-0.710348	-0.473667	0.520620	0.561594	-0.827301	0.013565	0.424284	0.302013	0.853681
02887	5.284948	0.070167	8.780949	0.002116	0.008952	-0.004473	-0.710363	-0.473678	0.520589	0.561600	-0.827297	0.013577	0.424251	0.302007	0.853699
02888	5.287224	-0.005864	8.792069	0.002196	0.005781	-0.002267	-0.710381	-0.473660	0.520581	0.561575	-0.827315	0.013573	0.424256	0.301987	0.853704
02889	5.298654	0.068676	8.762398	-0.001019	0.005850	-0.006184	-0.710429	-0.473602	0.520569	0.561505	-0.827362	0.013581	0.424267	0.301950	0.853712
02890	5.283107	0.070871	8.782051	-0.004644	0.009487	-0.005532	-0.710481	-0.473568	0.520529	0.561427	-0.827416	0.013535	0.424284	0.301856	0.853736
02891	5.293463	0.102880	8.787442	-0.009981	0.006374	-0.006701	-0.710593	-0.473418	0.520513	0.561220	-0.827557	0.013483	0.424371	0.301703	0.853747
02892	5.277752	0.104559	8.807194	-0.005915	0.012564	-0.002733	-0.710641	-0.473417	0.520447	0.561156	-0.827601	0.013412	0.424373	0.301584	0.853789
02893	5.273746	0.091505	8.775641	-0.011173	0.006281	-0.001697	-0.710607	-0.473465	0.520450	0.561150	-0.827608	0.013283	0.424439	0.301490	0.853789
02894	5.298143	0.079203	8.796699	-0.005350	0.008426	-0.004613	-0.710649	-0.473436	0.520420	0.561076	-0.827659	0.013227	0.424468	0.301395	0.853808
02895	5.289660	0.059157	8.824143	0.000144	0.005199	0.000966	-0.710793	-0.473203	0.520434	0.560811	-0.827838	0.013230	0.424575	0.301269	0.853799
02896	5.278941	0.068701	8.784573	-0.003855	0.007377	-0.004239	-0.710828	-0.473174	0.520413	0.560746	-0.827883	0.013185	0.424602	0.301191	0.853813
02897	5.300238	0.044753	8.773526	0.004400	0.005794	-0.002805	-0.710840	-0.473151	0.520417	0.560732	-0.827892	0.013206	0.424601	0.301202	0.853810
02898	5.241227	0.095782	8.815769	0.006681	0.002636	-0.001143	-0.710838	-0.473133	0.520437	0.560733	-0.827891	0.013235	0.424603	0.301234	0.853798
02899	5.241136	0.096266	8.815819	0.004557	-0.000547	0.001603	-0.710814	-0.473117	0.520484	0.560739	-0.827887	0.013244	0.424636	0.301269	0.853769
02900	5.270353	0.139201	8.833542	0.006202	-0.002166	0.004664	-0.710759	-0.473133	0.520546	0.560779	-0.827860	0.013238	0.424675	0.301320	0.853731
02901	5.322009	0.111013	8.783666	0.005638	0.001972	0.006547	-0.710724	-0.473138	0.520588	0.560795	-0.827849	0.013224	0.424711	0.301342	0.853706
02902	5.307596	0.066434	8.746752	0.002275	0.002611	-0.000059	-0.710716	-0.473129	0.520607	0.560786	-0.827856	0.013210	0.424738	0.301338	0.853694
02903	5.310400	0.079079	8.779026	0.006419	0.005632	0.006115	-0.710675	-0.473199	0.520600	0.560864	-0.827803	0.013208	0.424704	0.301373	0.853698
02904	5.291861	0.068986	8.766500	0.003207	0.005700	0.002197	-0.710667	-0.473218	0.520594	0.560874	-0.827796	0.013190	0.424704	0.301361	0.853703
02905	5.290480	0.027223	8.801725	0.002348	0.005210	0.000425	-0.710596	-0.473313	0.520604	0.560974	-0.827729	0.013161	0.424689	0.301397	0.853697
02906	5.319933	0.023087	8.763450	0.002426	0.002041	0.002629	-0.710570	-0.473324	0.520629	0.560984	-0.827722	0.013134	0.424719	0.301397	0.853682
02907	5.289932	0.027444	8.802054	-0.000078	0.003170	-0.002205	-0.710589	-0.473282	0.520641	0.560936	-0.827755	0.013125	0.424751	0.301373	0.853675
02908	5.305588	0.067560	8.747961	0.007619	-0.000045	0.002836	-0.710553	-0.473289	0.520684	0.560970	-0.827732	0.013141	0.424767	0.301425	0.853648
02909	5.276798	0.114122	8.751434	0.003848	-0.001608	0.002520	-0.710651	-0.473088	0.520733	0.560772	-0.827866	0.013174	0.424864	0.301374	0.853618
02910	5.268816	0.094410	8.778571	0.003994	0.003591	0.003487	-0.710627	-0.473111	0.520745	0.560794	-0.827851	0.013156	0.424875	0.301380	0.853611
02911	5.220987	0.088568	8.804217	0.005494	-0.003227	0.005583	-0.710571	-0.473111	0.520821	0.560822	-0.827832	0.013147	0.424933	0.301430	0.853564
02912	5.243497	0.153234	8.813912	0.005086	-0.005428	0.011875	-0.710462	-0.473176	0.520911	0.560909	-0.827774	0.013094	0.425001	0.301487	0.853510
02913	5.228996	0.155082	8.832923	0.002957	-0.002840	0.012900	-0.710295	-0.473330	0.520999	0.561078	-0.827661	0.013003	0.425056	0.301557	0.853458
02914	5.273069	0.106188	8.809980	0.002399	-0.004471	0.016506	-0.710164	-0.473436	0.521081	0.561186	-0.827589	0.012903	0.425132	0.301587	0.853409
02915	5.331993	0.054937	8.767812	0.002625	-0.002442	0.019678	-0.709996	-0.473601	0.521160	0.561352	-0.827478	0.012785	0.425194	0.301631	0.853363
02916	5.316995	-0.032128	8.765646	0.004860	-0.001690	0.006984	-0.709930	-0.473638	0.521217	0.561403	-0.827444	0.012756	0.425236	0.301669	0.853329
02917	5.354440	0.030261	8.756080	0.002661	-0.007469	0.009249	-0.709908	-0.473554	0.521323	0.561334	-0.827491	0.012725	0.425364	0.301670	0.853265
02918	5.315117	0.044139	8.754282	0.005422	-0.005829	0.005103	-0.709835	-0.473562	0.521415	0.561374	-0.827464	0.012710	0.425434	0.301731	0.853208
02919	5.294532	0.110343	8.730496	0.001646	-0.001620	0.003064	-0.709855	-0.473475	0.521467	0.561289	-0.827522	0.012700	0.425513	0.301709	0.853177
02920	5.322752	0.110992	8.783216	0.002580	0.001469	0.005319	-0.709811	-0.473507	0.521497	0.561319	-0.827503	0.012660	0.425546	0.301712	0.853159
02921	5.315372	0.044303	8.754126	0.006279	0.000430	0.005152	-0.709793	-0.473485	0.521543	0.561314	-0.827506	0.012665	0.425583	0.301739	0.853131
02922	5.315340	0.044726	8.754143	0.011698	0.000370	0.008532	-0.709727	-0.473540	0.521583	0.561405	-0.827444	0.012686	0.425573	0.301823	0.853107
02923	5.304301	0.013125	8.749163	0.010461	-0.001579	0.000898	-0.709769	-0.473422	0.521632	0.561328	-0.827495	0.012765	0.425605	0.301867	0.853075
02924	5.297826	0.124688	8.762451	0.009269	-0.001670	0.005903	-0.709709	-0.473449	0.521689	0.561390	-0.827453	0.012780	0.425623	0.301941	0.853040
02925	5.272053	0.094760	8.776624	0.004154	-0.002749	0.007903	-0.709580	-0.473560	0.521764	0.561526	-0.827361	0.012731	0.425658	0.302018	0.852995
02926	5.304982	0.102828	8.770203	0.000935	0.003089	0.002255	-0.709560	-0.473571	0.521780	0.561527	-0.827361	0.012693	0.425689	0.302000	0.852986
02927	5.311707	0.080615	8.778221	0.002099	0.002440	0.009409	-0.709524	-0.473566	0.521834	0.561508	-0.827375	0.012622	0.425775	0.301970	0.852954
02928	5.293433	0.070092	8.765542	0.001087	0.002520	0.004945	-0.709487	-0.473598	0.521855	0.561529	-0.827362	0.012572	0.425809	0.301956	0.852941
02929	5.275013	0.059700	8.752948	0.001010	0.005689	0.002738	-0.709588	-0.473451	0.521852	0.561352	-0.827482	0.012564	0.425875	0.301858	0.852944
02930	5.328958	0.090439	8.791527	0.001012	-0.000080	0.004464	-0.709543	-0.473471	0.521895	0.561368	-0.827471	0.012515	0.425928	0.301856	0.852918
02931	5.292729	0.069722	8.765970	0.001087	0.002519	0.004946	-0.709584	-0.473363	0.521936	0.561241	-0.827559	0.012476	0.426027	0.301785	0.852893
02932	5.292439	0.069675	8.766145	0.001645	0.004149	0.001339	-0.709575	-0.473370	0.521943	0.561238	-0.827561	0.012449	0.426047	0.301768	0.852889
02933	5.331906	0.055748	8.767860	0.001011	0.005689	0.002738	-0.709699	-0.473219	0.521912	0.561055	-0.827684	0.012463	0.426080	0.301666	0.852909
02934	5.328271	0.043254	8.736093	-0.000711	0.004709	-0.000809	-0.709704	-0.473209	0.521913	0.561027	-0.827704	0.012427	0.426109	0.301627	0.852908
02935	5.338540	-0.012688	8.720082	0.011018	0.005816	-0.004431	-0.709704	-0.473211	0.521912	0.561068	-0.827675	0.012506	0.426055	0.301703	0.852908
02936	5.333461	-0.018589	8.779436	0.015985	0.001695	-0.007392	-0.709733	-0.473138	0.521938	0.561064	-0.827676	0.012647	0.426012	0.301816	0.852890
02937	5.263732	0.001870	8.816471	0.019157	-0.000237	-0.016107	-0.709672	-0.473176	0.521986	0.561222	-0.827566	0.012834	0.425905	0.302058	0.852858
02938	5.268843	0.011920	8.757097	0.021140	-0.008027	-0.018090	-0.709720	-0.472986	0.522094	0.561164	-0.827601	0.013074	0.425902	0.302260	0.852788
02939	5.246071	-0.044995	8.837877	0.014864	-0.014228	-0.021515	-0.709795	-0.472711	0.522241	0.561018	-0.827697	0.013301	0.425970	0.302427	0.852694
02940	5.303476	-0.016714	8.784094	0.019509	-0.023714	-0.015964	-0.709764	-0.472491	0.522483	0.560969	-0.827727	0.013516	0.426087	0.302690	0.852543
02941	5.297959	-0.034206	8.809795	0.009159	-0.030341	-0.025080	-0.709811	-0.472091	0.522779	0.560722	-0.827891	0.013709	0.426332	0.302865	0.852358
02942	5.327824	0.128955	8.779895	0.008789	-0.031807	-0.030930	-0.709829	-0.471722	0.523088	0.560520	-0.828024	0.013912	0.426567	0.303077	0.852165
02943	5.372458	0.289540	8.730708	0.003570	-0.030452	-0.018982	-0.709875	-0.471291	0.523414	0.560205	-0.828235	0.014014	0.426905	0.303168	0.851963
02944	5.386313	0.364824	8.699324	0.002813	-0.014937	-0.011104	-0.709854	-0.471137	0.523582	0.560119	-0.828293	0.014063	0.427054	0.303250	0.851859
02945	5.352300	0.273374	8.775480	0.000861	0.000492	0.001772	-0.710001	-0.470914	0.523583	0.559874	-0.828458	0.014093	0.427129	0.303147	0.851858
02946	5.351709	0.184174	8.754572	-0.004041	0.007212	0.005207	-0.709983	-0.470962	0.523564	0.559874	-0.828459	0.013998	0.427159	0.303068	0.851872
02947	5.259107	0.048195	8.761123	-0.001531	0.006087	0.010044	-0.709899	-0.471083	0.523568	0.559963	-0.828401	0.013889	0.427181	0.303038	0.851871
02948	5.272136	0.050874	8.833293	0.003290	0.002535	0.004399	-0.709866	-0.471110	0.523589	0.559989	-0.828384	0.013860	0.427203	0.303043	0.851858
02949	5.306712	0.053856	8.735510	0.005737	-0.006959	0.010489	-0.709795	-0.471083	0.523710	0.559988	-0.828386	0.013822	0.427322	0.303081	0.851785
02950	5.306829	0.101083	8.791237	0.006703	-0.008905	0.002320	-0.709725	-0.471058	0.523828	0.560013	-0.828368	0.013833	0.427406	0.303168	0.851712
02951	5.327014	0.195402	8.733689	0.007298	0.000361	0.009613	-0.709729	-0.471010	0.523865	0.559974	-0.828395	0.013834	0.427451	0.303169	0.851689
02952	5.296940	0.110857	8.751125	0.003597	0.001400	0.009778	-0.709660	-0.471078	0.523896	0.560039	-0.828352	0.013779	0.427479	0.303181	0.851671
02953	5.343501	0.074802	8.760656	0.002728	0.006676	0.006274	-0.709598	-0.471157	0.523910	0.560104	-0.828309	0.013713	0.427498	0.303175	0.851663
02954	5.321235	0.098869	8.772262	0.001948	0.003016	0.006713	-0.709553	-0.471205	0.523927	0.560140	-0.828285	0.013661	0.427524	0.303166	0.851653
02955	5.360756	0.084658	8.773930	0.000677	0.006098	0.009505	-0.709519	-0.471265	0.523919	0.560171	-0.828266	0.013589	0.427541	0.303126	0.851659
02956	5.317078	0.085627	8.740824	-0.002694	0.006732	0.002894	-0.709513	-0.471292	0.523904	0.560160	-0.828274	0.013517	0.427566	0.303061	0.851670
02957	5.297934	0.121873	8.784505	-0.000031	0.005039	0.010423	-0.709488	-0.471339	0.523895	0.560174	-0.828266	0.013444	0.427588	0.303011	0.851676
02958	5.326232	0.074971	8.781386	-0.003023	0.007138	0.009671	-0.709445	-0.471423	0.523878	0.560210	-0.828243	0.013334	0.427612	0.302942	0.851689
02959	5.325815	0.074163	8.781646	-0.005527	0.002496	0.006564	-0.709405	-0.471438	0.523919	0.560182	-0.828264	0.013210	0.427715	0.302861	0.851666
02960	5.274672	0.054900	8.775424	-0.003877	0.000878	0.009631	-0.709335	-0.471503	0.523954	0.560214	-0.828244	0.013093	0.427789	0.302814	0.851646
02961	5.260331	0.144958	8.815687	-0.005214	-0.004408	0.013678	-0.709132	-0.471726	0.524029	0.560426	-0.828104	0.012933	0.427849	0.302850	0.851603
02962	5.252596	0.170679	8.898589	-0.006244	-0.010831	0.023106	-0.708937	-0.471868	0.524166	0.560543	-0.828027	0.012725	0.428019	0.302839	0.851521
02963	5.195259	0.130659	8.918536	-0.004734	-0.023419	0.026952	-0.708770	-0.471870	0.524388	0.560549	-0.828026	0.012548	0.428286	0.302839	0.851387
02964	5.116211	0.120353	9.040172	0.005683	-0.044911	0.032583	-0.708376	-0.471987	0.524817	0.560785	-0.827869	0.012392	0.428631	0.303087	0.851125
02965	5.109227	0.092159	9.123388	0.017373	-0.075995	0.049337	-0.707957	-0.471849	0.525504	0.560862	-0.827818	0.012295	0.429221	0.303439	0.850702
02966	4.688990	0.156963	9.677128	0.046774	-0.129379	0.056587	-0.707065	-0.471907	0.526653	0.561443	-0.827423	0.012361	0.429932	0.304426	0.849991
02967	4.622436	0.002204	9.682458	0.059359	-0.260570	0.064810	-0.705543	-0.471662	0.528908	0.562172	-0.826926	0.012493	0.431475	0.306152	0.848587
02968	4.765929	-0.020707	9.572479	0.053577	-0.360389	0.065085	-0.703598	-0.471075	0.532013	0.562843	-0.826469	0.012568	0.433771	0.308283	0.846643
02969	4.647980	-0.070912	9.776847	0.032810	-0.482756	0.064634	-0.701073	-0.470138	0.536160	0.563464	-0.826047	0.012446	0.437042	0.310832	0.844025
02970	4.285956	-0.125359	10.361136	-0.025870	-0.680672	0.072564	-0.697652	-0.468594	0.541943	0.563837	-0.825802	0.011803	0.442006	0.313802	0.840333
02971	4.318238	0.017368	10.422098	-0.092845	-0.946228	0.091257	-0.692924	-0.466277	0.549947	0.563961	-0.825735	0.010475	0.449226	0.317406	0.835134
02972	4.374846	0.225484	10.370027	-0.113653	-1.203663	0.123704	-0.686744	-0.463432	0.560012	0.564277	-0.825538	0.008810	0.458228	0.322052	0.828438
02973	4.472122	0.734268	10.784796	-0.066015	-1.542288	0.206207	-0.678520	-0.459932	0.572777	0.565163	-0.824949	0.007079	0.469256	0.328515	0.819681
02974	5.204443	1.412589	10.641424	-0.058550	-1.836161	0.320210	-0.667952	-0.456447	0.587789	0.567019	-0.823692	0.004712	0.482006	0.336434	0.809001
02975	5.413406	0.731475	9.853538	-0.044516	-2.087373	0.419310	-0.655471	-0.452547	0.604615	0.569296	-0.822130	0.001827	0.496246	0.345403	0.796515
02976	5.992968	1.560547	9.942638	-0.035847	-2.245589	0.534197	-0.641087	-0.449046	0.622387	0.572556	-0.819864	-0.001764	0.511065	0.355220	0.782708
02977	6.815886	2.182932	10.292535	-0.149039	-2.331724	0.675269	-0.624827	-0.446463	0.640517	0.576384	-0.817146	-0.007315	0.526662	0.364614	0.767909
02978	7.054088	2.524831	10.551082	-0.240159	-2.361669	0.803720	-0.607527	-0.444287	0.658422	0.580029	-0.814469	-0.014390	0.542658	0.373161	0.752511
02979	7.242138	2.573404	10.417113	-0.342303	-2.295265	0.944690	-0.589390	-0.443166	0.675443	0.583606	-0.811702	-0.023314	0.558590	0.380452	0.737044
02980	8.112316	0.928856	9.699920	-0.122995	-2.243042	1.017974	-0.570712	-0.442753	0.691562	0.588790	-0.807684	-0.031197	0.572376	0.389380	0.721643
02981	6.891408	1.207197	9.607126	0.227917	-1.991200	1.088257	-0.552692	-0.443563	0.705537	0.596106	-0.802041	-0.037266	0.582399	0.399978	0.707692
02982	5.613142	0.673853	9.161407	0.478928	-1.819891	1.203894	-0.534768	-0.445765	0.717855	0.605432	-0.794761	-0.042503	0.589470	0.411883	0.694894
02983	2.372108	1.120537	9.912911	0.677122	-1.373053	1.283463	-0.518735	-0.450090	0.726865	0.616085	-0.786264	-0.047195	0.592750	0.423329	0.685157
02984	-0.703329	2.028491	11.200436	0.731086	-0.849734	1.226647	-0.506049	-0.456020	0.732093	0.626677	-0.777596	-0.051182	0.592613	0.432885	0.679280
02985	4.082493	1.914974	12.616782	0.631386	-0.243215	0.873856	-0.499347	-0.461291	0.733391	0.634218	-0.771313	-0.053321	0.590271	0.438504	0.677712
02986	0.665499	2.600710	13.588291	0.687467	0.903200	0.396130	-0.502087	-0.468278	0.727065	0.640203	-0.766474	-0.051557	0.581419	0.439583	0.684630
02987	-3.364996	3.030620	12.037423	0.553486	1.614423	0.018596	-0.511544	-0.474988	0.716038	0.642817	-0.764520	-0.047915	0.570184	0.435770	0.696415
02988	-4.842767	2.346252	11.339047	0.353161	1.927925	-0.282775	-0.524212	-0.481140	0.702642	0.643319	-0.764364	-0.043452	0.557981	0.429245	0.710215
02989	-3.829974	1.189598	11.235973	0.240748	2.158471	-0.517098	-0.539570	-0.486173	0.687386	0.641635	-0.766060	-0.038160	0.545131	0.420461	0.725289
02990	-2.252068	0.259262	11.584395	0.211777	2.473603	-0.714963	-0.557425	-0.490935	0.669523	0.638828	-0.768693	-0.031783	0.530261	0.409993	0.742111
02991	-1.188712	-0.154146	11.645751	0.205112	2.812855	-0.837773	-0.578054	-0.495106	0.648633	0.634224	-0.772756	-0.024637	0.513433	0.397137	0.760703
02992	-0.414875	-0.465735	11.442156	0.152026	3.071622	-0.878241	-0.599062	-0.500262	0.625190	0.629797	-0.776553	-0.017902	0.494449	0.383019	0.780267
02993	0.754865	-1.095615	11.198460	0.107517	3.221354	-0.849235	-0.620408	-0.505276	0.599825	0.624558	-0.780889	-0.011810	0.474364	0.367298	0.800044
02994	1.709503	-1.416411	11.046387	0.105915	3.291203	-0.783827	-0.640529	-0.510947	0.573285	0.620084	-0.784509	-0.006386	0.453010	0.351395	0.819331
02995	2.307631	-1.340274	10.665497	0.087134	3.215042	-0.683688	-0.659268	-0.516320	0.546607	0.615646	-0.788021	-0.001820	0.431677	0.335317	0.837387
02996	2.898824	-1.158475	10.275415	0.039252	2.973880	-0.570305	-0.675291	-0.521545	0.521510	0.611985	-0.790868	0.001525	0.411650	0.320186	0.853244
02997	3.604756	-0.802702	10.122964	-0.007016	2.551627	-0.439956	-0.688439	-0.525919	0.499460	0.608750	-0.793353	0.003700	0.394302	0.306593	0.866329
02998	8.415004	-1.651754	11.978535	0.001239	2.105647	-0.313273	-0.698476	-0.529752	0.481138	0.606563	-0.795018	0.005212	0.379753	0.295481	0.876629
02999	16.428848	-2.633811	12.708024	0.309729	2.258274	-0.224766	-0.708369	-0.534415	0.461100	0.605957	-0.795447	0.008984	0.361980	0.285771	0.887303
03000	18.260040	-2.188567	11.787093	0.724844	3.030350	-0.056235	-0.719273	-0.542451	0.434043	0.608067	-0.793731	0.015680	0.336008	0.275206	0.900756
03001	11.799791	8.749741	11.211068	-1.282991	1.432572	0.609926	-0.720484	-0.551007	0.421064	0.608018	-0.793922	0.001450	0.333493	0.257059	0.907030
03002	9.271636	-8.088156	-3.480091	-0.853958	1.295130	0.946483	-0.718990	-0.561729	0.409285	0.611982	-0.790805	-0.010285	0.329442	0.243080	0.912349
03003	19.857669	-10.629788	-5.144733	-0.099657	0.311269	0.552889	-0.716726	-0.566757	0.406313	0.615498	-0.788023	-0.013472	0.327820	0.240429	0.913635
03004	22.634765	-1.976963	-4.402267	0.118959	0.082732	0.301850	-0.715122	-0.569316	0.405562	0.618031	-0.786035	-0.013648	0.326556	0.240890	0.913966
03005	21.460866	-0.986775	-9.077552	-0.430556	-0.355583	0.395990	-0.711548	-0.571522	0.408731	0.619368	-0.784866	-0.019226	0.331788	0.239474	0.912452
03006	14.774370	-4.586303	-10.778791	-0.569970	-1.191628	0.215879	-0.706172	-0.570334	0.419571	0.618955	-0.785018	-0.025344	0.343825	0.241799	0.907368
03007	1.553381	-5.700419	10.467711	0.501756	-1.891283	-0.172981	-0.700638	-0.564244	0.436732	0.619463	-0.784768	-0.020108	0.354079	0.256451	0.899367
03008	8.543518	-0.410338	16.545891	0.288051	-1.610170	-0.238384	-0.696321	-0.558136	0.451245	0.618813	-0.785365	-0.016505	0.363604	0.267743	0.892248
03009	3.248612	-1.027270	8.981604	0.175536	-1.446844	-0.122259	-0.691742	-0.553218	0.464158	0.618586	-0.785585	-0.014429	0.372618	0.277140	0.885635
03010	4.852082	-2.187320	7.833953	0.957950	-1.793442	-0.453293	-0.687790	-0.544513	0.480052	0.619040	-0.785349	-0.003881	0.379122	0.294503	0.877231
03011	11.762275	0.403025	11.683990	1.052497	-1.723759	-0.538137	-0.684529	-0.535045	0.495123	0.619343	-0.785081	0.007885	0.384493	0.312048	0.868787
03012	9.741125	1.899325	10.800650	0.554305	-1.208680	-0.226222	-0.681238	-0.529414	0.505605	0.619923	-0.784542	0.013781	0.389372	0.322824	0.862655
03013	5.124112	2.729491	8.217698	0.265635	-1.137629	-0.090663	-0.677316	-0.524970	0.515411	0.620331	-0.784167	0.016485	0.395515	0.330891	0.856784
03014	10.350933	1.594353	11.177025	0.055211	-1.201957	-0.041775	-0.672758	-0.520605	0.525707	0.620250	-0.784217	0.017139	0.403346	0.337600	0.850493
03015	8.735230	-2.715467	8.592107	-0.103928	0.068751	-0.044738	-0.673293	-0.520468	0.525157	0.619511	-0.784816	0.016453	0.403588	0.336418	0.850846
03016	6.770909	1.148731	11.112284	0.100659	-0.288708	-0.066857	-0.672523	-0.518949	0.527642	0.619447	-0.784840	0.017627	0.404967	0.338700	0.849284
03017	5.949759	-0.123476	8.540656	-0.063472	-0.136415	-0.012514	-0.672022	-0.518374	0.528843	0.619091	-0.785132	0.017115	0.406340	0.338903	0.848547
03018	5.904556	-0.602861	8.655966	0.002625	-0.087762	-0.041773	-0.671906	-0.517728	0.529622	0.618801	-0.785357	0.017324	0.406973	0.339371	0.848057
03019	5.582652	0.012773	8.767398	-0.005919	-0.091619	-0.051252	-0.671823	-0.517002	0.530436	0.618420	-0.785653	0.017505	0.407689	0.339793	0.847544
03020	5.511098	-0.038076	8.682194	-0.017457	-0.083890	-0.049190	-0.671768	-0.516310	0.531180	0.617998	-0.785983	0.017584	0.408420	0.340081	0.847076
03021	5.432341	0.099448	8.800053	-0.007224	-0.103080	-0.051903	-0.671639	-0.515539	0.532091	0.617608	-0.786286	0.017758	0.409220	0.340550	0.846501
03022	5.390313	0.299536	8.714572	-0.016180	-0.096494	-0.054509	-0.671563	-0.514761	0.532939	0.617155	-0.786639	0.017878	0.410028	0.340912	0.845965
03023	5.473705	0.329742	8.667529	-0.031241	-0.088125	-0.049574	-0.671480	-0.514058	0.533722	0.616681	-0.787011	0.017837	0.410876	0.341114	0.845472
03024	5.500452	0.192138	8.644773	-0.026082	-0.074751	-0.041483	-0.671411	-0.513456	0.534388	0.616275	-0.787330	0.017805	0.411598	0.341284	0.845052
03025	5.431433	0.274564	8.691199	-0.016452	-0.067797	-0.039459	-0.671347	-0.512901	0.535000	0.615930	-0.787599	0.017836	0.412218	0.341497	0.844664
03026	5.557096	0.368305	8.573584	-0.021007	-0.051977	-0.030734	-0.671305	-0.512461	0.535476	0.615616	-0.787846	0.017790	0.412756	0.341589	0.844363
03027	5.515022	0.191897	8.635490	-0.034221	-0.027486	-0.021466	-0.671296	-0.512185	0.535750	0.615318	-0.788083	0.017576	0.413214	0.341455	0.844194
03028	5.453076	0.116111	8.694272	-0.044012	-0.018776	-0.025503	-0.671358	-0.511899	0.535946	0.614944	-0.788381	0.017307	0.413670	0.341196	0.844075
03029	5.463249	0.131466	8.665338	-0.048861	-0.014432	-0.022644	-0.671410	-0.511658	0.536110	0.614576	-0.788675	0.016976	0.414130	0.340879	0.843977
03030	5.471489	0.070047	8.650936	-0.062045	-0.011364	-0.019082	-0.671463	-0.511449	0.536244	0.614170	-0.789000	0.016521	0.414647	0.340439	0.843901
03031	5.410096	0.067700	8.696063	-0.065249	-0.008637	-0.022722	-0.671539	-0.511227	0.536360	0.613734	-0.789350	0.016052	0.415169	0.339962	0.843837
03032	5.379240	0.133623	8.688461	-0.058714	-0.011479	-0.024689	-0.671625	-0.510973	0.536494	0.613304	-0.789692	0.015656	0.415666	0.339549	0.843759
03033	5.459919	0.173160	8.677014	-0.059926	-0.014065	-0.019968	-0.671662	-0.510754	0.536656	0.612907	-0.790009	0.015217	0.416191	0.339141	0.843664
03034	5.421867	0.185596	8.674823	-0.049557	-0.009213	-0.016591	-0.671708	-0.510572	0.536773	0.612568	-0.790278	0.014854	0.416616	0.338788	0.843596
03035	5.412406	0.199381	8.725181	-0.054558	-0.007484	-0.014143	-0.671737	-0.510422	0.536880	0.612232	-0.790546	0.014430	0.417063	0.338388	0.843536
03036	5.363668	0.339682	8.782827	-0.068644	-0.001809	-0.005000	-0.671742	-0.510356	0.536936	0.611891	-0.790821	0.013844	0.417555	0.337846	0.843510
03037	5.477669	0.115212	8.634192	-0.074031	0.007211	0.006649	-0.671705	-0.510419	0.536921	0.611613	-0.791048	0.013144	0.418021	0.337217	0.843530
03038	5.502912	0.172450	8.641760	-0.064817	0.012119	0.005425	-0.671705	-0.510483	0.536861	0.611357	-0.791256	0.012535	0.418396	0.336634	0.843577
03039	5.540754	0.038830	8.635282	-0.057691	0.013913	0.016802	-0.671634	-0.510649	0.536791	0.611214	-0.791375	0.011918	0.418718	0.336099	0.843631
03040	5.559570	0.119083	8.634637	-0.046112	0.021356	0.015472	-0.671611	-0.510823	0.536655	0.611104	-0.791468	0.011412	0.418915	0.335616	0.843725
03041	5.476466	-0.005276	8.660362	-0.049315	0.024092	0.011843	-0.671614	-0.510984	0.536498	0.610963	-0.791584	0.010893	0.419117	0.335096	0.843831
03042	5.448528	-0.073133	8.654412	-0.035149	0.018378	0.012427	-0.671597	-0.511124	0.536386	0.610878	-0.791655	0.010496	0.419268	0.334715	0.843907
03043	5.400967	0.006802	8.758663	-0.010982	0.009214	0.008108	-0.671560	-0.511206	0.536355	0.610872	-0.791662	0.010320	0.419336	0.334574	0.843930
03044	5.419408	0.006417	8.680265	-0.012947	0.002499	0.006380	-0.671513	-0.511245	0.536376	0.610840	-0.791689	0.010142	0.419458	0.334451	0.843918
03045	5.393780	0.053747	8.682020	0.007046	-0.010212	0.008238	-0.671394	-0.511263	0.536508	0.610911	-0.791635	0.010117	0.419546	0.334551	0.843835
03046	5.482985	0.013289	8.724677	0.015613	-0.015714	0.005262	-0.671278	-0.511232	0.536683	0.610990	-0.791572	0.010187	0.419615	0.334747	0.843723
03047	5.394944	0.091466	8.703234	0.029576	-0.017789	0.010438	-0.671113	-0.511242	0.536879	0.611170	-0.791432	0.010340	0.419617	0.335064	0.843596
03048	5.405338	0.111832	8.674241	0.029210	-0.019852	0.007232	-0.670968	-0.511212	0.537089	0.611320	-0.791313	0.010514	0.419631	0.335388	0.843460
03049	5.474842	0.089388	8.636291	0.015486	-0.015224	0.012225	-0.670803	-0.511245	0.537263	0.611453	-0.791211	0.010539	0.419701	0.335580	0.843349
03050	5.398098	0.131315	8.723175	0.021295	-0.015980	0.018557	-0.670605	-0.511318	0.537442	0.611646	-0.791061	0.010585	0.419737	0.335822	0.843234
03051	5.395005	0.118941	8.690904	0.027552	-0.012020	0.018799	-0.670414	-0.511413	0.537589	0.611872	-0.790884	0.010676	0.419711	0.336093	0.843139
03052	5.468357	-0.001562	8.675626	0.029681	-0.017850	0.020200	-0.670197	-0.511492	0.537784	0.612111	-0.790698	0.010784	0.419709	0.336411	0.843014
03053	5.474237	0.115852	8.624308	0.026869	-0.009948	0.027155	-0.669964	-0.511660	0.537915	0.612391	-0.790481	0.010824	0.419673	0.336666	0.842930
03054	5.486631	0.072498	8.641079	0.028592	-0.011592	0.030379	-0.669711	-0.511841	0.538058	0.612694	-0.790246	0.010868	0.419635	0.336943	0.842838
03055	5.498759	0.131658	8.576175	0.023946	0.004250	0.029407	-0.669523	-0.512074	0.538069	0.612976	-0.790027	0.010871	0.419522	0.337102	0.842831
03056	5.431687	0.129231	8.681621	0.023764	0.007892	0.034015	-0.669330	-0.512349	0.538048	0.613282	-0.789789	0.010855	0.419383	0.337241	0.842844
03057	5.503101	0.118942	8.676647	0.027465	0.012962	0.038962	-0.669120	-0.512687	0.537987	0.613643	-0.789509	0.010836	0.419190	0.337383	0.842883
03058	5.351645	0.059692	8.761550	0.028155	0.005083	0.042298	-0.668864	-0.513018	0.537991	0.614023	-0.789214	0.010812	0.419043	0.337571	0.842882
03059	5.399333	0.052741	8.644304	0.029783	-0.002316	0.047462	-0.668538	-0.513371	0.538059	0.614450	-0.788882	0.010768	0.418937	0.337809	0.842838
03060	5.414693	0.058298	8.715354	0.041100	-0.018405	0.046894	-0.668154	-0.513658	0.538261	0.614914	-0.788519	0.010828	0.418867	0.338219	0.842709
03061	5.393852	0.156718	8.770181	0.043397	-0.021637	0.048749	-0.667739	-0.513956	0.538492	0.615406	-0.788135	0.010891	0.418807	0.338664	0.842560
03062	5.282195	0.144335	8.809214	0.037164	-0.037635	0.055196	-0.667224	-0.514243	0.538857	0.615909	-0.787742	0.010873	0.418889	0.339142	0.842327
03063	5.312603	0.207057	8.813628	0.017544	-0.050000	0.062448	-0.666606	-0.514551	0.539328	0.616383	-0.787375	0.010644	0.419176	0.339528	0.842029
03064	5.411326	0.131581	8.771690	-0.003671	-0.067009	0.071221	-0.665868	-0.514863	0.539941	0.616821	-0.787037	0.010195	0.419705	0.339835	0.841641
03065	5.452009	0.097120	8.738015	-0.006676	-0.073714	0.074706	-0.665074	-0.515186	0.540611	0.617273	-0.786689	0.009695	0.420298	0.340153	0.841217
03066	5.498614	0.031663	8.621685	0.004435	-0.083047	0.076434	-0.664234	-0.515484	0.541358	0.617779	-0.786297	0.009285	0.420882	0.340607	0.840741
03067	5.314581	0.160045	8.663938	0.015260	-0.076188	0.083056	-0.663377	-0.515863	0.542049	0.618378	-0.785831	0.008924	0.421355	0.341110	0.840300
03068	5.444081	-0.008033	8.845729	0.017885	-0.095641	0.080084	-0.662460	-0.516145	0.542901	0.618963	-0.785373	0.008606	0.421938	0.341736	0.839753
03069	5.398829	-0.102782	8.849455	-0.002951	-0.113678	0.084810	-0.661432	-0.516407	0.543904	0.619494	-0.784960	0.008080	0.422770	0.342290	0.839109
03070	5.360281	-0.045511	8.823589	0.022259	-0.147120	0.079103	-0.660301	-0.516503	0.545185	0.620090	-0.784492	0.007803	0.423663	0.343216	0.838279
03071	5.334761	-0.143590	8.804750	0.003972	-0.190373	0.082922	-0.658957	-0.516484	0.546828	0.620636	-0.784065	0.007343	0.424956	0.344219	0.837213
03072	5.264717	0.055976	9.023135	0.019918	-0.240270	0.082634	-0.657402	-0.516282	0.548885	0.621243	-0.783586	0.007023	0.426473	0.345608	0.835868
03073	5.298335	0.000020	8.935765	0.021330	-0.285964	0.085711	-0.655626	-0.515948	0.551319	0.621878	-0.783086	0.006689	0.428278	0.347239	0.834268
03074	5.227536	-0.054924	8.919283	0.009459	-0.349466	0.084248	-0.653583	-0.515370	0.554278	0.622449	-0.782635	0.006269	0.430566	0.349107	0.832308
03075	5.269059	-0.035175	9.021207	0.022496	-0.423538	0.084348	-0.651207	-0.514531	0.557842	0.623076	-0.782139	0.005947	0.433250	0.351450	0.829926
03076	5.084874	0.091753	9.265328	0.046655	-0.496672	0.093320	-0.648447	-0.513487	0.562003	0.623864	-0.781512	0.005778	0.436245	0.354360	0.827115
03077	4.802841	0.144550	9.596034	0.009082	-0.626010	0.090204	-0.645121	-0.511946	0.567212	0.624465	-0.781035	0.005303	0.440298	0.357625	0.823555
03078	4.619609	0.308276	9.954794	-0.016437	-0.794037	0.100422	-0.640958	-0.509854	0.573779	0.625016	-0.780599	0.004562	0.445565	0.361545	0.818998
03079	4.668076	0.169373	9.881951	-0.053859	-1.014678	0.118173	-0.635648	-0.507065	0.582097	0.625502	-0.780215	0.003400	0.452437	0.366264	0.813112
03080	4.772804	-0.040865	10.012953	-0.024530	-1.271323	0.125745	-0.629036	-0.503328	0.592431	0.626163	-0.779688	0.002431	0.460688	0.372487	0.805618
03081	4.744427	-0.303882	10.094368	0.033826	-1.578146	0.119616	-0.620928	-0.498298	0.605101	0.627037	-0.778987	0.001946	0.470396	0.380629	0.796146
03082	4.740034	-0.031477	10.512804	0.060187	-1.909971	0.115551	-0.611088	-0.491810	0.620237	0.628012	-0.778201	0.001683	0.481842	0.390545	0.784413
03083	4.865909	0.364768	10.764476	-0.008697	-2.256192	0.143293	-0.599153	-0.483969	0.637800	0.628801	-0.777566	0.000675	0.495606	0.401453	0.770201
03084	4.439789	0.342939	10.943777	-0.109117	-2.623864	0.196687	-0.584676	-0.474786	0.657824	0.629391	-0.777087	-0.001461	0.511880	0.413175	0.753170
03085	3.782910	0.616139	11.703179	-0.128475	-3.129117	0.254128	-0.566761	-0.463594	0.681075	0.630139	-0.776471	-0.004153	0.530760	0.426818	0.732202
03086	3.474071	0.916126	12.375534	-0.151757	-3.713449	0.321329	-0.544597	-0.449918	0.707805	0.631077	-0.775684	-0.007504	0.552409	0.442593	0.706368
03087	5.765673	1.791855	12.839301	-0.227916	-4.298259	0.480959	-0.517301	-0.434226	0.737460	0.632286	-0.774633	-0.012589	0.576727	0.459773	0.675273
03088	6.415455	1.925765	12.525401	-0.549626	-4.808924	0.694945	-0.484475	-0.417078	0.768980	0.632494	-0.774268	-0.021461	0.604348	0.475977	0.638913
03089	9.307460	2.493384	13.167075	-0.818128	-5.197548	0.911617	-0.446556	-0.398984	0.800874	0.631599	-0.774562	-0.033705	0.633775	0.490780	0.597883
03090	11.581498	2.377787	13.824206	-1.167038	-5.345273	1.103110	-0.404881	-0.380955	0.831231	0.628692	-0.776080	-0.049452	0.663941	0.502566	0.553724
03091	14.495758	0.140774	13.241670	-1.302203	-5.249903	1.083182	-0.362528	-0.362718	0.858492	0.623930	-0.778727	-0.065541	0.692304	0.511878	0.508621
03092	14.238537	-0.869605	12.106420	-1.164637	-5.007319	0.882102	-0.321729	-0.343720	0.882240	0.618709	-0.781648	-0.078903	0.716721	0.520465	0.464142
03093	11.703705	-1.122465	11.189554	-0.881108	-4.721470	0.695134	-0.283180	-0.324360	0.902552	0.614313	-0.784025	-0.089020	0.736497	0.529241	0.421279
03094	8.330486	0.217464	10.298972	-0.709334	-4.514856	0.602463	-0.245829	-0.304967	0.920089	0.610591	-0.785938	-0.097365	0.752826	0.537863	0.379416
03095	5.494274	1.418789	9.328752	-0.766838	-4.385665	0.625145	-0.208742	-0.286140	0.935174	0.606075	-0.788323	-0.105924	0.767528	0.544675	0.337979
03096	2.089464	2.344292	8.766401	-1.072883	-4.244610	0.758976	-0.171239	-0.268915	0.947820	0.599169	-0.792103	-0.116485	0.782096	0.547957	0.296764
03097	-4.358482	2.391220	7.134662	-1.374845	-4.318841	0.859210	-0.132109	-0.252076	0.958647	0.589493	-0.797493	-0.128464	0.796898	0.548144	0.253953
03098	17.992854	-0.235400	9.825103	-1.062421	-3.434952	0.419009	-0.102066	-0.236569	0.966239	0.581426	-0.802318	-0.135018	0.807172	0.548016	0.219437
03099	10.731658	1.125287	12.377901	-0.850649	-0.638489	0.002842	-0.096976	-0.233127	0.967599	0.574400	-0.807050	-0.136877	0.812810	0.542515	0.212172
03100	2.532949	2.201538	11.967221	-0.831905	0.928984	-0.289921	-0.106162	-0.235748	0.965998	0.567292	-0.812230	-0.135877	0.816645	0.533578	0.219966
03101	-2.781579	2.207710	10.031257	-0.977056	1.339957	-0.434302	-0.119705	-0.239302	0.963538	0.558638	-0.818534	-0.133887	0.820728	0.522242	0.231666
03102	-2.626078	1.458854	8.726323	-1.056347	1.413811	-0.505180	-0.134098	-0.242419	0.960859	0.549269	-0.825227	-0.131543	0.824816	0.510131	0.243815
03103	-0.895045	0.827809	9.132458	-1.017958	1.647036	-0.533655	-0.150772	-0.246319	0.957390	0.539907	-0.831785	-0.128977	0.828111	0.497455	0.258399
03104	0.158922	0.773850	9.649258	-0.934347	2.015587	-0.559452	-0.170440	-0.251518	0.952727	0.531225	-0.837788	-0.126140	0.829910	0.484613	0.276406
03105	0.441699	0.930567	9.838806	-0.863519	2.399284	-0.559503	-0.193485	-0.258300	0.946491	0.522827	-0.843473	-0.123309	0.830190	0.470992	0.298246
03106	0.756356	0.840070	9.879755	-0.762609	2.746568	-0.541328	-0.219037	-0.266443	0.938632	0.515348	-0.848455	-0.120585	0.828516	0.457310	0.323154
03107	1.167049	0.834864	9.919009	-0.643924	3.063918	-0.491533	-0.247089	-0.276071	0.928833	0.508643	-0.852829	-0.118171	0.824760	0.443246	0.351147
03108	1.772977	0.719112	9.901645	-0.499950	3.357606	-0.448493	-0.276911	-0.286866	0.917076	0.503323	-0.856294	-0.115874	0.818527	0.429498	0.381504
03109	2.249262	0.562058	9.883426	-0.322581	3.631959	-0.410065	-0.308768	-0.298697	0.903018	0.499238	-0.859008	-0.113435	0.809583	0.415796	0.414355
03110	2.805300	0.485991	9.729495	-0.117448	3.872258	-0.385228	-0.341772	-0.311214	0.886757	0.497004	-0.860683	-0.110509	0.797608	0.402953	0.448832
03111	3.650204	0.497820	9.800898	0.097523	4.072998	-0.386985	-0.376133	-0.324016	0.868066	0.496108	-0.861683	-0.106670	0.782560	0.390532	0.484854
03112	4.862743	0.404728	10.129657	0.315808	4.264413	-0.400066	-0.411071	-0.336958	0.847042	0.496940	-0.861809	-0.101667	0.764246	0.379137	0.521712
03113	6.685589	0.208175	10.758775	0.512332	4.496106	-0.414345	-0.447284	-0.350125	0.823012	0.498729	-0.861487	-0.095448	0.742433	0.367768	0.559947
