// General information: 
//  MT Manager version: 2022.2.0 
//  XDA version: 2022.2.0 build 7381 rev 124627 built on 2023-07-19
// Device information: 
//  DeviceId: 00B4CAF0
//  ProductCode: MTW2-3A7G6
//  Firmware Version: 4.6.0
//  Hardware Version: 2.0.0
// Device settings: 
//  Filter Profile: human(46.1)
//  Option Flags: Orientation Smoother Disabled, Position/Velocity Smoother Disabled, Continuous Zero Rotation Update Disabled, AHS Disabled, ICC Disabled
// Coordinate system: ENU
PacketCounter	Acc_X	Acc_Y	Acc_Z	Gyr_X	Gyr_Y	Gyr_Z	Mat[1][1]	Mat[2][1]	Mat[3][1]	Mat[1][2]	Mat[2][2]	Mat[3][2]	Mat[1][3]	Mat[2][3]	Mat[3][3]
18454	4.418796	0.171198	9.282771	0.002758	0.005972	0.004437	0.847349	0.313476	0.428640	-0.353799	0.935194	0.015467	-0.396013	-0.164759	0.903343
18455	4.428983	0.175715	9.277121	0.001517	0.005206	0.003938	0.847358	0.313528	0.428584	-0.353850	0.935174	0.015481	-0.395947	-0.164773	0.903369
18456	4.422580	0.178090	9.269832	0.001308	0.004830	0.004390	0.847288	0.313719	0.428584	-0.354051	0.935098	0.015459	-0.395918	-0.164839	0.903370
18457	4.433767	0.160394	9.280782	0.002616	0.006706	0.005748	0.847249	0.313833	0.428576	-0.354161	0.935057	0.015424	-0.395903	-0.164853	0.903374
18458	4.416404	0.191884	9.290134	0.000345	0.005552	0.004300	0.847250	0.313816	0.428586	-0.354113	0.935076	0.015354	-0.395943	-0.164777	0.903370
18459	4.423770	0.174779	9.279626	0.000204	0.006286	0.005611	0.847271	0.313829	0.428536	-0.354092	0.935085	0.015297	-0.395917	-0.164702	0.903395
18460	4.439330	0.176325	9.281780	0.001550	0.003967	0.005639	0.847345	0.313628	0.428536	-0.353855	0.935176	0.015262	-0.395970	-0.164572	0.903396
18461	4.422855	0.172131	9.267144	-0.002296	0.006854	0.005278	0.847465	0.313415	0.428457	-0.353556	0.935291	0.015153	-0.395982	-0.164325	0.903435
18462	4.414734	0.175542	9.273620	0.001671	0.005332	0.004993	0.847488	0.313389	0.428428	-0.353514	0.935307	0.015134	-0.395969	-0.164281	0.903449
18463	4.418886	0.172643	9.281993	-0.000443	0.004301	0.004599	0.847370	0.313666	0.428460	-0.353794	0.935202	0.015060	-0.395973	-0.164348	0.903435
18464	4.424639	0.167979	9.276670	-0.000443	0.004301	0.004599	0.847342	0.313692	0.428497	-0.353791	0.935205	0.014972	-0.396035	-0.164285	0.903419
18465	4.436123	0.150194	9.287480	0.003139	0.004376	0.004375	0.847425	0.313450	0.428509	-0.353526	0.935305	0.014972	-0.396093	-0.164177	0.903414
18466	4.432651	0.173825	9.285018	0.000937	0.004333	0.003786	0.847369	0.313544	0.428550	-0.353617	0.935271	0.014923	-0.396132	-0.164188	0.903395
18467	4.437619	0.159810	9.301530	-0.000933	0.002437	0.004641	0.847380	0.313429	0.428613	-0.353462	0.935332	0.014829	-0.396247	-0.164064	0.903367
18468	4.422588	0.164557	9.264748	-0.005199	0.004574	0.005182	0.847259	0.313757	0.428612	-0.353749	0.935226	0.014660	-0.396250	-0.164042	0.903369
18469	4.409794	0.158834	9.271634	-0.001737	0.006878	0.003062	0.847220	0.313865	0.428610	-0.353819	0.935201	0.014550	-0.396270	-0.163978	0.903372
18470	4.433543	0.167335	9.295014	-0.002877	0.005983	0.005124	0.847171	0.314051	0.428572	-0.353966	0.935147	0.014432	-0.396245	-0.163926	0.903393
18471	4.408830	0.168193	9.299816	-0.003609	0.004983	0.003917	0.847125	0.314162	0.428581	-0.354028	0.935125	0.014292	-0.396287	-0.163837	0.903390
18472	4.418003	0.149198	9.275527	0.000880	0.004080	0.005292	0.846949	0.314513	0.428672	-0.354396	0.934987	0.014207	-0.396334	-0.163952	0.903349
18473	4.422250	0.146512	9.283850	0.002628	0.004612	0.005084	0.846905	0.314598	0.428696	-0.354487	0.934953	0.014188	-0.396347	-0.163984	0.903337
18474	4.426978	0.153705	9.270495	0.003815	0.008719	0.004546	0.846864	0.314899	0.428555	-0.354822	0.934825	0.014259	-0.396134	-0.164136	0.903403
18475	4.436859	0.158941	9.265023	0.006475	0.005316	0.002905	0.846845	0.314987	0.428530	-0.354965	0.934769	0.014374	-0.396049	-0.164285	0.903413
18476	4.434386	0.150218	9.287631	0.003535	0.007232	0.004137	0.846894	0.314869	0.428518	-0.354828	0.934821	0.014363	-0.396066	-0.164214	0.903419
18477	4.431293	0.162572	9.293519	-0.000783	0.002565	0.005694	0.846916	0.314744	0.428567	-0.354657	0.934888	0.014267	-0.396172	-0.164077	0.903397
18478	4.409932	0.160584	9.270849	-0.003246	0.005488	0.004517	0.846923	0.314780	0.428527	-0.354637	0.934897	0.014149	-0.396175	-0.163954	0.903418
18479	4.410142	0.157840	9.257846	-0.003036	0.005865	0.004066	0.846869	0.314909	0.428539	-0.354718	0.934868	0.014006	-0.396217	-0.163871	0.903415
18480	4.422686	0.137795	9.255241	-0.000625	0.006284	0.004206	0.847031	0.314592	0.428450	-0.354330	0.935016	0.013955	-0.396218	-0.163633	0.903458
18481	4.424707	0.147627	9.269039	0.003286	0.004503	0.005431	0.847044	0.314578	0.428436	-0.354318	0.935021	0.013970	-0.396202	-0.163636	0.903464
18482	4.420802	0.150750	9.296739	0.001682	0.003237	0.004328	0.847031	0.314559	0.428476	-0.354293	0.935031	0.013945	-0.396251	-0.163618	0.903446
18483	4.430828	0.166170	9.282716	0.002689	0.005727	0.005943	0.847093	0.314450	0.428433	-0.354161	0.935081	0.013937	-0.396237	-0.163540	0.903466
18484	4.432174	0.142519	9.286175	0.002863	0.003751	0.006334	0.847088	0.314421	0.428464	-0.354124	0.935095	0.013913	-0.396280	-0.163515	0.903452
18485	4.411825	0.163435	9.282174	-0.003691	0.006840	0.006081	0.847068	0.314522	0.428430	-0.354155	0.935086	0.013745	-0.396296	-0.163374	0.903470
18486	4.427730	0.153038	9.292737	-0.001836	0.004281	0.005406	0.847020	0.314625	0.428448	-0.354223	0.935062	0.013632	-0.396336	-0.163312	0.903464
18487	4.423483	0.142347	9.280014	0.001900	0.004475	0.006242	0.847013	0.314559	0.428511	-0.354129	0.935098	0.013554	-0.396436	-0.163229	0.903435
18488	4.437202	0.156472	9.287513	0.000574	0.004699	0.005546	0.847051	0.314407	0.428547	-0.353929	0.935175	0.013465	-0.396534	-0.163080	0.903419
18489	4.446098	0.160958	9.295490	-0.007765	0.004908	0.006341	0.847101	0.314256	0.428559	-0.353645	0.935287	0.013191	-0.396680	-0.162732	0.903418
18490	4.441401	0.157536	9.274548	-0.024820	0.003969	0.004960	0.846911	0.314668	0.428632	-0.353830	0.935226	0.012544	-0.396921	-0.162287	0.903392
18491	4.397543	0.130833	9.272583	-0.021606	0.003542	0.004137	0.846967	0.314517	0.428633	-0.353429	0.935384	0.012010	-0.397160	-0.161664	0.903399
18492	4.416834	0.114565	9.255730	-0.009615	0.004512	0.003987	0.846863	0.314750	0.428667	-0.353568	0.935335	0.011729	-0.397256	-0.161496	0.903386
18493	4.433841	0.136029	9.276506	-0.012538	0.004333	0.004551	0.846806	0.314870	0.428690	-0.353553	0.935345	0.011379	-0.397391	-0.161201	0.903380
18494	4.444713	0.125914	9.279146	-0.012686	0.005070	0.005861	0.846885	0.314673	0.428680	-0.353170	0.935494	0.011010	-0.397563	-0.160721	0.903389
18495	4.426135	0.131348	9.269945	-0.013218	0.007410	0.007233	0.846893	0.314694	0.428649	-0.353007	0.935561	0.010600	-0.397692	-0.160293	0.903409
18496	4.459338	0.141951	9.301173	-0.019388	0.009771	0.009281	0.847003	0.314584	0.428512	-0.352619	0.935713	0.010056	-0.397801	-0.159619	0.903480
18497	4.444460	0.141888	9.300605	-0.028170	0.015804	0.011462	0.847145	0.314591	0.428226	-0.352238	0.935864	0.009301	-0.397835	-0.158717	0.903624
18498	4.442349	0.075615	9.294897	-0.038438	0.015390	0.011392	0.847120	0.314941	0.428018	-0.352137	0.935912	0.008283	-0.397978	-0.157738	0.903732
18499	4.417895	0.065053	9.273724	-0.036478	0.019910	0.008199	0.847232	0.315063	0.427708	-0.351795	0.936048	0.007337	-0.398044	-0.156681	0.903887
18500	4.396384	0.089875	9.298145	-0.029419	0.015717	0.005380	0.847342	0.315101	0.427461	-0.351466	0.936177	0.006599	-0.398100	-0.155830	0.904010
18501	4.413972	0.059301	9.290511	-0.028483	0.010538	0.005635	0.847321	0.315330	0.427333	-0.351381	0.936214	0.005887	-0.398219	-0.155145	0.904075
18502	4.390436	0.074812	9.301088	-0.033097	0.014566	0.004722	0.847390	0.315376	0.427162	-0.351027	0.936352	0.005042	-0.398384	-0.154218	0.904161
18503	4.393878	0.085122	9.280151	-0.029935	0.007315	0.004901	0.847455	0.315291	0.427097	-0.350593	0.936518	0.004301	-0.398628	-0.153382	0.904196
18504	4.384472	0.072127	9.259509	-0.014527	0.001363	0.004512	0.847434	0.315276	0.427149	-0.350422	0.936584	0.003926	-0.398823	-0.153010	0.904173
18505	4.422416	0.092439	9.303461	-0.021144	0.002130	0.005084	0.847348	0.315404	0.427225	-0.350334	0.936619	0.003374	-0.399083	-0.152531	0.904139
18506	4.357338	0.044362	9.258892	-0.010785	0.001541	0.005358	0.847247	0.315576	0.427300	-0.350402	0.936594	0.003065	-0.399239	-0.152323	0.904105
18507	4.376019	0.043019	9.246799	0.000008	-0.004859	0.004222	0.847134	0.315533	0.427554	-0.350365	0.936609	0.002983	-0.399510	-0.152327	0.903985
18508	4.363196	0.030064	9.238679	0.015209	-0.012054	0.001913	0.846951	0.315488	0.427951	-0.350523	0.936549	0.003285	-0.399761	-0.152788	0.903796
18509	4.394234	0.053690	9.273602	0.024275	-0.010902	-0.001712	0.846872	0.315258	0.428277	-0.350581	0.936525	0.003854	-0.399877	-0.153409	0.903639
18510	4.408413	0.075458	9.257792	0.028809	-0.015176	0.000696	0.846793	0.314877	0.428713	-0.350521	0.936544	0.004484	-0.400097	-0.154070	0.903430
18511	4.364917	0.043554	9.261697	0.043213	-0.019143	-0.001491	0.846553	0.314804	0.429239	-0.350979	0.936367	0.005477	-0.400201	-0.155290	0.903174
18512	4.427872	0.089217	9.269000	0.046483	-0.025013	-0.001958	0.846284	0.314605	0.429915	-0.351357	0.936219	0.006533	-0.400440	-0.156582	0.902846
18513	4.386804	0.070821	9.250501	0.057248	-0.020353	-0.002771	0.846145	0.314184	0.430496	-0.351577	0.936126	0.007825	-0.400540	-0.157974	0.902558
18514	4.428635	0.077359	9.232335	0.085868	-0.022183	-0.003664	0.845942	0.313937	0.431076	-0.352295	0.935838	0.009807	-0.400338	-0.160162	0.902262
18515	4.525947	0.127539	9.299631	0.087552	-0.020732	-0.001525	0.845770	0.313612	0.431648	-0.352926	0.935577	0.011782	-0.400145	-0.162304	0.901965
18516	4.528502	0.146531	9.298107	0.077814	-0.001185	0.005582	0.845833	0.313333	0.431728	-0.353389	0.935379	0.013486	-0.399604	-0.163975	0.901903
18517	4.497161	0.178390	9.299801	0.055713	0.007968	0.012598	0.845832	0.313410	0.431675	-0.353946	0.935152	0.014577	-0.399113	-0.165119	0.901912
18518	4.516430	0.287361	9.306047	0.039591	0.021796	0.020854	0.845843	0.313832	0.431345	-0.354621	0.934886	0.015200	-0.398488	-0.165820	0.902059
18519	4.452982	0.247020	9.307761	0.032043	0.030712	0.024174	0.845941	0.314318	0.430800	-0.355235	0.934647	0.015624	-0.397734	-0.166252	0.902312
18520	4.368510	0.252197	9.314431	0.024583	0.005569	0.017418	0.845897	0.314477	0.430769	-0.355562	0.934516	0.015984	-0.397534	-0.166686	0.902321
18521	4.455050	0.296703	9.318940	0.023956	-0.007292	0.026629	0.845759	0.314521	0.431009	-0.355770	0.934432	0.016235	-0.397643	-0.167071	0.902201
18522	4.453341	0.264670	9.272991	0.028047	-0.003089	0.037504	0.845307	0.315461	0.431208	-0.356946	0.933980	0.016453	-0.397550	-0.167826	0.902102
18523	4.482856	0.195818	9.291407	0.032264	-0.002241	0.039987	0.844864	0.316367	0.431413	-0.358108	0.933531	0.016720	-0.397447	-0.168619	0.902000
18524	4.429381	0.112817	9.226402	0.033419	0.010910	0.036475	0.844598	0.317278	0.431264	-0.359245	0.933087	0.017089	-0.396985	-0.169363	0.902064
18525	4.324760	-0.052167	9.193518	0.017442	-0.006887	0.021837	0.844354	0.317523	0.431561	-0.359632	0.932935	0.017213	-0.397153	-0.169737	0.901919
18526	4.415321	0.015795	9.228076	0.020057	-0.030281	0.010923	0.843996	0.317406	0.432347	-0.359808	0.932862	0.017534	-0.397755	-0.170360	0.901537
18527	4.480108	0.180905	9.274087	0.020023	-0.029920	0.006855	0.843556	0.317547	0.433101	-0.360295	0.932666	0.017925	-0.398247	-0.171165	0.901167
18528	4.544582	0.262699	9.281930	0.005119	-0.017814	0.005939	0.843435	0.317161	0.433619	-0.359984	0.932786	0.017943	-0.398783	-0.171230	0.900917
18529	4.479424	0.312334	9.280816	-0.002524	-0.006043	0.011205	0.843194	0.317370	0.433936	-0.360178	0.932715	0.017709	-0.399119	-0.171226	0.900769
18530	4.402326	0.091949	9.165394	0.013773	-0.015426	0.006384	0.843052	0.317136	0.434382	-0.360114	0.932736	0.017936	-0.399476	-0.171548	0.900550
18531	4.367126	0.131021	9.139743	0.036753	-0.037069	-0.002099	0.842707	0.316777	0.435314	-0.360287	0.932653	0.018776	-0.400049	-0.172660	0.900083
18532	4.447886	-0.029129	9.253538	0.017011	-0.066168	-0.015203	0.842367	0.315572	0.436844	-0.359526	0.932935	0.019331	-0.401447	-0.173340	0.899330
18533	4.381198	0.054556	9.267147	-0.038702	-0.092037	-0.024250	0.841639	0.314544	0.438984	-0.358574	0.933313	0.018730	-0.403818	-0.173172	0.898300
18534	4.401545	0.137692	9.409957	-0.073133	-0.142587	-0.033086	0.840403	0.313253	0.442260	-0.357267	0.933839	0.017456	-0.407532	-0.172675	0.896717
18535	4.492260	0.132599	9.324539	-0.106560	-0.205662	-0.035803	0.838600	0.311413	0.446958	-0.355306	0.934622	0.015452	-0.412925	-0.171765	0.894422
18536	4.398619	0.083052	9.526206	-0.133461	-0.247339	-0.036136	0.836279	0.309533	0.452578	-0.353205	0.935457	0.012867	-0.419384	-0.170614	0.891632
18537	3.370911	0.081458	10.247644	-0.328933	-0.589369	-0.335508	0.832910	0.298998	0.465683	-0.342502	0.939470	0.009394	-0.434687	-0.167322	0.884902
18538	2.923916	-0.101547	10.681812	-0.399763	-1.416323	-0.499315	0.821017	0.281353	0.496760	-0.327752	0.944741	0.006612	-0.467449	-0.168243	0.867863
18539	3.965783	-0.465098	10.146118	-0.505695	-2.259967	-0.640262	0.798299	0.256294	0.545006	-0.308236	0.951301	0.004133	-0.517406	-0.171290	0.838422
18540	4.628019	-0.489761	9.692015	-0.444892	-2.838636	-0.783416	0.765274	0.225034	0.603088	-0.286646	0.958016	0.006262	-0.576359	-0.177665	0.797650
18541	5.854881	-0.494629	10.452480	0.035693	-3.165301	-1.036962	0.724459	0.185346	0.663933	-0.267873	0.963170	0.023411	-0.635141	-0.194810	0.747426
18542	8.464419	0.122970	11.661809	0.000764	-3.404591	-0.993425	0.674123	0.144270	0.724392	-0.250723	0.967203	0.040695	-0.694764	-0.209055	0.688186
18543	8.769110	0.158915	10.775538	-0.119136	-3.471623	-0.896966	0.616615	0.103935	0.780374	-0.233973	0.970652	0.055597	-0.751693	-0.216868	0.622837
18544	7.496733	0.179761	10.122222	-0.156122	-3.562394	-0.923522	0.552311	0.062016	0.831328	-0.217614	0.973378	0.071964	-0.804734	-0.220655	0.551103
18545	5.215149	-0.357993	9.986472	-0.020009	-3.077977	-1.061916	0.494301	0.018962	0.869084	-0.203198	0.974586	0.094307	-0.845208	-0.223212	0.485592
18546	8.005695	-1.138568	14.148300	0.243897	-1.563250	-1.179965	0.466737	-0.018700	0.884198	-0.194148	0.973222	0.123066	-0.862823	-0.229105	0.450608
18547	-0.121983	-2.685023	9.848164	0.640074	-0.163015	-0.639802	0.466352	-0.035270	0.883896	-0.200411	0.969011	0.144405	-0.861598	-0.244486	0.444832
18548	0.902982	-2.515833	11.038011	0.437044	0.426151	0.260502	0.474135	-0.026358	0.880057	-0.212788	0.966491	0.143587	-0.854352	-0.255345	0.452639
18549	-0.506858	-1.229573	10.209487	0.392028	1.488428	0.791249	0.501171	0.002393	0.865345	-0.230663	0.964186	0.130923	-0.834040	-0.265218	0.483774
18550	0.353883	0.571444	10.036189	-0.092369	2.353008	0.783557	0.544776	0.036777	0.837775	-0.238980	0.964420	0.113064	-0.803808	-0.261806	0.534182
18551	2.050726	0.906955	9.461468	-0.489155	3.191159	0.468084	0.604471	0.068333	0.793691	-0.236101	0.966919	0.096565	-0.760836	-0.245762	0.600608
18552	4.704483	0.534830	9.252400	-0.700018	3.864418	0.426167	0.672795	0.101206	0.732874	-0.230057	0.970108	0.077230	-0.703151	-0.220563	0.675966
18553	6.650420	-0.033486	9.349923	-0.629662	4.110225	0.858152	0.736619	0.143304	0.660951	-0.234623	0.970747	0.051011	-0.634306	-0.192650	0.748693
18554	7.754881	-0.526338	10.759024	-0.490980	4.287273	1.216452	0.793074	0.191891	0.578110	-0.250576	0.967835	0.022497	-0.555198	-0.162703	0.815649
18555	9.039544	-0.600410	11.569863	-0.356259	4.449173	1.386297	0.840878	0.241677	0.484269	-0.274351	0.961623	-0.003523	-0.466536	-0.129897	0.874912
18556	10.641609	0.581230	12.371856	-0.482214	4.397408	1.099616	0.879409	0.280155	0.384907	-0.292928	0.955770	-0.026398	-0.375278	-0.089535	0.922578
18557	10.253829	1.877592	9.088456	-1.022909	3.000886	0.534671	0.901421	0.297925	0.314134	-0.295982	0.953605	-0.055068	-0.315966	-0.043338	0.947780
18558	26.109925	-2.356132	-4.478097	-0.605283	-0.003014	0.432634	0.898175	0.308221	0.313499	-0.300873	0.950876	-0.072866	-0.320557	-0.028877	0.946789
18559	23.066575	2.333934	-4.437790	0.296050	-0.461296	0.464240	0.890860	0.318817	0.323611	-0.313612	0.946995	-0.069632	-0.328658	-0.039455	0.943625
18560	14.067735	7.957158	-0.022804	0.850649	-1.862224	0.131098	0.873700	0.319206	0.367091	-0.323782	0.944761	-0.050900	-0.363061	-0.074386	0.928791
18561	5.368281	-1.009947	12.692138	0.423273	-1.571556	-0.673540	0.864180	0.299792	0.404126	-0.313039	0.949107	-0.034675	-0.393954	-0.096542	0.914046
18562	11.084023	1.045622	12.335827	1.571017	-0.988592	-0.477819	0.858089	0.285413	0.426875	-0.318288	0.947975	0.005987	-0.402958	-0.141006	0.904291
18563	6.041719	1.437045	10.767389	0.488073	-0.435504	-0.069268	0.854212	0.282032	0.436783	-0.321632	0.946699	0.017727	-0.408502	-0.155626	0.899392
18564	5.642454	0.619942	9.784324	0.069642	-0.216811	0.066461	0.851438	0.282621	0.441790	-0.323637	0.945999	0.018554	-0.412690	-0.158777	0.896926
18565	4.757199	0.022613	9.243267	-0.024843	-0.134467	0.037172	0.849731	0.282833	0.444931	-0.324041	0.945880	0.017580	-0.415879	-0.159114	0.895392
18566	4.586623	0.287134	9.256016	-0.020008	-0.116175	0.027010	0.848286	0.282875	0.447652	-0.324276	0.945813	0.016826	-0.418635	-0.159436	0.894050
18567	4.638099	0.100260	9.193444	-0.007530	-0.130054	0.022814	0.846721	0.282761	0.450677	-0.324551	0.945726	0.016396	-0.421581	-0.160151	0.892537
18568	4.776850	0.169006	9.148753	0.008791	-0.095116	0.020239	0.845537	0.282725	0.452917	-0.324943	0.945592	0.016359	-0.423649	-0.161004	0.891403
18569	4.815038	0.189332	9.145170	-0.014416	-0.070354	0.019684	0.844615	0.282775	0.454602	-0.325078	0.945555	0.015810	-0.425381	-0.161134	0.890554
18570	4.700611	0.208561	9.200066	-0.036771	-0.050305	0.022225	0.843884	0.282963	0.455841	-0.325025	0.945591	0.014734	-0.426870	-0.160593	0.889939
18571	4.647739	0.133001	9.220737	-0.063925	-0.081091	0.014128	0.842886	0.282840	0.457760	-0.324510	0.945791	0.013147	-0.429227	-0.159629	0.888979
18572	4.599474	0.088602	9.226458	-0.078613	-0.123139	-0.000586	0.841548	0.282205	0.460605	-0.323524	0.946151	0.011404	-0.432584	-0.158613	0.887532
18573	4.622117	0.053083	9.188081	-0.110962	-0.191174	-0.040657	0.839780	0.280356	0.464941	-0.321335	0.946919	0.009411	-0.437623	-0.157305	0.885291
18574	4.585833	0.230083	9.253785	-0.099263	-0.271208	-0.039088	0.837087	0.278233	0.471033	-0.319292	0.947625	0.007673	-0.444228	-0.156820	0.882082
18575	4.815842	0.150871	9.018411	-0.088072	-0.368767	-0.019458	0.833089	0.276192	0.479250	-0.317768	0.948150	0.005964	-0.452754	-0.157260	0.877658
18576	5.031527	-0.028655	8.893683	-0.067094	-0.356001	-0.017966	0.829146	0.274230	0.487149	-0.316500	0.948581	0.004712	-0.460808	-0.158089	0.873306
18577	5.058740	0.008452	8.878723	-0.065293	-0.318278	-0.026584	0.825642	0.272204	0.494186	-0.315059	0.949065	0.003615	-0.468031	-0.158683	0.869348
18578	4.748643	0.064989	9.187220	-0.099751	-0.359202	-0.039028	0.821686	0.269720	0.502078	-0.312948	0.949768	0.001939	-0.476335	-0.158718	0.864820
18579	4.312455	0.508450	9.489316	-0.095087	-0.717184	-0.020809	0.813146	0.266226	0.517607	-0.311244	0.950330	0.000162	-0.491855	-0.161234	0.855618
18580	4.614687	0.272875	9.216992	-0.132758	-1.174636	0.010934	0.798227	0.261552	0.542608	-0.309661	0.950843	-0.002791	-0.516665	-0.165797	0.839981
18581	4.412867	-0.212172	9.628733	-0.194848	-1.608150	-0.045525	0.777108	0.253554	0.576033	-0.306035	0.952000	-0.006181	-0.549951	-0.171483	0.817403
18582	4.224676	-0.327989	10.162470	-0.131228	-2.242751	-0.198331	0.746508	0.238781	0.621056	-0.300254	0.953841	-0.005824	-0.593779	-0.182127	0.783745
18583	4.434288	-0.753483	10.207557	0.190724	-3.068641	-0.460477	0.702243	0.212839	0.679378	-0.294751	0.955559	0.005310	-0.648055	-0.203976	0.733770
18584	5.573991	-1.290100	10.587182	0.942551	-4.166489	-0.822960	0.637445	0.169569	0.751605	-0.296868	0.954221	0.036496	-0.711009	-0.246392	0.658603
18585	11.679664	0.268911	13.322027	1.082682	-4.899085	-0.835162	0.552506	0.116670	0.825303	-0.304472	0.949980	0.069536	-0.775909	-0.289700	0.560392
18586	11.940215	0.430193	13.262298	0.265502	-4.863430	-0.371036	0.457215	0.071390	0.886486	-0.305038	0.948897	0.080911	-0.835408	-0.307406	0.455626
18587	7.623600	-0.977040	12.139655	-0.121485	-4.904115	-0.492893	0.355220	0.021657	0.934532	-0.297322	0.950432	0.090988	-0.886238	-0.310177	0.344052
18588	2.678717	2.218087	10.606990	-0.259168	-4.253910	-1.380672	0.268960	-0.043933	0.962149	-0.280605	0.952049	0.121912	-0.921369	-0.302773	0.243735
18589	13.920683	0.830668	17.648010	-1.069969	0.046159	-2.660773	0.287248	-0.107136	0.951846	-0.237282	0.954793	0.179075	-0.928001	-0.277295	0.248841
18590	-2.988362	-6.703529	4.473451	-0.138413	1.477256	-1.830636	0.331811	-0.140540	0.932818	-0.219853	0.950090	0.221346	-0.917369	-0.278527	0.284352
18591	2.094183	-4.757206	7.349872	0.408164	0.927587	0.622014	0.349458	-0.119208	0.929338	-0.234409	0.949207	0.209901	-0.907156	-0.291196	0.303764
18592	1.572871	-2.273114	7.301265	0.711778	2.000340	2.051688	0.381390	-0.055440	0.922750	-0.269076	0.948320	0.168190	-0.884387	-0.312436	0.346762
18593	2.179179	1.582202	7.721527	0.520541	2.713490	1.951342	0.426515	0.012448	0.904395	-0.300088	0.945215	0.128513	-0.853248	-0.326210	0.406884
18594	4.064610	1.615189	8.369133	0.032517	3.527145	1.353678	0.489628	0.073088	0.868863	-0.316262	0.943507	0.098855	-0.812553	-0.323190	0.485082
18595	5.999113	0.834677	8.557427	-0.222825	4.139003	0.813452	0.564601	0.124972	0.815848	-0.322592	0.943256	0.078759	-0.759711	-0.307653	0.572878
18596	9.893975	-0.368933	9.026121	-0.394444	4.735557	0.697841	0.644977	0.176327	0.743581	-0.325980	0.943533	0.059011	-0.691188	-0.280453	0.666037
18597	9.598240	-1.554981	8.743443	-0.276390	4.590140	0.923945	0.712411	0.228651	0.663468	-0.337146	0.940692	0.037826	-0.615470	-0.250633	0.747248
18598	10.840014	-1.341509	10.992901	-0.263475	4.512975	1.048136	0.768315	0.279636	0.575757	-0.352775	0.935565	0.016368	-0.534081	-0.215689	0.817457
18599	10.923476	-0.891325	11.684846	-0.458263	4.559957	0.949155	0.815826	0.323883	0.479091	-0.365963	0.930610	-0.005942	-0.447772	-0.170482	0.877745
18600	10.702594	-0.114341	11.632360	-0.850379	4.345172	0.582538	0.854651	0.352936	0.380800	-0.369500	0.928698	-0.031455	-0.364750	-0.113822	0.924122
18601	10.122270	-1.106028	7.334516	-1.386404	2.944690	0.231572	0.877515	0.364574	0.311533	-0.362758	0.929543	-0.066002	-0.313646	-0.055093	0.947940
18602	19.998505	1.899772	2.167493	-0.587883	0.778355	0.308623	0.880692	0.372635	0.292445	-0.365019	0.927348	-0.082385	-0.301898	-0.034192	0.952727
18603	17.900643	4.293578	-0.325975	-0.246206	0.655934	0.095365	0.884668	0.375305	0.276602	-0.365276	0.926633	-0.089017	-0.289717	-0.022286	0.956853
18604	15.636049	5.361187	-1.402258	0.096260	-0.440007	-0.592711	0.886750	0.361214	0.288441	-0.352800	0.932047	-0.082591	-0.298674	-0.028524	0.953929
18605	12.101088	4.038534	-2.137239	0.786693	-1.627117	-0.722924	0.880293	0.342409	0.328390	-0.342897	0.937556	-0.058400	-0.327880	-0.061195	0.942735
18606	4.659540	-1.021302	12.395256	0.646861	-2.132459	-0.477382	0.865773	0.326942	0.378875	-0.337991	0.940337	-0.039095	-0.369052	-0.094209	0.924622
18607	16.250150	-0.006935	15.998834	1.182118	-1.482636	-0.505523	0.855950	0.310707	0.413294	-0.338224	0.941040	-0.006980	-0.391095	-0.133811	0.910571
18608	3.286323	2.731540	9.211442	0.594659	-0.398973	-0.015506	0.852151	0.308789	0.422479	-0.343604	0.939091	0.006678	-0.394684	-0.150856	0.906348
18609	5.378209	1.450635	10.083774	0.304851	-0.301855	0.060376	0.848627	0.308888	0.429442	-0.347775	0.937489	0.012929	-0.398603	-0.160321	0.903002
18610	4.769330	0.290075	9.287767	0.126679	-0.094395	0.105842	0.846754	0.310835	0.431729	-0.351142	0.936208	0.014650	-0.399634	-0.164003	0.901884
18611	4.681450	-0.537581	9.248755	0.089039	-0.069375	0.079470	0.845353	0.312257	0.433445	-0.353574	0.935273	0.015801	-0.400455	-0.166612	0.901042
18612	4.562883	-0.194214	9.277766	0.035602	-0.034451	0.043984	0.844610	0.312994	0.434360	-0.354722	0.934833	0.016127	-0.401006	-0.167698	0.900595
18613	4.435107	0.226464	9.302800	0.008777	-0.051684	0.031289	0.843805	0.313361	0.435658	-0.355333	0.934603	0.015984	-0.402158	-0.168291	0.899971
18614	4.556846	0.379011	9.323308	0.004247	-0.076229	0.033011	0.842735	0.313665	0.437507	-0.355935	0.934378	0.015720	-0.403866	-0.168972	0.899078
18615	4.620629	0.231475	9.239021	-0.005604	-0.084854	0.035002	0.841556	0.313976	0.439548	-0.356478	0.934180	0.015212	-0.405840	-0.169491	0.898090
18616	4.683353	0.109911	9.248842	-0.021263	-0.076663	0.029866	0.840501	0.314202	0.441401	-0.356753	0.934088	0.014407	-0.407780	-0.169581	0.897194
18617	4.601916	0.147787	9.259634	-0.027691	-0.061575	0.020225	0.839683	0.314266	0.442910	-0.356758	0.934098	0.013565	-0.409459	-0.169402	0.896463
18618	4.559150	0.126657	9.239055	-0.041757	-0.090278	0.017931	0.838587	0.314156	0.445060	-0.356568	0.934187	0.012432	-0.411863	-0.169120	0.895415
18619	4.611286	0.117916	9.183717	-0.027606	-0.079686	0.009776	0.837667	0.313901	0.446967	-0.356351	0.934279	0.011707	-0.413917	-0.169084	0.894474
18620	4.627375	0.097899	9.160852	-0.049574	-0.091152	0.008790	0.836633	0.313575	0.449128	-0.355884	0.934471	0.010503	-0.416404	-0.168625	0.893406
18621	4.687211	0.080753	9.085682	-0.052210	-0.080175	0.001256	0.835774	0.313121	0.451040	-0.355228	0.934733	0.009326	-0.418681	-0.168016	0.892455
18622	4.620653	0.089219	9.177597	-0.064090	-0.078174	-0.002383	0.834964	0.312592	0.452904	-0.354369	0.935072	0.007926	-0.421020	-0.167113	0.891524
18623	4.611821	0.056583	9.158017	-0.086480	-0.122911	-0.007085	0.833716	0.311769	0.455761	-0.353171	0.935539	0.006083	-0.424486	-0.166033	0.890081
18624	4.655703	0.020882	9.152283	-0.086943	-0.153136	-0.026755	0.832306	0.310364	0.459283	-0.351550	0.936158	0.004459	-0.428577	-0.165172	0.888279
18625	4.540182	0.118961	9.291680	-0.081760	-0.232562	-0.032311	0.830068	0.308502	0.464557	-0.349861	0.936797	0.003023	-0.434263	-0.165039	0.885538
18626	4.307311	0.083982	9.477582	-0.057390	-0.413798	-0.027198	0.825752	0.306004	0.473810	-0.348532	0.937295	0.002079	-0.443464	-0.166855	0.880625
18627	4.410877	0.279343	9.384299	-0.070285	-0.721591	-0.033378	0.817886	0.302032	0.489734	-0.346917	0.937895	0.000947	-0.459033	-0.170672	0.871871
18628	4.601939	-0.009487	9.198535	-0.104447	-0.997808	-0.043267	0.806526	0.296552	0.511442	-0.344676	0.938721	-0.000763	-0.480328	-0.175667	0.859317
18629	4.597429	-0.048338	9.284616	-0.120834	-1.281938	-0.073600	0.791313	0.288944	0.538828	-0.341578	0.939850	-0.002355	-0.507098	-0.182189	0.842413
18630	4.557916	0.054625	9.541543	-0.115599	-1.703740	-0.133312	0.770087	0.277704	0.574323	-0.337326	0.941384	-0.002884	-0.541459	-0.191513	0.818624
18631	4.480667	-0.417392	10.012399	-0.021327	-2.242645	-0.265449	0.740718	0.260156	0.619399	-0.331877	0.943322	0.000673	-0.584118	-0.206063	0.785076
18632	4.728340	-0.647206	9.775672	0.292276	-2.964877	-0.577836	0.700226	0.230156	0.675804	-0.325792	0.945313	0.015624	-0.635250	-0.231111	0.736916
18633	6.158441	-0.739467	9.207394	0.871587	-3.732368	-0.856508	0.645243	0.186319	0.740910	-0.325712	0.944341	0.046180	-0.691067	-0.271120	0.670015
18634	9.983886	-0.055418	10.976471	1.018998	-4.255332	-0.909920	0.576052	0.133664	0.806411	-0.330036	0.940585	0.079854	-0.747824	-0.312145	0.585939
18635	11.729811	0.664496	11.490575	0.462681	-4.293151	-0.642238	0.498073	0.083686	0.863087	-0.330265	0.938621	0.099581	-0.801778	-0.334646	0.495140
18636	9.120180	0.327280	10.566025	-0.125728	-4.319466	-0.587963	0.413431	0.033382	0.909923	-0.320856	0.940568	0.111277	-0.852131	-0.337959	0.399571
18637	6.398481	-0.480641	8.643661	-0.664949	-4.110543	-0.810608	0.329791	-0.019857	0.943845	-0.298687	0.946225	0.124273	-0.895558	-0.322899	0.306126
18638	6.993366	0.838668	9.741159	-0.716331	-3.097518	-1.382251	0.269132	-0.076961	0.960023	-0.271952	0.950165	0.152409	-0.923910	-0.302098	0.234791
18639	9.115218	-3.524877	13.223770	-0.705132	1.255120	-1.061813	0.304942	-0.093059	0.947814	-0.248006	0.953119	0.173371	-0.919513	-0.287931	0.267567
18640	-2.233325	-3.465509	4.604685	0.576674	1.576804	-0.300722	0.342778	-0.088576	0.935231	-0.258651	0.948168	0.184601	-0.903107	-0.305176	0.302101
18641	2.951891	-1.418528	8.242523	0.485599	1.261438	0.901119	0.365009	-0.057438	0.929230	-0.277452	0.946032	0.167462	-0.888701	-0.318942	0.329374
18642	3.446055	-1.241216	8.305512	0.587780	2.285129	1.506427	0.404098	-0.004020	0.914707	-0.302630	0.943088	0.137840	-0.863203	-0.332519	0.379884
18643	3.586025	0.665822	8.232013	0.493182	2.890967	1.458300	0.453782	0.054675	0.889434	-0.328678	0.938011	0.110028	-0.828283	-0.342266	0.443623
18644	5.421226	0.257109	9.113948	0.210948	3.472448	1.247669	0.513583	0.112420	0.850643	-0.345817	0.934417	0.085298	-0.785266	-0.337974	0.518778
18645	6.292302	0.130452	9.185618	0.072506	3.970712	0.999326	0.580539	0.167247	0.796871	-0.358319	0.931293	0.065584	-0.731151	-0.323608	0.600580
18646	10.979697	-0.865376	8.999063	-0.122480	4.594290	0.996754	0.651550	0.226194	0.724098	-0.371533	0.927347	0.044623	-0.661397	-0.298101	0.688252
18647	8.042142	-1.359490	7.044924	0.237174	4.017688	1.296964	0.702074	0.285104	0.652540	-0.397199	0.917348	0.026547	-0.591037	-0.277826	0.757290
18648	9.635842	0.865932	11.534147	-0.309563	3.493377	1.158245	0.739393	0.334402	0.584357	-0.413727	0.910398	0.002513	-0.531157	-0.243622	0.811493
18649	9.211353	-0.209785	11.164714	-0.556347	4.001034	0.569736	0.783140	0.369383	0.500247	-0.417665	0.908443	-0.016938	-0.460703	-0.195671	0.865717
18650	8.226323	1.076225	10.510350	-1.084960	3.760586	-0.050254	0.823988	0.383840	0.416786	-0.405014	0.913413	-0.040495	-0.396241	-0.135437	0.908102
18651	8.980231	0.357895	10.413624	-1.636600	3.412443	-0.598517	0.861298	0.378671	0.338784	-0.377304	0.923231	-0.072701	-0.340305	-0.065208	0.938051
18652	8.891322	-0.081480	4.940967	-0.995149	1.340481	-0.991258	0.881355	0.357260	0.309159	-0.347473	0.933533	-0.088196	-0.320119	-0.029693	0.946912
18653	16.841079	5.102288	6.246142	-1.494531	0.894476	-0.658561	0.895399	0.338221	0.289598	-0.316959	0.940952	-0.118939	-0.312725	0.014707	0.949730
18654	13.705038	3.546830	0.694094	-0.692398	0.801460	-1.387754	0.912645	0.302612	0.274782	-0.277907	0.952339	-0.125769	-0.299745	0.038419	0.953246
18655	12.617642	0.166019	-2.606075	0.138406	-0.391536	-1.247923	0.918230	0.271977	0.287894	-0.249192	0.961747	-0.113784	-0.307828	0.032739	0.950879
18656	12.431564	0.199055	-3.441648	1.523494	-2.072472	-0.354614	0.903518	0.263739	0.337781	-0.253457	0.964430	-0.075062	-0.345563	-0.017793	0.938227
18657	7.534295	3.377556	15.705332	1.477538	-2.565984	-0.312401	0.881789	0.253282	0.397865	-0.260021	0.964857	-0.037945	-0.393493	-0.069993	0.916659
18658	13.941152	5.828942	14.059315	1.324861	-0.868830	-0.404248	0.875757	0.241480	0.418016	-0.264217	0.964456	-0.003606	-0.404029	-0.107289	0.908433
18659	5.866510	1.170984	10.505172	0.369354	-0.282852	-0.006651	0.872911	0.240365	0.424561	-0.267667	0.963499	0.004847	-0.407899	-0.117872	0.905387
18660	4.930221	0.143097	9.454070	0.186900	-0.180013	0.039844	0.870781	0.240617	0.428770	-0.270291	0.962740	0.008661	-0.410710	-0.123435	0.903372
18661	4.595746	0.051992	9.302133	0.139028	-0.092984	0.037130	0.869553	0.241053	0.431012	-0.272372	0.962124	0.011413	-0.411935	-0.127320	0.902274
18662	4.565882	0.039416	9.241839	0.072843	-0.048882	0.043908	0.868729	0.241786	0.432260	-0.273921	0.961670	0.012595	-0.412646	-0.129347	0.901661
18663	4.487919	0.272545	9.280722	0.066341	-0.071516	0.048587	0.867636	0.242555	0.434021	-0.275505	0.961204	0.013577	-0.413889	-0.131355	0.900801
18664	4.495461	0.210458	9.269104	0.056585	-0.090794	0.050242	0.866328	0.243296	0.436214	-0.277024	0.960756	0.014317	-0.415612	-0.133246	0.899729
18665	4.533900	0.130479	9.232830	0.038633	-0.100793	0.047597	0.864927	0.243936	0.438630	-0.278301	0.960382	0.014679	-0.417672	-0.134767	0.898548
18666	4.710990	0.109202	9.206983	0.025763	-0.095383	0.035537	0.863661	0.244300	0.440917	-0.279183	0.960123	0.014880	-0.419699	-0.135948	0.897425
18667	4.649775	0.252259	9.271995	0.013138	-0.076891	0.029278	0.862627	0.244575	0.442785	-0.279798	0.959944	0.014865	-0.421413	-0.136713	0.896505
18668	4.646681	0.182034	9.231998	-0.014367	-0.076478	0.021548	0.861647	0.244665	0.444638	-0.279955	0.959906	0.014319	-0.423308	-0.136816	0.895596
18669	4.640181	0.242716	9.199793	-0.020206	-0.084767	0.015840	0.860615	0.244590	0.446673	-0.279926	0.959924	0.013704	-0.425420	-0.136830	0.894592
18670	4.670035	0.153767	9.156799	-0.016950	-0.086584	0.011280	0.859592	0.244398	0.448745	-0.279833	0.959958	0.013214	-0.427547	-0.136932	0.893562
18671	4.659733	0.161429	9.135442	-0.036323	-0.083703	0.006333	0.858628	0.244099	0.450748	-0.279424	0.960088	0.012346	-0.429744	-0.136551	0.892566
18672	4.665687	0.201101	9.126669	-0.055603	-0.086807	0.004742	0.857637	0.243751	0.452818	-0.278771	0.960294	0.011068	-0.432140	-0.135725	0.891534
18673	4.669222	0.119477	9.106519	-0.058080	-0.096847	0.002445	0.856548	0.243317	0.455108	-0.278039	0.960520	0.009762	-0.434765	-0.134899	0.890383
18674	4.685751	0.066060	9.124351	-0.073521	-0.120798	-0.004781	0.855239	0.242631	0.457925	-0.276979	0.960841	0.008197	-0.438005	-0.133846	0.888953
18675	4.727333	0.046801	9.173613	-0.070590	-0.135134	-0.015694	0.853838	0.241639	0.461055	-0.275713	0.961216	0.006826	-0.441524	-0.132947	0.887345
18676	4.555399	0.121742	9.245999	-0.068183	-0.192198	-0.034472	0.851917	0.240008	0.465439	-0.274066	0.961694	0.005731	-0.446234	-0.132443	0.885061
18677	4.482984	0.212707	9.409265	-0.033790	-0.376794	-0.023393	0.847808	0.238027	0.473882	-0.273034	0.961990	0.005277	-0.454614	-0.133860	0.880572
18678	4.620424	0.222826	9.252535	-0.032387	-0.566880	-0.031812	0.841468	0.235182	0.486437	-0.271834	0.962331	0.004967	-0.466946	-0.136410	0.873701
18679	4.666089	0.102826	9.295570	-0.054769	-0.765629	-0.050266	0.832683	0.231167	0.503190	-0.269976	0.962857	0.004421	-0.483478	-0.139531	0.864164
18680	4.600861	0.124084	9.419906	-0.085444	-1.027389	-0.076630	0.820467	0.225524	0.525332	-0.267182	0.963639	0.003598	-0.505419	-0.143311	0.850890
18681	4.336649	0.080453	9.674505	-0.093310	-1.473875	-0.102476	0.801923	0.217499	0.556430	-0.263734	0.964591	0.003050	-0.536063	-0.149195	0.830889
18682	4.224871	-0.193992	9.964877	-0.027420	-2.108158	-0.238283	0.774079	0.203443	0.599510	-0.258503	0.965992	0.005968	-0.577907	-0.159595	0.800345
18683	4.693914	-0.593050	9.977977	0.319680	-2.769038	-0.507132	0.735520	0.179242	0.653363	-0.253601	0.967098	0.020179	-0.628249	-0.180535	0.756776
18684	5.595138	-1.087993	10.231359	0.926037	-3.615758	-0.837351	0.681319	0.140836	0.718310	-0.253846	0.965878	0.051398	-0.686562	-0.217358	0.693822
18685	9.655783	-0.618635	12.799773	1.156609	-4.388051	-0.982871	0.608684	0.090870	0.788192	-0.258636	0.961881	0.088837	-0.750074	-0.257928	0.608984
18686	10.949536	0.065017	12.729073	0.918506	-4.669266	-0.871513	0.523153	0.037922	0.851395	-0.264101	0.957044	0.119653	-0.810285	-0.287451	0.510696
18687	8.672082	-0.416770	12.041410	0.452670	-4.786309	-0.872890	0.428547	-0.018245	0.903335	-0.263076	0.953957	0.144073	-0.864372	-0.299388	0.404015
18688	2.481376	-1.372637	9.004470	0.322466	-4.293129	-1.234138	0.341579	-0.080061	0.936437	-0.258216	0.950029	0.175412	-0.903686	-0.301720	0.303837
18689	14.702187	1.320575	16.355602	-0.270057	-1.547991	-1.546648	0.315917	-0.128345	0.940066	-0.239260	0.948010	0.209835	-0.918124	-0.291211	0.268785
18690	-0.940846	-5.731736	8.036764	-0.112028	1.485701	-0.971295	0.355491	-0.140561	0.924050	-0.228467	0.945571	0.231728	-0.906327	-0.293492	0.304028
18691	0.517523	-2.999104	8.358248	0.245833	1.120469	0.231439	0.379397	-0.126788	0.916506	-0.236057	0.944520	0.228382	-0.894614	-0.302995	0.328419
18692	1.454111	-2.285551	8.914998	0.036038	2.075420	1.294672	0.417466	-0.080299	0.905137	-0.249694	0.947608	0.199230	-0.873713	-0.309180	0.375544
18693	1.752873	0.574269	8.519012	-0.124727	2.819810	1.354360	0.469407	-0.026322	0.882589	-0.261989	0.950391	0.167684	-0.843219	-0.309941	0.439225
18694	3.797584	1.282250	9.011167	-0.639234	3.624480	0.934684	0.537949	0.023384	0.842653	-0.260569	0.955274	0.139838	-0.801695	-0.294795	0.519982
18695	5.746770	0.804863	8.633911	-0.927560	4.257523	0.639585	0.616381	0.068696	0.784446	-0.251800	0.961078	0.113688	-0.746104	-0.267599	0.609688
18696	8.034910	-0.134377	8.470111	-1.098706	4.705478	0.929209	0.694383	0.120428	0.709457	-0.247454	0.965733	0.078266	-0.675721	-0.229905	0.700389
18697	8.873617	1.015923	10.018893	-0.843265	4.586358	1.013598	0.761178	0.169234	0.626074	-0.252452	0.966531	0.045667	-0.597391	-0.192814	0.778426
18698	9.339969	1.026141	11.608126	-1.146433	4.618031	0.868124	0.819918	0.209688	0.532696	-0.253669	0.967242	0.009702	-0.513211	-0.143084	0.846251
18699	10.192334	1.091951	12.584717	-1.485280	4.684758	0.668594	0.870657	0.239029	0.429909	-0.250383	0.967653	-0.030935	-0.423397	-0.080708	0.902342
18700	10.790036	1.047527	12.626718	-1.700131	4.326427	0.429040	0.909226	0.254493	0.329456	-0.243732	0.966991	-0.074321	-0.337496	-0.012724	0.941241
18701	11.259858	-0.576342	5.239022	-0.982099	1.736954	0.180161	0.922077	0.258646	0.287883	-0.239962	0.965716	-0.099052	-0.303633	0.022253	0.952529
18702	21.122828	3.566378	6.029203	-1.243290	1.019336	0.465383	0.926818	0.268821	0.262189	-0.241502	0.961380	-0.132006	-0.287550	0.059027	0.955945
18703	15.452348	2.739307	-3.047285	-0.337691	0.845582	-0.122974	0.933448	0.264437	0.242380	-0.236231	0.961647	-0.139392	-0.269945	0.072858	0.960115
18704	14.746823	2.467712	-5.980797	0.631417	-0.969241	-0.290032	0.928378	0.258900	0.266619	-0.233808	0.964537	-0.122484	-0.288875	0.051374	0.955988
18705	8.430660	5.377896	3.039481	1.864276	-2.729298	0.303509	0.905035	0.267496	0.330693	-0.255329	0.963490	-0.080584	-0.340175	-0.011505	0.940292
18706	8.525284	7.228914	15.857487	0.962293	-2.507777	-0.566261	0.885695	0.251752	0.390084	-0.251309	0.966448	-0.053122	-0.390370	-0.050981	0.919246
18707	13.209445	-0.159255	13.406783	1.531727	-0.994407	-0.564080	0.879381	0.236154	0.413425	-0.253894	0.967153	-0.012401	-0.402774	-0.094061	0.910454
18708	6.243743	1.111414	10.466928	0.428478	-0.346172	-0.070351	0.876298	0.233416	0.421448	-0.256531	0.966534	-0.001915	-0.407791	-0.106436	0.906851
18709	4.651334	-0.115105	9.429176	0.344226	-0.241187	-0.027412	0.873982	0.231906	0.427054	-0.259290	0.965780	0.006192	-0.411004	-0.116143	0.904205
18710	5.182628	0.936684	9.796829	0.196390	-0.180811	0.008939	0.872034	0.231407	0.431286	-0.261346	0.965187	0.010554	-0.413829	-0.121919	0.902154
18711	4.746468	0.411476	9.299229	0.033182	-0.090908	0.055967	0.870699	0.232298	0.433498	-0.262744	0.964806	0.010724	-0.415750	-0.123236	0.901091
18712	4.647507	0.330047	9.281397	0.035616	-0.066409	0.045682	0.869682	0.233012	0.435154	-0.263942	0.964475	0.011057	-0.417119	-0.124472	0.900288
18713	4.595296	0.257540	9.258233	0.042464	-0.052362	0.043379	0.868823	0.233711	0.436493	-0.265162	0.964135	0.011568	-0.418134	-0.125792	0.899633
18714	4.561746	0.174614	9.280709	0.014029	-0.062358	0.033900	0.867919	0.234149	0.438053	-0.265878	0.963938	0.011541	-0.419553	-0.126486	0.898875
18715	4.591389	0.141872	9.193269	-0.005997	-0.075580	0.022132	0.866952	0.234260	0.439905	-0.266128	0.963873	0.011192	-0.421391	-0.126775	0.897975
18716	4.641555	0.068261	9.188389	0.008809	-0.064604	0.018205	0.866123	0.234311	0.441508	-0.266450	0.963784	0.011218	-0.422890	-0.127356	0.897187
18717	4.616770	0.096776	9.167933	0.001181	-0.046979	0.018078	0.865479	0.234415	0.442715	-0.266688	0.963719	0.011073	-0.424057	-0.127650	0.896594
18718	4.535629	0.086728	9.173488	-0.000537	-0.044266	0.012915	0.864896	0.234403	0.443858	-0.266796	0.963691	0.010946	-0.425176	-0.127887	0.896030
18719	4.583942	0.130337	9.133062	-0.011350	-0.059206	0.011971	0.864159	0.234321	0.445335	-0.266769	0.963702	0.010587	-0.426689	-0.127950	0.895302
18720	4.700667	0.174626	9.155935	0.004326	-0.048079	0.014838	0.863519	0.234344	0.446562	-0.266971	0.963647	0.010546	-0.427857	-0.128326	0.894691
18721	4.638517	0.188300	9.181513	-0.015790	-0.060548	0.012456	0.862760	0.234269	0.448066	-0.266905	0.963670	0.010082	-0.429426	-0.128290	0.893943
18722	4.671668	0.230118	9.213456	-0.019167	-0.076587	0.008440	0.861852	0.234046	0.449926	-0.266717	0.963727	0.009587	-0.431363	-0.128266	0.893014
