// General information: 
//  MT Manager version: 2022.2.0 
//  XDA version: 2022.2.0 build 7381 rev 124627 built on 2023-07-19
// Device information: 
//  DeviceId: 00B4CAF0
//  ProductCode: MTW2-3A7G6
//  Firmware Version: 4.6.0
//  Hardware Version: 2.0.0
// Device settings: 
//  Filter Profile: human(46.1)
//  Option Flags: Orientation Smoother Disabled, Position/Velocity Smoother Disabled, Continuous Zero Rotation Update Disabled, AHS Disabled, ICC Disabled
// Coordinate system: ENU
PacketCounter	Acc_X	Acc_Y	Acc_Z	Gyr_X	Gyr_Y	Gyr_Z	Mat[1][1]	Mat[2][1]	Mat[3][1]	Mat[1][2]	Mat[2][2]	Mat[3][2]	Mat[1][3]	Mat[2][3]	Mat[3][3]
36576	7.157251	0.851699	7.671187	0.093977	-1.466344	0.269532	-0.631982	-0.275152	0.724493	0.480516	-0.872583	0.087765	0.608032	0.403596	0.683672
36577	7.317826	0.892414	7.540880	0.140498	-1.482336	0.298871	-0.621514	-0.271646	0.734798	0.483096	-0.871283	0.086515	0.616716	0.408748	0.672746
36578	7.513291	0.963055	7.571789	0.089246	-1.504078	0.327630	-0.610590	-0.268249	0.745132	0.485616	-0.870058	0.084710	0.625585	0.413571	0.661515
36579	7.530910	0.824422	7.333172	0.097728	-1.530675	0.359123	-0.599245	-0.264903	0.755468	0.488236	-0.868791	0.082634	0.634454	0.418365	0.649954
36580	8.100609	0.889400	7.192788	0.125592	-1.509393	0.361902	-0.587838	-0.261627	0.765505	0.491134	-0.867336	0.080717	0.642833	0.423414	0.638347
36581	8.231383	0.939069	6.992235	0.170005	-1.467613	0.378534	-0.576523	-0.258603	0.775078	0.494331	-0.865689	0.078862	0.650582	0.428611	0.626925
36582	8.183965	0.870801	6.809207	0.201476	-1.443664	0.382174	-0.565188	-0.255615	0.784362	0.497780	-0.863864	0.077161	0.657859	0.434050	0.615485
36583	8.075191	0.685313	6.559709	0.258376	-1.376196	0.394418	-0.554171	-0.252952	0.793038	0.501585	-0.861797	0.075622	0.664309	0.439684	0.604460
36584	8.395798	0.770433	6.435165	0.284134	-1.383843	0.379538	-0.543029	-0.250028	0.801627	0.505514	-0.859611	0.074326	0.670504	0.445594	0.593186
36585	8.636698	0.618332	6.400039	0.391716	-1.395913	0.385844	-0.531720	-0.247044	0.810088	0.510148	-0.856939	0.073516	0.676034	0.452355	0.581681
36586	8.385564	0.640472	6.306155	0.522091	-1.271152	0.393303	-0.521089	-0.244543	0.817720	0.515709	-0.853618	0.073355	0.680081	0.459930	0.570924
36587	8.620694	1.525156	6.691025	0.603708	-1.241548	0.426988	-0.510458	-0.242403	0.825029	0.521967	-0.849814	0.073263	0.683362	0.468036	0.560320
36588	8.684878	0.982538	6.199932	0.602551	-1.190927	0.480039	-0.499786	-0.240786	0.832007	0.528470	-0.845837	0.072663	0.686246	0.476007	0.549986
36589	8.869379	1.147092	6.184687	0.601333	-1.144717	0.518531	-0.489211	-0.239649	0.838595	0.535105	-0.841745	0.071615	0.688720	0.483771	0.540028
36590	8.886434	0.778977	6.121733	0.641284	-1.101366	0.543459	-0.478694	-0.238773	0.844890	0.542111	-0.837344	0.070506	0.690629	0.491775	0.530273
36591	8.691108	0.820033	6.050770	0.728518	-1.036397	0.576126	-0.468439	-0.238425	0.850717	0.549813	-0.832395	0.069459	0.691571	0.500273	0.521015
36592	8.389062	0.800389	5.956082	0.779001	-1.014380	0.596675	-0.458123	-0.238190	0.856381	0.557920	-0.827069	0.068424	0.691988	0.509139	0.511790
36593	8.425058	0.781235	5.877475	0.817644	-1.002628	0.627340	-0.447714	-0.238194	0.861868	0.566361	-0.821414	0.067193	0.691945	0.518211	0.502662
36594	8.288416	0.754537	5.782612	0.853514	-1.004940	0.652430	-0.437046	-0.238213	0.867321	0.575106	-0.815425	0.065839	0.691551	0.527576	0.493376
36595	8.300401	0.664731	5.672472	0.892165	-1.014334	0.676806	-0.426170	-0.238295	0.872694	0.584137	-0.809102	0.064326	0.690770	0.537186	0.484012
36596	8.419741	0.546838	5.545317	0.937981	-1.010438	0.695747	-0.415109	-0.238356	0.877993	0.593493	-0.802388	0.062768	0.689529	0.547138	0.474541
36597	8.133824	0.455588	5.359302	0.978226	-0.996753	0.718550	-0.404005	-0.238579	0.883097	0.603118	-0.795312	0.061055	0.687771	0.557278	0.465201
36598	8.100824	0.389661	5.289016	1.021966	-1.022299	0.739495	-0.392498	-0.238616	0.888261	0.613039	-0.787828	0.059249	0.685660	0.567794	0.455501
36599	7.963661	0.331029	5.193749	1.050038	-0.985504	0.762203	-0.381104	-0.238931	0.893124	0.623119	-0.780031	0.057215	0.682995	0.578328	0.446156
36600	7.716723	0.185919	5.152607	1.047532	-0.915648	0.758257	-0.370114	-0.239407	0.897608	0.633065	-0.772136	0.055092	0.679886	0.588635	0.437338
36601	6.653735	0.424108	5.891617	1.090516	-0.782316	0.753977	-0.360064	-0.240543	0.901384	0.643158	-0.763893	0.053062	0.675797	0.598838	0.429758
36602	5.528749	0.619741	7.806175	1.023130	-0.522528	0.745131	-0.351731	-0.242987	0.904015	0.652661	-0.755949	0.050746	0.671058	0.607864	0.424478
36603	3.270324	1.088714	10.725922	0.996429	-0.028904	0.686605	-0.347096	-0.247968	0.904454	0.661664	-0.748211	0.048790	0.664624	0.615380	0.423773
36604	4.679655	2.192825	13.173458	0.889883	0.566879	0.494486	-0.347565	-0.255089	0.902290	0.669223	-0.741500	0.048155	0.656764	0.620570	0.428431
36605	4.651549	2.994645	12.928030	0.711069	1.460694	0.335707	-0.354913	-0.266648	0.896067	0.674988	-0.736248	0.048259	0.646860	0.621962	0.441288
36606	0.503061	2.335267	11.469620	0.462513	1.762432	0.134187	-0.365339	-0.278518	0.888232	0.678403	-0.733042	0.049178	0.637415	0.620545	0.456756
36607	-0.295930	2.051901	9.934224	0.300397	1.860685	-0.042272	-0.377499	-0.289736	0.879516	0.680100	-0.731345	0.050982	0.628458	0.617404	0.473131
36608	0.273561	1.215960	9.641619	0.195447	1.832228	-0.203028	-0.390336	-0.299463	0.870609	0.680501	-0.730775	0.053736	0.620127	0.613425	0.489032
36609	1.479364	0.917697	10.106057	0.220513	1.867488	-0.344536	-0.404283	-0.308380	0.861079	0.680441	-0.730516	0.057851	0.611192	0.609302	0.505169
36610	2.812624	1.199705	10.825716	0.224968	1.987681	-0.482977	-0.419638	-0.316853	0.850593	0.679775	-0.730695	0.063175	0.601507	0.604722	0.522016
36611	12.849548	-0.023234	9.421264	0.031818	1.687927	-0.582730	-0.433795	-0.322775	0.841212	0.677428	-0.732411	0.068307	0.594065	0.599492	0.536373
36612	6.522158	-2.871097	9.094716	0.230830	2.848313	-0.101185	-0.451219	-0.338937	0.825544	0.678293	-0.731407	0.070448	0.579931	0.591748	0.559923
36613	10.328176	0.273230	6.978722	0.245211	2.157100	-0.108213	-0.464450	-0.350872	0.813127	0.679151	-0.730384	0.072757	0.568366	0.586027	0.577522
36614	8.062545	0.047298	6.902463	-0.068472	2.075193	0.059708	-0.475763	-0.363324	0.801028	0.679002	-0.730606	0.071904	0.559112	0.578109	0.594293
36615	9.033963	-0.068988	7.278747	-0.117314	1.921358	0.042429	-0.486244	-0.374686	0.789416	0.678500	-0.731173	0.070884	0.550640	0.570085	0.609753
36616	7.789735	0.374353	7.458883	-0.101548	1.774910	-0.048699	-0.496297	-0.384319	0.778453	0.677661	-0.731971	0.070667	0.542646	0.562599	0.623713
36617	5.854538	1.459498	8.349778	-0.116422	1.707960	-0.214205	-0.507054	-0.392312	0.767455	0.675903	-0.733504	0.071609	0.534838	0.555034	0.637091
36618	5.252679	2.613325	10.008652	-0.147886	1.714597	-0.453980	-0.519239	-0.398363	0.756107	0.672743	-0.736152	0.074141	0.527074	0.547163	0.650235
36619	7.061405	2.612228	10.086343	-0.268993	1.804213	-0.682894	-0.533363	-0.403128	0.743647	0.667684	-0.740398	0.077514	0.519347	0.537864	0.664064
36620	4.959418	2.329377	9.623817	-0.370791	1.747192	-0.857414	-0.548093	-0.406006	0.731268	0.661089	-0.745882	0.081374	0.512401	0.528034	0.677219
36621	4.923105	1.952001	9.417093	-0.419786	1.688941	-0.978055	-0.563227	-0.407531	0.718814	0.653459	-0.752105	0.085613	0.505734	0.517935	0.689911
36622	5.393749	1.432560	9.647705	-0.399479	1.647748	-1.069829	-0.578471	-0.407842	0.706425	0.645298	-0.758554	0.090478	0.498960	0.508193	0.701982
36623	5.889975	1.420286	10.034144	-0.374069	1.664209	-1.135133	-0.594096	-0.407588	0.693485	0.636730	-0.765114	0.095788	0.491553	0.498470	0.714075
36624	6.182107	1.497147	10.285614	-0.373940	1.702733	-1.186685	-0.609921	-0.406810	0.680075	0.627714	-0.771829	0.101265	0.483706	0.488656	0.726116
36625	6.501718	1.335212	10.133369	-0.395096	1.741080	-1.206444	-0.625890	-0.405892	0.665968	0.618303	-0.778691	0.106499	0.475356	0.478426	0.738339
36626	6.616145	1.156023	10.018747	-0.403303	1.775683	-1.202804	-0.641652	-0.404826	0.651459	0.608730	-0.785512	0.111438	0.466616	0.468067	0.750455
36627	6.720366	0.956327	9.816532	-0.392937	1.798111	-1.173907	-0.657149	-0.403902	0.636411	0.599227	-0.792127	0.116026	0.457255	0.457600	0.762574
36628	6.705143	0.814296	9.678874	-0.367643	1.797479	-1.119220	-0.671955	-0.403072	0.621296	0.590074	-0.798343	0.120254	0.447537	0.447416	0.774293
36629	6.712214	0.714586	9.424686	-0.324420	1.780795	-1.047025	-0.686063	-0.402574	0.606013	0.581463	-0.804046	0.124143	0.437286	0.437544	0.785708
36630	6.650291	0.686725	9.294307	-0.275244	1.771327	-0.948491	-0.699211	-0.402529	0.590825	0.573652	-0.809091	0.127654	0.426647	0.428185	0.796637
36631	6.694748	0.772942	9.153542	-0.220040	1.750535	-0.826090	-0.711385	-0.403251	0.575604	0.566829	-0.813402	0.130695	0.415495	0.419244	0.807216
36632	6.844078	0.782183	8.996890	-0.170534	1.739128	-0.689468	-0.722418	-0.404787	0.560590	0.561135	-0.816931	0.133236	0.404031	0.410819	0.817305
36633	6.941546	0.834857	8.925743	-0.113902	1.726581	-0.547496	-0.732437	-0.407333	0.545542	0.556628	-0.819669	0.135310	0.392047	0.402770	0.827089
36634	7.128368	0.950329	8.845081	-0.040371	1.722747	-0.409878	-0.741377	-0.410783	0.530676	0.553398	-0.821541	0.137188	0.379618	0.395383	0.836398
36635	7.308947	1.084535	8.798966	0.022101	1.728279	-0.280188	-0.749456	-0.415250	0.515639	0.551320	-0.822664	0.138817	0.366554	0.388319	0.845486
36636	7.451395	1.148320	8.749839	0.090090	1.750065	-0.164705	-0.756678	-0.420571	0.500558	0.550350	-0.823040	0.140425	0.352921	0.381739	0.854238
36637	7.356047	1.064122	8.495211	0.158141	1.766419	-0.055700	-0.764569	-0.424204	0.485269	0.547641	-0.824571	0.142031	0.339888	0.374345	0.862752
36638	7.177753	0.953701	8.115671	0.239482	1.764333	0.051076	-0.770175	-0.431119	0.470071	0.548775	-0.823498	0.143866	0.325079	0.368765	0.870825
36639	7.061208	0.824915	7.768261	0.343518	1.744076	0.154909	-0.775769	-0.437247	0.454970	0.549391	-0.822689	0.146123	0.310407	0.363314	0.878436
36640	7.015682	0.872686	7.494768	0.449899	1.692189	0.240288	-0.779587	-0.445276	0.440424	0.552567	-0.820039	0.149016	0.294812	0.359535	0.885336
36641	7.121904	0.995853	7.377581	0.538275	1.625847	0.323271	-0.782932	-0.453013	0.426376	0.555827	-0.817216	0.152365	0.279417	0.356283	0.891621
36642	7.232022	1.217083	7.217839	0.601583	1.562003	0.388273	-0.785031	-0.461666	0.413027	0.560451	-0.813340	0.156116	0.263858	0.354037	0.897238
36643	7.309911	1.319914	7.102825	0.637223	1.500995	0.438508	-0.786541	-0.470388	0.400111	0.565340	-0.809185	0.160035	0.248485	0.352072	0.902386
36644	7.343425	1.372072	6.993232	0.679536	1.433792	0.461679	-0.787398	-0.479092	0.387912	0.570557	-0.804643	0.164361	0.233387	0.350743	0.906923
36645	7.346526	1.379885	6.787663	0.699570	1.356058	0.474297	-0.787397	-0.488300	0.376256	0.576483	-0.799467	0.168879	0.218341	0.349880	0.910995
36646	7.362980	1.410954	6.500365	0.733229	1.272314	0.462931	-0.787430	-0.496380	0.365459	0.581625	-0.794662	0.173850	0.204121	0.349455	0.914448
36647	7.434029	1.492302	6.371616	0.757480	1.155735	0.436722	-0.786621	-0.504808	0.355522	0.587438	-0.789182	0.179187	0.190117	0.349800	0.917331
36648	7.634425	1.601163	6.264283	0.760323	1.040997	0.394735	-0.786234	-0.511501	0.346702	0.591889	-0.784554	0.184779	0.177492	0.350489	0.919595
36649	7.833572	1.667062	6.215394	0.742032	0.931716	0.331664	-0.785321	-0.518266	0.338633	0.596614	-0.779603	0.190449	0.165296	0.351596	0.921443
36650	8.101793	1.655447	6.150258	0.716273	0.837329	0.266579	-0.785094	-0.523230	0.331449	0.599803	-0.775732	0.196154	0.154482	0.352803	0.922857
36651	8.334197	1.624733	6.045642	0.669466	0.777029	0.203741	-0.784554	-0.528323	0.324575	0.603118	-0.771744	0.201644	0.143956	0.353958	0.924116
36652	8.301140	1.548916	5.924100	0.589823	0.716715	0.157630	-0.784631	-0.532019	0.318291	0.605127	-0.768859	0.206584	0.134815	0.354699	0.925210
36653	8.189699	1.286991	5.703121	0.501433	0.646017	0.134082	-0.784219	-0.536046	0.312499	0.607486	-0.765855	0.210778	0.126342	0.355135	0.926238
36654	8.091291	0.994388	5.333714	0.426370	0.548957	0.128241	-0.784144	-0.538920	0.307706	0.608967	-0.763692	0.214323	0.119489	0.355443	0.927029
36655	7.867567	0.642826	4.970125	0.374791	0.450782	0.127446	-0.783500	-0.542109	0.303721	0.610965	-0.761226	0.217384	0.113355	0.355883	0.927630
36656	6.511278	1.688229	5.450540	0.361129	0.197664	0.106847	-0.783098	-0.543569	0.302142	0.612157	-0.759400	0.220401	0.109643	0.357554	0.927434
36657	6.801975	2.250293	1.268538	-0.753985	-0.836656	0.255164	-0.780276	-0.542983	0.310384	0.613704	-0.760373	0.212604	0.120567	0.356373	0.926532
36658	9.682273	-1.633788	2.262655	-0.343136	-1.085568	0.250676	-0.777401	-0.540946	0.320977	0.615176	-0.760284	0.208630	0.131176	0.359646	0.923822
36659	11.848863	-1.095923	2.900509	-0.414839	-1.364595	0.221169	-0.773943	-0.538033	0.333966	0.616633	-0.760346	0.204054	0.144142	0.363860	0.920233
36660	9.030792	-0.448312	5.207474	-0.518309	-1.374005	0.197466	-0.770679	-0.534455	0.347004	0.617326	-0.761223	0.198615	0.157997	0.367283	0.916592
36661	5.051176	0.212400	11.359071	-0.253973	-1.057670	0.147772	-0.767877	-0.531938	0.356941	0.618291	-0.761185	0.195741	0.167576	0.370999	0.913388
36662	5.219167	2.436139	11.306513	-0.289283	-0.828380	0.203899	-0.765223	-0.530350	0.364915	0.619308	-0.761219	0.192362	0.175761	0.373194	0.910952
36663	-0.131311	2.591256	9.799888	-0.553092	-0.914735	0.451112	-0.760632	-0.530582	0.374061	0.621946	-0.760739	0.185632	0.186069	0.373844	0.908636
36664	0.358962	1.617705	7.477904	-0.704288	-1.388040	0.748504	-0.753304	-0.531011	0.388023	0.626200	-0.759447	0.176391	0.201017	0.375856	0.904613
36665	3.300294	1.171677	9.138037	-0.831648	-1.694398	1.023035	-0.743222	-0.532521	0.405021	0.632236	-0.757044	0.164805	0.218857	0.378556	0.899331
36666	6.272427	-0.218687	9.868481	-0.831412	-1.690924	1.074667	-0.732572	-0.534162	0.421911	0.638224	-0.754513	0.152907	0.236660	0.381289	0.893650
36667	11.671075	5.508555	12.937808	-0.386120	-1.717478	1.165719	-0.720849	-0.536410	0.438909	0.645820	-0.749705	0.144424	0.251582	0.387564	0.886849
36668	21.863382	3.012940	17.140132	-1.632130	-0.828982	1.005767	-0.712212	-0.540718	0.447636	0.648737	-0.750592	0.125504	0.268130	0.379783	0.885365
36669	3.074113	-0.292583	6.278773	-0.264237	0.325133	0.298189	-0.711047	-0.544325	0.445110	0.650288	-0.749859	0.121808	0.267466	0.376060	0.887153
36670	1.174809	-0.587076	9.318949	-1.004737	-0.642049	0.407952	-0.706668	-0.544930	0.451300	0.650388	-0.751437	0.111075	0.278596	0.372014	0.885432
36671	8.214685	-2.419940	10.579799	-0.328214	-0.558568	0.344067	-0.702801	-0.545515	0.456601	0.651960	-0.750725	0.106585	0.284638	0.372594	0.883264
36672	4.180798	0.962762	9.294202	-0.363613	-0.278221	0.241751	-0.700453	-0.546238	0.459336	0.652565	-0.750799	0.102270	0.289005	0.371382	0.882356
36673	5.080112	-0.076039	8.778853	-0.307084	-0.549875	0.222756	-0.697371	-0.545904	0.464395	0.653252	-0.750705	0.098507	0.294849	0.372063	0.880133
36674	6.395383	-0.196270	9.858401	-0.303704	-0.379055	0.172280	-0.695145	-0.545731	0.467922	0.653501	-0.750936	0.095035	0.299516	0.371850	0.878645
36675	4.874083	-0.078446	9.048162	-0.174381	-0.302211	0.130360	-0.693373	-0.545605	0.470690	0.653888	-0.750871	0.092862	0.302762	0.372167	0.877398
36676	5.452278	0.520060	9.177390	-0.156579	-0.317207	0.097350	-0.691797	-0.545098	0.473587	0.654037	-0.750965	0.091033	0.306026	0.372720	0.876030
36677	5.094013	0.549086	8.931683	-0.149964	-0.257147	0.084682	-0.690455	-0.544778	0.475909	0.654151	-0.751075	0.089287	0.308802	0.372965	0.874951
36678	4.945598	0.690750	8.948423	-0.119376	-0.267429	0.075769	-0.689156	-0.544292	0.478341	0.654255	-0.751150	0.087885	0.311470	0.373523	0.873766
36679	5.014421	0.952160	8.951767	-0.113098	-0.271936	0.071448	-0.687880	-0.543763	0.480774	0.654326	-0.751246	0.086524	0.314131	0.374101	0.872565
36680	5.163470	0.792850	8.972295	-0.162787	-0.271678	0.080389	-0.686523	-0.543293	0.483238	0.654317	-0.751460	0.084720	0.317106	0.374353	0.871380
36681	5.529447	0.411028	9.131177	-0.132810	-0.257186	0.077705	-0.685248	-0.542849	0.485540	0.654343	-0.751611	0.083157	0.319796	0.374693	0.870250
36682	5.478528	0.128705	8.941205	-0.104527	-0.187874	0.060832	-0.684274	-0.542546	0.487251	0.654376	-0.751715	0.081955	0.321809	0.374926	0.869408
36683	5.341453	0.353307	9.071832	-0.062670	-0.164443	0.053291	-0.683486	-0.542214	0.488724	0.654400	-0.751784	0.081120	0.323431	0.375265	0.868659
36684	5.288913	0.295417	8.962069	-0.055013	-0.124460	0.041627	-0.682836	-0.542003	0.489865	0.654458	-0.751807	0.080442	0.324684	0.375525	0.868079
36685	5.253964	0.379396	8.883078	-0.037710	-0.113870	0.029722	-0.682372	-0.541671	0.490878	0.654386	-0.751923	0.079937	0.325803	0.375771	0.867554
36686	5.094578	0.584794	8.890557	-0.011857	-0.114854	0.030330	-0.681824	-0.541411	0.491925	0.654506	-0.751845	0.079689	0.326707	0.376302	0.866983
36687	5.120810	0.581354	8.915500	-0.027719	-0.106952	0.026127	-0.681408	-0.541071	0.492874	0.654435	-0.751950	0.079288	0.327716	0.376582	0.866481
36688	5.148334	0.628183	8.920638	-0.021565	-0.111857	0.034451	-0.680841	-0.540852	0.493897	0.654551	-0.751886	0.078936	0.328662	0.377023	0.865930
36689	5.118861	0.590845	8.857677	-0.032775	-0.094510	0.029503	-0.680483	-0.540530	0.494742	0.654426	-0.752043	0.078474	0.329650	0.377172	0.865490
36690	5.221093	0.468880	8.919249	-0.043851	-0.108720	0.025016	-0.679987	-0.540251	0.495729	0.654403	-0.752115	0.077975	0.330719	0.377428	0.864970
36691	5.015482	0.475295	8.774769	-0.004510	-0.088841	0.025785	-0.679682	-0.539906	0.496522	0.654328	-0.752201	0.077775	0.331492	0.377751	0.864533
36692	5.150950	0.707730	8.900086	-0.029291	-0.119337	0.020401	-0.679178	-0.539552	0.497596	0.654321	-0.752243	0.077425	0.332538	0.378173	0.863947
36693	5.177413	0.571678	8.825418	-0.017987	-0.107361	0.025438	-0.678821	-0.539122	0.498548	0.654186	-0.752393	0.077111	0.333531	0.378487	0.863426
36694	5.166203	0.573195	8.831313	-0.027100	-0.110775	0.031633	-0.678269	-0.538884	0.499555	0.654262	-0.752366	0.076724	0.334503	0.378879	0.862878
36695	5.189692	0.624272	8.877937	-0.030432	-0.117044	0.028547	-0.677842	-0.538460	0.500591	0.654127	-0.752528	0.076286	0.335632	0.379160	0.862316
36696	5.278470	0.554215	8.887644	-0.022951	-0.119342	0.028917	-0.677277	-0.538168	0.501669	0.654197	-0.752501	0.075948	0.336633	0.379628	0.861719
36697	5.284352	0.473497	8.804597	-0.028258	-0.097420	0.031574	-0.676922	-0.537804	0.502538	0.654048	-0.752674	0.075513	0.337636	0.379801	0.861251
36698	5.280465	0.546918	8.846780	-0.019600	-0.096090	0.031830	-0.676414	-0.537621	0.503416	0.654149	-0.752619	0.075189	0.338457	0.380168	0.860766
36699	5.198395	0.605393	8.754562	-0.023127	-0.087362	0.032262	-0.676079	-0.537309	0.504198	0.654031	-0.752761	0.074795	0.339353	0.380329	0.860343
36700	4.982200	0.608924	8.755156	-0.027562	-0.076943	0.033753	-0.675622	-0.537213	0.504912	0.654117	-0.752726	0.074393	0.340096	0.380533	0.859959
36701	5.252636	0.591037	8.763911	-0.042743	-0.130592	0.039789	-0.675155	-0.536708	0.506074	0.653889	-0.752983	0.073792	0.341460	0.380737	0.859328
36702	5.234847	0.505919	8.792146	-0.034640	-0.110484	0.038261	-0.674552	-0.536518	0.507078	0.653980	-0.752952	0.073305	0.342475	0.381067	0.858777
36703	6.233185	0.212861	9.044057	-0.041153	-0.116425	0.024784	-0.674221	-0.535962	0.508104	0.653664	-0.753276	0.072794	0.343728	0.381209	0.858214
36704	4.977163	0.402217	8.696370	0.034001	0.019527	0.019304	-0.674187	-0.536125	0.507978	0.653862	-0.753084	0.072993	0.343417	0.381358	0.858272
36705	5.495236	0.536821	8.746892	-0.028933	-0.021838	0.017277	-0.674208	-0.535901	0.508187	0.653568	-0.753376	0.072623	0.343937	0.381098	0.858179
36706	5.301840	0.495555	8.873230	0.008648	-0.023495	0.016147	-0.674047	-0.535875	0.508427	0.653658	-0.753298	0.072621	0.344081	0.381287	0.858037
36707	5.163760	0.388655	8.770465	-0.011361	-0.009971	0.010794	-0.674175	-0.535616	0.508531	0.653344	-0.753588	0.072435	0.344425	0.381080	0.857992
36708	5.323193	0.513355	8.743245	-0.011041	-0.012494	0.007826	-0.674106	-0.535570	0.508671	0.653310	-0.753629	0.072306	0.344624	0.381062	0.857920
36709	5.095259	0.474168	8.809903	0.008358	-0.009205	0.015266	-0.674238	-0.535307	0.508772	0.653052	-0.753857	0.072266	0.344857	0.380979	0.857863
36710	5.371315	0.641010	8.718680	-0.030377	0.000602	0.012660	-0.674183	-0.535348	0.508803	0.652984	-0.753947	0.071946	0.345094	0.380745	0.857871
36711	5.091261	0.517739	8.931549	-0.002769	-0.030237	0.014770	-0.674228	-0.535023	0.509085	0.652707	-0.754199	0.071814	0.345529	0.380702	0.857715
36712	5.504518	0.117420	8.715286	-0.037858	0.006160	0.000235	-0.674273	-0.534991	0.509059	0.652529	-0.754384	0.071493	0.345778	0.380382	0.857757
36713	5.186036	0.619924	8.900357	0.065103	-0.009671	-0.011150	-0.674562	-0.534544	0.509146	0.652306	-0.754521	0.072074	0.345635	0.380737	0.857657
36714	5.324965	0.408408	8.780070	-0.027258	0.000864	-0.009104	-0.674649	-0.534421	0.509159	0.652102	-0.754715	0.071892	0.345849	0.380525	0.857665
36715	5.263508	0.380351	8.734805	0.008977	0.012517	-0.010563	-0.675041	-0.534023	0.509057	0.651645	-0.755101	0.071988	0.345946	0.380319	0.857717
36716	5.311304	0.498512	8.769361	-0.004405	-0.015076	-0.006477	-0.675056	-0.533859	0.509208	0.651537	-0.755194	0.071988	0.346119	0.380364	0.857627
36717	5.281875	0.431275	8.745127	-0.009286	0.008933	-0.010296	-0.675483	-0.533385	0.509140	0.650948	-0.755708	0.071926	0.346396	0.380008	0.857673
36718	5.292930	0.477222	8.897791	-0.025451	-0.012324	-0.011281	-0.675539	-0.533195	0.509264	0.650734	-0.755906	0.071771	0.346688	0.379879	0.857612
36719	5.263011	0.391291	8.676081	-0.015371	0.007738	-0.010202	-0.675904	-0.532790	0.509204	0.650204	-0.756373	0.071656	0.346971	0.379519	0.857658
36720	5.376049	0.548858	8.912178	-0.013157	-0.009237	-0.007075	-0.675943	-0.532644	0.509305	0.650061	-0.756502	0.071584	0.347162	0.379467	0.857604
36721	5.318909	0.434318	8.705092	-0.020002	0.003721	-0.005381	-0.676296	-0.532216	0.509285	0.649499	-0.757002	0.071405	0.347527	0.379071	0.857631
36722	5.293221	0.536171	8.819932	-0.019102	0.002032	-0.006448	-0.676370	-0.532117	0.509290	0.649340	-0.757150	0.071279	0.347680	0.378913	0.857638
36723	5.257966	0.485084	8.779515	-0.015830	0.007602	-0.007710	-0.676744	-0.531694	0.509234	0.648786	-0.757638	0.071147	0.347986	0.378532	0.857682
36724	5.254923	0.381741	8.819072	-0.027097	0.003521	-0.008594	-0.676837	-0.531584	0.509225	0.648584	-0.757827	0.070964	0.348181	0.378306	0.857703
36725	5.237693	0.381912	8.789186	0.007642	0.006239	-0.010947	-0.677222	-0.531137	0.509179	0.648096	-0.758237	0.071049	0.348341	0.378113	0.857723
36726	5.196840	0.536673	8.854005	-0.018306	-0.010156	-0.011946	-0.677289	-0.530950	0.509284	0.647902	-0.758412	0.070958	0.348572	0.378026	0.857668
36727	5.297350	0.528371	8.778257	-0.004820	-0.023050	-0.007943	-0.677569	-0.530394	0.509493	0.647366	-0.758872	0.070921	0.349024	0.377882	0.857547
36728	5.198692	0.548479	8.793894	-0.013868	-0.012727	-0.009454	-0.677611	-0.530216	0.509622	0.647204	-0.759017	0.070856	0.349243	0.377842	0.857476
36729	5.289697	0.562387	8.743481	0.005113	-0.015449	-0.007398	-0.677929	-0.529670	0.509766	0.646682	-0.759457	0.070902	0.349591	0.377723	0.857386
36730	5.337673	0.533975	8.736110	-0.039155	-0.009959	-0.000161	-0.677921	-0.529573	0.509878	0.646495	-0.759648	0.070572	0.349955	0.377476	0.857347
36731	5.338104	0.532149	8.735959	-0.004578	-0.000087	-0.002970	-0.678246	-0.529141	0.509894	0.645994	-0.760079	0.070512	0.350249	0.377213	0.857343
36732	5.361541	0.469374	8.702248	-0.048259	0.006232	0.006180	-0.678253	-0.529154	0.509872	0.645817	-0.760270	0.070072	0.350561	0.376810	0.857392
36733	5.335571	0.475626	8.756605	-0.016525	0.018509	0.006096	-0.678615	-0.528820	0.509736	0.645291	-0.760736	0.069863	0.350829	0.376338	0.857490
36734	5.217219	0.495473	8.743902	-0.003748	0.013898	0.003856	-0.678664	-0.528844	0.509646	0.645254	-0.760771	0.069816	0.350802	0.376233	0.857547
36735	5.245628	0.402779	8.785895	-0.044410	0.022444	0.006885	-0.679028	-0.528540	0.509477	0.644645	-0.761329	0.069364	0.351218	0.375532	0.857684
36736	5.187753	0.513611	8.741301	0.013159	0.021005	0.003237	-0.679106	-0.528585	0.509326	0.644663	-0.761304	0.069466	0.351033	0.375518	0.857765
36737	5.369730	0.532189	8.956647	-0.023181	-0.014902	0.008016	-0.679343	-0.528134	0.509478	0.644119	-0.761790	0.069189	0.351574	0.375168	0.857698
36738	5.194955	0.386727	8.754866	-0.029531	0.000166	0.003364	-0.679346	-0.528102	0.509506	0.643988	-0.761924	0.068924	0.351806	0.374939	0.857702
36739	5.183141	0.513215	8.783744	0.001723	0.022099	0.005824	-0.679717	-0.527787	0.509339	0.643532	-0.762315	0.068873	0.351927	0.374590	0.857805
36740	5.368727	0.539604	8.898520	-0.020359	-0.029082	0.009118	-0.679580	-0.527689	0.509622	0.643472	-0.762385	0.068657	0.352299	0.374585	0.857655
36741	5.214000	0.432525	8.765190	-0.017941	-0.008075	0.001213	-0.679871	-0.527229	0.509711	0.642918	-0.762870	0.068460	0.352749	0.374246	0.857618
36742	5.145408	0.539665	8.647519	-0.010914	0.007787	0.012336	-0.679844	-0.527293	0.509680	0.642913	-0.762887	0.068308	0.352809	0.374119	0.857648
36743	5.472952	0.501039	8.938871	-0.011029	-0.034092	0.011595	-0.679967	-0.526826	0.509998	0.642466	-0.763280	0.068118	0.353385	0.373975	0.857474
36744	5.262837	0.412657	8.698388	-0.029713	-0.006430	0.010680	-0.679901	-0.526825	0.510088	0.642384	-0.763377	0.067814	0.353663	0.373779	0.857445
36745	5.300748	0.497652	8.778001	-0.022761	-0.008895	0.013401	-0.680122	-0.526439	0.510193	0.641877	-0.763830	0.067513	0.354159	0.373398	0.857406
36746	5.278541	0.462266	8.750224	-0.011933	-0.012795	0.012802	-0.680019	-0.526430	0.510338	0.641871	-0.763849	0.067351	0.354366	0.373371	0.857332
36747	5.058942	0.528622	8.636763	0.002284	0.020949	0.011624	-0.680341	-0.526162	0.510186	0.641463	-0.764199	0.067274	0.354487	0.373034	0.857429
36748	5.500517	0.524187	8.964064	-0.011798	-0.041523	0.016997	-0.680110	-0.526078	0.510581	0.641487	-0.764195	0.067091	0.354888	0.373160	0.857208
36749	5.129502	0.365250	8.772035	-0.024810	-0.008859	0.010690	-0.680343	-0.525677	0.510683	0.640960	-0.764663	0.066786	0.355393	0.372765	0.857171
36750	5.277868	0.565250	8.792708	-0.027818	-0.032668	0.020602	-0.680119	-0.525654	0.511004	0.640951	-0.764700	0.066448	0.355837	0.372721	0.857006
36751	5.105007	0.437872	8.787471	0.012022	-0.019266	0.023093	-0.680238	-0.525305	0.511205	0.640635	-0.764969	0.066396	0.356178	0.372661	0.856890
36752	5.467719	0.507491	8.784546	-0.042905	-0.043126	0.019128	-0.679986	-0.525232	0.511615	0.640562	-0.765070	0.065936	0.356790	0.372556	0.856681
36753	5.304911	0.451371	8.814816	0.010710	-0.035361	0.022639	-0.680023	-0.524856	0.511952	0.640278	-0.765314	0.065874	0.357229	0.372587	0.856485
36754	5.121012	0.466275	8.779339	0.006847	-0.033925	0.025973	-0.679760	-0.524869	0.512287	0.640428	-0.765194	0.065805	0.357459	0.372815	0.856290
36755	5.470234	0.480530	8.723011	-0.039092	-0.042637	0.031506	-0.679739	-0.524500	0.512693	0.639989	-0.765607	0.065272	0.358286	0.372486	0.856087
36756	5.209228	0.431983	8.828349	0.014243	-0.050012	0.033947	-0.679367	-0.524515	0.513171	0.640220	-0.765417	0.065225	0.358578	0.372854	0.855805
36757	5.244022	0.404788	8.788322	0.007182	-0.058020	0.026816	-0.679329	-0.524040	0.513705	0.639900	-0.765694	0.065112	0.359220	0.372953	0.855492
36758	5.453658	0.314235	8.628977	-0.027931	-0.039240	0.028031	-0.679033	-0.524050	0.514087	0.639940	-0.765693	0.064734	0.359709	0.372941	0.855292
36759	5.256534	0.489379	8.803118	0.010464	-0.052456	0.025561	-0.679014	-0.523598	0.514573	0.639635	-0.765955	0.064655	0.360286	0.373040	0.855006
36760	5.205599	0.445211	8.771077	0.030771	-0.058740	0.027894	-0.678649	-0.523533	0.515120	0.639885	-0.765735	0.064779	0.360532	0.373580	0.854666
36761	5.538334	0.367936	8.621479	-0.018584	-0.036422	0.034494	-0.678615	-0.523229	0.515474	0.639558	-0.766040	0.064405	0.361175	0.373382	0.854481
36762	5.276591	0.520730	8.792292	0.018044	-0.054105	0.030215	-0.678251	-0.523199	0.515983	0.639777	-0.765857	0.064409	0.361470	0.373800	0.854174
36763	5.184105	0.413477	8.564239	-0.002988	-0.043462	0.029488	-0.678191	-0.522872	0.516393	0.639520	-0.766090	0.064194	0.362038	0.373780	0.853942
36764	5.455635	0.462132	9.105859	0.050711	-0.092614	0.028740	-0.677696	-0.522687	0.517230	0.639848	-0.765791	0.064484	0.362385	0.374649	0.853414
36765	5.329455	0.234758	8.616022	-0.000737	-0.040829	0.032744	-0.677653	-0.522357	0.517620	0.639578	-0.766035	0.064271	0.362942	0.374612	0.853193
36766	5.267037	0.602918	8.838576	0.055916	-0.085916	0.061099	-0.676974	-0.522443	0.518419	0.640144	-0.765548	0.064437	0.363210	0.375485	0.852695
36767	4.912556	0.464792	8.619021	0.132407	-0.035510	0.086735	-0.676586	-0.522571	0.518798	0.640750	-0.764986	0.065079	0.362865	0.376452	0.852416
36768	5.234166	0.101539	9.361132	0.005286	-0.205681	0.059070	-0.675484	-0.522188	0.520616	0.641118	-0.764700	0.064823	0.364265	0.377563	0.851326
36769	5.070275	-0.053412	8.954136	0.129520	-0.182071	0.037169	-0.674889	-0.521365	0.522210	0.641362	-0.764420	0.065694	0.364937	0.379262	0.850283
36770	5.162912	0.062005	8.923361	0.076247	-0.253583	0.011258	-0.673914	-0.520428	0.524399	0.641666	-0.764114	0.066289	0.366202	0.381162	0.848889
36771	4.952160	0.318292	8.950340	0.203254	-0.253406	-0.002537	-0.673327	-0.518997	0.526567	0.641886	-0.763780	0.067988	0.366895	0.383774	0.847411
36772	5.419224	0.193896	8.755968	0.121877	-0.361557	0.006282	-0.671982	-0.517593	0.529658	0.642326	-0.763320	0.068993	0.368588	0.386575	0.845401
36773	5.106529	0.484972	9.063023	0.211011	-0.389172	-0.000551	-0.670872	-0.515636	0.532964	0.642594	-0.762934	0.070740	0.370140	0.389937	0.843176
36774	5.384199	0.465746	8.777422	0.215125	-0.431872	0.006529	-0.669253	-0.513934	0.536631	0.643385	-0.762100	0.072523	0.371694	0.393797	0.840695
36775	5.597428	0.516153	8.548070	0.210563	-0.405898	0.021572	-0.667879	-0.512113	0.540072	0.643874	-0.761531	0.074137	0.373315	0.397253	0.838347
36776	5.475404	0.714050	8.761954	0.230768	-0.454930	0.028390	-0.666019	-0.510453	0.543927	0.644876	-0.760507	0.075923	0.374905	0.401332	0.835691
36777	5.656762	0.488126	8.545767	0.212458	-0.433067	0.042563	-0.664384	-0.508663	0.547591	0.645531	-0.759799	0.077427	0.376675	0.404928	0.833156
36778	5.544835	0.775499	8.776153	0.223287	-0.485615	0.039161	-0.662322	-0.506924	0.551686	0.646583	-0.758734	0.079077	0.378497	0.409085	0.830295
36779	5.738876	0.673095	8.286515	0.214550	-0.460873	0.059597	-0.660442	-0.505132	0.555571	0.647383	-0.757903	0.080490	0.380411	0.412826	0.827564
36780	5.857111	0.834608	8.739324	0.189047	-0.506618	0.069405	-0.658084	-0.503496	0.559837	0.648511	-0.756811	0.081673	0.382569	0.416808	0.824568
36781	5.404285	0.741698	8.349087	0.212791	-0.470903	0.072351	-0.656040	-0.501751	0.563789	0.649427	-0.755883	0.082983	0.384521	0.420580	0.821740
36782	5.893337	0.644804	8.730966	0.123673	-0.583410	0.086899	-0.653247	-0.499882	0.568670	0.650423	-0.754967	0.083515	0.387580	0.424432	0.818315
36783	5.535783	0.719127	8.591263	0.163693	-0.577003	0.085331	-0.650703	-0.497712	0.573470	0.651200	-0.754206	0.084330	0.390542	0.428318	0.814875
36784	5.874347	0.709551	8.181411	0.117344	-0.592976	0.085303	-0.647847	-0.495743	0.578388	0.652164	-0.753320	0.084803	0.393671	0.432144	0.811342
36785	5.993859	0.707262	8.472349	0.090571	-0.662795	0.103796	-0.644783	-0.493323	0.583856	0.652808	-0.752751	0.084900	0.397615	0.435888	0.807406
36786	5.861328	0.791972	8.518653	0.070101	-0.669173	0.116661	-0.641371	-0.491210	0.589369	0.653788	-0.751912	0.084791	0.401503	0.439705	0.803402
36787	5.692385	0.862517	8.425434	0.036099	-0.701875	0.132579	-0.637881	-0.488816	0.595119	0.654432	-0.751411	0.084264	0.405990	0.443215	0.799208
36788	5.962472	0.799834	8.786213	-0.000680	-0.807675	0.161738	-0.633545	-0.486374	0.601714	0.655407	-0.750668	0.083302	0.411172	0.447144	0.794355
36789	5.576958	0.868838	8.789014	-0.032445	-0.903042	0.206488	-0.628656	-0.483584	0.609047	0.656231	-0.750116	0.081765	0.417316	0.451078	0.788908
36790	5.746076	0.900788	8.824950	-0.074350	-1.057560	0.266488	-0.622478	-0.480726	0.617595	0.657536	-0.749211	0.079560	0.424462	0.455615	0.782462
36791	5.585659	1.069682	9.000435	-0.090855	-1.209857	0.346677	-0.615218	-0.477495	0.627300	0.658940	-0.748278	0.076666	0.432787	0.460519	0.774995
36792	5.675168	1.165703	9.040768	-0.156965	-1.395145	0.442267	-0.606217	-0.474277	0.638405	0.660905	-0.746943	0.072672	0.442386	0.465980	0.766262
36793	5.533356	1.021559	9.089741	-0.171196	-1.573779	0.554789	-0.595709	-0.470752	0.650787	0.663112	-0.745446	0.067766	0.453225	0.471913	0.756230
36794	5.293128	0.918791	9.009227	-0.096567	-1.823652	0.660289	-0.582972	-0.466926	0.664923	0.666511	-0.742852	0.062715	0.464657	0.479740	0.744274
36795	6.490713	1.091765	9.067202	-0.063069	-2.109617	0.732405	-0.568351	-0.461865	0.680924	0.670070	-0.740083	0.057299	0.477476	0.488833	0.730109
36796	6.045849	0.692603	8.564170	-0.051874	-2.298487	0.836868	-0.551619	-0.456629	0.698002	0.674458	-0.736538	0.051173	0.490738	0.499001	0.714265
36797	7.077844	0.873377	8.558363	0.099247	-2.565327	0.936272	-0.532707	-0.450309	0.716550	0.679699	-0.732095	0.045232	0.504215	0.511134	0.696067
36798	7.432791	1.207639	8.946443	0.207151	-2.646838	1.038369	-0.512126	-0.444113	0.735180	0.686135	-0.726421	0.039139	0.516668	0.524477	0.676741
36799	7.544927	0.828601	8.215988	0.142287	-2.704259	1.102872	-0.490565	-0.437520	0.753606	0.692087	-0.721111	0.031864	0.529492	0.537192	0.656554
36800	8.424305	0.719463	8.214078	0.393502	-2.865942	1.138595	-0.467329	-0.430013	0.772459	0.699601	-0.714070	0.025742	0.540520	0.552443	0.634543
36801	8.254343	0.991847	7.597248	0.518333	-2.737500	1.187028	-0.444251	-0.422896	0.789810	0.707497	-0.706442	0.019694	0.549627	0.567537	0.613035
36802	9.814209	1.994669	8.693406	0.848641	-2.753462	1.185851	-0.420608	-0.415284	0.806615	0.717273	-0.696623	0.015366	0.555526	0.585026	0.590877
36803	9.633248	3.030911	8.784074	0.670135	-2.510183	1.343721	-0.397078	-0.409522	0.821353	0.726190	-0.687443	0.008317	0.561228	0.599761	0.570360
36804	9.531819	1.071048	8.012971	0.236771	-2.514548	1.400940	-0.372666	-0.403809	0.835499	0.732881	-0.680354	-0.001931	0.569215	0.611601	0.549489
36805	9.319803	-0.033099	7.437098	0.543284	-2.455383	1.399265	-0.348370	-0.398042	0.848647	0.740954	-0.671469	-0.010778	0.574130	0.625053	0.528850
36806	8.655044	0.523845	7.670109	0.638046	-2.213693	1.434188	-0.324965	-0.393559	0.859947	0.749418	-0.661805	-0.019681	0.576863	0.638064	0.510003
36807	8.231515	0.357321	7.166813	0.730649	-2.212627	1.453043	-0.301286	-0.388796	0.870669	0.758114	-0.651495	-0.028587	0.578351	0.651454	0.491038
36808	8.018088	0.445840	6.761751	0.645351	-2.140490	1.526396	-0.277281	-0.384523	0.880487	0.766232	-0.641391	-0.038805	0.579658	0.663897	0.472479
36809	8.320217	-0.042326	6.294613	0.651023	-2.132819	1.529963	-0.253186	-0.379935	0.889689	0.773996	-0.631267	-0.049315	0.580368	0.676130	0.453896
36810	7.483259	0.098550	5.838209	0.667246	-1.980852	1.593117	-0.229325	-0.376337	0.897653	0.781680	-0.620735	-0.060542	0.579989	0.687793	0.436525
36811	7.277099	-0.257490	5.025662	0.596643	-2.068314	1.647937	-0.204452	-0.372111	0.905391	0.788649	-0.610516	-0.072829	0.579856	0.699145	0.418286
36812	5.346053	-1.294968	5.330593	0.584130	-2.055404	1.702574	-0.179081	-0.367870	0.912470	0.795270	-0.600143	-0.085873	0.579202	0.710282	0.400030
36813	5.986335	-1.871952	5.014462	0.772905	-2.184177	1.680464	-0.153096	-0.362185	0.919447	0.802467	-0.588557	-0.098225	0.576723	0.722788	0.380747
36814	4.450021	0.084815	6.933408	0.941297	-2.071350	1.550939	-0.128719	-0.356050	0.925559	0.810034	-0.576165	-0.108991	0.572081	0.735705	0.362576
36815	8.105988	5.012436	10.158727	0.974890	-1.610577	0.802343	-0.113096	-0.348679	0.930393	0.816493	-0.566201	-0.112942	0.566170	0.746886	0.348729
36816	14.623024	8.690976	11.912470	0.444339	-0.063144	-0.015665	-0.112896	-0.348057	0.930651	0.818959	-0.562974	-0.111202	0.562637	0.749611	0.348602
36817	7.136079	6.775981	12.653739	-0.256285	1.044060	-0.597001	-0.123740	-0.352470	0.927606	0.816757	-0.567064	-0.106520	0.563557	0.744448	0.358051
36818	3.617222	5.685879	9.900511	-0.746769	1.631527	-1.124280	-0.142145	-0.358044	0.922821	0.811014	-0.576624	-0.098800	0.567495	0.734377	0.372343
36819	1.228223	3.100443	7.662127	-1.225254	1.650811	-1.459449	-0.163440	-0.361527	0.917925	0.801731	-0.590875	-0.089967	0.574904	0.721225	0.386420
36820	0.983026	0.396929	6.637106	-1.300563	1.441494	-1.682835	-0.185215	-0.361695	0.913714	0.791241	-0.606299	-0.079615	0.582780	0.708222	0.398483
36821	1.984521	-1.272554	6.845411	-1.020304	1.274168	-1.817544	-0.207072	-0.359492	0.909883	0.781641	-0.620107	-0.067116	0.588353	0.697304	0.409400
36822	3.411452	-1.135307	7.934692	-0.690817	1.242342	-1.865711	-0.228931	-0.356361	0.905869	0.773469	-0.631615	-0.053001	0.591047	0.688527	0.420230
36823	4.642770	-0.556644	8.986522	-0.541590	1.342039	-1.855610	-0.251256	-0.353718	0.900974	0.765739	-0.641998	-0.038502	0.592043	0.680237	0.432162
36824	5.409534	0.012767	9.795118	-0.557700	1.543893	-1.792294	-0.274076	-0.352489	0.894782	0.757695	-0.652137	-0.024817	0.592268	0.671169	0.445814
36825	5.927922	-0.143717	10.084923	-0.658282	1.774754	-1.694439	-0.297462	-0.353157	0.887016	0.748873	-0.662592	-0.012669	0.592204	0.660494	0.461565
36826	6.061990	-0.656819	9.861245	-0.738371	1.999745	-1.567020	-0.320984	-0.355716	0.877744	0.739621	-0.673020	-0.002276	0.591549	0.648467	0.479124
36827	6.129670	-1.297402	9.453520	-0.716004	2.186948	-1.430127	-0.344529	-0.360051	0.866985	0.730543	-0.682833	0.006734	0.589582	0.635690	0.498289
36828	6.122222	-1.632176	9.115261	-0.612240	2.326548	-1.278918	-0.367515	-0.365842	0.855039	0.722352	-0.691369	0.014670	0.585781	0.623031	0.518356
36829	6.153492	-1.442367	8.900105	-0.471169	2.429955	-1.116092	-0.389822	-0.373062	0.841941	0.715280	-0.698502	0.021673	0.580012	0.610672	0.539135
36830	6.256513	-0.980117	8.892564	-0.352335	2.493991	-0.954359	-0.411015	-0.381386	0.828016	0.709386	-0.704274	0.027739	0.572571	0.598785	0.560017
36831	6.398743	-0.418277	8.901386	-0.281428	2.546891	-0.800490	-0.431268	-0.390810	0.813189	0.704308	-0.709140	0.032719	0.563877	0.586846	0.581080
36832	6.474956	0.050642	9.019919	-0.250700	2.572648	-0.702641	-0.450607	-0.400692	0.797746	0.699765	-0.713418	0.036927	0.554330	0.574874	0.601862
36833	6.742637	0.664464	9.028158	-0.214324	2.591429	-0.657215	-0.469548	-0.410708	0.781565	0.695451	-0.717413	0.040816	0.543942	0.562705	0.622487
36834	7.008086	0.778573	9.599763	-0.254731	2.564699	-0.720782	-0.488382	-0.419729	0.765056	0.690581	-0.721866	0.044806	0.533461	0.550216	0.642403
36835	11.995993	2.293809	6.614418	-0.151608	2.331463	-1.180207	-0.508933	-0.423846	0.749228	0.683778	-0.727780	0.052762	0.522910	0.539157	0.660208
36836	7.405600	7.691238	8.824551	-0.980049	2.691266	-1.582506	-0.533646	-0.426430	0.730329	0.670391	-0.739743	0.057923	0.515556	0.520516	0.680636
36837	14.318802	4.288097	3.893953	-1.676072	2.325251	-2.453083	-0.561911	-0.419855	0.712726	0.648208	-0.758763	0.064071	0.513889	0.497997	0.698510
36838	6.398874	6.573594	6.282328	-2.870293	1.861144	-3.143675	-0.591427	-0.404503	0.697561	0.615167	-0.785630	0.065996	0.521330	0.468148	0.713479
36839	5.615017	-5.056672	4.643229	-3.191443	1.222962	-3.294664	-0.617645	-0.383657	0.686529	0.578304	-0.813159	0.065857	0.532991	0.437699	0.724114
36840	9.396806	-5.515235	6.791154	-1.341589	1.329399	-3.048129	-0.641967	-0.364254	0.674683	0.551905	-0.830359	0.076841	0.532240	0.421690	0.734097
36841	8.973586	-1.705250	8.362987	-0.424983	1.359153	-2.530956	-0.662984	-0.348719	0.662455	0.533012	-0.841243	0.090604	0.525690	0.413166	0.743602
36842	9.468085	1.646085	9.548473	-0.315777	1.439345	-1.952079	-0.680767	-0.338045	0.649833	0.518192	-0.849272	0.101066	0.517720	0.405541	0.753328
36843	9.082369	2.663818	9.496417	-0.494824	1.594562	-1.426609	-0.696349	-0.332209	0.636188	0.505693	-0.856120	0.106459	0.509287	0.395848	0.764154
36844	8.684586	1.617671	9.056951	-0.774556	1.656087	-0.990644	-0.709686	-0.330086	0.622406	0.494756	-0.862451	0.106745	0.501559	0.383694	0.775382
36845	8.129980	0.172802	8.648717	-0.722202	1.707444	-0.649776	-0.721449	-0.330850	0.608317	0.486380	-0.867406	0.105072	0.492895	0.371677	0.786709
