// General information: 
//  MT Manager version: 2022.2.0 
//  XDA version: 2022.2.0 build 7381 rev 124627 built on 2023-07-19
// Device information: 
//  DeviceId: 00B4CBA7
//  ProductCode: MTW2-3A7G6
//  Firmware Version: 4.6.0
//  Hardware Version: 2.0.0
// Device settings: 
//  Filter Profile: human(46.1)
//  Option Flags: Orientation Smoother Disabled, Position/Velocity Smoother Disabled, Continuous Zero Rotation Update Disabled, AHS Disabled, ICC Disabled
// Coordinate system: ENU
PacketCounter	Acc_X	Acc_Y	Acc_Z	Gyr_X	Gyr_Y	Gyr_Z	Mat[1][1]	Mat[2][1]	Mat[3][1]	Mat[1][2]	Mat[2][2]	Mat[3][2]	Mat[1][3]	Mat[2][3]	Mat[3][3]
44354	8.601173	1.601966	-4.454978	0.067950	-0.293733	-0.121923	-0.344313	-0.350046	0.871158	-0.481114	0.862585	0.156448	-0.806212	-0.365259	-0.465411
44355	8.517122	1.744176	-4.375231	0.042655	-0.299632	-0.124934	-0.345798	-0.352469	0.869592	-0.482598	0.861597	0.157321	-0.804688	-0.365262	-0.468039
44356	8.449414	1.824625	-4.401219	-0.004365	-0.310114	-0.119585	-0.347693	-0.354663	0.867942	-0.482987	0.861178	0.158417	-0.803638	-0.364124	-0.470723
44357	8.460574	1.704935	-4.507805	-0.071378	-0.314263	-0.108498	-0.349274	-0.357124	0.866297	-0.483815	0.860483	0.159663	-0.802453	-0.363361	-0.473326
44358	8.375103	1.499320	-4.666559	-0.065403	-0.312424	-0.122071	-0.351168	-0.359340	0.864613	-0.483727	0.860271	0.161067	-0.801679	-0.361675	-0.475922
44359	8.348688	1.396268	-4.787345	-0.025369	-0.306785	-0.132654	-0.352716	-0.361829	0.862943	-0.484630	0.859528	0.162312	-0.800453	-0.360958	-0.478522
44360	8.326868	1.338526	-4.997167	0.041994	-0.301060	-0.141051	-0.354419	-0.364160	0.861264	-0.485474	0.858853	0.163363	-0.799189	-0.360222	-0.481183
44361	8.309750	1.339982	-5.113610	0.086849	-0.288452	-0.146561	-0.355839	-0.366577	0.859651	-0.487003	0.857825	0.164211	-0.797626	-0.360220	-0.483771
44362	8.338126	1.287137	-5.107625	0.104827	-0.276344	-0.145192	-0.357312	-0.368850	0.858066	-0.488365	0.856901	0.164987	-0.796133	-0.360098	-0.486314
44363	8.295376	1.156108	-5.205191	0.124878	-0.264292	-0.150200	-0.358111	-0.371661	0.856519	-0.491465	0.855022	0.165529	-0.793863	-0.361671	-0.488851
44364	8.288729	1.011640	-5.065464	0.162475	-0.256214	-0.143628	-0.359414	-0.373848	0.855020	-0.493279	0.853886	0.165999	-0.792147	-0.362101	-0.491310
44365	8.267135	0.844590	-4.903555	0.201631	-0.254862	-0.153434	-0.360555	-0.376191	0.853511	-0.495779	0.852386	0.166259	-0.790066	-0.363207	-0.493839
44366	8.229720	0.723691	-4.816827	0.266521	-0.245775	-0.151992	-0.361717	-0.378412	0.852036	-0.498440	0.850829	0.166272	-0.787857	-0.364546	-0.496375
44367	8.184304	0.678771	-4.795520	0.383549	-0.244441	-0.168347	-0.362775	-0.380725	0.850554	-0.502111	0.848767	0.165767	-0.785034	-0.366937	-0.499078
44368	8.082164	0.882095	-4.574796	0.472941	-0.258387	-0.181270	-0.363863	-0.383246	0.848956	-0.506485	0.846319	0.164976	-0.781714	-0.369954	-0.502053
44369	8.013864	1.018726	-4.476059	0.515912	-0.273823	-0.187784	-0.364904	-0.385945	0.847284	-0.511381	0.843558	0.164009	-0.778032	-0.373438	-0.505183
44370	7.922296	1.300147	-4.605707	0.651730	-0.288957	-0.206904	-0.366060	-0.388805	0.845477	-0.517204	0.840296	0.162492	-0.773628	-0.377802	-0.508690
44371	7.854434	1.914657	-4.648984	0.728135	-0.310589	-0.260621	-0.366867	-0.392423	0.843453	-0.524379	0.836138	0.160937	-0.768398	-0.383246	-0.512530
44372	7.964353	2.638358	-4.399915	0.691032	-0.343388	-0.277672	-0.368010	-0.396095	0.841236	-0.530702	0.832366	0.159756	-0.763494	-0.387654	-0.516528
44373	8.300068	3.180275	-4.150355	0.438693	-0.374084	-0.226260	-0.369569	-0.399520	0.838929	-0.535077	0.829633	0.159379	-0.759678	-0.389990	-0.520381
44374	8.555534	2.989737	-4.412697	0.048698	-0.395501	-0.153736	-0.371724	-0.402367	0.836613	-0.536027	0.828814	0.160448	-0.757955	-0.388804	-0.523770
44375	8.618383	2.431814	-5.080727	-0.041257	-0.386853	-0.150353	-0.373621	-0.405320	0.834340	-0.536716	0.828078	0.161934	-0.756534	-0.387302	-0.526929
44376	8.564431	2.293039	-5.269918	0.014579	-0.377752	-0.164561	-0.375569	-0.408174	0.832071	-0.537454	0.827338	0.163263	-0.755044	-0.385883	-0.530097
44377	8.383686	2.380310	-5.363755	0.022735	-0.379623	-0.152849	-0.377533	-0.410984	0.829796	-0.538451	0.826473	0.164359	-0.753353	-0.384753	-0.533315
44378	8.285245	2.342308	-5.411221	-0.028167	-0.378800	-0.138910	-0.379613	-0.413617	0.827535	-0.538775	0.825994	0.165696	-0.752074	-0.382955	-0.536405
44379	8.240480	2.125043	-5.659556	-0.081546	-0.353798	-0.120378	-0.381410	-0.416196	0.825414	-0.539216	0.825435	0.167044	-0.750848	-0.381364	-0.539248
44380	8.144226	1.842964	-6.097904	-0.069076	-0.320370	-0.103162	-0.383235	-0.418297	0.823504	-0.539103	0.825253	0.168302	-0.749999	-0.379454	-0.541771
44381	7.933833	1.905847	-6.347603	0.006535	-0.294355	-0.115491	-0.384871	-0.420328	0.821705	-0.539474	0.824818	0.169241	-0.748893	-0.378153	-0.544205
44382	7.905919	2.155569	-6.236351	0.036631	-0.273225	-0.100090	-0.386353	-0.422217	0.820039	-0.540146	0.824243	0.169897	-0.747646	-0.377301	-0.546507
44383	7.858652	2.242621	-6.178921	-0.072600	-0.246945	-0.074597	-0.387583	-0.424015	0.818529	-0.540444	0.823848	0.170864	-0.746793	-0.376145	-0.548466
44384	7.757509	2.020690	-6.125357	-0.198180	-0.223167	-0.051093	-0.388952	-0.425304	0.817210	-0.539174	0.824359	0.172404	-0.746999	-0.373562	-0.549949
44385	7.757041	1.688336	-6.008412	-0.256085	-0.191958	-0.034309	-0.389999	-0.426514	0.816080	-0.537821	0.824887	0.174096	-0.747428	-0.371008	-0.551094
44386	7.821803	1.417052	-5.975219	-0.232111	-0.162254	-0.021227	-0.391076	-0.427320	0.815142	-0.536180	0.825640	0.175584	-0.748044	-0.368397	-0.552008
44387	7.781598	1.235650	-5.847203	-0.143314	-0.157820	-0.031117	-0.392032	-0.428235	0.814202	-0.535447	0.825904	0.176577	-0.748069	-0.366739	-0.553078
44388	7.938157	1.420182	-5.648925	0.009523	-0.153899	-0.042691	-0.392931	-0.429183	0.813269	-0.535698	0.825671	0.176905	-0.747417	-0.366155	-0.554344
44389	7.954836	1.781618	-5.449557	0.063942	-0.143558	-0.040108	-0.393687	-0.430176	0.812379	-0.536633	0.825077	0.176842	-0.746348	-0.366329	-0.555669
44390	7.903093	1.949146	-5.287405	0.031327	-0.146192	-0.038974	-0.394546	-0.431064	0.811491	-0.537032	0.824779	0.177018	-0.745607	-0.365955	-0.556909
44391	7.914647	1.960570	-5.354751	-0.005367	-0.145676	-0.023146	-0.395361	-0.431982	0.810606	-0.537507	0.824433	0.177189	-0.744833	-0.365653	-0.558142
44392	7.804856	1.901651	-5.455776	-0.000000	-0.143462	-0.019647	-0.396301	-0.432699	0.809764	-0.537597	0.824333	0.177382	-0.744268	-0.365030	-0.559302
44393	7.711861	2.048745	-5.589659	0.016576	-0.142027	-0.022128	-0.397122	-0.433542	0.808910	-0.538119	0.823980	0.177438	-0.743453	-0.364825	-0.560518
44394	7.679590	2.105273	-5.717041	-0.013663	-0.132793	-0.010417	-0.398031	-0.434143	0.808141	-0.538071	0.823970	0.177632	-0.743001	-0.364134	-0.561565
44395	7.594966	2.024182	-5.821359	-0.081443	-0.129984	0.007464	-0.398750	-0.434890	0.807384	-0.538150	0.823844	0.177975	-0.742558	-0.363526	-0.562544
44396	7.571735	1.875144	-6.000702	-0.070284	-0.116294	0.008675	-0.399638	-0.435272	0.806739	-0.537606	0.824122	0.178335	-0.742475	-0.362438	-0.563355
44397	7.543192	1.955465	-6.002124	-0.053441	-0.108217	0.019734	-0.400541	-0.435543	0.806145	-0.537318	0.824299	0.178380	-0.742197	-0.361708	-0.564191
44398	7.650615	2.006346	-6.025092	-0.065751	-0.103157	0.019306	-0.401388	-0.435788	0.805591	-0.536766	0.824606	0.178629	-0.742139	-0.360714	-0.564902
44399	7.675608	2.041298	-5.833031	-0.099190	-0.095028	0.021964	-0.402177	-0.436021	0.805071	-0.536115	0.824955	0.178971	-0.742182	-0.359633	-0.565535
44400	7.811732	1.864484	-5.842255	-0.159317	-0.081847	0.032705	-0.402938	-0.436076	0.804661	-0.534813	0.825653	0.179642	-0.742709	-0.357959	-0.565906
44401	7.871111	1.702975	-5.832365	-0.120710	-0.072729	0.027808	-0.403374	-0.436408	0.804262	-0.534406	0.825822	0.180078	-0.742765	-0.357164	-0.566334
44402	7.881578	1.706606	-5.777668	-0.096171	-0.061691	0.019156	-0.403913	-0.436501	0.803941	-0.533627	0.826233	0.180502	-0.743032	-0.356098	-0.566655
44403	7.875576	1.645275	-5.740179	-0.092491	-0.059712	0.011588	-0.404202	-0.436835	0.803614	-0.533279	0.826356	0.180968	-0.743124	-0.355403	-0.566970
44404	7.892315	1.593349	-5.554276	-0.090087	-0.059424	0.007180	-0.404660	-0.437018	0.803284	-0.532593	0.826691	0.181454	-0.743367	-0.354397	-0.567282
44405	8.069316	1.478766	-5.357222	-0.110400	-0.064224	0.001273	-0.405028	-0.437360	0.802913	-0.532005	0.826934	0.182075	-0.743588	-0.353409	-0.567609
44406	8.215003	1.323174	-5.318091	-0.095064	-0.064580	-0.003976	-0.405465	-0.437652	0.802533	-0.531327	0.827236	0.182679	-0.743834	-0.352338	-0.567952
44407	8.186866	1.185968	-5.186212	-0.042113	-0.072769	-0.017043	-0.405849	-0.438121	0.802082	-0.531220	0.827221	0.183058	-0.743701	-0.351788	-0.568466
44408	8.274419	1.149838	-5.072250	0.035098	-0.086278	-0.033874	-0.406288	-0.438736	0.801524	-0.531632	0.826933	0.183163	-0.743167	-0.351698	-0.569220
44409	8.275544	1.367618	-5.006603	0.109459	-0.102464	-0.051486	-0.406591	-0.439712	0.800835	-0.532970	0.826109	0.182995	-0.742042	-0.352417	-0.570242
44410	8.370243	1.481216	-4.855472	0.107385	-0.120189	-0.062003	-0.407130	-0.440679	0.800030	-0.534032	0.825441	0.182911	-0.740983	-0.352773	-0.571398
44411	8.463392	1.486970	-4.779794	0.108196	-0.139222	-0.068549	-0.407699	-0.441845	0.799096	-0.535382	0.824593	0.182791	-0.739694	-0.353298	-0.572742
44412	8.511406	1.517682	-4.685003	0.116964	-0.171096	-0.082003	-0.408502	-0.443157	0.797959	-0.536594	0.823801	0.182808	-0.738372	-0.353502	-0.574319
44413	8.592947	1.525777	-4.468740	0.135991	-0.200145	-0.100869	-0.409368	-0.444767	0.796618	-0.538177	0.822768	0.182808	-0.736738	-0.353886	-0.576178
44414	8.628412	1.581177	-4.315774	0.146196	-0.235240	-0.112918	-0.410468	-0.446559	0.795048	-0.539729	0.821731	0.182895	-0.734989	-0.354038	-0.578315
44415	8.756272	1.688400	-4.169854	0.152813	-0.281783	-0.132806	-0.411776	-0.448711	0.793158	-0.541567	0.820494	0.183016	-0.732902	-0.354187	-0.580867
44416	8.806455	1.801525	-3.967921	0.140455	-0.326988	-0.141555	-0.413379	-0.451061	0.790988	-0.543193	0.819343	0.183352	-0.730794	-0.353865	-0.583712
44417	8.963722	1.933192	-3.871158	0.122239	-0.376619	-0.147151	-0.415153	-0.453739	0.788523	-0.544963	0.818062	0.183817	-0.728466	-0.353404	-0.586892
44418	8.961822	2.096508	-3.665946	0.072474	-0.444755	-0.147661	-0.417560	-0.456546	0.785627	-0.546119	0.817118	0.184585	-0.726222	-0.351971	-0.590524
44419	9.057844	2.105549	-3.451685	-0.025162	-0.508303	-0.140040	-0.420493	-0.459476	0.782347	-0.546568	0.816544	0.185793	-0.724188	-0.349481	-0.594486
44420	8.990572	1.969342	-3.507209	-0.136167	-0.566505	-0.129754	-0.423860	-0.462536	0.778719	-0.546145	0.816403	0.187650	-0.722543	-0.345756	-0.598652
44421	8.976953	1.767905	-3.572762	-0.187588	-0.639940	-0.134051	-0.427703	-0.465831	0.774643	-0.545424	0.816390	0.189791	-0.720821	-0.341334	-0.603248
44422	9.048600	1.620721	-3.431253	-0.222341	-0.710739	-0.140373	-0.432032	-0.469415	0.770063	-0.544441	0.816470	0.192254	-0.718980	-0.336194	-0.608310
44423	9.131834	1.441190	-3.395162	-0.219687	-0.780945	-0.153761	-0.436724	-0.473330	0.765004	-0.543690	0.816381	0.194738	-0.716710	-0.330879	-0.613878
44424	9.299632	1.336406	-3.310876	-0.217863	-0.865984	-0.168315	-0.441982	-0.477574	0.759325	-0.542885	0.816278	0.197396	-0.714092	-0.324981	-0.620048
44425	9.514673	1.253450	-3.222372	-0.207656	-0.959362	-0.189098	-0.447751	-0.482214	0.752986	-0.542313	0.816002	0.200093	-0.710926	-0.318762	-0.626877
44426	9.715639	1.096886	-3.196083	-0.191520	-1.038902	-0.216776	-0.453921	-0.487291	0.745992	-0.541947	0.815538	0.202956	-0.707283	-0.312162	-0.634275
44427	9.868001	0.902132	-3.483641	-0.171904	-1.125599	-0.238545	-0.460606	-0.492630	0.738348	-0.541791	0.814942	0.205747	-0.703068	-0.305262	-0.642270
44428	9.973710	0.657056	-3.824054	-0.129291	-1.206633	-0.267544	-0.467588	-0.498481	0.729985	-0.542142	0.813988	0.208577	-0.698171	-0.298228	-0.650859
44429	9.962052	0.734385	-4.396618	0.002269	-1.276005	-0.313141	-0.474714	-0.504841	0.720959	-0.543875	0.812289	0.210681	-0.691988	-0.292099	-0.660175
44430	9.875226	0.953075	-4.899433	0.103560	-1.348309	-0.342979	-0.482105	-0.511552	0.711259	-0.546245	0.810228	0.212477	-0.684975	-0.286085	-0.670048
44431	9.761135	1.160043	-5.350139	0.056649	-1.414079	-0.346288	-0.489686	-0.518537	0.700947	-0.548769	0.808021	0.214372	-0.677540	-0.279683	-0.680233
44432	9.473620	1.162939	-6.084655	0.048507	-1.447557	-0.337315	-0.497564	-0.525286	0.690293	-0.550778	0.806107	0.216414	-0.670130	-0.272518	-0.690406
44433	9.036791	1.282081	-6.800293	0.110378	-1.452912	-0.329209	-0.505307	-0.531961	0.679472	-0.553472	0.803894	0.217767	-0.662067	-0.266029	-0.700639
44434	8.599252	1.533763	-7.098389	0.156741	-1.466824	-0.319918	-0.513160	-0.538413	0.668414	-0.556150	0.801751	0.218844	-0.653730	-0.259437	-0.710865
44435	8.354485	1.768014	-7.148976	0.142021	-1.433048	-0.293084	-0.520818	-0.544498	0.657472	-0.558914	0.799647	0.219498	-0.645262	-0.253152	-0.720799
44436	8.140020	1.671510	-7.389763	0.131415	-1.330011	-0.251234	-0.527920	-0.549860	0.647267	-0.561093	0.797924	0.220210	-0.637554	-0.246924	-0.729762
44437	7.770272	1.405651	-7.589494	0.152759	-1.173144	-0.203782	-0.534162	-0.554434	0.638180	-0.563432	0.796280	0.220190	-0.630251	-0.241954	-0.737728
44438	7.025633	1.435693	-7.795468	0.276069	-0.989705	-0.233495	-0.539024	-0.558699	0.630325	-0.566434	0.794296	0.219650	-0.623383	-0.238641	-0.744610
44439	6.834524	1.604113	-7.768641	0.304951	-0.811511	-0.240344	-0.542622	-0.562598	0.623734	-0.569841	0.792109	0.218733	-0.617124	-0.236740	-0.750408
44440	6.376430	1.455081	-7.942948	0.129405	-0.605087	-0.184978	-0.545265	-0.565517	0.618770	-0.571663	0.790740	0.218933	-0.613096	-0.234351	-0.754448
44441	5.513411	1.090121	-8.171152	-0.030699	-0.422877	-0.118320	-0.547097	-0.567497	0.615331	-0.572303	0.790040	0.219786	-0.610864	-0.231911	-0.757009
44442	4.619037	0.782656	-8.415573	-0.089097	-0.285709	-0.069578	-0.548419	-0.568735	0.613006	-0.572160	0.789830	0.220912	-0.609811	-0.229585	-0.758565
44443	3.965703	0.473138	-8.597123	0.033218	-0.219382	-0.056135	-0.549336	-0.569710	0.611278	-0.572782	0.789368	0.220949	-0.608400	-0.228754	-0.759948
44444	3.717260	0.317106	-8.319921	0.374373	-0.280936	-0.106034	-0.550408	-0.571220	0.608900	-0.575656	0.787884	0.218770	-0.604708	-0.230104	-0.762483
44445	5.064423	0.662643	-7.890920	0.812119	-0.376212	-0.270100	-0.550988	-0.574261	0.605505	-0.582146	0.784372	0.214166	-0.597928	-0.234490	-0.766484
44446	5.622968	1.434665	-8.918567	1.215052	-0.308506	-0.381608	-0.550557	-0.578009	0.602323	-0.591480	0.779255	0.207153	-0.589100	-0.242212	-0.770905
44447	5.210932	1.834248	-6.483316	1.132535	-0.177121	-0.494607	-0.548525	-0.582329	0.600011	-0.600944	0.773516	0.201343	-0.581366	-0.250131	-0.774240
44448	6.032964	2.035430	-5.442027	0.825156	0.101673	-0.521815	-0.544757	-0.586122	0.599751	-0.608595	0.768353	0.198103	-0.576933	-0.257087	-0.775277
44449	6.999984	1.992645	-5.395921	0.710451	0.471511	-0.501936	-0.538847	-0.588778	0.602482	-0.615525	0.763463	0.195584	-0.575129	-0.265453	-0.773797
44450	8.242157	2.053846	-5.524458	0.957588	0.816595	-0.573425	-0.530578	-0.590949	0.607673	-0.624111	0.757459	0.191682	-0.573562	-0.277553	-0.770709
44451	8.966028	2.259876	-4.917581	1.006042	1.207361	-0.582364	-0.519863	-0.591941	0.615913	-0.633061	0.751055	0.187485	-0.573564	-0.292443	-0.765180
44452	8.736684	2.363931	-5.010864	0.810410	1.624405	-0.464654	-0.507537	-0.590568	0.627404	-0.640128	0.745852	0.184231	-0.576752	-0.308115	-0.756586
44453	7.680530	2.211304	-5.890190	0.698079	1.909412	-0.344478	-0.494121	-0.587122	0.641195	-0.646024	0.741513	0.181138	-0.581805	-0.324724	-0.745693
44454	6.884132	2.249037	-6.848756	0.608969	2.047868	-0.261741	-0.480421	-0.582267	0.655867	-0.650879	0.737933	0.178356	-0.587836	-0.341204	-0.733504
44455	6.236712	2.336520	-7.160114	0.558547	2.100992	-0.216281	-0.466451	-0.576544	0.670836	-0.655331	0.734624	0.175697	-0.594109	-0.357666	-0.720493
44456	6.109323	2.689711	-7.020829	0.700808	2.135704	-0.201103	-0.452357	-0.570220	0.685728	-0.660454	0.730882	0.172083	-0.599311	-0.375049	-0.707223
44457	6.510352	3.413166	-6.545292	0.807080	2.201657	-0.227911	-0.437463	-0.563439	0.700830	-0.666445	0.726384	0.167984	-0.603720	-0.393578	-0.693266
44458	7.149894	4.269059	-6.371471	0.736347	2.282437	-0.199136	-0.422267	-0.555717	0.716149	-0.671780	0.722284	0.164371	-0.608606	-0.411686	-0.678316
44459	7.611536	4.775964	-5.931621	0.322243	2.340894	-0.056799	-0.407415	-0.546323	0.731809	-0.674105	0.720516	0.162603	-0.616114	-0.427069	-0.661828
44460	7.763427	4.102052	-6.116944	-0.273364	2.392338	0.141497	-0.393463	-0.534979	0.747652	-0.671853	0.722443	0.163369	-0.627535	-0.438033	-0.643682
44461	7.723903	3.091675	-6.649491	-0.396850	2.444681	0.283632	-0.379743	-0.522102	0.763679	-0.668353	0.725602	0.163728	-0.639609	-0.448232	-0.624490
44462	7.887326	2.714147	-6.535675	-0.286419	2.492908	0.323509	-0.365788	-0.508466	0.779526	-0.665312	0.728549	0.163021	-0.650814	-0.458997	-0.604784
44463	8.411203	2.881528	-6.129104	-0.232942	2.530505	0.379981	-0.351581	-0.493941	0.795244	-0.662528	0.731440	0.161405	-0.661398	-0.470125	-0.584410
44464	8.846244	2.812896	-6.152118	-0.310265	2.575174	0.443994	-0.337314	-0.478472	0.810730	-0.658942	0.735056	0.159650	-0.672320	-0.480372	-0.563230
44465	8.785267	2.447621	-6.333901	-0.351672	2.610140	0.507526	-0.322835	-0.462064	0.825999	-0.654989	0.739057	0.157432	-0.683204	-0.490195	-0.541240
44466	8.560757	2.162400	-6.493262	-0.346942	2.623145	0.563739	-0.308429	-0.444930	0.840779	-0.650832	0.743314	0.154603	-0.693750	-0.499522	-0.518834
44467	8.450746	1.935730	-6.467649	-0.350244	2.633914	0.590187	-0.293734	-0.427250	0.855089	-0.646709	0.747565	0.151372	-0.703909	-0.508531	-0.495892
44468	8.363907	1.811832	-6.336950	-0.341842	2.620245	0.598420	-0.278993	-0.409354	0.868673	-0.642583	0.751806	0.147902	-0.713617	-0.516931	-0.472793
44469	8.229750	1.667479	-5.939034	-0.360337	2.609223	0.605407	-0.264020	-0.391191	0.881625	-0.638448	0.756024	0.144264	-0.722964	-0.524783	-0.449361
44470	8.275984	1.634502	-5.779894	-0.319334	2.597680	0.598097	-0.248907	-0.372954	0.893841	-0.634601	0.759983	0.140385	-0.731660	-0.532290	-0.425842
44471	8.265151	1.639780	-5.686556	-0.271918	2.590172	0.582999	-0.233441	-0.354619	0.905401	-0.631287	0.763484	0.136268	-0.739582	-0.539757	-0.402095
44472	8.200093	1.637878	-5.598517	-0.272762	2.552766	0.573695	-0.218051	-0.336390	0.916131	-0.627973	0.766935	0.132141	-0.747064	-0.546492	-0.378474
44473	8.041753	1.587743	-5.537513	-0.296768	2.496642	0.577316	-0.202833	-0.318222	0.926063	-0.624616	0.770384	0.127918	-0.754131	-0.552488	-0.355026
44474	7.890545	1.568422	-5.545709	-0.307073	2.421318	0.590091	-0.188142	-0.300252	0.935121	-0.621144	0.773902	0.123516	-0.760778	-0.557606	-0.332103
44475	7.742836	1.590538	-5.504775	-0.305221	2.320064	0.596109	-0.174028	-0.282631	0.943310	-0.617811	0.777284	0.118909	-0.766827	-0.562094	-0.309882
44476	7.658592	1.710643	-5.323229	-0.336060	2.234542	0.622082	-0.160634	-0.265211	0.950715	-0.614189	0.780873	0.114057	-0.772637	-0.565598	-0.288325
44477	7.554641	1.686241	-5.061534	-0.417925	2.146415	0.678882	-0.148066	-0.247726	0.957449	-0.609969	0.784927	0.108758	-0.778469	-0.567911	-0.267326
44478	7.383434	1.520746	-4.858172	-0.486822	2.063188	0.763982	-0.136560	-0.230010	0.963560	-0.605083	0.789510	0.102708	-0.784363	-0.569008	-0.246990
44479	7.298715	1.261593	-4.741001	-0.507314	1.976632	0.842537	-0.126008	-0.212086	0.969093	-0.600042	0.794212	0.095792	-0.789982	-0.569426	-0.227338
44480	7.415913	1.056299	-4.739415	-0.489688	1.895682	0.902230	-0.116349	-0.194133	0.974051	-0.595073	0.798825	0.088129	-0.795205	-0.569377	-0.208466
44481	7.530833	1.097619	-4.994986	-0.414638	1.828193	0.916618	-0.107144	-0.176388	0.978472	-0.590792	0.802845	0.080035	-0.799678	-0.569498	-0.190228
44482	7.623245	1.591402	-4.567822	-0.443325	1.768743	0.936310	-0.098446	-0.158811	0.982389	-0.586278	0.806931	0.071696	-0.804106	-0.568895	-0.172547
44483	7.729311	1.901479	-4.271949	-0.764657	1.724520	0.992536	-0.090256	-0.141007	0.985886	-0.579209	0.812724	0.063215	-0.810167	-0.565328	-0.155026
44484	7.272854	1.626789	-4.277333	-1.125661	1.674891	1.051222	-0.082632	-0.123041	0.988955	-0.569139	0.820432	0.054519	-0.818079	-0.558348	-0.137821
44485	6.930233	1.228790	-4.350311	-1.247180	1.612510	1.078624	-0.075404	-0.105235	0.991584	-0.558060	0.828553	0.045496	-0.826368	-0.549933	-0.121204
44486	6.791242	1.089488	-3.732008	-1.226405	1.534042	1.036002	-0.068368	-0.088271	0.993747	-0.547135	0.836242	0.036638	-0.834248	-0.541209	-0.105468
44487	6.699101	0.788338	-4.309793	-1.223772	1.298154	1.001615	-0.062873	-0.072925	0.995354	-0.536239	0.843604	0.027934	-0.841721	-0.531991	-0.092145
44488	6.241982	0.438625	-4.887581	-1.263724	0.927839	0.914624	-0.059860	-0.060316	0.996383	-0.524997	0.850870	0.019967	-0.848997	-0.521903	-0.082598
44489	5.852849	0.128847	-4.722820	-1.154723	0.497650	0.736219	-0.059409	-0.051498	0.996904	-0.514722	0.857249	0.013609	-0.855296	-0.512320	-0.077436
44490	6.290144	-0.429712	-4.387721	-1.077019	-0.004185	0.554311	-0.062250	-0.046781	0.996964	-0.505146	0.862987	0.008954	-0.860786	-0.503055	-0.077352
44491	7.834916	-1.765424	-3.606374	-1.187189	-0.602036	0.403529	-0.069435	-0.046334	0.996510	-0.494622	0.869088	0.005945	-0.866330	-0.492483	-0.083263
44492	11.684273	-3.970217	-2.199509	-0.823331	-0.981777	0.175604	-0.078797	-0.049633	0.995654	-0.487349	0.873193	0.004959	-0.869645	-0.484840	-0.092994
44493	15.516913	-4.906297	-0.829396	0.832122	-0.849369	-0.368952	-0.084323	-0.057039	0.994805	-0.494863	0.868935	0.007876	-0.864870	-0.491628	-0.101498
44494	15.115329	-2.186378	0.047268	3.402181	-0.591341	-0.550748	-0.086556	-0.064801	0.994137	-0.524461	0.851378	0.009832	-0.847023	-0.520535	-0.107677
44495	12.347860	0.939595	0.542580	4.460775	-0.553625	-0.766581	-0.086981	-0.074250	0.993439	-0.562374	0.826787	0.012556	-0.822295	-0.557593	-0.113671
44496	11.931821	3.985615	-0.772069	3.802870	-0.487178	-0.505856	-0.087984	-0.081197	0.992807	-0.593669	0.804601	0.013193	-0.799885	-0.588238	-0.118996
44497	10.437836	6.261199	-2.307175	2.422792	-0.404368	0.058367	-0.091505	-0.083182	0.992324	-0.612824	0.790160	0.009725	-0.784904	-0.607230	-0.123279
44498	8.744770	7.465802	-2.780546	1.207894	-0.368054	0.175788	-0.095439	-0.084078	0.991878	-0.622097	0.782913	0.006507	-0.777102	-0.616423	-0.127025
44499	7.562325	6.622649	-2.012241	-0.606991	-0.396580	0.396417	-0.100948	-0.083455	0.991385	-0.616971	0.786978	0.003424	-0.780485	-0.611310	-0.130933
44500	7.758189	3.327196	-3.111263	-2.241782	-0.474900	0.613261	-0.108388	-0.081473	0.990764	-0.598689	0.800982	0.000371	-0.793614	-0.593119	-0.135594
44501	9.092920	0.478680	-3.577629	-3.000896	-0.516851	0.809715	-0.117246	-0.077985	0.990036	-0.573679	0.819073	-0.003421	-0.810645	-0.568364	-0.140772
44502	10.862245	-2.309198	-3.342225	-3.243987	-0.325699	0.879118	-0.124814	-0.072538	0.989525	-0.546031	0.837731	-0.007464	-0.828415	-0.541243	-0.144169
44503	11.110608	-5.231238	-3.680328	-2.744829	0.015120	0.706066	-0.128431	-0.066561	0.989482	-0.522167	0.852780	-0.010411	-0.843117	-0.518012	-0.144279
44504	9.956703	-6.674386	-4.972670	-0.876852	0.065693	0.274655	-0.129277	-0.063904	0.989547	-0.514405	0.857466	-0.011829	-0.847747	-0.510557	-0.143723
44505	9.337811	-4.568412	-4.307363	1.843959	-0.227427	0.043267	-0.131394	-0.064775	0.989212	-0.529870	0.847949	-0.014856	-0.837839	-0.526105	-0.145738
44506	9.135109	-1.608775	-2.681453	3.139063	-0.329487	-0.256722	-0.132708	-0.068737	0.988769	-0.556242	0.830848	-0.016898	-0.820356	-0.552237	-0.148495
44507	9.838576	0.962063	-2.101031	3.069241	-0.120643	-0.711243	-0.129616	-0.075317	0.988700	-0.582065	0.813015	-0.014373	-0.802745	-0.577350	-0.149219
44508	10.581731	3.784110	-1.038005	2.642754	0.038499	-0.409725	-0.126856	-0.078418	0.988817	-0.603605	0.797157	-0.014218	-0.787127	-0.598658	-0.148457
44509	9.941195	4.858574	0.678578	0.781609	0.013065	0.118889	-0.127447	-0.077456	0.988816	-0.609566	0.792564	-0.016483	-0.782423	-0.604850	-0.148224
44510	9.745081	2.180846	-1.024298	-0.670374	-0.072567	0.413985	-0.130503	-0.074630	0.988635	-0.603779	0.796912	-0.019543	-0.786397	-0.599467	-0.149059
44511	9.562353	0.128952	-1.349600	-0.802335	-0.068223	0.528572	-0.134186	-0.070876	0.988418	-0.596722	0.802104	-0.023494	-0.791149	-0.592964	-0.149924
44512	9.588010	-1.034600	-1.434730	-0.624965	-0.049196	0.442507	-0.137179	-0.067636	0.988234	-0.591172	0.806097	-0.026891	-0.794794	-0.587905	-0.150565
44513	9.617805	-1.650840	-1.669462	-0.205059	-0.067827	0.333332	-0.139656	-0.065410	0.988037	-0.589055	0.807543	-0.029800	-0.795934	-0.586170	-0.151308
44514	9.659315	-1.539531	-1.620222	0.307700	-0.103926	0.199559	-0.141635	-0.064439	0.987819	-0.591226	0.805863	-0.032201	-0.793972	-0.588585	-0.152236
44515	9.699253	-0.830020	-1.074692	0.518681	-0.132375	0.154455	-0.143573	-0.064039	0.987566	-0.595091	0.802920	-0.034449	-0.790730	-0.592637	-0.153387
44516	9.726050	-0.503136	-1.017961	0.389942	-0.154575	0.159627	-0.145720	-0.063706	0.987273	-0.597944	0.800702	-0.036589	-0.788181	-0.595665	-0.154771
44517	9.599733	-0.561687	-1.084863	0.295073	-0.170205	0.164537	-0.148016	-0.063463	0.986947	-0.600003	0.799066	-0.038603	-0.786185	-0.597885	-0.156352
44518	9.589574	-0.560483	-1.166749	0.272937	-0.199221	0.156923	-0.150498	-0.063431	0.986573	-0.601918	0.797528	-0.040544	-0.784248	-0.599938	-0.158207
44519	9.629732	-0.459681	-1.264017	0.234962	-0.226648	0.148737	-0.153142	-0.063666	0.986151	-0.603515	0.796228	-0.042317	-0.782507	-0.601637	-0.160359
44520	9.627051	-0.354946	-1.322718	0.188543	-0.251572	0.142195	-0.155943	-0.064077	0.985686	-0.604775	0.795181	-0.043987	-0.780980	-0.602977	-0.162755
44521	9.644707	-0.337387	-1.285361	0.109019	-0.263138	0.142228	-0.158827	-0.064591	0.985191	-0.605386	0.794631	-0.045500	-0.779924	-0.603647	-0.165311
44522	9.624481	-0.465211	-1.360551	-0.011527	-0.274782	0.150138	-0.161853	-0.065084	0.984666	-0.605061	0.794795	-0.046922	-0.779554	-0.603378	-0.168020
44523	9.633318	-0.706259	-1.763796	-0.053625	-0.277157	0.140659	-0.164835	-0.065692	0.984131	-0.604397	0.795227	-0.048150	-0.779445	-0.602742	-0.170785
44524	9.696694	-0.756557	-2.028218	-0.022700	-0.280416	0.120363	-0.167722	-0.066452	0.983592	-0.604026	0.795441	-0.049258	-0.779116	-0.602377	-0.173552
44525	9.731068	-0.749764	-2.254617	-0.013126	-0.275013	0.110864	-0.170503	-0.067280	0.983057	-0.603721	0.795610	-0.050259	-0.778749	-0.602062	-0.176273
44526	9.756000	-0.682963	-2.479416	0.027464	-0.256805	0.090217	-0.173022	-0.068137	0.982558	-0.603786	0.795503	-0.051158	-0.778142	-0.602107	-0.178780
44527	9.678178	-0.492268	-2.380612	0.058960	-0.240880	0.082719	-0.175368	-0.068984	0.982083	-0.604082	0.795223	-0.052011	-0.777387	-0.602380	-0.181129
44528	9.584904	-0.364902	-2.152008	0.029758	-0.233891	0.083933	-0.177668	-0.069753	0.981615	-0.604172	0.795099	-0.052853	-0.776795	-0.602455	-0.183407
44529	9.588496	-0.392716	-2.107946	-0.027815	-0.217499	0.091299	-0.179881	-0.070393	0.981166	-0.603776	0.795348	-0.053631	-0.776593	-0.602052	-0.185570
44530	9.531805	-0.499220	-2.114467	-0.014966	-0.215336	0.092292	-0.182085	-0.070983	0.980717	-0.603500	0.795501	-0.054471	-0.776295	-0.601781	-0.187687
44531	9.596033	-0.378830	-1.997367	0.052161	-0.219024	0.090282	-0.184301	-0.071640	0.980256	-0.603723	0.795267	-0.055387	-0.775597	-0.602011	-0.189819
44532	9.531261	-0.178843	-1.639185	0.047986	-0.221355	0.092687	-0.186551	-0.072264	0.979784	-0.603930	0.795043	-0.056350	-0.774898	-0.602234	-0.191959
44533	9.488688	-0.145877	-1.315953	-0.045982	-0.233015	0.093933	-0.188897	-0.072975	0.979282	-0.603379	0.795406	-0.057115	-0.774759	-0.601667	-0.194281
44534	9.533739	-0.327752	-1.468926	-0.105427	-0.227232	0.111578	-0.191305	-0.073481	0.978776	-0.602357	0.796119	-0.057964	-0.774963	-0.600662	-0.196564
44535	9.440206	-0.339976	-1.424586	-0.080748	-0.236431	0.109191	-0.193767	-0.074086	0.978246	-0.601504	0.796702	-0.058806	-0.775014	-0.599814	-0.198938
44536	9.439342	-0.210974	-1.170973	-0.129122	-0.260403	0.109384	-0.196418	-0.074803	0.977663	-0.600297	0.797555	-0.059581	-0.775283	-0.598591	-0.201558
44537	9.380499	-0.420007	-1.067016	-0.261371	-0.282549	0.118732	-0.199292	-0.075598	0.977020	-0.598020	0.799222	-0.060144	-0.776309	-0.596263	-0.204487
44538	9.364951	-0.682135	-1.044234	-0.290583	-0.315714	0.118525	-0.202427	-0.076556	0.976300	-0.595532	0.801038	-0.060665	-0.777409	-0.593698	-0.207743
44539	9.438064	-0.559622	-1.030677	-0.245499	-0.343327	0.102860	-0.205679	-0.077819	0.975520	-0.593401	0.802586	-0.061089	-0.778185	-0.591439	-0.211253
44540	9.332635	-0.517980	-1.107471	-0.354018	-0.358375	0.098186	-0.209027	-0.079172	0.974700	-0.590447	0.804748	-0.061256	-0.779538	-0.588313	-0.214961
44541	9.373092	-0.747637	-1.515333	-0.401424	-0.373496	0.098616	-0.212491	-0.080620	0.973832	-0.587099	0.807192	-0.061281	-0.781129	-0.584757	-0.218853
44542	9.523042	-0.615086	-2.013339	-0.317738	-0.382193	0.094069	-0.216006	-0.082118	0.972933	-0.584422	0.809119	-0.061459	-0.782172	-0.581879	-0.222766
44543	9.655402	-0.311049	-1.976380	-0.399495	-0.385462	0.121179	-0.219699	-0.083422	0.971994	-0.581023	0.811547	-0.061676	-0.783674	-0.578301	-0.226766
44544	9.479433	-0.651687	-2.152626	-0.564103	-0.384697	0.145615	-0.223537	-0.084482	0.971027	-0.576281	0.814915	-0.061764	-0.786086	-0.573391	-0.230849
44545	9.301073	-0.989375	-2.332329	-0.518429	-0.405627	0.129709	-0.227443	-0.085790	0.970005	-0.571902	0.817995	-0.061751	-0.788161	-0.568792	-0.235111
44546	9.387795	-0.958721	-2.345075	-0.337046	-0.416562	0.087520	-0.231204	-0.087465	0.968966	-0.569051	0.819979	-0.061764	-0.789130	-0.565671	-0.239355
44547	9.565970	-0.551483	-2.262279	-0.225652	-0.417962	0.083141	-0.234945	-0.089193	0.967908	-0.567070	0.821335	-0.061962	-0.789450	-0.563430	-0.243548
44548	9.569075	-0.404776	-2.235064	-0.267954	-0.406222	0.070914	-0.238531	-0.090922	0.966869	-0.564795	0.822902	-0.061953	-0.790006	-0.560861	-0.247640
44549	9.482478	-0.563818	-2.279227	-0.372293	-0.402129	0.059426	-0.242015	-0.092731	0.965831	-0.561704	0.825046	-0.061536	-0.791149	-0.557404	-0.251761
44550	9.485286	-0.741950	-2.442990	-0.393752	-0.403713	0.058242	-0.245514	-0.094522	0.964774	-0.558453	0.827285	-0.061063	-0.792371	-0.553773	-0.255896
44551	9.482896	-0.851170	-2.432738	-0.384245	-0.389826	0.055562	-0.248884	-0.096263	0.963738	-0.555265	0.829466	-0.060546	-0.793560	-0.550199	-0.259893
44552	9.462306	-0.987096	-2.371852	-0.358392	-0.385053	0.055400	-0.252226	-0.097944	0.962699	-0.552290	0.831483	-0.060105	-0.794580	-0.546849	-0.263815
44553	9.415481	-0.989161	-2.274639	-0.286116	-0.396888	0.040117	-0.255572	-0.099824	0.961623	-0.549911	0.833089	-0.059670	-0.795161	-0.544057	-0.267808
44554	9.424859	-0.777705	-2.128214	-0.207625	-0.410815	0.013736	-0.258891	-0.101969	0.960509	-0.548234	0.834227	-0.059205	-0.795245	-0.541912	-0.271877
44555	9.475651	-0.593096	-2.076759	-0.226264	-0.426743	-0.003715	-0.262234	-0.104355	0.959345	-0.546444	0.835451	-0.058491	-0.795382	-0.539567	-0.276108
44556	9.483221	-0.684092	-2.140814	-0.280709	-0.434609	-0.008052	-0.265625	-0.106791	0.958143	-0.544242	0.836949	-0.057596	-0.795766	-0.536761	-0.280435
44557	9.416141	-0.806622	-2.390669	-0.280125	-0.439352	0.002166	-0.269103	-0.109171	0.956904	-0.542008	0.838454	-0.056768	-0.796122	-0.533926	-0.284802
44558	9.336618	-0.695405	-2.567414	-0.183944	-0.460338	-0.008739	-0.272697	-0.111727	0.955590	-0.540578	0.839420	-0.056120	-0.795872	-0.531875	-0.289305
44559	9.338759	-0.488097	-2.593923	-0.143222	-0.473273	-0.025240	-0.276296	-0.114497	0.954228	-0.539511	0.840154	-0.055405	-0.795354	-0.530125	-0.293903
44560	9.313057	-0.239224	-2.656025	-0.174792	-0.497955	-0.032166	-0.280059	-0.117432	0.952773	-0.538221	0.841037	-0.054545	-0.794912	-0.528078	-0.298745
44561	9.332588	-0.109344	-2.568639	-0.256549	-0.511953	-0.029878	-0.283937	-0.120425	0.951251	-0.536270	0.842354	-0.053431	-0.794855	-0.525298	-0.303756
44562	9.450753	-0.191223	-2.554328	-0.365472	-0.525121	-0.020668	-0.287979	-0.123378	0.949656	-0.533434	0.844237	-0.052079	-0.795309	-0.521576	-0.308937
44563	9.419538	-0.377567	-2.565904	-0.427811	-0.542303	-0.012240	-0.292197	-0.126344	0.947976	-0.530071	0.846444	-0.050573	-0.796019	-0.517271	-0.314300
44564	9.427370	-0.495972	-2.601531	-0.410241	-0.551882	-0.019316	-0.296468	-0.129381	0.946239	-0.526871	0.848528	-0.049054	-0.796564	-0.513089	-0.319729
44565	9.383000	-0.444145	-2.419672	-0.414726	-0.568792	-0.023361	-0.300845	-0.132531	0.944419	-0.523643	0.850616	-0.047440	-0.797051	-0.508811	-0.325303
44566	9.360523	-0.517697	-2.432960	-0.445656	-0.594683	-0.043360	-0.305339	-0.135943	0.942490	-0.520233	0.852810	-0.045532	-0.797575	-0.504217	-0.331118
44567	9.582479	-0.643352	-2.678683	-0.429226	-0.606799	-0.052074	-0.309877	-0.139477	0.940490	-0.516978	0.854890	-0.043554	-0.797941	-0.499709	-0.337017
44568	9.331182	-0.438473	-2.841926	-0.342538	-0.630893	-0.053895	-0.314611	-0.143110	0.938371	-0.514425	0.856514	-0.041847	-0.797739	-0.495886	-0.343088
44569	9.407141	-0.359955	-2.982459	-0.456527	-0.634278	-0.047953	-0.319393	-0.146694	0.936199	-0.510946	0.858693	-0.039764	-0.798074	-0.491047	-0.349213
44570	9.185608	-0.446747	-3.243709	-0.504620	-0.648438	-0.041178	-0.324338	-0.150246	0.933933	-0.507061	0.861091	-0.037565	-0.798557	-0.485745	-0.355469
44571	9.146131	-0.376583	-3.317300	-0.460980	-0.670333	-0.046621	-0.329423	-0.153931	0.931550	-0.503546	0.863242	-0.035425	-0.798701	-0.480748	-0.361883
44572	9.215917	-0.144891	-3.433745	-0.478633	-0.683198	-0.051795	-0.334599	-0.157676	0.929076	-0.499906	0.865444	-0.033160	-0.798835	-0.475546	-0.368400
44573	9.241715	-0.045606	-3.498476	-0.530970	-0.684992	-0.056387	-0.339758	-0.161446	0.926553	-0.495868	0.867858	-0.030611	-0.799174	-0.469848	-0.374918
44574	9.214933	-0.042628	-3.612209	-0.594476	-0.697710	-0.062519	-0.345006	-0.165277	0.923934	-0.491342	0.870525	-0.027749	-0.799721	-0.463541	-0.381544
44575	9.124126	-0.121695	-3.805085	-0.603789	-0.698801	-0.066398	-0.350239	-0.169116	0.921267	-0.486757	0.873187	-0.024760	-0.800250	-0.457105	-0.388142
44576	9.076425	-0.188145	-3.969688	-0.607994	-0.705861	-0.074906	-0.355506	-0.173007	0.918523	-0.482167	0.875812	-0.021656	-0.800706	-0.450580	-0.394774
44577	9.009284	-0.224994	-4.073927	-0.586933	-0.700400	-0.090290	-0.360649	-0.176976	0.915757	-0.477804	0.878273	-0.018440	-0.801022	-0.444203	-0.401308
44578	9.022434	-0.318558	-3.992785	-0.586411	-0.697521	-0.098647	-0.365748	-0.180952	0.912954	-0.473477	0.880676	-0.015131	-0.801279	-0.437797	-0.407782
44579	9.020869	-0.441925	-3.982995	-0.542022	-0.699703	-0.109856	-0.370804	-0.185006	0.910097	-0.469553	0.882825	-0.011850	-0.801264	-0.431733	-0.414225
44580	9.108319	-0.691726	-4.013560	-0.534968	-0.691447	-0.111947	-0.375801	-0.188992	0.907224	-0.465698	0.884902	-0.008565	-0.801186	-0.425711	-0.420560
44581	9.077120	-0.905823	-4.228633	-0.452480	-0.695866	-0.133647	-0.380722	-0.193163	0.904289	-0.462596	0.886553	-0.005387	-0.800659	-0.420372	-0.426887
44582	9.209633	-0.830834	-4.234968	-0.317827	-0.698538	-0.158086	-0.385561	-0.197519	0.901293	-0.460673	0.887566	-0.002559	-0.799452	-0.416188	-0.433203
44583	9.425588	-0.816125	-4.121261	-0.350780	-0.690107	-0.151252	-0.390347	-0.201761	0.898288	-0.458476	0.888707	0.000380	-0.798391	-0.411696	-0.439407
44584	9.679577	-1.033445	-4.194268	-0.367362	-0.679439	-0.132276	-0.395144	-0.205751	0.895281	-0.456079	0.889933	0.003226	-0.797404	-0.407044	-0.445491
44585	10.094700	-0.843879	-4.223508	-0.132043	-0.645834	-0.195440	-0.399364	-0.210151	0.892382	-0.455827	0.890051	0.005608	-0.795444	-0.404532	-0.451247
44586	9.951991	0.031090	-4.065661	0.064424	-0.667800	-0.253602	-0.403488	-0.215139	0.889333	-0.457371	0.889243	0.007609	-0.792470	-0.403685	-0.457197
44587	9.877840	0.488406	-3.763915	-0.050417	-0.657473	-0.226915	-0.407618	-0.219843	0.886294	-0.457919	0.888939	0.009897	-0.790037	-0.401817	-0.463017
44588	9.491568	0.249418	-3.971745	-0.173710	-0.661395	-0.192338	-0.411937	-0.224233	0.883192	-0.457351	0.889199	0.012441	-0.788123	-0.398804	-0.468847
44589	9.239531	0.097450	-4.088211	-0.092043	-0.693649	-0.236239	-0.416278	-0.229131	0.879893	-0.457634	0.889014	0.014999	-0.785674	-0.396426	-0.474935
44590	9.317140	0.314077	-3.734863	-0.101633	-0.728107	-0.258795	-0.420785	-0.234341	0.876370	-0.457936	0.888807	0.017791	-0.783093	-0.393835	-0.481310
44591	9.357977	-0.001912	-3.750078	-0.177083	-0.743934	-0.262005	-0.425365	-0.239626	0.872722	-0.457691	0.888864	0.020979	-0.780758	-0.390513	-0.487766
44592	9.441897	0.042759	-3.655599	-0.128044	-0.789255	-0.281417	-0.430208	-0.245230	0.868783	-0.457913	0.888671	0.024092	-0.777970	-0.387462	-0.494607
44593	9.503278	0.357826	-3.204982	-0.123982	-0.828819	-0.300405	-0.435227	-0.251136	0.864585	-0.458286	0.888384	0.027350	-0.774952	-0.384324	-0.501741
44594	9.493839	0.628713	-2.942178	-0.173884	-0.891190	-0.318382	-0.440641	-0.257405	0.859987	-0.458351	0.888230	0.031008	-0.771848	-0.380513	-0.509372
44595	9.492256	0.867417	-2.707261	-0.236338	-0.949890	-0.341969	-0.446347	-0.264074	0.855008	-0.458089	0.888210	0.035189	-0.768719	-0.375963	-0.517419
44596	9.505861	1.177962	-2.779921	-0.306947	-1.024796	-0.358371	-0.452549	-0.271115	0.849527	-0.457361	0.888386	0.039877	-0.765520	-0.370495	-0.526036
44597	9.430358	1.363998	-3.396526	-0.391847	-1.060708	-0.345738	-0.459026	-0.278123	0.843767	-0.455990	0.888851	0.044917	-0.762475	-0.364132	-0.534827
44598	9.133644	1.502420	-3.984393	-0.506457	-1.098757	-0.322068	-0.465904	-0.284979	0.837687	-0.453642	0.889758	0.050388	-0.759699	-0.356534	-0.543820
44599	8.982917	1.669767	-4.242026	-0.595572	-1.139925	-0.306168	-0.473114	-0.291763	0.831287	-0.450612	0.890946	0.056243	-0.757042	-0.347978	-0.552991
44600	8.794761	1.664135	-4.329054	-0.694563	-1.165301	-0.277617	-0.480657	-0.298270	0.824624	-0.446704	0.892500	0.062447	-0.754603	-0.338347	-0.562224
44601	8.706432	1.514834	-4.408926	-0.795317	-1.189114	-0.267985	-0.488373	-0.304668	0.817722	-0.442059	0.894313	0.069191	-0.752379	-0.327691	-0.571440
44602	8.678698	1.335612	-4.293105	-0.803026	-1.212893	-0.268834	-0.496283	-0.311016	0.810538	-0.437369	0.896062	0.076037	-0.749941	-0.316768	-0.580729
44603	8.787461	1.345633	-4.106035	-0.782185	-1.244553	-0.283751	-0.504311	-0.317482	0.803042	-0.432986	0.897577	0.082941	-0.747124	-0.305878	-0.590122
44604	9.004091	1.403742	-3.554015	-0.828120	-1.286602	-0.295081	-0.512615	-0.324027	0.795131	-0.428330	0.899104	0.090256	-0.744150	-0.294312	-0.599684
44605	9.161411	1.169392	-3.002393	-0.921882	-1.342059	-0.293680	-0.521274	-0.330582	0.786758	-0.423058	0.900767	0.098186	-0.741145	-0.281662	-0.609402
44606	9.491401	0.814361	-3.001332	-1.007096	-1.405555	-0.283423	-0.530461	-0.337034	0.777830	-0.417119	0.902576	0.106621	-0.737986	-0.267890	-0.619364
44607	9.734999	0.449211	-3.933837	-0.916851	-1.405414	-0.266904	-0.539637	-0.343168	0.768783	-0.411863	0.904031	0.114439	-0.734276	-0.254878	-0.629187
44608	9.467719	0.564726	-4.711755	-0.710949	-1.447005	-0.282559	-0.549050	-0.349363	0.759269	-0.408218	0.904812	0.121136	-0.729316	-0.243437	-0.639403
44609	9.336869	1.172685	-4.562729	-0.638826	-1.534875	-0.274457	-0.559015	-0.355550	0.749057	-0.405172	0.905328	0.127349	-0.723421	-0.232306	-0.650151
44610	9.403532	1.436689	-4.451806	-0.752577	-1.596592	-0.231966	-0.569565	-0.361294	0.738283	-0.401080	0.906184	0.134037	-0.717447	-0.219768	-0.661038
44611	9.401151	1.320778	-4.303924	-0.911469	-1.673291	-0.201281	-0.580646	-0.366732	0.726882	-0.395805	0.907351	0.141607	-0.711469	-0.205480	-0.672004
44612	9.790432	0.740505	-4.234849	-1.052500	-1.749252	-0.176545	-0.592328	-0.371823	0.714769	-0.389406	0.908764	0.150039	-0.705344	-0.189463	-0.683076
44613	10.134998	0.227924	-4.440695	-1.047482	-1.794586	-0.175345	-0.604171	-0.376732	0.702175	-0.383191	0.909967	0.158509	-0.698672	-0.173300	-0.694136
44614	10.471896	-0.164983	-4.717934	-0.894260	-1.832337	-0.218272	-0.616054	-0.381790	0.688994	-0.378332	0.910607	0.166312	-0.690900	-0.158211	-0.705427
