// General information: 
//  MT Manager version: 2022.2.0 
//  XDA version: 2022.2.0 build 7381 rev 124627 built on 2023-07-19
// Device information: 
//  DeviceId: 00B4CAF0
//  ProductCode: MTW2-3A7G6
//  Firmware Version: 4.6.0
//  Hardware Version: 2.0.0
// Device settings: 
//  Filter Profile: human(46.1)
//  Option Flags: Orientation Smoother Disabled, Position/Velocity Smoother Disabled, Continuous Zero Rotation Update Disabled, AHS Disabled, ICC Disabled
// Coordinate system: ENU
PacketCounter	Acc_X	Acc_Y	Acc_Z	Gyr_X	Gyr_Y	Gyr_Z	Mat[1][1]	Mat[2][1]	Mat[3][1]	Mat[1][2]	Mat[2][2]	Mat[3][2]	Mat[1][3]	Mat[2][3]	Mat[3][3]
56972	5.933718	0.516199	8.328848	-0.032699	0.010717	0.033424	-0.123680	0.800914	0.585867	-0.981985	-0.183782	0.043937	0.142861	-0.569878	0.809216
56973	5.699994	0.291046	8.334706	-0.029285	0.004876	0.031269	-0.123949	0.800867	0.585875	-0.981996	-0.183819	0.043518	0.142547	-0.569933	0.809232
56974	5.036088	0.068413	8.782667	-0.009341	-0.054200	0.009906	-0.123949	0.800515	0.586355	-0.982000	-0.183831	0.043389	0.142523	-0.570422	0.808892
56975	5.779029	0.336129	8.462046	0.015328	-0.154685	-0.017898	-0.123508	0.799647	0.587631	-0.982009	-0.183728	0.043619	0.142844	-0.571672	0.807952
56976	6.188691	0.710081	8.182410	0.004561	-0.133549	-0.013569	-0.123156	0.798886	0.588739	-0.982023	-0.183623	0.043740	0.143049	-0.572769	0.807139
56977	6.004547	0.234001	8.410622	-0.013380	-0.127977	-0.006835	-0.122861	0.798147	0.589802	-0.982059	-0.183445	0.043675	0.143055	-0.573855	0.806366
56978	6.208520	0.579448	8.155530	0.000738	-0.136600	-0.013939	-0.122500	0.797366	0.590933	-0.982079	-0.183315	0.043768	0.143226	-0.574981	0.805533
56979	6.202758	0.517165	8.240073	-0.023733	-0.102763	-0.003428	-0.122275	0.796763	0.591792	-0.982126	-0.183104	0.043599	0.143098	-0.575884	0.804910
56980	6.245024	0.452815	8.158583	-0.029463	-0.100344	-0.007009	-0.122036	0.796174	0.592633	-0.982181	-0.182858	0.043409	0.142928	-0.576775	0.804302
56981	6.257960	0.375467	8.123482	-0.039034	-0.066821	-0.005468	-0.121842	0.795781	0.593201	-0.982252	-0.182542	0.043129	0.142606	-0.577418	0.803898
56982	6.217300	0.355534	8.113918	-0.044129	-0.048360	-0.014005	-0.121614	0.795503	0.593620	-0.982334	-0.182161	0.042862	0.142231	-0.577921	0.803603
56983	6.193869	0.420916	8.114715	-0.050892	-0.023027	-0.015824	-0.121381	0.795380	0.593832	-0.982434	-0.181694	0.042549	0.141739	-0.578236	0.803463
56984	6.192841	0.415979	8.137941	-0.043758	-0.014943	-0.012953	-0.121208	0.795294	0.593983	-0.982515	-0.181319	0.042279	0.141324	-0.578473	0.803366
56985	6.187256	0.487730	8.167850	-0.053060	-0.000254	-0.013043	-0.121035	0.795298	0.594013	-0.982614	-0.180861	0.041932	0.140783	-0.578611	0.803362
56986	6.257177	0.511997	8.153442	-0.047999	0.012041	-0.006857	-0.120959	0.795357	0.593950	-0.982694	-0.180509	0.041592	0.140294	-0.578640	0.803426
56987	6.295491	0.521622	8.209699	-0.047882	0.034996	-0.006119	-0.120903	0.795552	0.593700	-0.982776	-0.180136	0.041246	0.139760	-0.578487	0.803629
56988	6.426024	0.489055	8.273748	-0.036263	0.060563	-0.003508	-0.120930	0.795885	0.593248	-0.982834	-0.179881	0.040979	0.139329	-0.578109	0.803976
56989	6.731476	0.562374	8.096611	-0.032619	0.100600	-0.004203	-0.120983	0.796456	0.592471	-0.982893	-0.179612	0.040744	0.138866	-0.577406	0.804561
56990	6.544529	0.467385	8.104781	-0.010696	0.196241	-0.004202	-0.121195	0.797570	0.590926	-0.982915	-0.179504	0.040687	0.138524	-0.575900	0.805699
56991	5.949927	0.412995	8.444507	-0.012403	0.195064	-0.008779	-0.121333	0.798689	0.589384	-0.982952	-0.179316	0.040641	0.138145	-0.574405	0.806830
56992	5.846537	0.359914	8.292909	-0.006837	0.159968	-0.029388	-0.121243	0.799636	0.588118	-0.983000	-0.179025	0.040763	0.137884	-0.573177	0.807747
56993	6.880028	-0.784500	9.208567	0.091439	0.140332	-0.117336	-0.120238	0.800631	0.586969	-0.983023	-0.178563	0.042193	0.138592	-0.571931	0.808509
56994	7.053307	0.090975	8.251889	0.272863	0.174790	-0.302806	-0.117481	0.802146	0.585458	-0.983005	-0.177674	0.046180	0.141063	-0.570083	0.809387
56995	8.398814	1.890179	8.760528	0.264577	0.214233	-0.409116	-0.113718	0.804070	0.583558	-0.983110	-0.175847	0.050715	0.143396	-0.567935	0.810486
56996	9.817080	1.972750	7.435070	-0.064130	0.495083	-0.270834	-0.111742	0.807320	0.579437	-0.983510	-0.173287	0.051774	0.142207	-0.564097	0.813371
56997	6.952843	-0.299353	7.744252	-0.061804	0.579701	-0.317074	-0.109398	0.811104	0.574580	-0.983956	-0.170327	0.053100	0.140937	-0.559552	0.816724
56998	6.936702	-1.170425	6.248837	0.149642	0.335636	-0.305023	-0.106851	0.813469	0.571708	-0.984076	-0.168671	0.056076	0.142046	-0.556613	0.818538
56999	7.101712	-0.494406	6.689829	0.358122	0.192808	-0.212564	-0.104991	0.814882	0.570039	-0.983795	-0.168883	0.060223	0.145344	-0.554479	0.819407
57000	7.435573	0.568770	7.097775	0.408311	0.133011	-0.014382	-0.105025	0.815617	0.568980	-0.983211	-0.171010	0.063653	0.149218	-0.552742	0.819884
57001	6.713577	0.922525	7.379783	0.260385	0.111389	0.196887	-0.107082	0.815875	0.568226	-0.982619	-0.174007	0.064670	0.151638	-0.551425	0.820327
57002	6.235530	0.406846	7.459304	0.097874	0.106334	0.411805	-0.111267	0.815711	0.567657	-0.982023	-0.177890	0.063137	0.152482	-0.550427	0.820840
57003	6.093907	-0.307926	7.695765	0.032888	0.085148	0.585923	-0.117104	0.815106	0.567353	-0.981312	-0.182802	0.060082	0.152687	-0.549714	0.821280
57004	6.025679	-0.605027	7.873640	0.071321	0.101953	0.721974	-0.124316	0.814299	0.566977	-0.980335	-0.189057	0.056576	0.153261	-0.548794	0.821788
57005	5.706122	-0.392995	7.879532	0.164800	0.123542	0.815762	-0.132453	0.813387	0.566444	-0.979043	-0.196552	0.053308	0.154696	-0.547512	0.822375
57006	5.212312	0.180606	7.683827	0.261860	0.114623	0.847499	-0.140897	0.812288	0.565982	-0.977481	-0.204853	0.050665	0.157098	-0.546098	0.822859
57007	4.683809	1.009968	7.391122	0.278803	0.064150	0.770324	-0.148477	0.811015	0.565871	-0.975934	-0.212580	0.048601	0.159709	-0.545037	0.823060
57008	4.344115	1.859865	7.140009	0.233311	-0.024262	0.587130	-0.154134	0.809594	0.566392	-0.974676	-0.218584	0.047199	0.162016	-0.544774	0.822783
57009	4.245776	2.562124	6.932435	0.082507	-0.127497	0.345772	-0.157251	0.808122	0.567636	-0.974014	-0.221784	0.045917	0.162999	-0.545665	0.821998
57010	4.386556	2.673130	6.874334	-0.094289	-0.231015	0.081998	-0.157645	0.806654	0.569611	-0.974043	-0.221908	0.044679	0.162442	-0.547782	0.820699
57011	4.258954	2.484481	6.689293	-0.247256	-0.317380	-0.176351	-0.155369	0.805284	0.572169	-0.974729	-0.219082	0.043660	0.160510	-0.550927	0.818973
57012	0.361175	1.554840	4.847547	-0.351227	-0.528472	-0.383891	-0.150751	0.803168	0.576363	-0.975882	-0.214024	0.042997	0.157890	-0.555980	0.816062
57013	1.217598	-0.115134	7.192891	-0.136357	-1.121962	-0.591275	-0.143159	0.798111	0.585256	-0.976976	-0.208479	0.045324	0.158188	-0.565292	0.809581
57014	14.018040	5.903902	18.515600	-0.073113	-0.982392	-0.658199	-0.135135	0.793850	0.592909	-0.978013	-0.202796	0.048618	0.158835	-0.573303	0.803801
57015	6.599704	-0.869865	15.126796	-1.098705	0.646337	-0.571536	-0.130481	0.798657	0.587471	-0.980463	-0.191915	0.043138	0.147197	-0.570365	0.808095
57016	-5.731896	-10.362691	8.804141	-0.279109	0.506566	-0.174802	-0.129477	0.801847	0.583333	-0.981100	-0.188909	0.041908	0.143800	-0.566882	0.811151
57017	7.316368	3.220837	14.302326	0.447751	-1.113568	-0.114795	-0.126672	0.795689	0.592312	-0.980599	-0.190502	0.046201	0.149598	-0.574968	0.804383
57018	10.170277	0.139830	3.810793	-0.301109	0.358295	0.050505	-0.127673	0.797627	0.589483	-0.980984	-0.189157	0.043481	0.146187	-0.572722	0.806610
57019	7.365902	3.546903	8.006775	-0.128499	-0.181158	0.067222	-0.128024	0.796443	0.591006	-0.981094	-0.188909	0.042050	0.145137	-0.574449	0.805570
57020	6.212354	-1.831680	9.057343	0.085737	0.462525	0.050098	-0.129161	0.798974	0.587332	-0.980909	-0.189779	0.042452	0.145381	-0.570635	0.808232
57021	5.030169	0.943939	9.074658	0.030220	-0.020449	0.032140	-0.129402	0.798778	0.587544	-0.980832	-0.190162	0.042509	0.145684	-0.570781	0.808075
57022	5.649377	1.158948	8.029640	0.006240	0.071312	0.027612	-0.129751	0.799110	0.587016	-0.980791	-0.190399	0.042402	0.145651	-0.570238	0.808464
57023	6.629108	-0.104810	8.469709	0.002739	0.027982	0.032803	-0.130069	0.799190	0.586837	-0.980753	-0.190630	0.042233	0.145621	-0.570049	0.808603
57024	7.265625	-0.465213	8.595698	0.073540	0.112489	-0.006531	-0.130143	0.799820	0.585961	-0.980658	-0.190975	0.042870	0.146193	-0.569048	0.809204
57025	7.657653	-1.345253	8.814561	0.212707	0.274852	-0.096583	-0.129554	0.801548	0.583726	-0.980480	-0.191363	0.045160	0.147901	-0.566481	0.810694
57026	6.115508	0.119240	7.996625	0.283967	0.364118	-0.139255	-0.128706	0.803849	0.580742	-0.980240	-0.191828	0.048279	0.150211	-0.563053	0.812655
57027	5.081276	0.989538	8.222203	0.234261	0.357203	-0.101187	-0.128209	0.806031	0.577820	-0.980025	-0.192282	0.050772	0.152028	-0.559769	0.814584
57028	5.520955	0.952154	8.266300	0.181442	0.250000	-0.072154	-0.127860	0.807544	0.575781	-0.979844	-0.192695	0.052670	0.153484	-0.557441	0.815906
57029	5.830645	0.730317	8.256747	0.157295	0.255607	-0.056221	-0.127658	0.809058	0.573698	-0.979683	-0.193069	0.054279	0.154678	-0.555113	0.817267
57030	5.772131	0.756701	8.315129	0.140614	0.239629	-0.043510	-0.127575	0.810448	0.571750	-0.979525	-0.193471	0.055681	0.155744	-0.552940	0.818536
57031	5.534609	1.311949	8.405658	0.107625	0.208996	-0.026743	-0.127594	0.811637	0.570057	-0.979400	-0.193802	0.056716	0.156511	-0.551077	0.819645
57032	5.254667	1.405226	8.039446	0.046740	0.192085	0.005845	-0.127927	0.812661	0.568521	-0.979323	-0.194087	0.057069	0.156720	-0.549465	0.820687
57033	4.850886	0.994112	8.337621	0.022656	0.109256	0.016845	-0.128218	0.813212	0.567668	-0.979275	-0.194301	0.057160	0.156782	-0.548574	0.821271
57034	5.386678	1.016905	8.368320	-0.007943	0.031586	0.028573	-0.128524	0.813308	0.567461	-0.979254	-0.194473	0.056936	0.156662	-0.548371	0.821429
57035	4.798390	0.765230	8.173637	-0.034426	0.003700	0.039294	-0.128869	0.813235	0.567487	-0.979267	-0.194557	0.056431	0.156300	-0.548449	0.821446
57036	3.360841	0.625177	8.603421	-0.030541	-0.172127	0.036412	-0.128934	0.812197	0.568957	-0.979270	-0.194669	0.055977	0.156222	-0.549946	0.820460
57037	6.001200	2.241902	8.016205	-0.143277	-0.337749	0.111860	-0.129458	0.810100	0.571820	-0.979358	-0.194739	0.054165	0.155235	-0.553005	0.818589
57038	5.782982	1.338061	8.481015	-0.200380	-0.246372	0.153345	-0.130549	0.808416	0.573952	-0.979473	-0.194845	0.051652	0.153588	-0.555427	0.817259
57039	6.286159	-0.201380	8.334271	-0.220697	-0.233536	0.158637	-0.131702	0.806790	0.575972	-0.979611	-0.194851	0.048939	0.151712	-0.557784	0.816003
57040	5.982078	0.401812	8.565879	-0.195467	-0.265960	0.133214	-0.132578	0.805023	0.578240	-0.979734	-0.194810	0.046581	0.150145	-0.560346	0.814536
57041	7.162691	0.132337	8.608050	-0.171670	-0.193311	0.124337	-0.133463	0.803678	0.579904	-0.979835	-0.194800	0.044464	0.148700	-0.562276	0.813470
57042	6.915326	-0.893451	8.593966	-0.079387	-0.068566	0.070946	-0.134029	0.803133	0.580529	-0.979862	-0.194901	0.043412	0.148011	-0.563019	0.813082
57043	6.463635	-0.442291	8.589796	0.031341	-0.051844	-0.001317	-0.133894	0.802827	0.580983	-0.979826	-0.195020	0.043675	0.148367	-0.563415	0.812743
57044	6.476103	0.670253	8.075735	0.016770	-0.007281	-0.001234	-0.133844	0.802766	0.581078	-0.979807	-0.195082	0.043823	0.148538	-0.563479	0.812667
57045	5.975852	0.192727	8.375478	0.022117	0.036834	-0.002008	-0.133834	0.802961	0.580812	-0.979786	-0.195144	0.044016	0.148685	-0.563181	0.812847
57046	6.089322	0.345458	8.279864	0.030209	0.051137	-0.013205	-0.133753	0.803253	0.580426	-0.979763	-0.195186	0.044342	0.148909	-0.562750	0.813104
57047	6.097907	0.245665	8.449896	0.032723	0.050983	-0.017436	-0.133613	0.803557	0.580038	-0.979747	-0.195183	0.044711	0.149141	-0.562317	0.813361
57048	6.147279	0.244641	8.459327	0.056956	0.054206	-0.026694	-0.133406	0.803892	0.579621	-0.979702	-0.195268	0.045333	0.149624	-0.561808	0.813624
57049	6.208015	0.410047	8.334478	0.073430	0.077903	-0.040406	-0.133082	0.804391	0.579003	-0.979655	-0.195309	0.046166	0.150220	-0.561079	0.814017
57050	5.939938	0.505016	8.287678	0.073479	0.096250	-0.041097	-0.132797	0.804989	0.578236	-0.979603	-0.195368	0.047006	0.150808	-0.560200	0.814514
57051	5.722182	0.642328	8.323568	0.065711	0.075314	-0.033324	-0.132539	0.805459	0.577641	-0.979557	-0.195421	0.047735	0.151332	-0.559505	0.814894
57052	5.586102	0.730881	8.291199	0.044581	0.060478	-0.023042	-0.132380	0.805820	0.577173	-0.979524	-0.195465	0.048235	0.151686	-0.558970	0.815196
57053	5.692875	0.645540	8.301854	0.022691	0.031257	-0.012022	-0.132265	0.806002	0.576947	-0.979514	-0.195448	0.048490	0.151847	-0.558714	0.815341
57054	5.676042	0.745507	8.332517	0.008684	0.019788	-0.002262	-0.132251	0.806094	0.576821	-0.979507	-0.195462	0.048578	0.151905	-0.558576	0.815425
57055	5.942869	0.611788	8.284710	-0.005638	-0.002041	0.007254	-0.132273	0.806052	0.576875	-0.979516	-0.195443	0.048491	0.151832	-0.558644	0.815392
57056	6.077722	0.425664	8.364450	-0.002694	0.018824	0.005711	-0.132331	0.806124	0.576760	-0.979516	-0.195452	0.048440	0.151777	-0.558536	0.815476
57057	6.096407	0.460199	8.321263	0.007168	0.021706	-0.001227	-0.132307	0.806231	0.576616	-0.979516	-0.195435	0.048506	0.151798	-0.558387	0.815574
57058	5.960519	0.541936	8.311098	0.014103	0.039075	-0.003665	-0.132306	0.806434	0.576332	-0.979503	-0.195465	0.048646	0.151883	-0.558083	0.815766
57059	5.911944	0.605007	8.287009	0.012227	0.042976	-0.002616	-0.132300	0.806662	0.576014	-0.979497	-0.195466	0.048762	0.151926	-0.557753	0.815984
57060	5.873848	0.540281	8.329968	0.010862	0.043186	0.000587	-0.132345	0.806880	0.575698	-0.979484	-0.195510	0.048851	0.151972	-0.557422	0.816202
57061	5.824961	0.732089	8.338803	0.005704	0.032839	0.006596	-0.132415	0.807034	0.575467	-0.979476	-0.195549	0.048860	0.151964	-0.557187	0.816364
57062	5.662195	0.696031	8.440514	-0.004756	0.027616	0.012335	-0.132554	0.807141	0.575285	-0.979470	-0.195604	0.048754	0.151879	-0.557012	0.816499
57063	6.183215	0.547238	8.648599	-0.010083	0.005219	0.020276	-0.132715	0.807114	0.575286	-0.979468	-0.195665	0.048556	0.151754	-0.557030	0.816510
57064	7.065521	-0.501856	8.674449	0.048573	0.086157	-0.019998	-0.132624	0.807611	0.574609	-0.979425	-0.195753	0.049071	0.152112	-0.556278	0.816956
57065	6.148121	0.006569	8.421688	0.113621	0.142138	-0.055955	-0.132248	0.808494	0.573453	-0.979335	-0.195886	0.050322	0.153016	-0.554947	0.817692
57066	5.651866	0.831316	8.244949	0.104799	0.154615	-0.056377	-0.131907	0.809440	0.572196	-0.979252	-0.195989	0.051505	0.153835	-0.553530	0.818498
57067	5.531549	0.617353	8.297428	0.069027	0.130648	-0.034198	-0.131728	0.810213	0.571142	-0.979200	-0.196048	0.052267	0.154318	-0.552378	0.819186
57068	5.673730	0.393830	8.384157	0.058382	0.108743	-0.029920	-0.131580	0.810849	0.570272	-0.979153	-0.196110	0.052919	0.154745	-0.551420	0.819750
57069	4.637976	0.747045	8.071296	0.046484	0.080808	-0.023638	-0.131428	0.811324	0.569631	-0.979121	-0.196127	0.053436	0.155074	-0.550715	0.820162
57070	3.931123	1.967036	8.320485	-0.006331	-0.089786	0.023168	-0.131488	0.810764	0.570415	-0.979105	-0.196257	0.053255	0.155125	-0.551494	0.819628
57071	6.199086	1.220922	7.962636	-0.096666	-0.149059	0.081335	-0.132008	0.809764	0.571713	-0.979157	-0.196335	0.052000	0.154355	-0.552932	0.818804
57072	6.621244	-0.446286	8.746306	-0.091601	-0.101942	0.075980	-0.132566	0.809030	0.572622	-0.979202	-0.196420	0.050819	0.153589	-0.553976	0.818243
57073	6.123002	0.351776	8.378032	-0.022225	-0.069992	0.025588	-0.132664	0.808576	0.573241	-0.979212	-0.196457	0.050492	0.153444	-0.554626	0.817829
57074	6.053237	0.894768	8.227006	-0.040229	-0.042654	0.039106	-0.132953	0.808242	0.573645	-0.979226	-0.196526	0.049943	0.153102	-0.555088	0.817580
57075	5.999820	0.315000	8.599892	-0.043412	-0.037137	0.038981	-0.133233	0.807942	0.574002	-0.979250	-0.196553	0.049365	0.152706	-0.555515	0.817364
57076	5.834000	0.303399	8.352478	-0.015463	-0.038689	0.021183	-0.133356	0.807664	0.574365	-0.979249	-0.196618	0.049120	0.152603	-0.555896	0.817124
57077	5.844280	0.668519	8.276352	-0.031823	-0.041118	0.025446	-0.133497	0.807369	0.574747	-0.979273	-0.196600	0.048715	0.152327	-0.556331	0.816880
57078	5.724577	0.459908	8.367682	-0.041399	-0.047404	0.036714	-0.133758	0.807011	0.575188	-0.979291	-0.196644	0.048169	0.151981	-0.556834	0.816602
57079	4.881756	0.586690	8.088679	-0.044397	-0.055927	0.038515	-0.134005	0.806607	0.575697	-0.979316	-0.196661	0.047586	0.151601	-0.557413	0.816277
57080	2.679445	3.089459	7.933729	-0.150747	-0.287442	0.107321	-0.134595	0.804769	0.578127	-0.979404	-0.196662	0.045742	0.150507	-0.560063	0.814663
57081	8.271311	-2.596270	11.064531	-0.240447	-0.380626	0.165848	-0.135605	0.802287	0.581331	-0.979549	-0.196597	0.042825	0.148646	-0.563635	0.812539
57082	3.854955	0.277229	7.840574	0.183408	-0.483839	-0.125223	-0.133626	0.799777	0.585236	-0.979447	-0.196609	0.045048	0.151091	-0.567188	0.809611
57083	8.268008	1.777553	7.681208	-0.024192	-0.360635	-0.008846	-0.132949	0.797726	0.588182	-0.979504	-0.196354	0.044906	0.151314	-0.570156	0.807481
57084	5.917311	-0.834881	9.346060	0.004795	-0.287950	-0.011967	-0.132370	0.796083	0.590534	-0.979517	-0.196266	0.045019	0.151741	-0.572479	0.805756
57085	7.259248	0.651133	7.065434	0.035798	-0.295737	-0.046528	-0.131419	0.794460	0.592927	-0.979533	-0.196054	0.045585	0.152461	-0.574801	0.803965
57086	6.538948	0.434615	8.016046	-0.023434	-0.038234	0.009737	-0.131428	0.794200	0.593274	-0.979560	-0.195974	0.045343	0.152278	-0.575188	0.803723
57087	6.230626	0.000361	8.217996	0.021816	-0.111680	-0.013425	-0.131081	0.793565	0.594198	-0.979554	-0.195947	0.045600	0.152618	-0.576072	0.803025
57088	6.541932	0.723271	7.876747	0.010995	-0.040494	-0.007991	-0.130914	0.793326	0.594555	-0.979552	-0.195924	0.045740	0.152775	-0.576409	0.802753
57089	6.293436	0.362175	8.192504	-0.001104	-0.012534	0.000732	-0.130857	0.793235	0.594689	-0.979562	-0.195877	0.045729	0.152760	-0.576551	0.802654
57090	6.383403	0.608229	8.021862	0.001458	0.009089	0.003600	-0.130877	0.793258	0.594653	-0.979559	-0.195891	0.045724	0.152758	-0.576514	0.802681
57091	6.198228	0.483596	8.167148	-0.008775	0.033107	0.011244	-0.130993	0.793409	0.594426	-0.979567	-0.195883	0.045589	0.152609	-0.576308	0.802857
57092	6.132834	0.511166	8.164624	-0.011358	0.041057	0.012374	-0.131147	0.793600	0.594137	-0.979573	-0.195891	0.045429	0.152439	-0.576043	0.803080
57093	6.044675	0.423659	8.250694	-0.013406	0.045274	0.015643	-0.131324	0.793813	0.593814	-0.979582	-0.195891	0.045231	0.152228	-0.575750	0.803330
57094	6.106377	0.472946	8.214711	-0.010996	0.039033	0.012344	-0.131481	0.793990	0.593543	-0.979586	-0.195909	0.045073	0.152068	-0.575500	0.803539
57095	6.102739	0.470964	8.217528	-0.015627	0.051199	0.016743	-0.131677	0.794234	0.593172	-0.979597	-0.195905	0.044850	0.151827	-0.575164	0.803825
57096	5.787299	0.429905	8.306068	-0.006583	0.039576	0.010428	-0.131814	0.794419	0.592894	-0.979597	-0.195930	0.044739	0.151707	-0.574900	0.804036
57097	5.670447	0.459933	8.493452	0.002891	0.001057	0.003498	-0.131805	0.794401	0.592921	-0.979597	-0.195927	0.044744	0.151714	-0.574926	0.804017
57098	6.017243	0.593058	8.293788	0.007053	-0.033731	0.000724	-0.131736	0.794182	0.593228	-0.979589	-0.195955	0.044801	0.151826	-0.575218	0.803787
57099	6.149536	0.408657	8.219848	-0.000371	-0.030426	0.004739	-0.131691	0.793981	0.593509	-0.979593	-0.195944	0.044772	0.151842	-0.575501	0.803581
57100	6.166007	0.518194	8.202729	-0.000049	-0.019980	0.005009	-0.131682	0.793834	0.593707	-0.979590	-0.195961	0.044746	0.151865	-0.575697	0.803436
57101	6.144265	0.430817	8.218126	-0.002555	-0.005943	0.005192	-0.131679	0.793772	0.593790	-0.979596	-0.195941	0.044697	0.151827	-0.575789	0.803377
57102	6.169785	0.467995	8.124638	-0.002739	-0.005661	0.007384	-0.131716	0.793702	0.593875	-0.979595	-0.195963	0.044636	0.151805	-0.575877	0.803318
57103	6.096412	0.411234	8.235999	-0.003491	0.010805	0.007733	-0.131763	0.793732	0.593825	-0.979599	-0.195958	0.044564	0.151736	-0.575839	0.803359
57104	6.098402	0.490866	8.193144	-0.001020	0.009221	0.007846	-0.131824	0.793748	0.593789	-0.979595	-0.195989	0.044514	0.151709	-0.575805	0.803388
57105	6.056226	0.469992	8.360066	-0.011768	0.007394	0.009341	-0.131881	0.793755	0.593768	-0.979610	-0.195949	0.044366	0.151563	-0.575810	0.803412
57106	6.400907	0.680159	8.142626	-0.002884	0.013160	0.008925	-0.131964	0.793790	0.593702	-0.979606	-0.195984	0.044295	0.151517	-0.575749	0.803465
57107	6.136366	0.372750	8.193394	-0.011130	0.056390	0.018244	-0.132183	0.794062	0.593291	-0.979608	-0.196019	0.044099	0.151314	-0.575363	0.803780
57108	6.249450	0.263631	8.005838	-0.001515	0.059570	0.013419	-0.132381	0.794355	0.592853	-0.979596	-0.196098	0.044010	0.151217	-0.574931	0.804107
57109	5.972169	0.209456	8.222265	0.003569	0.082435	0.007689	-0.132535	0.794796	0.592227	-0.979590	-0.196133	0.043996	0.151123	-0.574309	0.804569
57110	6.020724	0.411325	8.246687	0.006445	0.067822	0.003121	-0.132643	0.795157	0.591719	-0.979580	-0.196175	0.044033	0.151093	-0.573795	0.804941
57111	6.004052	0.510994	8.256407	-0.003278	0.070967	0.009172	-0.132795	0.795529	0.591185	-0.979582	-0.196182	0.043954	0.150947	-0.573277	0.805337
57112	5.925423	0.533257	8.351823	0.004179	0.055209	0.004870	-0.132899	0.795814	0.590778	-0.979573	-0.196223	0.043963	0.150911	-0.572868	0.805635
57113	6.037948	0.603705	8.274356	-0.005415	0.039576	0.009381	-0.133005	0.796004	0.590497	-0.979578	-0.196220	0.043866	0.150785	-0.572604	0.805847
57114	6.099514	0.496271	8.277114	-0.007110	0.041781	0.012619	-0.133166	0.796196	0.590202	-0.979576	-0.196260	0.043740	0.150658	-0.572323	0.806070
57115	6.115602	0.478578	8.182462	-0.006859	0.046124	0.013834	-0.133326	0.796416	0.589870	-0.979577	-0.196284	0.043604	0.150510	-0.572009	0.806320
57116	6.114087	0.400028	8.180600	-0.009432	0.054045	0.014953	-0.133521	0.796675	0.589476	-0.979577	-0.196321	0.043446	0.150338	-0.571636	0.806617
57117	6.088974	0.312983	8.176128	-0.009641	0.066729	0.017433	-0.133746	0.797004	0.588979	-0.979577	-0.196358	0.043267	0.150135	-0.571163	0.806990
57118	5.714208	0.305686	8.210423	0.000459	0.075403	0.007303	-0.133907	0.797398	0.588409	-0.979570	-0.196401	0.043232	0.150037	-0.570599	0.807407
57119	5.403295	0.311655	8.694662	0.018891	0.022531	0.002856	-0.133924	0.797503	0.588262	-0.979547	-0.196485	0.043369	0.150172	-0.570423	0.807506
57120	6.006643	0.415997	8.254837	0.031413	-0.043122	-0.011052	-0.133724	0.797257	0.588642	-0.979519	-0.196555	0.043692	0.150534	-0.570743	0.807213
57121	6.035089	0.557853	8.265573	0.018978	-0.013275	-0.002376	-0.133636	0.797169	0.588781	-0.979503	-0.196597	0.043861	0.150718	-0.570852	0.807101
57122	5.883731	0.500227	8.389573	0.020527	-0.040043	-0.003998	-0.133512	0.796925	0.589139	-0.979481	-0.196664	0.044054	0.150971	-0.571168	0.806830
57123	6.184857	0.514200	8.102837	0.015044	-0.034607	-0.002031	-0.133395	0.796714	0.589451	-0.979470	-0.196688	0.044190	0.151144	-0.571455	0.806595
57124	6.174226	0.250233	8.131291	0.018623	-0.011284	-0.002359	-0.133331	0.796632	0.589577	-0.979448	-0.196757	0.044358	0.151340	-0.571546	0.806493
57125	6.100075	0.094389	8.136350	0.020359	0.003553	-0.001905	-0.133272	0.796638	0.589581	-0.979429	-0.196812	0.044535	0.151515	-0.571518	0.806481
57126	6.060033	0.157440	8.259381	0.026419	0.011118	-0.014521	-0.133121	0.796709	0.589520	-0.979413	-0.196825	0.044837	0.151755	-0.571415	0.806508
57127	6.178795	0.440757	8.170101	0.025470	0.026378	-0.007645	-0.133041	0.796857	0.589338	-0.979394	-0.196863	0.045089	0.151949	-0.571195	0.806628
57128	6.012403	0.613152	8.336261	0.015977	0.032135	-0.012520	-0.132938	0.797044	0.589108	-0.979390	-0.196831	0.045297	0.152059	-0.570945	0.806783
57129	6.155064	0.747857	8.265467	0.008268	0.029656	-0.005386	-0.132885	0.797206	0.588900	-0.979394	-0.196789	0.045397	0.152080	-0.570733	0.806930
57130	6.112122	0.735392	8.212903	0.010224	0.047396	0.000630	-0.132938	0.797453	0.588554	-0.979382	-0.196832	0.045481	0.152115	-0.570373	0.807178
57131	5.993907	0.537146	8.238311	0.007344	0.048098	0.009243	-0.133056	0.797692	0.588204	-0.979367	-0.196902	0.045487	0.152103	-0.570015	0.807433
57132	6.018715	0.470177	8.215024	0.010796	0.034448	0.010259	-0.133181	0.797846	0.587966	-0.979342	-0.197022	0.045519	0.152159	-0.569757	0.807604
57133	6.071331	0.308941	8.238192	0.020220	0.050299	0.007931	-0.133290	0.798100	0.587597	-0.979310	-0.197154	0.045637	0.152270	-0.569356	0.807866
57134	6.013868	0.394603	8.215586	0.009818	0.046487	0.009359	-0.133425	0.798325	0.587261	-0.979287	-0.197261	0.045665	0.152300	-0.569004	0.808108
57135	5.939728	0.600651	8.370929	0.022422	0.041154	-0.000915	-0.133433	0.798543	0.586962	-0.979263	-0.197335	0.045854	0.152444	-0.568672	0.808315
57136	5.685481	0.506869	8.533863	0.019566	0.043291	0.003335	-0.133508	0.798760	0.586649	-0.979232	-0.197454	0.045996	0.152576	-0.568325	0.808534
57137	6.014928	0.556963	8.306332	0.026885	-0.024933	-0.007552	-0.133351	0.798616	0.586881	-0.979211	-0.197500	0.046259	0.152852	-0.568512	0.808351
57138	6.171754	0.490022	8.123275	0.015732	0.015660	0.002475	-0.133371	0.798679	0.586791	-0.979188	-0.197587	0.046376	0.152982	-0.568393	0.808409
57139	6.069563	0.268852	8.294681	0.021308	0.016272	-0.000439	-0.133347	0.798755	0.586693	-0.979165	-0.197658	0.046552	0.153148	-0.568262	0.808470
57140	6.136269	0.401671	8.214552	0.020668	0.038715	-0.001100	-0.133371	0.798955	0.586415	-0.979139	-0.197748	0.046729	0.153297	-0.567950	0.808661
57141	6.033521	0.495063	8.309361	0.015573	0.043582	-0.003533	-0.133358	0.799192	0.586095	-0.979129	-0.197761	0.046878	0.153371	-0.567611	0.808885
57142	6.004467	0.564885	8.313363	0.010049	0.047587	0.002773	-0.133433	0.799435	0.585747	-0.979113	-0.197821	0.046947	0.153404	-0.567249	0.809133
57143	6.120299	0.609877	8.284277	0.004422	0.042341	0.002285	-0.133475	0.799653	0.585439	-0.979113	-0.197818	0.046971	0.153371	-0.566942	0.809354
57144	6.036208	0.527542	8.321470	-0.000963	0.057021	0.011018	-0.133641	0.799933	0.585018	-0.979104	-0.197876	0.046903	0.153280	-0.566526	0.809663
57145	5.975143	0.531414	8.342491	-0.006484	0.045439	0.009303	-0.133757	0.800155	0.584689	-0.979111	-0.197867	0.046797	0.153136	-0.566216	0.809907
57146	5.957656	0.577638	8.321855	-0.006325	0.043719	0.011473	-0.133913	0.800358	0.584376	-0.979109	-0.197905	0.046682	0.153014	-0.565916	0.810139
57147	5.936531	0.464989	8.364242	-0.008529	0.037248	0.012285	-0.134045	0.800527	0.584114	-0.979115	-0.197909	0.046543	0.152860	-0.565675	0.810336
57148	6.030741	0.448707	8.278951	-0.009933	0.032839	0.012096	-0.134190	0.800666	0.583889	-0.979117	-0.197932	0.046396	0.152718	-0.565470	0.810506
57149	5.982230	0.481631	8.326952	-0.010795	0.038531	0.009959	-0.134301	0.800847	0.583615	-0.979130	-0.197904	0.046252	0.152540	-0.565223	0.810712
57150	5.936689	0.515933	8.350799	-0.014512	0.033992	0.011805	-0.134442	0.800994	0.583381	-0.979140	-0.197895	0.046069	0.152349	-0.565018	0.810891
57151	5.968487	0.500860	8.331419	-0.013141	0.024586	0.016094	-0.134592	0.801084	0.583223	-0.979148	-0.197903	0.045870	0.152167	-0.564888	0.811016
57152	6.045899	0.451271	8.266306	-0.012795	0.034958	0.016335	-0.134779	0.801228	0.582983	-0.979149	-0.197942	0.045675	0.151993	-0.564671	0.811200
57153	6.002899	0.408432	8.285428	-0.011590	0.036446	0.010955	-0.134897	0.801395	0.582726	-0.979161	-0.197918	0.045518	0.151810	-0.564442	0.811393
57154	5.999686	0.406612	8.287845	-0.014963	0.042283	0.013041	-0.135058	0.801587	0.582424	-0.979171	-0.197912	0.045324	0.151600	-0.564171	0.811621
57155	6.033177	0.393240	8.245370	-0.012902	0.050439	0.010059	-0.135188	0.801835	0.582053	-0.979187	-0.197873	0.045162	0.151385	-0.563833	0.811896
57156	6.054151	0.401256	8.228292	-0.017031	0.067998	0.009042	-0.135351	0.802179	0.581541	-0.979205	-0.197826	0.044976	0.151122	-0.563360	0.812273
57157	6.021993	0.440589	8.306121	-0.012452	0.079168	0.009593	-0.135519	0.802589	0.580936	-0.979220	-0.197786	0.044820	0.150873	-0.562790	0.812715
57158	5.924912	0.535428	8.330217	-0.015868	0.080369	0.008274	-0.135695	0.803003	0.580322	-0.979237	-0.197742	0.044647	0.150605	-0.562214	0.813162
57159	5.906688	0.425572	8.326168	-0.012341	0.072798	0.008357	-0.135842	0.803378	0.579768	-0.979253	-0.197693	0.044499	0.150366	-0.561694	0.813566
57160	5.946366	0.389693	8.285012	-0.008668	0.075867	0.010875	-0.136036	0.803761	0.579191	-0.979256	-0.197712	0.044370	0.150175	-0.561140	0.813983
57161	5.848500	0.457214	8.380601	-0.009265	0.073508	0.009679	-0.136196	0.804137	0.578631	-0.979266	-0.197691	0.044239	0.149965	-0.560608	0.814389
57162	5.860518	0.488728	8.364331	-0.007753	0.059229	0.008383	-0.136338	0.804432	0.578188	-0.979271	-0.197690	0.044131	0.149803	-0.560186	0.814709
57163	5.867682	0.415588	8.290643	-0.003318	0.059759	0.006514	-0.136446	0.804737	0.577738	-0.979276	-0.197677	0.044068	0.149669	-0.559752	0.815032
57164	5.738796	0.471159	8.453714	0.000826	0.051376	0.000043	-0.136495	0.805003	0.577355	-0.979279	-0.197658	0.044079	0.149603	-0.559376	0.815302
57165	5.808563	0.471608	8.490603	0.001692	0.030192	-0.005835	-0.136438	0.805167	0.577141	-0.979294	-0.197575	0.044127	0.149558	-0.559170	0.815452
57166	5.753594	0.557277	8.465730	0.005105	0.016633	-0.004773	-0.136385	0.805249	0.577038	-0.979298	-0.197538	0.044201	0.149580	-0.559064	0.815520
57167	5.852642	0.516801	8.427564	-0.000744	-0.000624	-0.003363	-0.136307	0.805235	0.577076	-0.979313	-0.197461	0.044215	0.149553	-0.559111	0.815493
57168	5.962154	0.531652	8.368767	-0.002860	-0.013364	-0.003785	-0.136225	0.805146	0.577219	-0.979326	-0.197395	0.044216	0.149541	-0.559263	0.815391
57169	5.977143	0.433186	8.338841	-0.002819	-0.008768	-0.000389	-0.136163	0.805081	0.577325	-0.979340	-0.197329	0.044197	0.149505	-0.559380	0.815317
57170	5.944517	0.524714	8.339750	-0.002116	-0.012741	-0.000422	-0.136108	0.804991	0.577464	-0.979350	-0.197286	0.044187	0.149496	-0.559525	0.815220
57171	5.896781	0.506230	8.356077	-0.006301	-0.008970	0.002649	-0.136076	0.804918	0.577572	-0.979365	-0.197226	0.044121	0.149426	-0.559650	0.815146
57172	5.931239	0.413862	8.353894	-0.006550	-0.013288	0.001441	-0.136050	0.804818	0.577718	-0.979375	-0.197187	0.044064	0.149382	-0.559808	0.815046
57173	5.820279	0.706757	8.554928	-0.006198	-0.015276	0.001425	-0.135996	0.804713	0.577878	-0.979392	-0.197118	0.044006	0.149322	-0.559984	0.814936
57174	5.788305	1.030654	8.521161	-0.030650	-0.038214	0.015644	-0.136066	0.804446	0.578232	-0.979420	-0.197051	0.043669	0.149070	-0.560390	0.814703
57175	5.784287	0.916540	8.658270	-0.042877	-0.062740	0.031810	-0.136240	0.804015	0.578790	-0.979450	-0.197020	0.043137	0.148716	-0.561019	0.814335
57176	5.767859	1.006293	8.583317	-0.057835	-0.099224	0.054102	-0.136596	0.803330	0.579657	-0.979466	-0.197108	0.042356	0.148281	-0.561969	0.813759
57177	5.567511	0.505954	8.541256	-0.067461	-0.122550	0.061671	-0.136973	0.802502	0.580714	-0.979491	-0.197177	0.041450	0.147767	-0.563126	0.813052
57178	5.344396	-0.107942	8.585057	-0.045115	-0.160386	0.041521	-0.137116	0.801495	0.582069	-0.979505	-0.197233	0.040847	0.147541	-0.564539	0.812113
57179	5.675424	-0.280819	8.455750	-0.020479	-0.216825	0.003498	-0.136785	0.800245	0.583864	-0.979540	-0.197098	0.040661	0.147618	-0.566357	0.810832
57180	6.020597	-0.030019	8.280046	-0.027147	-0.213389	-0.019988	-0.136244	0.799054	0.585620	-0.979612	-0.196759	0.040563	0.147638	-0.568154	0.809570
57181	5.690417	-0.004453	8.423806	-0.026325	-0.193078	-0.035968	-0.135562	0.798009	0.587201	-0.979709	-0.196276	0.040562	0.147622	-0.569788	0.808424
57182	5.950163	0.393006	8.468238	-0.044739	-0.247428	-0.045126	-0.134726	0.796664	0.589216	-0.979841	-0.195636	0.040470	0.147513	-0.571886	0.806961
57183	5.712075	0.681686	8.615435	-0.074147	-0.256737	-0.040765	-0.133904	0.795255	0.591303	-0.980014	-0.194840	0.040115	0.147111	-0.574114	0.805451
57184	5.132731	1.076237	9.617884	-0.174787	-0.313551	-0.130043	-0.132145	0.793680	0.593809	-0.980447	-0.192781	0.039483	0.145811	-0.576981	0.803637
57185	2.801601	0.778472	9.508461	-0.031636	-0.494138	-0.016012	-0.131222	0.790832	0.597800	-0.980524	-0.192424	0.039326	0.146132	-0.580997	0.800680
57186	4.710626	0.920480	10.428740	-0.010966	-0.993115	0.076881	-0.130495	0.784854	0.605785	-0.980443	-0.192946	0.038780	0.147320	-0.588877	0.794682
57187	4.885514	0.939281	9.086037	0.021891	-1.013143	0.099232	-0.129922	0.778637	0.613877	-0.980290	-0.193805	0.038351	0.148834	-0.596795	0.788470
57188	4.896421	0.905858	10.023970	-0.047155	-1.382418	0.155343	-0.129350	0.769990	0.624807	-0.980164	-0.194700	0.037023	0.150157	-0.607624	0.779901
57189	4.721309	0.710081	10.750898	-0.068683	-1.544036	0.228872	-0.129219	0.760049	0.636889	-0.979981	-0.195983	0.035052	0.151460	-0.619610	0.770158
57190	4.617763	1.030333	10.625663	-0.030426	-2.038998	0.272260	-0.128749	0.746700	0.652582	-0.979680	-0.197824	0.033072	0.153791	-0.635063	0.756996
57191	4.991565	0.814893	10.634763	-0.120648	-2.353942	0.382351	-0.128808	0.730762	0.670370	-0.979383	-0.199826	0.029645	0.155621	-0.652731	0.741434
57192	5.692426	0.253479	9.929835	0.005962	-2.676240	0.441721	-0.128889	0.712124	0.690121	-0.978809	-0.203026	0.026694	0.159122	-0.672056	0.723201
57193	6.165540	0.807819	9.752619	0.046383	-3.030755	0.584503	-0.129674	0.690211	0.711894	-0.977988	-0.207396	0.022936	0.163474	-0.693250	0.701912
57194	7.588874	1.575372	9.357049	0.183026	-3.142976	0.674024	-0.131002	0.666652	0.733767	-0.976809	-0.213238	0.019341	0.169360	-0.714216	0.679126
57195	7.861850	2.853514	8.734422	0.301128	-3.273211	0.758270	-0.132695	0.641265	0.755759	-0.975298	-0.220334	0.015713	0.176596	-0.735005	0.654661
57196	11.536192	9.984422	11.232628	-0.173743	-3.047776	0.888673	-0.135899	0.616568	0.775484	-0.974421	-0.224596	0.007810	0.178986	-0.754586	0.631319
57197	7.081638	8.700370	11.640861	-1.111056	-2.435959	0.958470	-0.140926	0.595810	0.790664	-0.975051	-0.221882	-0.006591	0.171508	-0.771867	0.612214
57198	8.446902	2.046149	13.053917	-1.532203	-1.860290	0.794640	-0.145551	0.579570	0.801819	-0.976457	-0.214570	-0.022157	0.159205	-0.786167	0.597156
57199	6.403478	-0.742025	13.952230	-0.636733	-1.072858	0.126084	-0.145054	0.570801	0.808174	-0.977283	-0.210221	-0.026930	0.154524	-0.793721	0.588327
57200	2.837111	-0.823408	12.642107	0.222528	-0.624554	-0.191401	-0.142160	0.566224	0.811900	-0.977219	-0.210865	-0.024048	0.157585	-0.796823	0.583301
57201	0.728338	2.422045	12.164907	0.462139	-0.228773	-0.252305	-0.139284	0.564909	0.813313	-0.976845	-0.213078	-0.019290	0.162402	-0.797167	0.581506
57202	0.119994	3.002706	11.754180	0.288774	0.074755	-0.096823	-0.138413	0.565702	0.812910	-0.976515	-0.214795	-0.016794	0.165109	-0.796143	0.582147
57203	0.309910	0.676930	11.948594	0.115627	0.431429	0.084527	-0.139906	0.568923	0.810403	-0.976216	-0.216150	-0.016788	0.165618	-0.793477	0.585632
57204	0.626511	-1.276388	12.183444	0.221954	0.837497	0.174457	-0.142953	0.575163	0.805452	-0.975609	-0.218869	-0.016861	0.166591	-0.788216	0.592421
57205	1.051609	-0.914885	12.250758	0.435592	1.271976	0.224532	-0.147230	0.584613	0.797841	-0.974562	-0.223543	-0.016042	0.168973	-0.779908	0.602654
57206	1.481949	0.337487	11.806603	0.484009	1.714679	0.294634	-0.152971	0.597224	0.787352	-0.973305	-0.228998	-0.015399	0.171106	-0.768689	0.616311
57207	2.044215	0.777344	11.210293	0.406404	2.111971	0.355682	-0.160006	0.612466	0.774134	-0.972062	-0.234202	-0.015624	0.171735	-0.755006	0.632829
57208	2.540708	0.713432	10.539408	0.339390	2.461206	0.379914	-0.167861	0.629962	0.758268	-0.970871	-0.239047	-0.016327	0.170977	-0.738921	0.651738
57209	3.037842	0.619295	9.832216	0.352211	2.713773	0.363568	-0.175966	0.648869	0.740274	-0.969657	-0.243898	-0.016708	0.169711	-0.720751	0.672098
57210	3.588347	0.707282	9.448143	0.409696	2.899340	0.295642	-0.183708	0.668747	0.720436	-0.968435	-0.248748	-0.016046	0.168477	-0.700643	0.693336
57211	4.414289	0.667400	9.409030	0.486387	3.016620	0.190500	-0.190575	0.689059	0.699198	-0.967273	-0.253352	-0.013964	0.167521	-0.678977	0.714791
57212	5.680873	0.483492	9.348582	0.588707	3.099874	0.058191	-0.196311	0.709598	0.676707	-0.966175	-0.257689	-0.010071	0.167233	-0.655794	0.736184
57213	6.512773	0.601301	8.871451	0.674646	3.165544	-0.062087	-0.200964	0.730115	0.653104	-0.965182	-0.261539	-0.004614	0.167444	-0.631292	0.757254
57214	6.449287	0.806670	8.354150	0.720432	3.152129	-0.167235	-0.204650	0.750047	0.628926	-0.964304	-0.264790	0.002004	0.168036	-0.606065	0.777463
57215	6.364031	0.814528	7.992643	0.738251	3.039651	-0.256042	-0.207257	0.768757	0.605027	-0.963600	-0.267182	0.009397	0.168876	-0.581057	0.796149
57216	6.225170	0.418657	7.820892	0.786210	2.875130	-0.373131	-0.208601	0.786085	0.581856	-0.963018	-0.268840	0.017949	0.170536	-0.556593	0.813094
57217	6.706417	0.282534	8.184009	0.868854	2.656454	-0.548432	-0.207843	0.802023	0.559965	-0.962678	-0.269174	0.028211	0.173354	-0.533203	0.828036
57218	7.113526	0.327856	8.458723	0.900682	2.474093	-0.752741	-0.205000	0.816930	0.539074	-0.962628	-0.267874	0.039875	0.176979	-0.510753	0.841314
57219	6.358622	0.223581	8.107866	0.861848	2.246143	-0.925944	-0.200056	0.830623	0.519656	-0.962975	-0.264513	0.052076	0.180712	-0.489998	0.852787
57220	5.639410	0.073868	7.685696	0.784637	1.895445	-1.030574	-0.193659	0.842417	0.502821	-0.963547	-0.259753	0.064080	0.184591	-0.472082	0.862012
57221	6.493862	0.184873	7.966632	0.701164	1.501544	-1.084109	-0.185964	0.852171	0.489104	-0.964309	-0.253781	0.075522	0.188483	-0.457603	0.868950
57222	8.247990	0.558570	8.630750	0.578481	1.246147	-1.098254	-0.177700	0.860556	0.477353	-0.965214	-0.246952	0.085884	0.191791	-0.445487	0.874504
57223	9.702294	0.781912	8.966873	0.424314	1.129763	-1.082608	-0.169377	0.868151	0.466503	-0.966287	-0.239416	0.094710	0.193910	-0.434734	0.879435
57224	10.532019	0.726544	9.057549	0.276068	1.124629	-1.055981	-0.161314	0.875474	0.455546	-0.967505	-0.231358	0.102022	0.194712	-0.424285	0.884347
57225	10.945633	0.136019	8.719419	0.173307	1.152763	-1.020161	-0.153634	0.882614	0.444286	-0.968785	-0.223071	0.108143	0.194556	-0.413803	0.889334
57226	9.682038	1.807270	8.789940	0.105352	1.036236	-0.959042	-0.146311	0.888959	0.433988	-0.970027	-0.214968	0.113302	0.194014	-0.404402	0.893766
57227	11.229494	-2.889944	3.805525	-0.185936	0.848644	-0.763918	-0.140483	0.893964	0.425550	-0.971491	-0.207367	0.114913	0.190973	-0.397274	0.897609
57228	12.794797	-2.453298	4.697932	-0.304091	0.601662	-0.667591	-0.135090	0.897704	0.419379	-0.972993	-0.200146	0.115004	0.187176	-0.392517	0.900497
57229	13.646750	-3.462783	4.097888	-0.040276	0.685497	-0.637425	-0.130117	0.901621	0.412491	-0.973924	-0.194209	0.117284	0.185855	-0.386474	0.903380
57230	15.264539	-2.753871	1.882391	-0.103657	0.630641	-0.434130	-0.127013	0.904875	0.406286	-0.974681	-0.189849	0.118125	0.184022	-0.380996	0.906078
57231	14.303887	-2.103478	-0.083192	-0.248011	0.510797	-0.145336	-0.126481	0.907076	0.401516	-0.975328	-0.187547	0.116454	0.180936	-0.376881	0.908418
57232	12.726136	-2.389883	-1.961210	-0.509674	0.242387	0.205210	-0.128873	0.907601	0.399565	-0.975983	-0.187449	0.110997	0.175639	-0.375664	0.909960
57233	11.038435	-3.269161	-3.538161	-0.680981	-0.262641	0.510721	-0.133360	0.905638	0.402536	-0.976498	-0.189463	0.102745	0.169315	-0.379373	0.909620
57234	9.340092	-4.984273	-4.346096	-0.650487	-0.986207	0.718654	-0.138689	0.900465	0.412223	-0.976614	-0.193408	0.093909	0.164289	-0.389559	0.906230
57235	6.820493	-3.700679	-3.058158	-0.307649	-1.664892	0.678304	-0.142537	0.892511	0.427910	-0.976174	-0.198221	0.088274	0.163607	-0.405132	0.899500
57236	1.426996	2.295327	10.102102	-0.409864	-1.625914	0.829582	-0.147942	0.884124	0.443214	-0.975646	-0.203854	0.080984	0.161951	-0.420439	0.892750
57237	9.544835	-1.902690	11.778055	-0.343263	-1.879213	0.737728	-0.152054	0.874527	0.460524	-0.975105	-0.208822	0.074595	0.161403	-0.437716	0.884508
57238	6.712682	0.840958	15.136930	0.191573	-1.559566	0.189477	-0.151306	0.867190	0.474434	-0.974514	-0.211279	0.075394	0.165619	-0.450935	0.877057
57239	7.985895	2.633667	11.218870	0.253687	-1.474242	-0.145660	-0.147365	0.860748	0.487233	-0.974315	-0.211134	0.078306	0.170273	-0.463180	0.869754
