// General information: 
//  MT Manager version: 2022.2.0 
//  XDA version: 2022.2.0 build 7381 rev 124627 built on 2023-07-19
// Device information: 
//  DeviceId: 00B4CB9F
//  ProductCode: MTW2-3A7G6
//  Firmware Version: 4.6.0
//  Hardware Version: 2.0.0
// Device settings: 
//  Filter Profile: human(46.1)
//  Option Flags: Orientation Smoother Disabled, Position/Velocity Smoother Disabled, Continuous Zero Rotation Update Disabled, AHS Disabled, ICC Disabled
// Coordinate system: ENU
PacketCounter	Acc_X	Acc_Y	Acc_Z	Gyr_X	Gyr_Y	Gyr_Z	Mat[1][1]	Mat[2][1]	Mat[3][1]	Mat[1][2]	Mat[2][2]	Mat[3][2]	Mat[1][3]	Mat[2][3]	Mat[3][3]
15701	9.482927	-1.638198	2.296594	0.009568	-0.041958	0.025926	-0.064428	-0.298766	0.952149	0.643887	-0.741393	-0.189065	0.762403	0.600896	0.240138
15702	9.488956	-1.570779	2.159499	-0.019758	-0.033580	0.013384	-0.064013	-0.298665	0.952209	0.643782	-0.741431	-0.189274	0.762526	0.600899	0.239736
15703	9.445153	-1.551864	2.043429	-0.053037	-0.044153	0.002085	-0.063594	-0.298402	0.952319	0.643416	-0.741706	-0.189442	0.762870	0.600690	0.239165
15704	9.518011	-1.621286	2.076625	-0.082495	-0.052612	-0.006467	-0.063160	-0.298040	0.952462	0.642820	-0.742179	-0.189612	0.763409	0.600285	0.238462
15705	9.423296	-1.746620	2.090881	-0.111017	-0.051010	-0.009875	-0.062765	-0.297647	0.952610	0.642003	-0.742837	-0.189803	0.764129	0.599665	0.237715
15706	9.431231	-1.895824	2.149524	-0.112604	-0.063752	-0.008527	-0.062259	-0.297203	0.952782	0.641173	-0.743497	-0.190024	0.764866	0.599068	0.236848
15707	9.470213	-1.984664	2.195269	-0.107338	-0.070220	-0.004883	-0.061683	-0.296734	0.952966	0.640386	-0.744117	-0.190252	0.765572	0.598531	0.235924
15708	9.512798	-1.965774	2.302732	-0.089101	-0.060635	0.003270	-0.061125	-0.296397	0.953107	0.639743	-0.744600	-0.190527	0.766155	0.598097	0.235131
15709	9.349427	-1.948171	2.376681	-0.076071	-0.047755	0.012984	-0.060606	-0.296195	0.953203	0.639205	-0.744979	-0.190851	0.766645	0.597725	0.234479
15710	9.266376	-1.837039	2.436934	-0.080573	-0.046289	0.010126	-0.060113	-0.295996	0.953296	0.638630	-0.745390	-0.191171	0.767162	0.597311	0.233839
15711	9.263628	-1.797808	2.435427	-0.103108	-0.039143	-0.000323	-0.059745	-0.295747	0.953396	0.637875	-0.745969	-0.191430	0.767819	0.596711	0.233218
15712	9.283620	-1.811604	2.420373	-0.119581	-0.028254	-0.009545	-0.059515	-0.295509	0.953484	0.636988	-0.746670	-0.191652	0.768573	0.595952	0.232674
15713	9.284013	-1.845971	2.452769	-0.128399	-0.016409	-0.008053	-0.059371	-0.295340	0.953546	0.636033	-0.747421	-0.191896	0.769374	0.595094	0.232221
15714	9.265570	-1.820727	2.440741	-0.139566	-0.009050	-0.011232	-0.059299	-0.295204	0.953592	0.634989	-0.748244	-0.192147	0.770242	0.594127	0.231821
15715	9.284470	-1.883028	2.482949	-0.149135	0.006461	-0.013617	-0.059366	-0.295129	0.953611	0.633869	-0.749132	-0.192384	0.771159	0.593044	0.231546
15716	9.314374	-2.038860	2.476764	-0.148854	0.027760	-0.011996	-0.059583	-0.295205	0.953574	0.632751	-0.750009	-0.192649	0.772060	0.591896	0.231479
15717	9.214411	-2.091785	2.464666	-0.132792	0.046309	-0.003346	-0.059893	-0.295443	0.953481	0.631760	-0.750767	-0.192947	0.772847	0.590815	0.231615
15718	9.209278	-2.068876	2.489759	-0.110162	0.059236	-0.001971	-0.060290	-0.295780	0.953352	0.630944	-0.751383	-0.193218	0.773482	0.589863	0.231922
15719	9.211155	-2.129358	2.507649	-0.102462	0.080402	-0.004085	-0.060868	-0.296214	0.953180	0.630187	-0.751961	-0.193439	0.774054	0.588908	0.232441
15720	9.231201	-2.249681	2.571691	-0.080645	0.087699	-0.002391	-0.061489	-0.296714	0.952985	0.629599	-0.752403	-0.193639	0.774483	0.588091	0.233076
15721	9.241570	-2.263045	2.437161	-0.061850	0.093909	-0.001658	-0.062158	-0.297245	0.952776	0.629157	-0.752733	-0.193790	0.774789	0.587400	0.233802
15722	9.328603	-2.156107	2.313100	-0.055102	0.097351	-0.005517	-0.062874	-0.297777	0.952563	0.628764	-0.753033	-0.193901	0.775050	0.586745	0.234578
15723	9.308857	-2.047434	2.221729	-0.055173	0.094565	-0.011745	-0.063611	-0.298235	0.952370	0.628367	-0.753354	-0.193943	0.775312	0.586101	0.235323
15724	9.303607	-1.989225	2.215572	-0.065734	0.089415	-0.018303	-0.064346	-0.298623	0.952199	0.627883	-0.753753	-0.193958	0.775644	0.585389	0.236002
15725	9.309484	-2.088661	2.230740	-0.075627	0.079328	-0.027901	-0.065067	-0.298869	0.952073	0.627316	-0.754241	-0.193894	0.776042	0.584634	0.236562
15726	9.308869	-2.252966	2.185446	-0.071357	0.056594	-0.026775	-0.065601	-0.299001	0.951995	0.626782	-0.754698	-0.193843	0.776428	0.583977	0.236917
15727	9.361803	-2.260729	2.181636	-0.054276	0.040676	-0.020594	-0.065976	-0.299075	0.951946	0.626385	-0.755039	-0.193800	0.776717	0.583498	0.237150
15728	9.372733	-2.204093	2.201587	-0.034187	0.027374	-0.014110	-0.066204	-0.299131	0.951913	0.626148	-0.755241	-0.193781	0.776889	0.583209	0.237300
15729	9.325586	-2.145866	2.287489	-0.016274	0.028075	-0.016822	-0.066457	-0.299160	0.951886	0.626048	-0.755348	-0.193684	0.776948	0.583054	0.237487
15730	9.259794	-2.043281	2.347221	-0.008827	0.024710	-0.015390	-0.066672	-0.299191	0.951861	0.626007	-0.755405	-0.193593	0.776962	0.582964	0.237660
15731	9.159504	-1.959615	2.421724	-0.002195	0.018972	-0.018870	-0.066866	-0.299152	0.951860	0.626015	-0.755437	-0.193444	0.776939	0.582943	0.237787
15732	9.208600	-1.957266	2.457207	-0.003051	0.010391	-0.021024	-0.067006	-0.299057	0.951880	0.626015	-0.755478	-0.193285	0.776927	0.582940	0.237835
15733	9.238634	-1.943611	2.502019	-0.000087	0.005259	-0.017274	-0.067084	-0.298951	0.951908	0.626040	-0.755492	-0.193147	0.776900	0.582975	0.237836
15734	9.230695	-1.874621	2.530794	0.023929	0.012477	-0.012464	-0.067186	-0.298932	0.951906	0.626255	-0.755350	-0.193005	0.776718	0.583169	0.237957
15735	9.218377	-1.779980	2.583303	0.040420	0.015453	-0.009441	-0.067294	-0.298945	0.951895	0.626601	-0.755104	-0.192845	0.776430	0.583481	0.238133
15736	9.190228	-1.732225	2.659561	0.047982	0.019558	-0.003858	-0.067397	-0.299033	0.951860	0.627008	-0.754796	-0.192728	0.776092	0.583835	0.238367
15737	9.223745	-1.744095	2.683470	0.036042	0.022860	-0.007474	-0.067551	-0.299104	0.951827	0.627321	-0.754569	-0.192596	0.775825	0.584091	0.238606
15738	9.251269	-1.772407	2.594576	0.020471	0.032977	-0.006629	-0.067775	-0.299249	0.951765	0.627513	-0.754430	-0.192519	0.775651	0.584197	0.238915
15739	9.206041	-1.781323	2.522399	0.011467	0.028040	-0.005108	-0.067955	-0.299369	0.951714	0.627637	-0.754340	-0.192468	0.775535	0.584252	0.239156
15740	9.295606	-1.869858	2.380339	0.016606	0.018510	-0.003889	-0.068050	-0.299450	0.951682	0.627800	-0.754214	-0.192426	0.775394	0.584372	0.239319
15741	9.333417	-1.908069	2.380725	0.029287	0.014788	-0.001576	-0.068105	-0.299519	0.951656	0.628064	-0.754010	-0.192366	0.775175	0.584600	0.239469
15742	9.333403	-1.891026	2.364402	0.033766	0.011755	0.001985	-0.068111	-0.299606	0.951629	0.628365	-0.753766	-0.192338	0.774931	0.584870	0.239601
15743	9.365096	-1.764059	2.282875	0.034441	0.006814	-0.001047	-0.068100	-0.299632	0.951621	0.628669	-0.753530	-0.192271	0.774685	0.585161	0.239685
15744	9.346054	-1.735430	2.275796	0.028451	0.007757	-0.004414	-0.068115	-0.299647	0.951615	0.628924	-0.753336	-0.192195	0.774477	0.585403	0.239769
15745	9.314984	-1.811691	2.305446	0.021703	0.006027	-0.005088	-0.068124	-0.299638	0.951618	0.629127	-0.753186	-0.192120	0.774311	0.585600	0.239821
15746	9.338158	-1.863987	2.291480	0.024604	-0.003609	-0.003047	-0.068042	-0.299597	0.951636	0.629353	-0.753011	-0.192066	0.774135	0.585847	0.239789
15747	9.373164	-1.827833	2.258335	0.025364	-0.004185	-0.000553	-0.067944	-0.299562	0.951654	0.629587	-0.752826	-0.192025	0.773953	0.586102	0.239750
15748	9.402345	-1.847719	2.339129	0.025427	0.000329	0.001167	-0.067866	-0.299576	0.951656	0.629822	-0.752633	-0.192010	0.773769	0.586343	0.239758
15749	9.344468	-1.813319	2.369590	0.021819	0.010257	0.004230	-0.067849	-0.299662	0.951630	0.630032	-0.752454	-0.192023	0.773600	0.586529	0.239850
15750	9.317180	-1.717841	2.390001	0.009073	0.012706	-0.004998	-0.067906	-0.299701	0.951613	0.630136	-0.752376	-0.191988	0.773510	0.586609	0.239943
15751	9.370184	-1.741848	2.402795	-0.005153	0.014469	-0.010920	-0.068017	-0.299698	0.951607	0.630127	-0.752400	-0.191921	0.773507	0.586579	0.240024
15752	9.335980	-1.727608	2.383036	-0.019268	0.023708	-0.012710	-0.068207	-0.299744	0.951578	0.630007	-0.752511	-0.191881	0.773589	0.586413	0.240167
15753	9.344055	-1.778089	2.339365	-0.035678	0.028327	-0.015411	-0.068454	-0.299788	0.951547	0.629758	-0.752728	-0.191845	0.773769	0.586112	0.240321
15754	9.324128	-1.782205	2.369432	-0.037188	0.029487	-0.020405	-0.068738	-0.299810	0.951519	0.629494	-0.752967	-0.191774	0.773959	0.585794	0.240486
15755	9.366480	-1.829643	2.329152	-0.036377	0.031876	-0.015497	-0.069013	-0.299874	0.951479	0.629240	-0.753188	-0.191739	0.774141	0.585477	0.240672
15756	9.331645	-1.831950	2.328720	-0.026557	0.039214	-0.012108	-0.069319	-0.300015	0.951413	0.629064	-0.753340	-0.191722	0.774257	0.585209	0.240949
15757	9.292759	-1.792404	2.333391	-0.024313	0.039330	-0.012920	-0.069636	-0.300141	0.951350	0.628905	-0.753483	-0.191683	0.774358	0.584960	0.241230
15758	9.262547	-1.803802	2.291989	-0.028889	0.031643	-0.015442	-0.069905	-0.300213	0.951307	0.628708	-0.753658	-0.191640	0.774493	0.584698	0.241431
15759	9.346594	-1.734038	2.259522	-0.037082	0.035587	-0.019397	-0.070233	-0.300269	0.951266	0.628445	-0.753895	-0.191569	0.774677	0.584364	0.241651
15760	9.350392	-1.758524	2.239568	-0.034044	0.039786	-0.019790	-0.070593	-0.300355	0.951212	0.628205	-0.754113	-0.191498	0.774839	0.584038	0.241919
15761	9.361188	-1.685131	2.242243	-0.027331	0.036865	-0.017029	-0.070916	-0.300435	0.951162	0.628020	-0.754286	-0.191426	0.774960	0.583773	0.242170
15762	9.399230	-1.706754	2.225647	-0.037771	0.039148	-0.019489	-0.071269	-0.300520	0.951109	0.627751	-0.754525	-0.191367	0.775145	0.583421	0.242425
15763	9.413315	-1.708010	2.259697	-0.048248	0.036770	-0.019875	-0.071609	-0.300578	0.951065	0.627401	-0.754828	-0.191319	0.775397	0.582999	0.242635
15764	9.421529	-1.758430	2.216450	-0.057191	0.036338	-0.016655	-0.071922	-0.300667	0.951014	0.626983	-0.755171	-0.191334	0.775706	0.582508	0.242826
15765	9.386800	-1.761097	2.215389	-0.069148	0.034979	-0.018241	-0.072239	-0.300726	0.950971	0.626472	-0.755591	-0.191352	0.776089	0.581933	0.242979
15766	9.352500	-1.747331	2.195988	-0.083323	0.036782	-0.024212	-0.072603	-0.300760	0.950932	0.625845	-0.756108	-0.191359	0.776561	0.581243	0.243125
15767	9.386144	-1.760368	2.218748	-0.096126	0.025285	-0.027275	-0.072900	-0.300694	0.950930	0.625117	-0.756711	-0.191357	0.777119	0.580493	0.243133
15768	9.350628	-1.812120	2.270694	-0.094520	0.033477	-0.026431	-0.073252	-0.300691	0.950904	0.624401	-0.757299	-0.191370	0.777662	0.579727	0.243226
15769	9.353633	-1.886591	2.303347	-0.084042	0.032608	-0.020858	-0.073566	-0.300715	0.950872	0.623770	-0.757811	-0.191400	0.778138	0.579045	0.243327
15770	9.295265	-1.852841	2.334313	-0.072844	0.031466	-0.020388	-0.073865	-0.300746	0.950839	0.623226	-0.758254	-0.191417	0.778545	0.578449	0.243442
15771	9.290147	-1.843645	2.376773	-0.074366	0.027991	-0.023325	-0.074159	-0.300725	0.950823	0.622668	-0.758716	-0.191401	0.778964	0.577853	0.243517
15772	9.285528	-1.817580	2.400983	-0.070662	0.025874	-0.029860	-0.074473	-0.300651	0.950822	0.622133	-0.759174	-0.191323	0.779361	0.577290	0.243583
15773	9.307781	-1.918969	2.441263	-0.071386	0.026317	-0.028561	-0.074786	-0.300580	0.950820	0.621594	-0.759635	-0.191249	0.779762	0.576721	0.243649
15774	9.254018	-1.909715	2.449149	-0.063101	0.033278	-0.029408	-0.075155	-0.300551	0.950800	0.621118	-0.760047	-0.191158	0.780105	0.576192	0.243800
15775	9.268376	-1.910708	2.481962	-0.057957	0.025464	-0.032692	-0.075487	-0.300443	0.950808	0.620680	-0.760441	-0.191012	0.780422	0.575728	0.243883
15776	9.287333	-1.936958	2.491356	-0.051242	0.023910	-0.026804	-0.075767	-0.300381	0.950805	0.620298	-0.760777	-0.190917	0.780699	0.575317	0.243968
15777	9.282342	-1.926839	2.533830	-0.041534	0.025337	-0.028193	-0.076070	-0.300306	0.950805	0.619991	-0.761063	-0.190774	0.780913	0.574978	0.244081
15778	9.238816	-1.877970	2.578423	-0.034026	0.029421	-0.022545	-0.076367	-0.300308	0.950780	0.619746	-0.761287	-0.190677	0.781078	0.574681	0.244251
15779	9.228534	-1.859407	2.662912	-0.025043	0.032655	-0.019505	-0.076673	-0.300341	0.950745	0.619574	-0.761452	-0.190577	0.781185	0.574445	0.244466
15780	9.257587	-1.830203	2.692264	-0.020533	0.035659	-0.014866	-0.076971	-0.300437	0.950691	0.619440	-0.761574	-0.190520	0.781261	0.574232	0.244722
15781	9.218807	-1.774020	2.679151	-0.030895	0.042654	-0.019412	-0.077355	-0.300528	0.950631	0.619223	-0.761773	-0.190436	0.781396	0.573921	0.245021
15782	9.223711	-1.748674	2.605737	-0.045724	0.049423	-0.022367	-0.077807	-0.300645	0.950557	0.618886	-0.762062	-0.190369	0.781617	0.573475	0.245359
15783	9.252415	-1.776275	2.516840	-0.057750	0.037321	-0.023022	-0.078172	-0.300679	0.950516	0.618456	-0.762425	-0.190317	0.781922	0.572975	0.245557
15784	9.299609	-1.864763	2.471139	-0.059989	0.035656	-0.021548	-0.078511	-0.300723	0.950474	0.618008	-0.762794	-0.190293	0.782242	0.572461	0.245737
15785	9.298948	-1.920934	2.354902	-0.055452	0.041608	-0.014468	-0.078858	-0.300846	0.950407	0.617601	-0.763118	-0.190317	0.782528	0.571964	0.245980
15786	9.298257	-1.920940	2.357626	-0.038367	0.036347	-0.009186	-0.079126	-0.300988	0.950340	0.617332	-0.763325	-0.190358	0.782713	0.571613	0.246208
15787	9.308054	-1.865094	2.379129	-0.016034	0.035396	-0.005037	-0.079365	-0.301147	0.950269	0.617241	-0.763394	-0.190374	0.782761	0.571436	0.246467
15788	9.302142	-1.856638	2.423364	-0.006345	0.036454	0.001208	-0.079570	-0.301369	0.950182	0.617231	-0.763387	-0.190435	0.782748	0.571329	0.246757
15789	9.316530	-1.826048	2.421833	0.001767	0.028141	-0.000368	-0.079724	-0.301522	0.950120	0.617284	-0.763341	-0.190452	0.782691	0.571310	0.246981
15790	9.315514	-1.842678	2.441979	-0.002778	0.020273	0.000828	-0.079804	-0.301649	0.950073	0.617301	-0.763314	-0.190501	0.782669	0.571279	0.247124
15791	9.270783	-1.885180	2.403353	-0.002826	0.015581	0.002876	-0.079839	-0.301755	0.950037	0.617320	-0.763284	-0.190560	0.782650	0.571263	0.247220
15792	9.275054	-1.910729	2.381481	0.000130	0.013528	0.005265	-0.079840	-0.301877	0.949998	0.617364	-0.763228	-0.190643	0.782616	0.571274	0.247304
15793	9.280900	-1.813483	2.406702	0.015725	0.009461	0.005569	-0.079810	-0.301969	0.949971	0.617531	-0.763083	-0.190682	0.782487	0.571418	0.247377
15794	9.334458	-1.748707	2.502549	0.012738	0.008387	0.004545	-0.079775	-0.302056	0.949946	0.617673	-0.762957	-0.190727	0.782379	0.571541	0.247436
15795	9.266178	-1.738252	2.478490	-0.002834	0.014203	-0.000248	-0.079818	-0.302131	0.949919	0.617689	-0.762936	-0.190757	0.782361	0.571529	0.247519
15796	9.269196	-1.813301	2.510266	-0.015467	0.016400	-0.001969	-0.079886	-0.302214	0.949887	0.617605	-0.762991	-0.190810	0.782421	0.571412	0.247601
15797	9.238111	-1.891433	2.537962	-0.023722	0.009626	-0.004980	-0.079923	-0.302226	0.949880	0.617455	-0.763104	-0.190846	0.782536	0.571254	0.247601
15798	9.256948	-1.919237	2.546608	-0.020732	0.010703	-0.003956	-0.079958	-0.302261	0.949866	0.617328	-0.763195	-0.190894	0.782632	0.571115	0.247618
15799	9.237288	-1.908464	2.556908	-0.014807	0.008158	0.000141	-0.079953	-0.302305	0.949852	0.617251	-0.763241	-0.190957	0.782693	0.571030	0.247621
15800	9.267013	-1.863936	2.566449	-0.005129	0.008015	-0.000526	-0.079945	-0.302351	0.949838	0.617249	-0.763232	-0.190998	0.782695	0.571017	0.247643
15801	9.246381	-1.886195	2.612918	-0.008038	0.014581	-0.001161	-0.079998	-0.302422	0.949811	0.617224	-0.763244	-0.191032	0.782710	0.570964	0.247720
15802	9.261669	-1.838926	2.591811	-0.012484	0.016100	-0.004064	-0.080076	-0.302487	0.949784	0.617162	-0.763288	-0.191058	0.782751	0.570871	0.247804
15803	9.285402	-1.875274	2.560345	-0.024318	0.023771	-0.002219	-0.080208	-0.302602	0.949736	0.617009	-0.763395	-0.191123	0.782858	0.570666	0.247938
15804	9.222113	-1.873737	2.495600	-0.038455	0.023874	-0.003779	-0.080345	-0.302713	0.949689	0.616743	-0.763586	-0.191216	0.783053	0.570351	0.248047
15805	9.245385	-1.926792	2.482029	-0.040649	0.025703	-0.011279	-0.080547	-0.302771	0.949654	0.616455	-0.763814	-0.191235	0.783259	0.570015	0.248168
15806	9.269631	-1.946416	2.432712	-0.042147	0.024985	-0.007993	-0.080719	-0.302856	0.949612	0.616157	-0.764039	-0.191297	0.783476	0.569669	0.248280
15807	9.249264	-1.952051	2.461929	-0.022811	0.023132	-0.008630	-0.080885	-0.302919	0.949578	0.616011	-0.764157	-0.191297	0.783574	0.569477	0.248410
15808	9.267802	-1.979583	2.471894	-0.010903	0.024292	-0.003152	-0.081022	-0.303037	0.949528	0.615961	-0.764189	-0.191328	0.783599	0.569371	0.248575
15809	9.306680	-1.984601	2.436932	0.009977	0.027671	-0.005312	-0.081203	-0.303152	0.949476	0.616075	-0.764110	-0.191278	0.783491	0.569416	0.248812
15810	9.287035	-1.956171	2.431890	0.033052	0.029225	0.000029	-0.081359	-0.303323	0.949408	0.616372	-0.763882	-0.191230	0.783241	0.569631	0.249108
15811	9.247421	-1.933207	2.454537	0.048606	0.022022	0.001719	-0.081452	-0.303459	0.949357	0.616793	-0.763563	-0.191151	0.782900	0.569987	0.249365
15812	9.218825	-1.837484	2.477797	0.054536	0.018288	-0.001102	-0.081529	-0.303558	0.949318	0.617258	-0.763215	-0.191038	0.782525	0.570399	0.249598
15813	9.238441	-1.830475	2.452617	0.053738	0.012639	-0.000876	-0.081564	-0.303621	0.949295	0.617716	-0.762873	-0.190922	0.782160	0.570823	0.249775
15814	9.310370	-1.881393	2.474694	0.047009	0.009349	-0.000952	-0.081570	-0.303672	0.949279	0.618122	-0.762568	-0.190829	0.781839	0.571204	0.249909
15815	9.315505	-1.888675	2.435177	0.046227	0.005263	-0.001404	-0.081552	-0.303688	0.949275	0.618521	-0.762270	-0.190726	0.781525	0.571592	0.250002
15816	9.281187	-1.890311	2.433014	0.048527	0.010083	-0.004246	-0.081584	-0.303718	0.949263	0.618935	-0.761966	-0.190598	0.781193	0.571983	0.250145
15817	9.281973	-1.855624	2.399159	0.049300	0.012616	-0.003116	-0.081633	-0.303763	0.949244	0.619356	-0.761655	-0.190471	0.780855	0.572371	0.250314
15818	9.296974	-1.823252	2.396699	0.050046	0.010817	-0.007541	-0.081691	-0.303772	0.949236	0.619779	-0.761352	-0.190308	0.780513	0.572770	0.250467
15819	9.320163	-1.890778	2.401662	0.047813	0.010706	-0.006755	-0.081748	-0.303779	0.949229	0.620185	-0.761061	-0.190149	0.780184	0.573154	0.250614
15820	9.319578	-1.905584	2.421312	0.050001	0.006134	-0.005490	-0.081757	-0.303776	0.949229	0.620610	-0.760751	-0.190006	0.779846	0.573566	0.250723
15821	9.320110	-1.887212	2.404669	0.053679	0.000716	-0.006828	-0.081736	-0.303726	0.949247	0.621061	-0.760425	-0.189832	0.779488	0.574024	0.250786
15822	9.336011	-1.838140	2.382756	0.060253	-0.011444	-0.003708	-0.081597	-0.303635	0.949288	0.621566	-0.760051	-0.189680	0.779100	0.574568	0.250747
15823	9.331516	-1.811129	2.405928	0.073653	-0.012646	-0.000152	-0.081430	-0.303559	0.949327	0.622179	-0.759589	-0.189520	0.778629	0.575218	0.250721
15824	9.321619	-1.775430	2.470410	0.075201	-0.007572	0.002097	-0.081285	-0.303535	0.949347	0.622804	-0.759110	-0.189385	0.778144	0.575863	0.250747
15825	9.296057	-1.786940	2.557383	0.075885	-0.014239	0.003540	-0.081083	-0.303477	0.949383	0.623436	-0.758624	-0.189254	0.777659	0.576534	0.250710
15826	9.276852	-1.774219	2.567088	0.070703	-0.012299	0.001923	-0.080903	-0.303424	0.949415	0.624025	-0.758171	-0.189129	0.777205	0.577158	0.250682
15827	9.258165	-1.745067	2.558624	0.069182	-0.015956	0.002784	-0.080692	-0.303350	0.949456	0.624604	-0.757724	-0.189008	0.776761	0.577783	0.250616
15828	9.248934	-1.692992	2.604227	0.053549	-0.014869	0.000017	-0.080504	-0.303267	0.949499	0.625059	-0.757374	-0.188907	0.776415	0.578285	0.250531
15829	9.268854	-1.702882	2.593884	0.032657	-0.016558	-0.002287	-0.080321	-0.303151	0.949551	0.625349	-0.757154	-0.188830	0.776200	0.578634	0.250390
15830	9.197155	-1.649614	2.572297	0.012575	-0.013820	-0.011763	-0.080214	-0.302986	0.949613	0.625476	-0.757077	-0.188720	0.776110	0.578822	0.250238
15831	9.240113	-1.745227	2.582889	-0.011296	-0.015041	-0.015772	-0.080127	-0.302776	0.949687	0.625414	-0.757151	-0.188625	0.776168	0.578834	0.250029
15832	9.316486	-1.870555	2.632834	-0.010572	-0.018421	-0.019499	-0.080033	-0.302525	0.949775	0.625355	-0.757231	-0.188500	0.776226	0.578860	0.249789
15833	9.297874	-1.931856	2.540568	-0.005310	-0.012863	-0.013732	-0.079951	-0.302344	0.949840	0.625341	-0.757266	-0.188408	0.776245	0.578910	0.249612
15834	9.259923	-1.892124	2.540507	0.011053	-0.016088	-0.007785	-0.079802	-0.302195	0.949900	0.625459	-0.757185	-0.188340	0.776166	0.579093	0.249435
15835	9.269962	-1.867888	2.593542	0.019239	-0.018310	-0.008273	-0.079644	-0.302024	0.949968	0.625640	-0.757061	-0.188240	0.776036	0.579345	0.249253
15836	9.216380	-1.875033	2.616532	0.026755	-0.012462	-0.007104	-0.079518	-0.301901	0.950017	0.625880	-0.756887	-0.188140	0.775855	0.579636	0.249140
15837	9.255256	-1.838453	2.714929	0.035694	-0.013713	-0.005782	-0.079380	-0.301775	0.950069	0.626191	-0.756659	-0.188022	0.775618	0.579999	0.249032
15838	9.227935	-1.725792	2.715906	0.032027	-0.008124	-0.008262	-0.079296	-0.301669	0.950110	0.626471	-0.756458	-0.187897	0.775401	0.580317	0.248971
15839	9.233914	-1.716734	2.656788	0.022379	-0.003321	-0.009664	-0.079263	-0.301574	0.950142	0.626676	-0.756319	-0.187776	0.775239	0.580547	0.248937
15840	9.241642	-1.641988	2.525399	0.010444	-0.004555	-0.015120	-0.079249	-0.301436	0.950187	0.626783	-0.756264	-0.187640	0.775153	0.580691	0.248868
15841	9.309908	-1.650653	2.550575	0.000014	-0.002456	-0.013838	-0.079250	-0.301315	0.950226	0.626810	-0.756267	-0.187534	0.775131	0.580749	0.248801
15842	9.334490	-1.686055	2.517633	-0.006728	-0.004379	-0.010767	-0.079210	-0.301211	0.950262	0.626788	-0.756298	-0.187483	0.775153	0.580762	0.248702
15843	9.309247	-1.772010	2.503969	-0.003698	0.001231	-0.008017	-0.079203	-0.301155	0.950280	0.626792	-0.756305	-0.187442	0.775151	0.580782	0.248663
15844	9.328857	-1.782658	2.494227	-0.006718	-0.001589	-0.004539	-0.079146	-0.301115	0.950298	0.626774	-0.756318	-0.187449	0.775171	0.580787	0.248590
15845	9.373219	-1.813735	2.433450	-0.006033	-0.006868	0.000036	-0.079025	-0.301073	0.950321	0.626766	-0.756315	-0.187490	0.775190	0.580813	0.248470
15846	9.303683	-1.869562	2.479659	0.004407	-0.006176	0.004981	-0.078873	-0.301078	0.950332	0.626842	-0.756234	-0.187560	0.775144	0.580915	0.248375
15847	9.279731	-1.907221	2.411063	0.004316	-0.016775	0.002207	-0.078662	-0.300995	0.950376	0.626917	-0.756163	-0.187596	0.775105	0.581050	0.248180
15848	9.266773	-1.872217	2.341730	0.015413	-0.027106	0.003074	-0.078359	-0.300864	0.950442	0.627077	-0.756024	-0.187621	0.775006	0.581299	0.247906
15849	9.335347	-1.882040	2.364904	0.024366	-0.028183	0.000587	-0.078070	-0.300702	0.950517	0.627305	-0.755843	-0.187592	0.774851	0.581619	0.247640
15850	9.331261	-1.856091	2.385570	0.028822	-0.031062	0.000379	-0.077754	-0.300527	0.950599	0.627566	-0.755634	-0.187558	0.774671	0.581980	0.247354
15851	9.336302	-1.897171	2.378620	0.033346	-0.026298	0.000518	-0.077479	-0.300376	0.950669	0.627864	-0.755399	-0.187507	0.774457	0.582363	0.247123
15852	9.303113	-1.883318	2.355039	0.045993	-0.030159	0.006731	-0.077130	-0.300254	0.950736	0.628264	-0.755071	-0.187491	0.774168	0.582851	0.246877
15853	9.298943	-1.857347	2.376098	0.051981	-0.029363	0.005643	-0.076800	-0.300123	0.950804	0.628709	-0.754712	-0.187443	0.773839	0.583383	0.246652
15854	9.290512	-1.789215	2.401893	0.061658	-0.033978	0.003227	-0.076444	-0.299952	0.950887	0.629226	-0.754302	-0.187356	0.773454	0.584001	0.246399
15855	9.287266	-1.730077	2.386501	0.057937	-0.033235	0.006625	-0.076077	-0.299805	0.950962	0.629719	-0.753904	-0.187303	0.773089	0.584590	0.246148
15856	9.282779	-1.720330	2.425544	0.051263	-0.028907	0.006934	-0.075737	-0.299691	0.951025	0.630158	-0.753544	-0.187276	0.772764	0.585113	0.245924
15857	9.302846	-1.730765	2.414075	0.049034	-0.028859	0.003923	-0.075421	-0.299550	0.951095	0.630578	-0.753206	-0.187220	0.772452	0.585620	0.245697
15858	9.331981	-1.808278	2.375104	0.046073	-0.026827	0.001523	-0.075131	-0.299407	0.951163	0.630973	-0.752892	-0.187155	0.772158	0.586097	0.245483
15859	9.342362	-1.841933	2.309665	0.047578	-0.026272	0.002024	-0.074848	-0.299265	0.951230	0.631380	-0.752568	-0.187084	0.771853	0.586584	0.245278
15860	9.329207	-1.806327	2.240767	0.053607	-0.020956	0.002649	-0.074597	-0.299164	0.951281	0.631833	-0.752206	-0.187011	0.771506	0.587101	0.245134
15861	9.344448	-1.790930	2.252765	0.052092	-0.024456	-0.000274	-0.074342	-0.299016	0.951348	0.632273	-0.751862	-0.186908	0.771171	0.587616	0.244955
15862	9.335262	-1.813005	2.197641	0.056640	-0.017973	-0.004658	-0.074160	-0.298878	0.951405	0.632744	-0.751503	-0.186759	0.770802	0.588146	0.244844
15863	9.370684	-1.775606	2.163951	0.048408	-0.020280	-0.005873	-0.073973	-0.298711	0.951472	0.633150	-0.751197	-0.186611	0.770486	0.588621	0.244697
15864	9.395771	-1.735941	2.229994	0.041675	-0.021888	-0.010389	-0.073797	-0.298507	0.951550	0.633501	-0.750943	-0.186444	0.770214	0.589049	0.244522
15865	9.367176	-1.746715	2.184379	0.050662	-0.020297	-0.002876	-0.073591	-0.298362	0.951612	0.633927	-0.750614	-0.186319	0.769884	0.589541	0.244378
15866	9.382485	-1.730826	2.196369	0.049158	-0.022244	-0.006490	-0.073388	-0.298184	0.951683	0.634338	-0.750303	-0.186171	0.769564	0.590026	0.244213
15867	9.373799	-1.677802	2.240509	0.037949	-0.022393	-0.013900	-0.073236	-0.297944	0.951770	0.634657	-0.750083	-0.185973	0.769316	0.590428	0.244025
15868	9.375190	-1.643248	2.202514	0.020015	-0.021506	-0.015793	-0.073097	-0.297701	0.951857	0.634837	-0.749971	-0.185808	0.769180	0.590692	0.243813
15869	9.374635	-1.706166	2.273868	0.008848	-0.015587	-0.022181	-0.073049	-0.297439	0.951942	0.634928	-0.749946	-0.185601	0.769110	0.590856	0.243635
15870	9.354946	-1.741508	2.336987	-0.000834	-0.010826	-0.023565	-0.073043	-0.297200	0.952017	0.634942	-0.749981	-0.185413	0.769099	0.590932	0.243485
15871	9.344995	-1.811532	2.336447	0.002133	-0.014092	-0.028084	-0.073044	-0.296902	0.952110	0.634976	-0.750013	-0.185167	0.769071	0.591042	0.243310
15872	9.315400	-1.886429	2.363696	-0.000097	-0.012656	-0.027979	-0.073051	-0.296620	0.952198	0.634992	-0.750056	-0.184935	0.769057	0.591129	0.243144
15873	9.311217	-1.874668	2.403450	0.003636	-0.013687	-0.023779	-0.073028	-0.296356	0.952281	0.635040	-0.750067	-0.184726	0.769019	0.591247	0.242974
15874	9.331846	-1.808631	2.492065	0.004383	-0.014112	-0.025084	-0.073006	-0.296087	0.952367	0.635093	-0.750075	-0.184511	0.768978	0.591371	0.242803
15875	9.342256	-1.782564	2.545418	0.004470	-0.001959	-0.023051	-0.073069	-0.295899	0.952421	0.635148	-0.750078	-0.184307	0.768926	0.591461	0.242747
15876	9.260080	-1.710167	2.607065	0.002290	0.007108	-0.022626	-0.073194	-0.295773	0.952450	0.635187	-0.750092	-0.184120	0.768882	0.591507	0.242774
15877	9.231085	-1.720224	2.563567	-0.005150	0.012288	-0.032424	-0.073426	-0.295599	0.952486	0.635161	-0.750179	-0.183850	0.768881	0.591483	0.242836
15878	9.278910	-1.781106	2.672079	-0.009646	0.010484	-0.030121	-0.073625	-0.295437	0.952521	0.635103	-0.750285	-0.183621	0.768911	0.591430	0.242873
15879	9.264017	-1.809288	2.678491	-0.015550	0.021989	-0.030789	-0.073921	-0.295333	0.952530	0.634999	-0.750429	-0.183392	0.768968	0.591299	0.243009
15880	9.263887	-1.807112	2.680410	-0.010299	0.024474	-0.023675	-0.074187	-0.295302	0.952519	0.634940	-0.750520	-0.183226	0.768991	0.591200	0.243178
15881	9.190790	-1.769854	2.680165	-0.005808	0.024730	-0.025282	-0.074469	-0.295256	0.952512	0.634915	-0.750589	-0.183026	0.768985	0.591134	0.243358
15882	9.200974	-1.695345	2.681936	-0.008022	0.029126	-0.022766	-0.074765	-0.295259	0.952487	0.634874	-0.750664	-0.182862	0.768990	0.591038	0.243575
15883	9.205129	-1.735053	2.679952	-0.011000	0.029737	-0.028276	-0.075105	-0.295220	0.952473	0.634807	-0.750773	-0.182646	0.769012	0.590919	0.243794
15884	9.229058	-1.769522	2.650236	-0.016210	0.033029	-0.026765	-0.075456	-0.295216	0.952446	0.634700	-0.750908	-0.182465	0.769066	0.590750	0.244034
15885	9.287657	-1.768498	2.587725	-0.010242	0.031973	-0.019555	-0.075759	-0.295256	0.952410	0.634645	-0.750987	-0.182330	0.769082	0.590629	0.244276
15886	9.252699	-1.786475	2.605304	0.005450	0.031001	-0.016852	-0.076031	-0.295315	0.952370	0.634712	-0.750965	-0.182191	0.769000	0.590628	0.244536
15887	9.285971	-1.797800	2.630355	0.018185	0.036407	-0.011025	-0.076314	-0.295444	0.952307	0.634880	-0.750852	-0.182068	0.768833	0.590706	0.244872
15888	9.266000	-1.768881	2.625441	0.025654	0.034657	-0.010227	-0.076573	-0.295574	0.952246	0.635107	-0.750690	-0.181942	0.768619	0.590846	0.245204
15889	9.285612	-1.729665	2.565009	0.029404	0.036748	-0.007416	-0.076836	-0.295734	0.952175	0.635365	-0.750500	-0.181825	0.768380	0.591008	0.245564
15890	9.305248	-1.690460	2.504638	0.032392	0.034898	-0.008823	-0.077087	-0.295876	0.952111	0.635645	-0.750295	-0.181696	0.768123	0.591198	0.245910
15891	9.324990	-1.651227	2.444041	0.036106	0.030910	-0.007027	-0.077302	-0.296004	0.952054	0.635954	-0.750064	-0.181567	0.767846	0.591427	0.246226
15892	9.314968	-1.673538	2.393145	0.024866	0.025901	-0.008551	-0.077482	-0.296095	0.952011	0.636176	-0.749902	-0.181458	0.767644	0.591586	0.246473
15893	9.338587	-1.725181	2.381956	0.021873	0.026201	-0.006451	-0.077658	-0.296199	0.951964	0.636377	-0.749753	-0.181369	0.767459	0.591723	0.246719
15894	9.342818	-1.765951	2.379652	0.013565	0.013094	-0.006580	-0.077727	-0.296230	0.951949	0.636514	-0.749652	-0.181307	0.767339	0.591836	0.246823
15895	9.372964	-1.778734	2.271150	0.013506	0.005300	-0.003084	-0.077720	-0.296236	0.951947	0.636655	-0.749541	-0.181271	0.767223	0.591973	0.246855
15896	9.378155	-1.787523	2.230784	0.015718	0.000753	-0.001784	-0.077664	-0.296229	0.951954	0.636812	-0.749413	-0.181249	0.767098	0.592139	0.246845
15897	9.393799	-1.723865	2.189297	0.020165	-0.005222	-0.000584	-0.077561	-0.296192	0.951974	0.637004	-0.749256	-0.181220	0.766948	0.592356	0.246788
15898	9.354247	-1.733546	2.244666	0.026136	-0.007524	-0.000279	-0.077432	-0.296147	0.951998	0.637242	-0.749062	-0.181187	0.766764	0.592624	0.246719
15899	9.359316	-1.667355	2.302543	0.023106	-0.013309	0.000813	-0.077257	-0.296072	0.952036	0.637458	-0.748883	-0.181164	0.766602	0.592887	0.246590
15900	9.359648	-1.666895	2.301523	0.023833	-0.016851	0.000910	-0.077049	-0.295981	0.952081	0.637679	-0.748699	-0.181148	0.766439	0.593165	0.246427
15901	9.335656	-1.629664	2.332326	0.020078	-0.020500	-0.001201	-0.076832	-0.295847	0.952140	0.637870	-0.748545	-0.181114	0.766302	0.593426	0.246225
15902	9.336853	-1.596456	2.293961	0.009603	-0.024240	-0.008529	-0.076628	-0.295642	0.952221	0.637975	-0.748473	-0.181043	0.766235	0.593620	0.245966
15903	9.331386	-1.634992	2.387703	-0.008320	-0.017485	-0.005630	-0.076462	-0.295493	0.952280	0.637945	-0.748500	-0.181036	0.766276	0.593660	0.245740
15904	9.321981	-1.690825	2.368001	-0.013596	-0.026216	-0.009949	-0.076252	-0.295265	0.952368	0.637871	-0.748569	-0.181009	0.766359	0.593686	0.245421
15905	9.332264	-1.757789	2.338075	-0.014375	-0.030461	-0.006547	-0.075993	-0.295032	0.952461	0.637794	-0.748636	-0.181008	0.766449	0.593718	0.245060
15906	9.395944	-1.757548	2.401529	-0.000140	-0.025883	-0.003332	-0.075743	-0.294855	0.952535	0.637828	-0.748606	-0.181011	0.766446	0.593843	0.244768
15907	9.317874	-1.745433	2.474182	0.015573	-0.022458	0.004891	-0.075472	-0.294755	0.952588	0.637989	-0.748460	-0.181046	0.766338	0.594076	0.244538
15908	9.278684	-1.755783	2.528270	0.017095	-0.017377	0.007100	-0.075221	-0.294707	0.952623	0.638163	-0.748297	-0.181106	0.766218	0.594305	0.244358
15909	9.254365	-1.735419	2.577468	0.012621	-0.015928	0.004195	-0.075005	-0.294640	0.952660	0.638299	-0.748172	-0.181141	0.766126	0.594496	0.244185
15910	9.269245	-1.720997	2.589718	0.008939	-0.005860	0.003401	-0.074865	-0.294633	0.952673	0.638408	-0.748069	-0.181186	0.766049	0.594630	0.244100
15911	9.304025	-1.685121	2.556505	0.002995	-0.000296	-0.002105	-0.074809	-0.294613	0.952684	0.638468	-0.748018	-0.181185	0.766004	0.594704	0.244059
15912	9.250322	-1.677088	2.562797	0.000779	0.004246	-0.003404	-0.074790	-0.294614	0.952685	0.638509	-0.747983	-0.181185	0.765972	0.594747	0.244056
15913	9.259057	-1.776820	2.572990	-0.002933	0.011049	0.001011	-0.074802	-0.294685	0.952662	0.638524	-0.747959	-0.181228	0.765958	0.594742	0.244112
15914	9.263351	-1.818768	2.569574	0.000803	0.010178	0.001411	-0.074798	-0.294758	0.952640	0.638569	-0.747910	-0.181274	0.765921	0.594768	0.244165
15915	9.292802	-1.848837	2.479271	0.012021	0.010529	0.005018	-0.074779	-0.294856	0.952611	0.638704	-0.747783	-0.181319	0.765810	0.594878	0.244244
15916	9.258306	-1.852323	2.476868	0.033676	0.004169	0.009421	-0.074677	-0.294953	0.952589	0.639007	-0.747515	-0.181361	0.765567	0.595168	0.244299
15917	9.302498	-1.776634	2.480677	0.036678	0.006694	0.013530	-0.074575	-0.295091	0.952554	0.639336	-0.747217	-0.181427	0.765302	0.595473	0.244386
15918	9.277348	-1.756337	2.532783	0.032250	0.015782	0.010926	-0.074553	-0.295269	0.952501	0.639629	-0.746953	-0.181486	0.765060	0.595717	0.244550
15919	9.257569	-1.729118	2.525976	0.033740	0.013374	0.009020	-0.074531	-0.295413	0.952458	0.639931	-0.746687	-0.181516	0.764810	0.595979	0.244695
15920	9.301369	-1.669136	2.548782	0.042736	0.013896	0.005811	-0.074527	-0.295541	0.952419	0.640299	-0.746374	-0.181500	0.764501	0.596306	0.244860
15921	9.305087	-1.726658	2.565125	0.047264	0.020099	0.009013	-0.074557	-0.295726	0.952359	0.640705	-0.746027	-0.181497	0.764159	0.596649	0.245094
15922	9.273824	-1.819966	2.615211	0.064493	0.022695	0.014621	-0.074563	-0.295972	0.952282	0.641246	-0.745558	-0.181512	0.763704	0.597113	0.245382
15923	9.243249	-1.865103	2.610851	0.081698	0.022046	0.025440	-0.074502	-0.296291	0.952188	0.641927	-0.744956	-0.181580	0.763138	0.597706	0.245698
15924	9.228484	-1.831557	2.546317	0.101887	0.016583	0.032454	-0.074347	-0.296633	0.952093	0.642765	-0.744209	-0.181673	0.762447	0.598466	0.245995
15925	9.257519	-1.770644	2.538770	0.115333	0.007913	0.035664	-0.074112	-0.296943	0.952015	0.643708	-0.743374	-0.181755	0.761674	0.599349	0.246238
15926	9.302376	-1.646905	2.488584	0.107872	0.006709	0.032445	-0.073881	-0.297226	0.951944	0.644591	-0.742590	-0.181833	0.760950	0.600181	0.246452
15927	9.292682	-1.563541	2.499036	0.094424	0.007791	0.028923	-0.073687	-0.297485	0.951879	0.645367	-0.741898	-0.181902	0.760310	0.600908	0.246656
15928	9.315439	-1.649221	2.524157	0.080902	0.001088	0.028939	-0.073436	-0.297708	0.951828	0.646041	-0.741285	-0.182011	0.759762	0.601554	0.246768
15929	9.343707	-1.728955	2.489821	0.062209	0.005436	0.026915	-0.073237	-0.297937	0.951772	0.646570	-0.740792	-0.182141	0.759331	0.602048	0.246891
15930	9.294350	-1.824175	2.376244	0.058441	0.003077	0.031730	-0.072982	-0.298192	0.951712	0.647074	-0.740304	-0.182332	0.758926	0.602521	0.246981
15931	9.318428	-1.846680	2.327265	0.071165	-0.001930	0.031042	-0.072701	-0.298407	0.951666	0.647675	-0.739743	-0.182478	0.758441	0.603104	0.247051
15932	9.352926	-1.812421	2.294726	0.076376	-0.009737	0.027865	-0.072373	-0.298556	0.951644	0.648311	-0.739158	-0.182589	0.757928	0.603747	0.247052
15933	9.367612	-1.706267	2.388326	0.076447	-0.003507	0.025020	-0.072118	-0.298716	0.951613	0.648945	-0.738582	-0.182664	0.757409	0.604371	0.247116
15934	9.400694	-1.735568	2.429782	0.074963	-0.002621	0.027614	-0.071846	-0.298905	0.951574	0.649570	-0.738005	-0.182776	0.756900	0.604982	0.247183
15935	9.395809	-1.694674	2.434730	0.074234	-0.000737	0.032004	-0.071566	-0.299135	0.951523	0.650194	-0.737419	-0.182924	0.756391	0.605583	0.247269
15936	9.385683	-1.720557	2.382364	0.069768	0.002132	0.032183	-0.071299	-0.299385	0.951465	0.650781	-0.736859	-0.183091	0.755910	0.606141	0.247372
15937	9.367493	-1.631025	2.300615	0.063781	0.002885	0.032578	-0.071043	-0.299640	0.951404	0.651323	-0.736336	-0.183270	0.755468	0.606651	0.247474
15938	9.377764	-1.559906	2.299674	0.047250	-0.001624	0.022604	-0.070811	-0.299797	0.951371	0.651733	-0.735941	-0.183402	0.755136	0.607053	0.247500
15939	9.392173	-1.546217	2.313187	0.025534	0.003242	0.015076	-0.070671	-0.299924	0.951342	0.651972	-0.735702	-0.183508	0.754942	0.607280	0.247535
15940	9.350909	-1.603936	2.425332	0.003072	0.009980	0.011943	-0.070595	-0.300073	0.951300	0.652041	-0.735606	-0.183648	0.754890	0.607322	0.247590
15941	9.329372	-1.734224	2.411318	-0.010497	0.004691	0.015099	-0.070466	-0.300209	0.951267	0.652011	-0.735584	-0.183844	0.754928	0.607282	0.247573
15942	9.333828	-1.762054	2.388871	-0.018837	-0.003888	0.016772	-0.070254	-0.300309	0.951251	0.651917	-0.735607	-0.184084	0.755029	0.607204	0.247456
15943	9.323212	-1.820500	2.371719	-0.008316	-0.002942	0.017857	-0.070049	-0.300419	0.951232	0.651904	-0.735564	-0.184300	0.755059	0.607202	0.247370
15944	9.336838	-1.839604	2.421350	-0.002291	-0.000693	0.019837	-0.069841	-0.300561	0.951202	0.651938	-0.735477	-0.184529	0.755049	0.607236	0.247314
15945	9.313494	-1.756171	2.397575	0.002267	0.004210	0.016092	-0.069702	-0.300702	0.951168	0.652003	-0.735375	-0.184702	0.755005	0.607291	0.247315
15946	9.278065	-1.792559	2.431693	0.007551	0.007010	0.015566	-0.069580	-0.300859	0.951127	0.652108	-0.735241	-0.184866	0.754926	0.607375	0.247351
15947	9.336346	-1.812344	2.385943	0.008303	0.007898	0.021167	-0.069435	-0.301059	0.951074	0.652223	-0.735087	-0.185072	0.754840	0.607462	0.247399
15948	9.311097	-1.792554	2.437304	0.014379	0.014801	0.021010	-0.069337	-0.301304	0.951004	0.652383	-0.734895	-0.185270	0.754711	0.607573	0.247521
15949	9.302654	-1.678373	2.409333	0.003899	0.017077	0.014692	-0.069303	-0.301512	0.950940	0.652461	-0.734787	-0.185427	0.754647	0.607601	0.247648
15950	9.356589	-1.655697	2.368087	-0.009587	0.018342	0.003576	-0.069345	-0.301651	0.950893	0.652428	-0.734793	-0.185518	0.754671	0.607525	0.247760
15951	9.300453	-1.788648	2.351653	-0.017041	0.024509	0.008240	-0.069410	-0.301856	0.950823	0.652342	-0.734832	-0.185665	0.754740	0.607375	0.247918
15952	9.304659	-1.815454	2.330855	-0.011150	0.011689	0.002122	-0.069411	-0.301943	0.950796	0.652296	-0.734853	-0.185747	0.754779	0.607307	0.247964
15953	9.362733	-1.849964	2.303845	-0.006622	0.013486	-0.000196	-0.069448	-0.302020	0.950769	0.652283	-0.734854	-0.185787	0.754787	0.607268	0.248036
15954	9.385742	-1.919393	2.310328	-0.005149	0.010944	0.001724	-0.069446	-0.302100	0.950743	0.652282	-0.734838	-0.185850	0.754788	0.607247	0.248086
15955	9.361714	-1.866460	2.324215	0.003064	0.007104	0.005756	-0.069395	-0.302182	0.950721	0.652348	-0.734761	-0.185924	0.754736	0.607299	0.248116
15956	9.274563	-1.830206	2.289690	-0.000035	-0.001778	0.008325	-0.069254	-0.302233	0.950715	0.652391	-0.734695	-0.186037	0.754712	0.607354	0.248054
15957	9.284592	-1.790013	2.324418	0.001429	-0.007086	0.000252	-0.069131	-0.302188	0.950738	0.652441	-0.734644	-0.186062	0.754680	0.607438	0.247947
15958	9.308680	-1.766475	2.408671	-0.004588	-0.009217	-0.005539	-0.069025	-0.302092	0.950777	0.652440	-0.734647	-0.186055	0.754691	0.607482	0.247805
15959	9.342181	-1.794527	2.448936	-0.003694	0.004198	-0.009443	-0.069052	-0.302044	0.950790	0.652442	-0.734659	-0.186000	0.754686	0.607492	0.247795
15960	9.323663	-1.750708	2.421468	-0.005226	0.001972	-0.005420	-0.069029	-0.302016	0.950800	0.652436	-0.734666	-0.185995	0.754694	0.607497	0.247759
15961	9.289916	-1.737506	2.399723	-0.015659	0.008795	-0.010074	-0.069094	-0.301992	0.950803	0.652347	-0.734752	-0.185964	0.754764	0.607405	0.247771
15962	9.309835	-1.732562	2.372145	-0.026210	0.004754	-0.009743	-0.069121	-0.301949	0.950815	0.652180	-0.734899	-0.185970	0.754907	0.607248	0.247722
15963	9.328917	-1.759377	2.381448	-0.029909	0.008843	-0.015380	-0.069221	-0.301886	0.950828	0.651980	-0.735088	-0.185924	0.755070	0.607051	0.247707
15964	9.333721	-1.784722	2.359432	-0.030673	0.007732	-0.013371	-0.069293	-0.301835	0.950839	0.651776	-0.735273	-0.185907	0.755239	0.606852	0.247678
15965	9.319200	-1.798718	2.346166	-0.033024	-0.003024	-0.015202	-0.069302	-0.301701	0.950880	0.651555	-0.735478	-0.185871	0.755430	0.606669	0.247545
15966	9.339495	-1.793502	2.317297	-0.032306	-0.006564	-0.015080	-0.069277	-0.301551	0.950930	0.651337	-0.735679	-0.185841	0.755619	0.606501	0.247377
