// General information: 
//  MT Manager version: 2022.2.0 
//  XDA version: 2022.2.0 build 7381 rev 124627 built on 2023-07-19
// Device information: 
//  DeviceId: 00B4CB9F
//  ProductCode: MTW2-3A7G6
//  Firmware Version: 4.6.0
//  Hardware Version: 2.0.0
// Device settings: 
//  Filter Profile: human(46.1)
//  Option Flags: Orientation Smoother Disabled, Position/Velocity Smoother Disabled, Continuous Zero Rotation Update Disabled, AHS Disabled, ICC Disabled
// Coordinate system: ENU
PacketCounter	Acc_X	Acc_Y	Acc_Z	Gyr_X	Gyr_Y	Gyr_Z	Mat[1][1]	Mat[2][1]	Mat[3][1]	Mat[1][2]	Mat[2][2]	Mat[3][2]	Mat[1][3]	Mat[2][3]	Mat[3][3]
29196	9.354567	-1.228206	-2.371212	-0.001703	0.028700	0.016165	-0.102799	-0.252431	0.962139	-0.983374	-0.119770	-0.136492	0.149690	-0.960174	-0.235922
29197	9.221768	-1.265918	-2.589185	-0.016213	0.009618	0.001326	-0.102870	-0.252394	0.962141	-0.983387	-0.119631	-0.136524	0.149559	-0.960201	-0.235895
29198	9.215219	-1.408054	-2.760102	-0.021739	-0.024349	-0.015603	-0.102715	-0.252657	0.962088	-0.983424	-0.119499	-0.136374	0.149424	-0.960148	-0.236195
29199	9.456372	-1.554579	-2.796829	-0.021204	-0.017796	-0.022485	-0.102500	-0.252861	0.962058	-0.983464	-0.119407	-0.136165	0.149307	-0.960106	-0.236441
29200	9.399859	-1.556707	-2.844555	-0.004460	-0.008384	-0.029072	-0.102236	-0.252955	0.962061	-0.983488	-0.119475	-0.135927	0.149326	-0.960073	-0.236563
29201	9.273209	-1.411653	-2.757752	0.004103	-0.018829	-0.025772	-0.101994	-0.253162	0.962032	-0.983497	-0.119612	-0.135746	0.149437	-0.960001	-0.236784
29202	9.327345	-1.411499	-2.543134	-0.001041	-0.033191	-0.023027	-0.101753	-0.253501	0.961969	-0.983510	-0.119698	-0.135574	0.149514	-0.959901	-0.237141
29203	9.447440	-1.391271	-2.333937	-0.015030	-0.016199	-0.020406	-0.101569	-0.253689	0.961939	-0.983542	-0.119634	-0.135401	0.149430	-0.959859	-0.237363
29204	9.562105	-1.418694	-2.149785	-0.016955	-0.000055	-0.013698	-0.101469	-0.253721	0.961941	-0.983569	-0.119543	-0.135281	0.149316	-0.959862	-0.237422
29205	9.682841	-1.399640	-1.937425	-0.010541	0.019573	-0.002880	-0.101511	-0.253586	0.961972	-0.983577	-0.119476	-0.135286	0.149240	-0.959906	-0.237293
29206	9.806373	-1.278757	-1.750090	-0.002745	0.039933	0.004329	-0.101648	-0.253256	0.962044	-0.983565	-0.119476	-0.135374	0.149226	-0.959993	-0.236949
29207	9.754755	-1.184653	-1.587944	-0.017431	0.069800	0.013892	-0.101927	-0.252660	0.962171	-0.983564	-0.119315	-0.135524	0.149043	-0.960170	-0.236346
29208	9.499038	-1.135286	-1.659425	-0.040265	0.073728	0.005194	-0.102122	-0.252006	0.962322	-0.983606	-0.118952	-0.135531	0.148625	-0.960387	-0.235727
29209	9.614258	-1.259447	-1.610840	-0.071318	0.085176	-0.009118	-0.102199	-0.251233	0.962516	-0.983710	-0.118322	-0.135333	0.147887	-0.960667	-0.235048
29210	9.086791	-1.346932	-2.247307	-0.076187	0.086749	-0.037499	-0.101993	-0.250403	0.962754	-0.983849	-0.117721	-0.134846	0.147102	-0.960958	-0.234352
29211	8.887047	-1.809210	-2.731827	-0.085723	0.018086	-0.082121	-0.101255	-0.250184	0.962889	-0.984049	-0.117117	-0.133910	0.146272	-0.961089	-0.234334
29212	9.251531	-2.256239	-2.894463	-0.054448	-0.015793	-0.081969	-0.100460	-0.250287	0.962946	-0.984199	-0.116836	-0.133045	0.145806	-0.961096	-0.234595
29213	9.383141	-2.228663	-3.003987	0.057464	-0.000407	-0.068267	-0.099823	-0.250271	0.963016	-0.984169	-0.117614	-0.132581	0.146445	-0.961006	-0.234568
29214	9.392330	-1.825592	-2.708076	0.172356	-0.001392	-0.054866	-0.099316	-0.250267	0.963070	-0.983958	-0.119444	-0.132509	0.148196	-0.960781	-0.234389
29215	9.475925	-1.234707	-2.319257	0.232037	-0.006592	-0.036109	-0.098986	-0.250344	0.963083	-0.983634	-0.121812	-0.132762	0.150552	-0.960463	-0.234190
29216	9.606346	-0.690572	-1.972200	0.201795	-0.000363	-0.018369	-0.098840	-0.250373	0.963091	-0.983335	-0.123833	-0.133110	0.152590	-0.960197	-0.233961
29217	9.760988	-0.523414	-1.650484	0.110997	0.025378	-0.009353	-0.098822	-0.250177	0.963144	-0.983160	-0.124972	-0.133337	0.153724	-0.960101	-0.233614
29218	9.853646	-0.741931	-1.565212	0.003144	0.064952	-0.005407	-0.098904	-0.249594	0.963286	-0.983149	-0.125053	-0.133345	0.153744	-0.960242	-0.233020
29219	9.784270	-1.026547	-1.502898	-0.059793	0.099619	-0.001418	-0.099086	-0.248690	0.963502	-0.983231	-0.124504	-0.133251	0.153098	-0.960548	-0.232183
29220	9.617422	-1.318446	-1.563281	-0.091693	0.114404	-0.000357	-0.099292	-0.247638	0.963751	-0.983359	-0.123661	-0.133087	0.152136	-0.960928	-0.231239
29221	9.564705	-1.516579	-1.656248	-0.085700	0.121468	-0.010846	-0.099407	-0.246512	0.964028	-0.983488	-0.122903	-0.132841	0.151229	-0.961315	-0.230224
29222	9.248805	-1.577054	-1.805387	-0.040594	0.105009	-0.034161	-0.099264	-0.245508	0.964299	-0.983571	-0.122635	-0.132471	0.150779	-0.961606	-0.229302
29223	9.282057	-1.662926	-2.002818	0.017072	0.072339	-0.049320	-0.098930	-0.244806	0.964512	-0.983582	-0.122952	-0.132092	0.150926	-0.961745	-0.228623
29224	9.343988	-1.587670	-2.114169	0.060045	0.058607	-0.045643	-0.098604	-0.244234	0.964690	-0.983525	-0.123679	-0.131841	0.151512	-0.961797	-0.228015
29225	9.334871	-1.461861	-2.235895	0.078572	0.054936	-0.052658	-0.098211	-0.243693	0.964867	-0.983446	-0.124595	-0.131570	0.152280	-0.961816	-0.227422
29226	9.529773	-1.424493	-2.171025	0.065881	0.068699	-0.045995	-0.097898	-0.243023	0.965068	-0.983379	-0.125378	-0.131328	0.152914	-0.961884	-0.226709
29227	9.489951	-1.367035	-2.004558	0.055817	0.086955	-0.036420	-0.097710	-0.242196	0.965295	-0.983315	-0.126050	-0.131161	0.153442	-0.962004	-0.225839
29228	9.497493	-1.436057	-1.980346	0.050216	0.093455	-0.038434	-0.097510	-0.241297	0.965540	-0.983264	-0.126663	-0.130955	0.153897	-0.962150	-0.224907
29229	9.634579	-1.566211	-1.936858	0.033510	0.105930	-0.042847	-0.097299	-0.240273	0.965817	-0.983244	-0.127103	-0.130675	0.154156	-0.962348	-0.223880
29230	9.542967	-1.548446	-2.182059	0.041488	0.123413	-0.045862	-0.097073	-0.239075	0.966137	-0.983213	-0.127650	-0.130376	0.154498	-0.962574	-0.222670
29231	9.603338	-1.320194	-2.429477	0.057058	0.107252	-0.048015	-0.096806	-0.238035	0.966420	-0.983158	-0.128353	-0.130097	0.155011	-0.962738	-0.221601
29232	9.661013	-1.096554	-2.738320	0.074338	0.083355	-0.055256	-0.096427	-0.237210	0.966661	-0.983084	-0.129238	-0.129779	0.155714	-0.962823	-0.220735
29233	9.447370	-0.867425	-3.008907	0.054760	0.051208	-0.060284	-0.095954	-0.236692	0.966835	-0.983044	-0.129946	-0.129375	0.156259	-0.962856	-0.220210
29234	9.185292	-0.769764	-3.261195	0.016024	0.020012	-0.067109	-0.095360	-0.236461	0.966950	-0.983072	-0.130297	-0.128813	0.156450	-0.962865	-0.220033
29235	9.138157	-0.818656	-3.424582	-0.026929	-0.007904	-0.063876	-0.094764	-0.236505	0.966998	-0.983165	-0.130203	-0.128193	0.156225	-0.962867	-0.220185
29236	9.326879	-1.019859	-3.218015	-0.106112	-0.005348	-0.048205	-0.094316	-0.236542	0.967033	-0.983364	-0.129334	-0.127545	0.155240	-0.962975	-0.220409
29237	9.475610	-1.200238	-2.700402	-0.174885	0.033241	-0.027999	-0.094132	-0.236244	0.967124	-0.983648	-0.127754	-0.126947	0.153544	-0.963259	-0.220355
29238	9.409207	-1.272949	-2.179071	-0.232459	0.075347	-0.025810	-0.094028	-0.235533	0.967307	-0.984015	-0.125613	-0.126238	0.151239	-0.963714	-0.219957
29239	9.566650	-1.483652	-1.674736	-0.290437	0.114941	-0.028518	-0.093956	-0.234447	0.967578	-0.984464	-0.122923	-0.125380	0.148333	-0.964326	-0.219255
29240	9.818040	-1.653240	-1.484511	-0.333447	0.156915	-0.023337	-0.093991	-0.232953	0.967935	-0.984964	-0.119799	-0.124476	0.144955	-0.965081	-0.218190
29241	9.824994	-1.879658	-1.439005	-0.322732	0.179191	-0.035361	-0.093944	-0.231233	0.968352	-0.985450	-0.116783	-0.123489	0.141641	-0.965864	-0.216898
29242	9.822149	-2.020687	-1.427142	-0.291962	0.197127	-0.064832	-0.093616	-0.229302	0.968843	-0.985909	-0.114149	-0.122281	0.138632	-0.966639	-0.215384
29243	9.597285	-2.042102	-1.492715	-0.247842	0.215019	-0.097478	-0.092994	-0.227166	0.969406	-0.986330	-0.112006	-0.120864	0.136035	-0.967394	-0.213645
29244	9.543374	-2.080286	-1.551287	-0.203753	0.227399	-0.125352	-0.092099	-0.224874	0.970026	-0.986710	-0.110356	-0.119266	0.133868	-0.968118	-0.211722
29245	9.242523	-2.060632	-1.863809	-0.132476	0.231142	-0.137497	-0.091092	-0.222538	0.970659	-0.987001	-0.109421	-0.117712	0.132406	-0.968764	-0.209678
29246	9.240742	-2.123893	-2.210942	-0.039744	0.196571	-0.145571	-0.089950	-0.220522	0.971226	-0.987175	-0.109398	-0.116266	0.131889	-0.969228	-0.207853
29247	9.137286	-2.145792	-2.508734	0.048518	0.172204	-0.145018	-0.088787	-0.218748	0.971733	-0.987228	-0.110232	-0.115018	0.132276	-0.969535	-0.206167
29248	8.801660	-1.904524	-2.798133	0.174115	0.090507	-0.164394	-0.087321	-0.217736	0.972094	-0.987131	-0.112317	-0.113829	0.133968	-0.969524	-0.205126
29249	9.069929	-1.596905	-2.380617	0.245337	0.059543	-0.143379	-0.086030	-0.217050	0.972362	-0.986912	-0.115045	-0.112997	0.136392	-0.969357	-0.204312
29250	9.266369	-1.247051	-2.445233	0.260177	0.056445	-0.138579	-0.084775	-0.216390	0.972619	-0.986662	-0.117907	-0.112231	0.138964	-0.969161	-0.203508
29251	9.614012	-1.161701	-2.268715	0.243544	0.065010	-0.119781	-0.083726	-0.215674	0.972869	-0.986409	-0.120572	-0.111621	0.141375	-0.968993	-0.202648
29252	9.589155	-0.823323	-2.001220	0.231213	0.046676	-0.107098	-0.082772	-0.215139	0.973069	-0.986158	-0.123082	-0.111098	0.143669	-0.968796	-0.201974
29253	9.600918	-0.283175	-1.831553	0.184977	0.015780	-0.099083	-0.081859	-0.214920	0.973195	-0.985960	-0.125130	-0.110566	0.145539	-0.968582	-0.201659
29254	9.591813	0.278328	-1.966178	0.049569	0.013023	-0.082459	-0.081100	-0.214739	0.973299	-0.985944	-0.125827	-0.109915	0.146070	-0.968532	-0.201516
29255	9.562804	0.497609	-2.268617	-0.138430	-0.004486	-0.074852	-0.080402	-0.214743	0.973356	-0.986196	-0.124672	-0.108968	0.144750	-0.968681	-0.201755
29256	9.912249	0.056810	-2.354784	-0.356294	0.019720	-0.057832	-0.079895	-0.214529	0.973445	-0.986742	-0.121383	-0.107737	0.141272	-0.969146	-0.201987
29257	9.518467	-0.462154	-2.602487	-0.497115	0.032354	-0.058067	-0.079408	-0.214199	0.973557	-0.987469	-0.116716	-0.106222	0.136383	-0.969792	-0.202247
29258	9.282500	-1.127269	-2.462019	-0.560603	0.006735	-0.073897	-0.078722	-0.214097	0.973635	-0.988266	-0.111476	-0.104418	0.130892	-0.970431	-0.202810
29259	9.514854	-1.227142	-2.246011	-0.547221	0.019027	-0.077792	-0.078017	-0.213886	0.973738	-0.989017	-0.106381	-0.102608	0.125534	-0.971049	-0.203238
29260	9.473059	-1.400855	-2.241431	-0.517903	0.023233	-0.083389	-0.077256	-0.213622	0.973857	-0.989709	-0.101568	-0.100794	0.120444	-0.971622	-0.203577
29261	9.768236	-1.900800	-2.051772	-0.466795	0.033579	-0.094587	-0.076404	-0.213257	0.974004	-0.990324	-0.097268	-0.098981	0.115848	-0.972142	-0.203762
29262	9.602172	-2.381602	-1.826517	-0.355546	0.043603	-0.108386	-0.075416	-0.212777	0.974186	-0.990803	-0.094081	-0.097252	0.112346	-0.972561	-0.203725
29263	9.347302	-2.824202	-1.701532	-0.180096	0.016795	-0.130582	-0.074187	-0.212548	0.974330	-0.991092	-0.092647	-0.095674	0.110604	-0.972749	-0.203782
29264	9.329640	-3.011473	-1.706939	0.047099	-0.017943	-0.151980	-0.072697	-0.212629	0.974425	-0.991143	-0.093467	-0.094340	0.111136	-0.972652	-0.203951
29265	9.305352	-2.711859	-1.754514	0.253150	-0.057688	-0.162103	-0.071076	-0.213088	0.974444	-0.990967	-0.096295	-0.093338	0.113724	-0.972276	-0.204319
29266	9.261368	-2.110796	-1.902241	0.435655	-0.099572	-0.165737	-0.069355	-0.213940	0.974382	-0.990569	-0.100923	-0.092666	0.118162	-0.971619	-0.204923
29267	9.203586	-1.321535	-1.993278	0.534300	-0.138202	-0.152830	-0.067719	-0.215181	0.974223	-0.990017	-0.106489	-0.092338	0.123613	-0.970751	-0.205822
29268	9.231181	-0.391104	-2.263786	0.565315	-0.190177	-0.138350	-0.066145	-0.216923	0.973945	-0.989385	-0.112312	-0.092209	0.129388	-0.969706	-0.207191
29269	9.488350	0.483578	-2.202076	0.525040	-0.226848	-0.119920	-0.064703	-0.219041	0.973568	-0.988759	-0.117712	-0.092196	0.134795	-0.968589	-0.208963
29270	9.578137	1.213836	-2.080472	0.411411	-0.247993	-0.098322	-0.063427	-0.221372	0.973125	-0.988249	-0.121950	-0.092154	0.139073	-0.967534	-0.211036
29271	9.817738	1.459950	-1.680131	0.255544	-0.247055	-0.086537	-0.062268	-0.223710	0.972665	-0.987934	-0.124650	-0.091914	0.141805	-0.966652	-0.213249
29272	10.025120	1.379847	-1.026732	0.077650	-0.206114	-0.061507	-0.061402	-0.225673	0.972266	-0.987852	-0.125577	-0.091534	0.142751	-0.966076	-0.215221
29273	10.011036	0.943717	-0.778269	-0.082180	-0.165795	-0.032789	-0.060885	-0.227288	0.971922	-0.987980	-0.124891	-0.091097	0.142089	-0.965786	-0.216952
29274	9.998333	0.124901	-0.342339	-0.208314	-0.123635	-0.021627	-0.060532	-0.228503	0.971660	-0.988277	-0.122967	-0.090485	0.140158	-0.965746	-0.218381
29275	9.976573	-0.629893	-0.327881	-0.240377	-0.076293	0.002301	-0.060490	-0.229294	0.971476	-0.988601	-0.120670	-0.090037	0.137873	-0.965848	-0.219381
29276	9.890855	-1.153001	-0.622808	-0.178293	-0.041773	0.014331	-0.060610	-0.229763	0.971358	-0.988827	-0.118953	-0.089837	0.136187	-0.965950	-0.219986
29277	9.717925	-1.268422	-1.175161	-0.072472	-0.037259	0.015485	-0.060755	-0.230189	0.971247	-0.988908	-0.118244	-0.089884	0.135535	-0.965935	-0.220452
29278	9.459861	-1.204229	-2.093562	0.020691	-0.064885	0.006245	-0.060765	-0.230871	0.971085	-0.988867	-0.118468	-0.090042	0.135831	-0.965745	-0.221102
29279	9.286402	-1.041565	-2.802283	0.091544	-0.095983	0.001339	-0.060690	-0.231848	0.970857	-0.988733	-0.119378	-0.090316	0.136838	-0.965399	-0.221991
29280	8.873596	-0.744511	-3.574146	0.160330	-0.181285	-0.000100	-0.060475	-0.233645	0.970439	-0.988502	-0.120964	-0.090724	0.138585	-0.964768	-0.223644
29281	8.964368	-0.456808	-3.853982	0.222092	-0.281401	-0.001941	-0.060107	-0.236407	0.969793	-0.988184	-0.123136	-0.091264	0.140992	-0.963820	-0.226212
29282	9.120453	-0.016274	-3.896274	0.195320	-0.366725	0.035755	-0.059975	-0.240032	0.968911	-0.987876	-0.124970	-0.092108	0.143194	-0.962688	-0.229626
29283	9.026349	0.431478	-3.757435	0.119775	-0.440623	0.083317	-0.060198	-0.244429	0.967797	-0.987642	-0.125967	-0.093246	0.144703	-0.961450	-0.233825
29284	9.504434	0.927702	-3.116184	-0.025661	-0.475449	0.111406	-0.060645	-0.249185	0.966555	-0.987602	-0.125483	-0.094316	0.144789	-0.960292	-0.238486
29285	9.760377	1.546075	-2.281874	-0.239481	-0.449924	0.130509	-0.061326	-0.253718	0.965332	-0.987859	-0.122883	-0.095054	0.142740	-0.959441	-0.243102
29286	10.147409	1.631995	-1.587076	-0.487314	-0.400685	0.147594	-0.062257	-0.257787	0.964194	-0.988442	-0.117868	-0.095336	0.138224	-0.958985	-0.247469
29287	10.502226	1.039708	-0.897446	-0.715254	-0.317261	0.156014	-0.063405	-0.261060	0.963238	-0.989299	-0.110641	-0.095107	0.131402	-0.958961	-0.251251
29288	10.650323	-0.043605	-0.352089	-0.856343	-0.218410	0.171257	-0.064858	-0.263384	0.962508	-0.990270	-0.102015	-0.094645	0.123118	-0.959282	-0.254205
29289	10.413170	-0.914456	0.023186	-0.829340	-0.151635	0.161124	-0.066304	-0.265047	0.961953	-0.991143	-0.093677	-0.094126	0.115060	-0.959674	-0.256488
29290	10.302387	-1.103250	0.404912	-0.637486	-0.110932	0.160562	-0.067808	-0.266303	0.961501	-0.991741	-0.087168	-0.094083	0.108867	-0.959940	-0.258193
29291	10.272586	-0.909782	0.506345	-0.428043	-0.086088	0.187898	-0.069612	-0.267336	0.961086	-0.992061	-0.082601	-0.094832	0.104738	-0.960057	-0.259463
29292	10.027298	-0.655969	0.237689	-0.261543	-0.082562	0.204919	-0.071596	-0.268341	0.960660	-0.992178	-0.079577	-0.096174	0.102254	-0.960032	-0.260545
29293	9.659442	-0.322383	-0.091998	-0.104674	-0.124449	0.199434	-0.073475	-0.269741	0.960126	-0.992130	-0.078104	-0.097867	0.101388	-0.959760	-0.261880
29294	9.396542	-0.027944	-0.211913	0.028071	-0.186728	0.205157	-0.075357	-0.271739	0.959416	-0.991941	-0.077854	-0.099963	0.101858	-0.959217	-0.263682
29295	8.528563	-0.123859	-1.075329	0.125756	-0.294465	0.218493	-0.077250	-0.274775	0.958400	-0.991636	-0.078515	-0.102439	0.103397	-0.958298	-0.266411
29296	8.596919	-0.584650	-2.175514	0.194605	-0.448381	0.227269	-0.079072	-0.279294	0.956944	-0.991246	-0.079785	-0.105192	0.105729	-0.956885	-0.270541
29297	8.999762	-1.186998	-3.362797	0.211770	-0.540487	0.235717	-0.080866	-0.284690	0.955203	-0.990823	-0.081180	-0.108077	0.108312	-0.955176	-0.275513
29298	8.923013	-1.450520	-4.003104	0.227929	-0.619428	0.239452	-0.082596	-0.290843	0.953199	-0.990368	-0.082701	-0.111050	0.111129	-0.953190	-0.281211
29299	9.486528	-1.525726	-3.944140	0.229560	-0.655196	0.249505	-0.084360	-0.297331	0.951040	-0.989892	-0.084196	-0.114129	0.114008	-0.951055	-0.287223
29300	9.873858	-1.930480	-3.654533	0.182599	-0.603960	0.267429	-0.086348	-0.303341	0.948962	-0.989444	-0.085162	-0.117254	0.116384	-0.949069	-0.292786
29301	9.784075	-2.229216	-2.679667	0.101711	-0.515866	0.250227	-0.088253	-0.308489	0.947125	-0.989096	-0.085400	-0.119980	0.117897	-0.947387	-0.297588
29302	10.390748	-2.266178	-0.968786	0.041162	-0.409802	0.217295	-0.089954	-0.312599	0.945616	-0.988844	-0.085149	-0.122214	0.118722	-0.946061	-0.301453
29303	11.243006	-2.006507	0.713000	0.027680	-0.283183	0.209489	-0.091715	-0.315498	0.944484	-0.988610	-0.084804	-0.124328	0.119322	-0.945129	-0.304126
29304	11.237973	-1.526179	1.750753	0.045830	-0.156571	0.211814	-0.093658	-0.317202	0.943722	-0.988349	-0.084601	-0.126523	0.119973	-0.944577	-0.305583
29305	10.765240	-0.970435	1.609896	0.089437	-0.089678	0.202491	-0.095582	-0.318258	0.943173	-0.988039	-0.084850	-0.128760	0.121007	-0.944199	-0.306341
29306	10.570096	-0.967126	0.741776	0.188692	-0.074754	0.196709	-0.097470	-0.319177	0.942669	-0.987609	-0.086038	-0.131248	0.122997	-0.943781	-0.306836
29307	10.301983	-1.046752	-0.032584	0.327078	-0.080398	0.190197	-0.099275	-0.320138	0.942155	-0.987001	-0.088576	-0.134098	0.126382	-0.943221	-0.307183
29308	10.145289	-1.054177	-0.339133	0.470567	-0.078099	0.204709	-0.101230	-0.321105	0.941618	-0.986180	-0.092390	-0.137527	0.131157	-0.942526	-0.307315
29309	10.409994	-1.188446	-0.229262	0.605225	-0.060463	0.230756	-0.103449	-0.321924	0.941097	-0.985119	-0.097407	-0.141608	0.137256	-0.941741	-0.307057
29310	11.039607	-1.357054	0.737123	0.685106	0.000041	0.260811	-0.106052	-0.322232	0.940702	-0.983871	-0.103050	-0.146217	0.144055	-0.941035	-0.306106
29311	11.737985	-1.549912	2.153694	0.739138	0.150623	0.289034	-0.109154	-0.321145	0.940718	-0.982456	-0.109110	-0.151246	0.151214	-0.940723	-0.303601
29312	12.009301	-1.799695	3.331962	0.815782	0.369743	0.352769	-0.113225	-0.318110	0.941268	-0.980786	-0.115692	-0.157077	0.158865	-0.940968	-0.298899
29313	11.857128	-2.122830	4.208407	0.894355	0.638481	0.439661	-0.118613	-0.312639	0.942437	-0.978807	-0.122759	-0.163913	0.166938	-0.941906	-0.291453
29314	11.595454	-2.395300	4.585007	1.003015	0.899078	0.527139	-0.125340	-0.304879	0.944107	-0.976432	-0.130620	-0.171812	0.175701	-0.943391	-0.281322
29315	11.811112	-2.340184	4.339306	1.160493	1.080963	0.576915	-0.132962	-0.295461	0.946057	-0.973575	-0.139880	-0.180515	0.185670	-0.945059	-0.269055
29316	12.500490	-2.165377	3.689813	1.304510	1.185837	0.579876	-0.140899	-0.285135	0.948075	-0.970271	-0.150570	-0.189481	0.196780	-0.946587	-0.255443
29317	13.431919	-1.890607	2.790163	1.379815	1.215357	0.574703	-0.148965	-0.274532	0.949969	-0.966622	-0.162088	-0.198418	0.208451	-0.947818	-0.241223
29318	14.754166	-1.882286	2.331603	1.338079	1.310990	0.605416	-0.157641	-0.263162	0.951785	-0.962814	-0.173188	-0.207353	0.219405	-0.949079	-0.226074
29319	15.278986	-1.788017	2.189051	1.228630	1.516232	0.639299	-0.167226	-0.249882	0.953727	-0.959007	-0.183246	-0.216163	0.228782	-0.950779	-0.208995
29320	14.376714	-1.656828	2.141747	1.066825	1.770895	0.666353	-0.177750	-0.234324	0.955771	-0.955360	-0.191826	-0.224702	0.235994	-0.953045	-0.189766
29321	12.964632	-1.597053	1.840808	0.836639	1.992766	0.728284	-0.189479	-0.216686	0.957677	-0.952018	-0.198188	-0.233202	0.240332	-0.955912	-0.168737
29322	12.103406	-1.665357	1.886370	0.502842	2.144500	0.812887	-0.202397	-0.197824	0.959115	-0.949195	-0.201358	-0.241835	0.240966	-0.959333	-0.147019
29323	11.838531	-1.794717	2.139600	0.129555	2.269533	0.918769	-0.216589	-0.177805	0.959935	-0.946947	-0.200890	-0.250869	0.237447	-0.963342	-0.124861
29324	11.557554	-1.802403	1.913908	-0.231610	2.416025	0.960811	-0.231356	-0.156439	0.960209	-0.945315	-0.197089	-0.259877	0.229901	-0.967824	-0.102286
29325	11.105490	-1.338004	0.995432	-0.465951	2.449562	0.894150	-0.245361	-0.134344	0.960078	-0.944219	-0.191275	-0.268074	0.219653	-0.972299	-0.079918
29326	11.554736	-1.127674	0.066103	-0.590405	2.437469	0.755338	-0.257734	-0.112064	0.959695	-0.943561	-0.184635	-0.274961	0.208007	-0.976397	-0.058152
29327	12.357276	-0.972897	-1.069088	-0.621001	2.409300	0.548663	-0.267850	-0.089414	0.959303	-0.943355	-0.178010	-0.279989	0.195801	-0.979958	-0.036669
29328	13.612721	-0.442188	-2.369002	-0.652791	2.375512	0.295902	-0.275176	-0.066667	0.959080	-0.943768	-0.171418	-0.282698	0.183250	-0.982940	-0.015748
29329	14.243473	0.232474	-3.125656	-0.651503	2.371009	0.021707	-0.279615	-0.043300	0.959135	-0.944847	-0.165019	-0.282899	0.170526	-0.985339	0.005230
29330	14.172793	1.290893	-4.414548	-0.603659	2.364599	-0.197034	-0.281671	-0.019711	0.959309	-0.946373	-0.159176	-0.281143	0.158240	-0.987053	0.026181
29331	13.842211	2.323155	-5.122953	-0.628200	2.421307	-0.335274	-0.282200	0.004752	0.959344	-0.948257	-0.153051	-0.278180	0.145506	-0.988207	0.047697
29332	13.162878	2.680865	-5.548418	-0.764344	2.510085	-0.379521	-0.282104	0.030084	0.958912	-0.950367	-0.145478	-0.275026	0.131227	-0.988904	0.069631
29333	12.077498	2.122053	-5.748867	-0.940323	2.569671	-0.327786	-0.282168	0.055973	0.957731	-0.952438	-0.136096	-0.272654	0.115082	-0.989113	0.091712
29334	11.065479	1.100375	-5.270633	-1.121505	2.608513	-0.195098	-0.283110	0.081976	0.955578	-0.954162	-0.124921	-0.271974	0.097077	-0.988774	0.113585
29335	9.953401	0.277959	-4.559339	-1.330175	2.644231	-0.036333	-0.285077	0.108159	0.952383	-0.955414	-0.111797	-0.273288	0.076915	-0.987827	0.135207
29336	8.974193	-0.436246	-3.644277	-1.454480	2.618979	0.039943	-0.287231	0.133920	0.948453	-0.956248	-0.097543	-0.275819	0.055577	-0.986180	0.156078
29337	8.592431	-0.962194	-2.926900	-1.447192	2.537868	0.003336	-0.288418	0.158917	0.944225	-0.956884	-0.083349	-0.278257	0.034480	-0.983767	0.176104
29338	8.522482	-1.082943	-2.633445	-1.404716	2.443475	-0.091099	-0.288178	0.182941	0.939939	-0.957474	-0.069451	-0.280037	0.014049	-0.980668	0.195176
29339	8.609375	-1.282239	-2.543431	-1.405722	2.332379	-0.220474	-0.286171	0.205907	0.935793	-0.958159	-0.055318	-0.280839	-0.006060	-0.977007	0.213122
29340	8.846998	-1.652878	-2.480122	-1.410030	2.254533	-0.332811	-0.282661	0.228003	0.931728	-0.958869	-0.040907	-0.280885	-0.025929	-0.972801	0.230187
29341	8.878587	-2.052888	-2.214291	-1.431465	2.239718	-0.416272	-0.277876	0.249869	0.927551	-0.959521	-0.026077	-0.280429	-0.045883	-0.967928	0.247001
29342	8.302606	-2.442486	-1.968121	-1.445198	2.254840	-0.484850	-0.272005	0.271679	0.923149	-0.960037	-0.010923	-0.279659	-0.065894	-0.962326	0.263793
29343	7.766856	-3.072414	-1.700079	-1.381591	2.205754	-0.508667	-0.265469	0.292846	0.918568	-0.960362	0.003710	-0.278731	-0.085033	-0.956152	0.280253
29344	7.402787	-3.589684	-1.395519	-1.228014	2.109455	-0.459586	-0.259124	0.312859	0.913769	-0.960411	0.016744	-0.278083	-0.102301	-0.949652	0.296135
29345	7.163751	-3.920564	-1.158937	-1.020564	1.992721	-0.388056	-0.253227	0.331618	0.908794	-0.960287	0.027596	-0.277645	-0.117151	-0.943010	0.311460
29346	6.973324	-4.196520	-0.818350	-0.823289	1.876966	-0.338017	-0.247710	0.349107	0.903750	-0.960113	0.036422	-0.277229	-0.129699	-0.936375	0.326160
29347	6.894647	-4.293180	-0.467829	-0.628187	1.749556	-0.333500	-0.242170	0.365283	0.898845	-0.960086	0.043418	-0.276315	-0.139959	-0.929883	0.340189
29348	6.836008	-4.103610	-0.017167	-0.422775	1.600777	-0.365175	-0.236407	0.379913	0.894303	-0.960349	0.048635	-0.274527	-0.147791	-0.923743	0.353351
29349	6.850888	-3.688168	0.438496	-0.251297	1.452051	-0.418440	-0.230224	0.393054	0.890228	-0.960949	0.052508	-0.271697	-0.153535	-0.918015	0.365616
29350	6.741895	-3.231725	0.827976	-0.163350	1.307053	-0.471010	-0.223707	0.404725	0.886653	-0.961762	0.055819	-0.268137	-0.158014	-0.912733	0.376762
29351	6.536050	-2.860302	1.110695	-0.132718	1.162194	-0.514121	-0.216929	0.414988	0.883587	-0.962686	0.059075	-0.264094	-0.161794	-0.907907	0.386688
29352	6.317486	-2.618898	1.360825	-0.120951	1.003731	-0.545690	-0.210080	0.423711	0.881099	-0.963653	0.062397	-0.259770	-0.165045	-0.903646	0.395202
29353	6.177421	-2.435565	1.591147	-0.082298	0.858164	-0.574122	-0.203147	0.431060	0.879158	-0.964706	0.065533	-0.255046	-0.167554	-0.899940	0.402534
29354	6.119798	-2.235769	1.842284	0.002473	0.736136	-0.605955	-0.196107	0.437231	0.877708	-0.965920	0.068079	-0.249729	-0.168943	-0.896769	0.408980
29355	6.148147	-2.188727	2.099029	0.069710	0.644032	-0.640562	-0.188855	0.442532	0.876641	-0.967274	0.070212	-0.243824	-0.169451	-0.894000	0.414790
29356	6.252804	-2.179325	2.433506	0.087042	0.575155	-0.674881	-0.181396	0.447149	0.875873	-0.968672	0.072374	-0.237563	-0.169617	-0.891527	0.420012
29357	6.441445	-2.320705	2.812014	0.090789	0.512339	-0.695945	-0.173812	0.451176	0.875345	-0.970066	0.074632	-0.231087	-0.169590	-0.889309	0.424699
29358	6.521923	-2.469082	2.995159	0.131061	0.428077	-0.710199	-0.166241	0.454406	0.875145	-0.971497	0.076620	-0.224327	-0.168990	-0.887493	0.428717
29359	6.623135	-2.670355	3.088568	0.187214	0.310161	-0.701934	-0.158926	0.456590	0.875367	-0.972958	0.078097	-0.217380	-0.167617	-0.886243	0.431831
29360	6.851220	-3.005158	3.072687	0.236857	0.164129	-0.651883	-0.152354	0.457496	0.876062	-0.974369	0.078915	-0.210661	-0.165511	-0.885703	0.433747
29361	6.981022	-3.292884	2.998710	0.291291	0.038505	-0.578828	-0.146681	0.457357	0.877103	-0.975716	0.078922	-0.204325	-0.162673	-0.885774	0.434674
29362	6.921938	-3.411631	2.904442	0.312765	-0.086882	-0.515292	-0.141838	0.456145	0.878529	-0.976965	0.078441	-0.198458	-0.159439	-0.886441	0.434512
29363	6.677900	-3.456088	2.999732	0.344561	-0.199942	-0.484732	-0.137450	0.453970	0.880352	-0.978189	0.077530	-0.192705	-0.155736	-0.887638	0.433412
29364	6.681700	-3.259629	3.324192	0.406907	-0.338139	-0.491194	-0.133209	0.450551	0.882756	-0.979480	0.076072	-0.186631	-0.151240	-0.889503	0.431173
29365	6.920942	-2.876170	3.801153	0.507811	-0.467136	-0.533758	-0.128708	0.445965	0.885748	-0.980936	0.073880	-0.179737	-0.145596	-0.891996	0.427955
29366	7.401227	-2.508462	4.216966	0.589600	-0.574418	-0.590414	-0.123776	0.440368	0.889244	-0.982523	0.071166	-0.172002	-0.139028	-0.894992	0.423863
29367	7.946289	-2.073536	4.697140	0.671168	-0.648738	-0.663347	-0.118169	0.434065	0.893098	-0.984236	0.067986	-0.163271	-0.131589	-0.898313	0.419188
29368	8.472549	-1.807181	5.546991	0.681997	-0.650473	-0.724073	-0.111915	0.427693	0.896969	-0.985942	0.064906	-0.153965	-0.124068	-0.901591	0.414416
29369	8.573098	-1.496493	5.837804	0.639905	-0.638489	-0.772700	-0.105098	0.421410	0.900760	-0.987554	0.062345	-0.144393	-0.117007	-0.904725	0.409613
29370	8.727135	-1.213332	6.042585	0.626890	-0.695324	-0.802294	-0.098005	0.414579	0.904720	-0.989082	0.059954	-0.134617	-0.110051	-0.908036	0.404177
29371	8.870196	-0.735720	6.053494	0.629647	-0.796560	-0.791620	-0.091056	0.406844	0.908948	-0.990504	0.057416	-0.124925	-0.103013	-0.911691	0.397753
29372	8.866766	-0.593973	6.131531	0.543124	-0.870950	-0.765470	-0.084385	0.398417	0.913314	-0.991719	0.055473	-0.115829	-0.096812	-0.915525	0.390437
29373	8.525718	-0.482630	5.769283	0.427419	-0.866137	-0.711986	-0.078174	0.390059	0.917465	-0.992703	0.054299	-0.107670	-0.091815	-0.919187	0.382968
29374	6.962264	-0.144580	5.018313	0.290566	-0.863930	-0.682121	-0.072223	0.381694	0.921463	-0.993479	0.054193	-0.100316	-0.088227	-0.922698	0.375291
29375	5.452396	-0.057053	4.496506	0.106253	-0.991817	-0.670200	-0.066464	0.372136	0.925795	-0.994038	0.055678	-0.093744	-0.086431	-0.926507	0.366217
29376	4.860700	-0.249735	4.275160	-0.044998	-1.126635	-0.589388	-0.061622	0.361300	0.930411	-0.994379	0.058195	-0.088457	-0.086105	-0.930632	0.355683
29377	5.641935	-0.289086	4.441940	-0.100352	-1.317772	-0.454058	-0.058276	0.348719	0.935414	-0.994567	0.060685	-0.084585	-0.086262	-0.935261	0.343288
29378	7.501211	-0.700135	4.188948	-0.072252	-1.421512	-0.277337	-0.056789	0.335180	0.940441	-0.994666	0.062250	-0.082249	-0.086111	-0.940095	0.329857
29379	8.729997	-0.332442	1.686260	0.042315	-1.614196	-0.176163	-0.056449	0.319836	0.945790	-0.994804	0.062370	-0.080466	-0.084725	-0.945418	0.314654
29380	10.856715	-0.805835	-0.676656	0.135944	-1.870268	-0.153598	-0.056528	0.301964	0.951642	-0.995006	0.061498	-0.078618	-0.082264	-0.951334	0.296980
29381	14.688026	-1.844616	0.156706	-0.063014	-1.829211	-0.219301	-0.055880	0.284358	0.957088	-0.995080	0.062686	-0.076723	-0.081813	-0.956667	0.279456
29382	16.181410	-2.004658	2.947531	-0.576414	-1.391508	-0.376632	-0.053351	0.270733	0.961175	-0.994802	0.069197	-0.074708	-0.086736	-0.960164	0.265634
29383	13.676843	-1.427055	5.733776	-1.170014	-0.967611	-0.552232	-0.048788	0.260996	0.964106	-0.994007	0.081853	-0.072460	-0.097827	-0.961864	0.255438
29384	10.758006	-2.427471	6.891643	-1.632193	-0.859597	-0.428796	-0.045484	0.252298	0.966580	-0.992487	0.098601	-0.072440	-0.113582	-0.962613	0.245918
29385	10.883732	-4.663018	6.352437	-1.862075	-0.942551	-0.046809	-0.046213	0.243156	0.968886	-0.990230	0.116590	-0.076491	-0.131561	-0.962955	0.235392
29386	12.416136	-7.439826	5.157032	-1.913004	-0.925983	0.282386	-0.050357	0.234556	0.970797	-0.987406	0.134278	-0.083662	-0.149980	-0.962784	0.224840
29387	11.858852	-9.187282	2.632606	-1.645951	-0.947389	0.320786	-0.055061	0.225878	0.972598	-0.984645	0.149328	-0.090423	-0.165660	-0.962642	0.214188
29388	10.251303	-9.088012	-0.197508	-1.019615	-1.151784	0.047090	-0.057535	0.214821	0.974957	-0.982887	0.158987	-0.093034	-0.174991	-0.963626	0.201998
29389	9.268615	-7.238486	-2.483626	-0.101613	-1.359064	-0.296622	-0.057054	0.201221	0.977883	-0.982885	0.160524	-0.090377	-0.175160	-0.966303	0.188619
29390	8.197587	-4.257674	-3.758756	0.727949	-1.457163	-0.505438	-0.054625	0.186279	0.980977	-0.984420	0.154398	-0.084136	-0.167134	-0.970289	0.174943
29391	7.662864	-0.999639	-2.673228	1.060044	-1.499672	-0.550542	-0.051684	0.170855	0.983940	-0.986430	0.145011	-0.076995	-0.155837	-0.974567	0.161041
29392	8.308377	1.776248	-0.809394	0.945383	-1.528205	-0.439884	-0.049693	0.155275	0.986621	-0.988083	0.136441	-0.071240	-0.145678	-0.978404	0.146644
29393	10.259847	3.810378	0.037423	0.600531	-1.532620	-0.223599	-0.049724	0.139936	0.988911	-0.989054	0.130826	-0.068244	-0.138925	-0.981480	0.131899
29394	12.125481	4.308750	-0.014270	0.134331	-1.456059	-0.051160	-0.051273	0.125525	0.990765	-0.989270	0.129520	-0.067605	-0.136810	-0.983600	0.117537
29395	13.018046	3.507304	-0.044745	-0.325650	-1.209316	0.018770	-0.053183	0.113624	0.992099	-0.988815	0.132645	-0.068199	-0.139346	-0.984629	0.105299
29396	9.855466	2.109869	-0.439663	-0.665298	-1.081137	-0.036724	-0.054407	0.102890	0.993204	-0.987892	0.139183	-0.068534	-0.145289	-0.984907	0.094071
29397	9.476487	-0.078114	-0.197587	-0.811661	-1.090688	-0.072137	-0.055371	0.092019	0.994217	-0.986728	0.147193	-0.068577	-0.152652	-0.984818	0.082648
29398	9.900545	-1.688022	-0.647648	-0.715225	-1.039496	-0.045541	-0.056590	0.081676	0.995051	-0.985644	0.154223	-0.068714	-0.159072	-0.984654	0.071776
29399	9.430846	-2.192406	-1.336397	-0.473088	-0.998004	-0.034821	-0.057907	0.071769	0.995739	-0.984907	0.158854	-0.068726	-0.163109	-0.984690	0.061487
29400	8.989363	-1.884766	-1.699918	-0.207919	-1.048726	-0.069848	-0.058985	0.061291	0.996375	-0.984613	0.160896	-0.068186	-0.164492	-0.985066	0.050858
29401	9.145002	-0.992718	-1.757713	-0.009219	-1.077267	-0.110011	-0.059725	0.050471	0.996938	-0.984669	0.160995	-0.067141	-0.163891	-0.985664	0.040082
29402	8.958848	0.031386	-2.245073	0.106141	-1.116976	-0.151262	-0.060105	0.039177	0.997423	-0.984938	0.159965	-0.065636	-0.162124	-0.986345	0.028973
29403	9.235194	0.740571	-1.766727	0.098770	-1.166754	-0.136552	-0.060696	0.027417	0.997780	-0.985185	0.158983	-0.064298	-0.160393	-0.986901	0.017361
29404	9.522378	1.143508	-1.582293	-0.073728	-1.177358	-0.089568	-0.061750	0.015617	0.997969	-0.985127	0.159680	-0.063454	-0.160347	-0.987045	0.005524
29405	9.956475	0.923854	-1.563830	-0.309468	-1.155573	-0.043893	-0.063237	0.004109	0.997990	-0.984660	0.162687	-0.063062	-0.162619	-0.986669	-0.006242
29406	10.161910	0.268547	-1.036324	-0.540483	-1.103811	0.010288	-0.065207	-0.006797	0.997849	-0.983768	0.167969	-0.063142	-0.167178	-0.985769	-0.017640
29407	9.748496	-0.638202	-0.660156	-0.667480	-1.089683	0.042377	-0.067528	-0.017494	0.997564	-0.982610	0.174500	-0.063456	-0.172965	-0.984502	-0.028974
29408	9.528989	-2.133610	-1.041139	-0.677255	-1.077887	0.056685	-0.070030	-0.028034	0.997151	-0.981386	0.181128	-0.063831	-0.178822	-0.983060	-0.040196
29409	9.390086	-3.290264	-1.183856	-0.484491	-1.101629	0.030289	-0.072372	-0.038835	0.996621	-0.980495	0.185849	-0.063959	-0.182737	-0.981811	-0.051528
29410	9.286617	-3.141918	-1.200253	-0.137288	-1.112261	-0.005330	-0.074404	-0.049797	0.995984	-0.980253	0.187147	-0.063872	-0.183214	-0.981069	-0.062739
29411	9.669250	-2.450758	-0.765909	0.166562	-1.110052	-0.014614	-0.076337	-0.060748	0.995230	-0.980573	0.185455	-0.063893	-0.180689	-0.980773	-0.073725
29412	10.046378	-1.219416	0.047144	0.371305	-1.050648	-0.007621	-0.078186	-0.071103	0.994400	-0.981247	0.181762	-0.064155	-0.176183	-0.980769	-0.083981
29413	9.965093	0.103323	0.353494	0.462968	-1.023796	-0.012237	-0.079899	-0.081200	0.993490	-0.982066	0.177163	-0.064500	-0.170773	-0.980826	-0.093899
29414	10.481070	1.057676	0.598192	0.448673	-0.981282	0.000616	-0.081604	-0.090860	0.992515	-0.982825	0.172718	-0.064996	-0.165520	-0.980772	-0.103394
29415	10.460487	1.777752	0.588433	0.360707	-0.920977	0.018382	-0.083343	-0.099893	0.991502	-0.983403	0.169151	-0.065621	-0.161158	-0.980515	-0.112333
29416	9.736138	2.098008	0.192771	0.198372	-0.946352	0.020556	-0.085106	-0.109171	0.990373	-0.983707	0.167183	-0.066104	-0.158357	-0.979863	-0.121621
29417	10.248863	2.093630	0.446660	-0.029448	-0.892582	0.071461	-0.087272	-0.117825	0.989192	-0.983603	0.167508	-0.066827	-0.157824	-0.978805	-0.130512
29418	10.196084	1.940416	0.435850	-0.272959	-0.807042	0.114562	-0.089729	-0.125562	0.988020	-0.983073	0.170273	-0.067640	-0.159741	-0.977364	-0.138714
29419	10.089777	1.138982	0.436150	-0.478840	-0.748388	0.131013	-0.092275	-0.132673	0.986855	-0.982183	0.175075	-0.068301	-0.163712	-0.975575	-0.146464
29420	10.170862	0.105844	0.259078	-0.627199	-0.685122	0.155091	-0.094987	-0.139109	0.985711	-0.980998	0.181356	-0.068938	-0.169174	-0.973529	-0.153693
29421	9.721355	-0.876930	-0.059126	-0.681832	-0.648732	0.168723	-0.097805	-0.145134	0.984566	-0.979666	0.188184	-0.069578	-0.175182	-0.971351	-0.160588
29422	9.287282	-1.597485	-0.581713	-0.624522	-0.670032	0.137469	-0.100392	-0.151407	0.983360	-0.978424	0.194406	-0.069955	-0.180579	-0.969166	-0.167657
29423	9.127019	-1.889142	-0.761093	-0.478556	-0.702332	0.086603	-0.102568	-0.158063	0.982088	-0.977467	0.199131	-0.070037	-0.184494	-0.967142	-0.174926
29424	9.089343	-1.761917	-0.902530	-0.291027	-0.739726	0.052857	-0.104507	-0.165139	0.980718	-0.976877	0.201987	-0.070086	-0.186518	-0.965365	-0.182429
29425	9.397512	-1.481977	-0.832240	-0.120443	-0.763712	0.017947	-0.106156	-0.172494	0.979274	-0.976638	0.203138	-0.070089	-0.186837	-0.963837	-0.190028
29426	9.503998	-1.281174	-1.001611	0.016249	-0.795074	0.007128	-0.107757	-0.180171	0.977715	-0.976666	0.202953	-0.070241	-0.185775	-0.962470	-0.197837
29427	9.938307	-1.493486	-0.900442	0.085770	-0.819925	0.023952	-0.109556	-0.188031	0.976034	-0.976803	0.202132	-0.070702	-0.183994	-0.961138	-0.205814
29428	9.865653	-1.680010	-1.062817	0.148076	-0.817148	0.046296	-0.111551	-0.195820	0.974275	-0.977027	0.200759	-0.071515	-0.181590	-0.959870	-0.213717
29429	9.788553	-1.732911	-0.833119	0.220395	-0.829452	0.058025	-0.113661	-0.203683	0.972417	-0.977362	0.198721	-0.072615	-0.178449	-0.958657	-0.221659
29430	9.168530	-1.471092	-1.039081	0.300937	-0.823921	0.047790	-0.115631	-0.211517	0.970510	-0.977843	0.195898	-0.073810	-0.174509	-0.957541	-0.229482
29431	8.854055	-1.409165	-1.708889	0.399037	-0.875388	0.014401	-0.117329	-0.219887	0.968444	-0.978516	0.192070	-0.074939	-0.169531	-0.956430	-0.237699
29432	9.282812	-1.190910	-2.214444	0.483471	-0.883573	0.018587	-0.119032	-0.228333	0.966279	-0.979303	0.187452	-0.076341	-0.163700	-0.955367	-0.245920
29433	9.113661	-0.444582	-2.397162	0.526228	-0.909781	0.032347	-0.120860	-0.236979	0.963968	-0.980111	0.182464	-0.078028	-0.157399	-0.954226	-0.254319
29434	9.240903	0.037668	-2.748616	0.508812	-0.945232	0.055084	-0.122907	-0.245928	0.961464	-0.980832	0.177708	-0.079928	-0.151204	-0.952858	-0.263056
29435	9.383044	-0.041375	-3.105989	0.410248	-0.941697	0.092997	-0.125268	-0.254749	0.958859	-0.981328	0.173998	-0.081975	-0.145956	-0.951224	-0.271789
29436	9.636637	-0.963628	-3.135674	0.278252	-0.930521	0.101773	-0.127654	-0.263451	0.956189	-0.981602	0.171581	-0.083772	-0.141994	-0.949291	-0.280507
29437	9.559652	-2.480368	-2.938878	0.257376	-0.914328	0.085149	-0.129821	-0.271999	0.953501	-0.981854	0.169332	-0.085378	-0.138235	-0.947282	-0.289046
29438	9.690643	-3.278047	-2.520374	0.461810	-0.936406	0.024615	-0.131377	-0.280854	0.950716	-0.982448	0.164994	-0.087021	-0.132422	-0.945462	-0.297601
29439	10.362257	-2.607093	-1.616486	0.814656	-0.978866	-0.006443	-0.132614	-0.290134	0.947753	-0.983498	0.157242	-0.089480	-0.123065	-0.943979	-0.306199
29440	10.992436	-1.197599	-0.396510	1.125066	-0.979922	0.011895	-0.133923	-0.299396	0.944683	-0.984797	0.146628	-0.093139	-0.110632	-0.942795	-0.314482
29441	10.760161	0.161972	0.177739	1.250549	-0.912595	0.060346	-0.135516	-0.307931	0.941708	-0.986013	0.134991	-0.097751	-0.097021	-0.941783	-0.321918
29442	10.528644	0.529063	0.448386	1.199865	-0.851079	0.109772	-0.137415	-0.315836	0.938810	-0.986948	0.124006	-0.102742	-0.083968	-0.940675	-0.328754
29443	10.601871	0.007458	0.525663	1.129364	-0.805889	0.157953	-0.139648	-0.323242	0.935956	-0.987606	0.113858	-0.108032	-0.071645	-0.939442	-0.335136
29444	11.327736	-0.870233	0.523092	1.095644	-0.748841	0.175278	-0.141915	-0.330119	0.933210	-0.988076	0.104111	-0.113430	-0.059712	-0.938181	-0.340957
29445	11.751884	-1.798536	0.886930	1.074180	-0.638067	0.206918	-0.144349	-0.335909	0.930768	-0.988356	0.094693	-0.119106	-0.048128	-0.937122	-0.345666
29446	11.866666	-2.526787	1.835351	1.116610	-0.461880	0.262935	-0.147186	-0.340038	0.928822	-0.988440	0.085088	-0.125483	-0.036363	-0.936555	-0.348631
29447	12.213208	-2.969040	2.646704	1.229371	-0.250698	0.309834	-0.150368	-0.342148	0.927537	-0.988344	0.074595	-0.132710	-0.023783	-0.936681	-0.349376
29448	12.938112	-2.896044	3.131118	1.342018	-0.037941	0.317769	-0.153557	-0.342323	0.926949	-0.988085	0.063074	-0.140392	-0.010407	-0.937463	-0.347930
29449	13.219718	-2.714715	3.170646	1.465771	0.183599	0.306538	-0.156624	-0.340429	0.927134	-0.987651	0.050331	-0.148366	0.003845	-0.938922	-0.344108
29450	13.249698	-2.530822	3.118286	1.613811	0.360128	0.319430	-0.159860	-0.336946	0.927854	-0.986952	0.036212	-0.156892	0.019264	-0.940827	-0.338338
29451	14.305169	-2.225449	3.282255	1.762059	0.519439	0.367269	-0.163669	-0.331943	0.928992	-0.985863	0.020803	-0.166256	0.035862	-0.943070	-0.330655
29452	16.137561	-2.253481	3.354267	1.864850	0.727644	0.436285	-0.168330	-0.325057	0.930593	-0.984300	0.004591	-0.176442	0.053081	-0.945683	-0.320727
29453	16.937747	-2.550692	3.573790	1.924399	1.002345	0.515470	-0.174059	-0.315570	0.932802	-0.982219	-0.012031	-0.187350	0.070345	-0.948826	-0.307865
29454	16.313533	-2.819761	3.825817	1.944787	1.370576	0.613478	-0.181193	-0.302707	0.935702	-0.979588	-0.028660	-0.198963	0.087044	-0.952653	-0.291335
29455	15.125446	-2.955325	4.214269	1.954795	1.769751	0.737341	-0.190126	-0.286059	0.939160	-0.976349	-0.045204	-0.211423	0.102933	-0.957145	-0.270699
29456	14.479768	-3.125543	4.625741	1.839876	2.173485	0.914287	-0.201458	-0.265727	0.942764	-0.972525	-0.060375	-0.224835	0.116664	-0.962156	-0.246263
