// General information: 
//  MT Manager version: 2022.2.0 
//  XDA version: 2022.2.0 build 7381 rev 124627 built on 2023-07-19
// Device information: 
//  DeviceId: 00B4CBA7
//  ProductCode: MTW2-3A7G6
//  Firmware Version: 4.6.0
//  Hardware Version: 2.0.0
// Device settings: 
//  Filter Profile: human(46.1)
//  Option Flags: Orientation Smoother Disabled, Position/Velocity Smoother Disabled, Continuous Zero Rotation Update Disabled, AHS Disabled, ICC Disabled
// Coordinate system: ENU
PacketCounter	Acc_X	Acc_Y	Acc_Z	Gyr_X	Gyr_Y	Gyr_Z	Mat[1][1]	Mat[2][1]	Mat[3][1]	Mat[1][2]	Mat[2][2]	Mat[3][2]	Mat[1][3]	Mat[2][3]	Mat[3][3]
17245	8.014031	2.347984	-3.935610	0.621968	0.987289	-0.631049	-0.091584	-0.293979	0.951414	-0.691352	0.706408	0.151723	-0.716690	-0.643867	-0.267939
17246	8.238729	2.386333	-3.536469	0.414375	0.856770	-0.540830	-0.081670	-0.292269	0.952843	-0.694772	0.702148	0.155822	-0.714578	-0.649282	-0.260404
17247	8.481594	2.061153	-3.271217	0.247344	0.731563	-0.441348	-0.073342	-0.290622	0.954023	-0.696868	0.699253	0.159439	-0.713439	-0.653135	-0.253810
17248	8.606651	2.211522	-2.751620	0.136387	0.622298	-0.326412	-0.066592	-0.288849	0.955056	-0.698054	0.697419	0.162256	-0.712942	-0.655876	-0.248075
17249	8.660345	2.381595	-2.437193	-0.006378	0.489679	-0.206890	-0.061624	-0.287099	0.955917	-0.698128	0.696869	0.164291	-0.713316	-0.657228	-0.243375
17250	8.702962	2.272668	-2.604820	-0.136307	0.361555	-0.085342	-0.058412	-0.285338	0.956645	-0.697190	0.697525	0.165480	-0.714502	-0.657298	-0.239678
17251	8.746633	2.384673	-2.557861	-0.256578	0.235668	0.028117	-0.056891	-0.283617	0.957249	-0.695326	0.699294	0.165864	-0.716440	-0.656163	-0.236989
17252	9.363020	2.369557	-2.248029	-0.378819	0.103205	0.156530	-0.057201	-0.281864	0.957748	-0.692502	0.702222	0.165304	-0.719145	-0.653786	-0.235360
17253	10.285232	2.496131	-2.400699	-0.399538	0.007713	0.281785	-0.059062	-0.279854	0.958224	-0.689445	0.705624	0.163586	-0.721926	-0.650981	-0.234619
17254	10.555980	1.834753	-2.890251	-0.483199	-0.011700	0.243082	-0.060783	-0.278231	0.958589	-0.685788	0.709444	0.162432	-0.725259	-0.647515	-0.233929
17255	10.894691	1.152977	-2.311842	-0.272252	0.118618	0.144889	-0.060882	-0.276459	0.959095	-0.683709	0.711610	0.161720	-0.727211	-0.645896	-0.232342
17256	10.976129	2.314204	-1.822380	-0.104159	0.219629	0.090129	-0.059865	-0.274420	0.959745	-0.682881	0.712536	0.161140	-0.728073	-0.645745	-0.230052
17257	10.809659	2.627793	-1.474843	0.009550	0.250156	0.056324	-0.058398	-0.272426	0.960403	-0.682903	0.712632	0.160619	-0.728171	-0.646483	-0.227657
17258	10.532272	3.135881	-1.819823	0.241300	0.241257	-0.020192	-0.056470	-0.271028	0.960914	-0.684655	0.711020	0.160310	-0.726677	-0.648841	-0.225712
17259	10.085691	2.884470	-2.446442	0.480718	0.195039	-0.047290	-0.054699	-0.270118	0.961272	-0.688152	0.707768	0.159725	-0.723502	-0.652764	-0.224596
17260	9.673677	3.652778	-2.602512	0.523920	0.166574	0.007442	-0.053513	-0.268995	0.961654	-0.691913	0.704363	0.158522	-0.719995	-0.656898	-0.223814
17261	9.567746	2.969401	-2.857530	0.349865	0.135829	0.069861	-0.052989	-0.267634	0.962062	-0.694377	0.702250	0.157112	-0.717657	-0.659709	-0.223051
17262	9.560944	2.689224	-2.828303	0.241233	0.150234	0.121020	-0.052718	-0.265813	0.962582	-0.696027	0.700985	0.155455	-0.716078	-0.661788	-0.221968
17263	9.680653	2.144587	-2.853007	0.126248	0.191922	0.138798	-0.052278	-0.263594	0.963216	-0.696844	0.700520	0.153884	-0.715315	-0.663166	-0.220305
17264	9.481361	0.809512	-3.203909	0.016818	0.230553	0.127773	-0.051484	-0.261189	0.963914	-0.696882	0.700750	0.152659	-0.715336	-0.663874	-0.218096
17265	8.855760	-0.603619	-3.449421	0.097241	0.284826	0.111785	-0.050193	-0.258539	0.964696	-0.697506	0.700399	0.151415	-0.714818	-0.665282	-0.215488
17266	8.391162	-0.140559	-3.504499	0.265146	0.323163	0.091478	-0.048490	-0.255765	0.965522	-0.699339	0.698873	0.150008	-0.713144	-0.667953	-0.212754
17267	8.994130	1.165252	-3.025067	0.384565	0.352578	0.060067	-0.046367	-0.253010	0.966352	-0.702034	0.696455	0.148660	-0.710633	-0.671519	-0.209914
17268	9.736613	2.290372	-2.112400	0.413916	0.364987	0.037271	-0.044005	-0.250313	0.967164	-0.704937	0.693768	0.147481	-0.707904	-0.675300	-0.206984
17269	10.234710	2.581475	-1.569658	0.379868	0.360392	0.042337	-0.041726	-0.247604	0.967962	-0.707589	0.691306	0.146334	-0.705391	-0.678814	-0.204047
17270	10.320167	2.118012	-1.276260	0.294084	0.334495	0.057696	-0.039743	-0.244950	0.968721	-0.709621	0.689455	0.145222	-0.703462	-0.681653	-0.201223
17271	10.221259	1.270871	-1.404372	0.260652	0.310054	0.065269	-0.037996	-0.242408	0.969430	-0.711413	0.687840	0.144112	-0.701747	-0.684189	-0.198587
17272	9.974987	1.267728	-1.660677	0.312079	0.312157	0.075374	-0.036310	-0.239769	0.970151	-0.713556	0.685889	0.142809	-0.699657	-0.687071	-0.195993
17273	9.496677	2.604103	-1.754318	0.276357	0.296594	0.093619	-0.034874	-0.237110	0.970857	-0.715439	0.684216	0.141405	-0.697805	-0.689657	-0.193499
17274	9.448669	2.589954	-1.587404	0.056264	0.229983	0.111680	-0.034033	-0.234778	0.971453	-0.715777	0.684099	0.140256	-0.697499	-0.690570	-0.191331
17275	10.005403	1.161135	-1.270140	-0.027113	0.191048	0.098818	-0.033375	-0.232806	0.971950	-0.715538	0.684526	0.139391	-0.697776	-0.690816	-0.189427
17276	10.156943	0.544962	-1.076771	0.106317	0.211530	0.079488	-0.032433	-0.230819	0.972456	-0.716238	0.683983	0.138460	-0.697102	-0.692019	-0.187505
17277	9.959344	0.413348	-1.203165	0.149865	0.217831	0.072689	-0.031403	-0.228836	0.972958	-0.717243	0.683118	0.137517	-0.696115	-0.693529	-0.185584
17278	9.729226	0.288952	-1.681474	0.192535	0.230452	0.056032	-0.030167	-0.226873	0.973457	-0.718549	0.681917	0.136660	-0.694822	-0.695354	-0.183591
17279	9.361711	0.719439	-1.847811	0.193908	0.239581	0.042952	-0.028780	-0.224935	0.973949	-0.719867	0.680672	0.135930	-0.693515	-0.697202	-0.181513
17280	9.377027	1.098776	-1.908167	0.131827	0.231198	0.031509	-0.027369	-0.223126	0.974405	-0.720756	0.679831	0.135428	-0.692648	-0.698602	-0.179426
17281	9.486895	1.549475	-1.780576	0.082086	0.224133	0.027188	-0.025980	-0.221397	0.974838	-0.721302	0.679325	0.135059	-0.692133	-0.699644	-0.177343
17282	9.630842	1.595996	-1.508279	-0.018872	0.199941	0.022502	-0.024723	-0.219864	0.975217	-0.721150	0.679515	0.134916	-0.692338	-0.699942	-0.175355
17283	9.807441	1.108729	-1.264002	-0.060967	0.178617	0.016103	-0.023569	-0.218527	0.975546	-0.720708	0.679985	0.134908	-0.692838	-0.699904	-0.173521
17284	9.815159	0.965690	-1.108682	-0.025652	0.170435	0.003382	-0.022376	-0.217330	0.975842	-0.720513	0.680181	0.134962	-0.693080	-0.700087	-0.171810
17285	9.820520	1.151565	-0.848310	-0.000613	0.155758	-0.002509	-0.021246	-0.216279	0.976100	-0.720494	0.680187	0.135030	-0.693135	-0.700406	-0.170279
17286	9.903792	1.125272	-0.817472	-0.020964	0.126338	-0.005992	-0.020291	-0.215454	0.976303	-0.720334	0.680330	0.135167	-0.693331	-0.700521	-0.169004
17287	9.765348	0.859741	-0.903649	-0.025735	0.111827	-0.011886	-0.019397	-0.214773	0.976471	-0.720142	0.680493	0.135368	-0.693555	-0.700572	-0.167867
17288	9.575665	1.124315	-0.925579	-0.001653	0.095703	-0.010434	-0.018622	-0.214193	0.976614	-0.720116	0.680491	0.135516	-0.693604	-0.700752	-0.166916
17289	9.397763	1.704085	-0.792281	-0.012771	0.065568	-0.007969	-0.018077	-0.213809	0.976708	-0.720014	0.680572	0.135657	-0.693725	-0.700791	-0.166248
17290	9.213520	1.902001	-0.360172	-0.049497	0.022513	0.001142	-0.017893	-0.213663	0.976743	-0.719653	0.680930	0.135770	-0.694103	-0.700487	-0.165947
17291	9.436230	1.635148	0.105983	-0.039875	-0.030566	0.012552	-0.018162	-0.213813	0.976706	-0.719358	0.681244	0.135756	-0.694402	-0.700136	-0.166181
17292	9.441372	1.765205	0.354659	0.057525	-0.069834	0.022373	-0.018772	-0.214169	0.976616	-0.719737	0.680898	0.135485	-0.693993	-0.700364	-0.166927
17293	9.354620	2.025897	0.481902	0.087578	-0.120428	0.040203	-0.019863	-0.214760	0.976465	-0.720321	0.680379	0.134988	-0.693356	-0.700687	-0.168210
17294	9.391476	1.466189	0.188629	0.095379	-0.167427	0.052340	-0.021364	-0.215597	0.976249	-0.720955	0.679832	0.134358	-0.692653	-0.700961	-0.169960
17295	9.508229	1.126340	-0.646318	0.156893	-0.186168	0.059326	-0.023046	-0.216520	0.976006	-0.722011	0.678869	0.133554	-0.691497	-0.701610	-0.171975
17296	9.402238	1.365873	-1.391818	0.178481	-0.194728	0.071757	-0.024873	-0.217419	0.975761	-0.723211	0.677780	0.132587	-0.690179	-0.702383	-0.174099
17297	9.525042	1.355000	-1.962722	0.128847	-0.212474	0.068892	-0.026802	-0.218465	0.975477	-0.724066	0.677034	0.131732	-0.689210	-0.702779	-0.176329
17298	9.674750	1.067838	-2.155769	0.083663	-0.215560	0.060494	-0.028689	-0.219590	0.975170	-0.724610	0.676587	0.131037	-0.688562	-0.702858	-0.178528
17299	9.991281	0.639459	-2.186431	0.119389	-0.198911	0.043837	-0.030341	-0.220712	0.974867	-0.725402	0.675853	0.130438	-0.687656	-0.703213	-0.180611
17300	9.858769	1.264320	-2.119040	0.155537	-0.176704	0.033072	-0.031759	-0.221751	0.974586	-0.726445	0.674841	0.129876	-0.686490	-0.703858	-0.182522
17301	9.600527	1.559273	-1.884814	0.088030	-0.180080	0.042780	-0.033270	-0.222750	0.974308	-0.727020	0.674324	0.129341	-0.685810	-0.704038	-0.184379
17302	9.763205	1.524719	-1.422111	0.031233	-0.201241	0.057369	-0.035031	-0.223799	0.974006	-0.727199	0.674241	0.128767	-0.685533	-0.703785	-0.186366
17303	9.739955	2.161136	-0.450381	0.007557	-0.244289	0.097476	-0.037380	-0.224880	0.973669	-0.727200	0.674415	0.127846	-0.685407	-0.703273	-0.188742
17304	9.291042	3.056793	0.968534	-0.096116	-0.331290	0.145418	-0.040672	-0.226245	0.973221	-0.726469	0.675427	0.126657	-0.685995	-0.701863	-0.191831
17305	9.074249	3.109236	2.570470	-0.245372	-0.473189	0.201847	-0.045351	-0.228214	0.972554	-0.724681	0.677613	0.125213	-0.687591	-0.699113	-0.196113
17306	9.398340	2.861867	4.001492	-0.253602	-0.627437	0.275690	-0.051629	-0.230739	0.971645	-0.722786	0.680023	0.123081	-0.689140	-0.695937	-0.201884
17307	9.487976	4.185039	5.201427	-0.126820	-0.790721	0.370564	-0.059718	-0.233727	0.970467	-0.721690	0.681773	0.119788	-0.689635	-0.693223	-0.209393
17308	9.508374	6.076098	6.168626	-0.145288	-1.015703	0.495792	-0.070264	-0.237385	0.968871	-0.720351	0.683953	0.115335	-0.690041	-0.689824	-0.219058
17309	9.480779	6.815457	6.469561	-0.240374	-1.283572	0.639501	-0.083685	-0.241842	0.966700	-0.718183	0.687147	0.109734	-0.690804	-0.685085	-0.231191
17310	9.770626	6.481605	5.680942	-0.232715	-1.531606	0.776575	-0.099801	-0.246964	0.963872	-0.715849	0.690641	0.102837	-0.691086	-0.679724	-0.245716
17311	10.330616	6.772277	4.175959	-0.133510	-1.731126	0.909996	-0.118218	-0.252404	0.960373	-0.713919	0.693827	0.094470	-0.690177	-0.674461	-0.262218
17312	11.534744	7.046680	2.316402	-0.182444	-1.886261	1.051846	-0.138687	-0.257770	0.956201	-0.711297	0.697741	0.084929	-0.689073	-0.668365	-0.280119
17313	13.822797	6.516359	0.528654	-0.316814	-1.982665	1.154785	-0.160486	-0.262878	0.951388	-0.707372	0.702864	0.074885	-0.688382	-0.660967	-0.298753
17314	14.922494	5.549859	-1.463279	-0.333892	-2.002068	1.163229	-0.182427	-0.267849	0.946033	-0.703070	0.708151	0.064922	-0.687323	-0.653284	-0.317502
17315	13.800106	4.105246	-2.403121	-0.286228	-1.986553	1.131242	-0.203944	-0.272731	0.940226	-0.698904	0.713078	0.055244	-0.685521	-0.645861	-0.336041
17316	13.110977	2.136418	-3.639030	-0.210800	-1.917925	1.093682	-0.224655	-0.277252	0.934163	-0.695110	0.717445	0.045767	-0.682900	-0.639064	-0.353899
17317	12.263139	0.058563	-5.338229	0.022293	-1.714536	1.059212	-0.243629	-0.280573	0.928398	-0.692768	0.720268	0.035878	-0.678762	-0.634424	-0.369850
17318	11.228337	-0.657948	-6.389280	0.244647	-1.439324	1.042452	-0.260543	-0.282194	0.923300	-0.691787	0.721656	0.025351	-0.673459	-0.632122	-0.383241
17319	9.983484	-0.788561	-7.242487	0.226213	-1.229265	0.998100	-0.275643	-0.282762	0.918731	-0.690618	0.723057	0.015335	-0.668631	-0.630266	-0.394586
17320	9.262280	-1.053948	-7.516575	0.058752	-1.022781	0.958823	-0.289041	-0.282273	0.914755	-0.688298	0.725400	0.006357	-0.665358	-0.627787	-0.403958
17321	8.778957	-2.002732	-7.225760	-0.171466	-0.739327	0.868105	-0.299868	-0.280608	0.911777	-0.684592	0.728926	-0.000817	-0.664389	-0.624441	-0.410684
17322	8.265609	-3.043991	-6.509114	-0.290249	-0.359165	0.680722	-0.306869	-0.277893	0.910279	-0.680593	0.732639	-0.005775	-0.665301	-0.621301	-0.413956
17323	7.563196	-3.383093	-5.917784	-0.272360	0.047811	0.442522	-0.309509	-0.274367	0.910454	-0.677406	0.735559	-0.008622	-0.667327	-0.619416	-0.413520
17324	7.312506	-2.697765	-5.855018	-0.305873	0.371527	0.190733	-0.308279	-0.270686	0.911972	-0.674766	0.737976	-0.009054	-0.670563	-0.618159	-0.410152
17325	7.536002	-1.702861	-5.166249	-0.455605	0.690612	-0.085175	-0.303013	-0.267071	0.914799	-0.671952	0.740568	-0.006368	-0.675769	-0.616630	-0.403860
17326	7.148089	-1.926715	-4.417033	-0.678402	0.999479	-0.319195	-0.294048	-0.263312	0.918805	-0.668290	0.743901	-0.000687	-0.683319	-0.614230	-0.394711
17327	6.935750	-2.537924	-4.224017	-0.705133	1.302562	-0.481204	-0.281841	-0.258930	0.923862	-0.664818	0.746977	0.006540	-0.691797	-0.612357	-0.382670
17328	6.816634	-2.341894	-4.369543	-0.640494	1.560662	-0.629656	-0.266766	-0.254113	0.929657	-0.662080	0.749286	0.014826	-0.700347	-0.611553	-0.368128
17329	6.745260	-1.933586	-4.537956	-0.637620	1.785652	-0.783382	-0.248961	-0.249093	0.935933	-0.659596	0.751221	0.024479	-0.709190	-0.611244	-0.351326
17330	6.794786	-1.464515	-4.466199	-0.631964	1.966679	-0.902981	-0.228946	-0.243885	0.942392	-0.657236	0.752864	0.035166	-0.718070	-0.611323	-0.332656
17331	6.947708	-1.118781	-4.296440	-0.624544	2.107214	-0.969160	-0.207323	-0.238323	0.948799	-0.654826	0.754354	0.046395	-0.726787	-0.611680	-0.312456
17332	7.272868	-1.364234	-4.514665	-0.560418	2.233555	-1.010568	-0.184359	-0.232301	0.955012	-0.652699	0.755413	0.057751	-0.734844	-0.612689	-0.290890
17333	7.395383	-0.861559	-4.473529	-0.408791	2.346911	-1.038997	-0.160216	-0.225766	0.960917	-0.651458	0.755550	0.068896	-0.741575	-0.614958	-0.268128
17334	7.279062	0.026167	-4.577772	-0.297174	2.406303	-1.048724	-0.135441	-0.218875	0.966307	-0.650783	0.755057	0.079809	-0.747085	-0.618047	-0.244706
17335	7.328556	0.742175	-4.377201	-0.286662	2.379123	-1.009594	-0.111005	-0.211778	0.970993	-0.649864	0.754667	0.090303	-0.751901	-0.620989	-0.221398
17336	7.303975	0.558398	-3.593976	-0.306915	2.309281	-0.997405	-0.087081	-0.204958	0.974889	-0.648522	0.754506	0.100696	-0.756198	-0.623469	-0.198623
17337	7.590991	-0.344672	-2.831969	-0.244216	2.164783	-1.010454	-0.064090	-0.199079	0.977886	-0.647419	0.753998	0.111068	-0.759435	-0.625983	-0.177211
17338	8.025410	-0.895637	-2.051749	-0.005363	1.977985	-1.027267	-0.042370	-0.194417	0.980004	-0.647908	0.752018	0.121176	-0.760539	-0.629818	-0.157827
17339	8.411546	-0.069298	-1.338168	0.283457	1.745721	-1.018608	-0.022452	-0.191037	0.981326	-0.650373	0.748271	0.130787	-0.759283	-0.635292	-0.141046
17340	8.363871	1.724146	-1.099827	0.432519	1.470063	-0.951703	-0.005069	-0.188776	0.982007	-0.653764	0.743711	0.139592	-0.756681	-0.641294	-0.127185
17341	8.376404	2.935976	-0.568316	0.311665	1.124301	-0.810974	0.008777	-0.187579	0.982210	-0.656084	0.740189	0.147221	-0.754637	-0.645704	-0.116571
17342	8.328056	2.884755	-0.359915	0.168538	0.788358	-0.636454	0.018935	-0.187204	0.982139	-0.657247	0.737915	0.153324	-0.753437	-0.648411	-0.109067
17343	8.225607	2.683013	-0.704428	0.109623	0.479793	-0.430991	0.025421	-0.187287	0.981976	-0.657955	0.736406	0.157484	-0.752628	-0.650100	-0.104506
17344	8.117073	2.814451	-1.562649	0.014184	0.200915	-0.203391	0.028306	-0.187500	0.981857	-0.657988	0.735941	0.159508	-0.752497	-0.650565	-0.102541
17345	7.652997	2.860724	-2.154746	-0.146516	-0.051197	-0.001426	0.027969	-0.187864	0.981797	-0.656861	0.736901	0.159717	-0.753492	-0.649372	-0.102790
17346	7.421266	2.031710	-2.508221	-0.343864	-0.294702	0.140510	0.024858	-0.188759	0.981709	-0.654284	0.739402	0.158736	-0.755840	-0.646262	-0.105121
17347	7.402231	0.561087	-3.163535	-0.371567	-0.475279	0.256315	0.019626	-0.189945	0.981599	-0.651505	0.742292	0.156664	-0.758390	-0.642591	-0.109182
17348	7.444612	-0.407007	-3.871947	-0.340203	-0.594540	0.334225	0.012970	-0.191292	0.981448	-0.648956	0.745117	0.153805	-0.760715	-0.638911	-0.114475
17349	7.489875	-1.461016	-4.105132	-0.301112	-0.644839	0.370857	0.005694	-0.192656	0.981250	-0.646676	0.747757	0.150565	-0.762744	-0.635408	-0.120328
17350	7.679627	-3.217501	-4.746133	-0.246990	-0.641394	0.348904	-0.001423	-0.194131	0.980975	-0.644778	0.750006	0.147488	-0.764368	-0.632301	-0.126238
17351	7.597485	-4.078009	-5.387474	0.023303	-0.523924	0.308881	-0.007383	-0.195148	0.980746	-0.644923	0.750468	0.144472	-0.764212	-0.631439	-0.131396
17352	9.365793	-1.413252	-5.077243	0.335603	-0.349267	0.225495	-0.011472	-0.195689	0.980599	-0.647444	0.748795	0.141855	-0.762027	-0.633256	-0.135287
17353	9.536236	-0.530394	-4.558928	0.259146	-0.222396	0.020486	-0.013264	-0.196968	0.980320	-0.649396	0.747200	0.141343	-0.760335	-0.634741	-0.137821
17354	13.723400	2.424091	-1.353432	0.510551	-0.032531	0.006392	-0.013518	-0.197150	0.980280	-0.653250	0.743970	0.140616	-0.757022	-0.638467	-0.138846
17355	17.121484	4.933004	0.303429	0.500272	0.011837	-0.028426	-0.013209	-0.197309	0.980252	-0.657015	0.740719	0.140241	-0.753762	-0.642188	-0.139419
17356	14.836997	5.740459	-0.041990	0.692469	-0.114303	0.020188	-0.014167	-0.197919	0.980116	-0.662198	0.736303	0.139113	-0.749195	-0.647060	-0.141493
17357	11.721769	5.904263	-1.796607	0.835212	-0.220350	0.179399	-0.016971	-0.198057	0.980044	-0.668386	0.731238	0.136202	-0.743621	-0.652736	-0.144788
17358	10.087154	5.054309	-2.381754	0.594784	-0.288036	0.288029	-0.021004	-0.197863	0.980005	-0.672724	0.727923	0.132550	-0.739595	-0.656489	-0.148396
17359	7.833155	6.324659	-3.282798	0.412263	-0.264019	0.401639	-0.025624	-0.196704	0.980128	-0.675655	0.726013	0.128041	-0.736772	-0.658948	-0.151507
17360	7.702154	3.827008	-4.307577	-0.217357	-0.363172	0.472076	-0.031453	-0.195681	0.980163	-0.673901	0.728378	0.123789	-0.738152	-0.656639	-0.154780
17361	8.337916	1.191682	-4.284441	-0.335591	-0.297361	0.480507	-0.036847	-0.194148	0.980280	-0.671237	0.731522	0.119650	-0.740326	-0.653592	-0.157274
17362	9.653922	-0.555567	-3.802072	-0.380995	-0.228775	0.440601	-0.041460	-0.192431	0.980434	-0.668222	0.734866	0.115976	-0.742805	-0.650340	-0.159054
17363	10.432553	-2.589723	-3.433467	-0.357974	-0.127777	0.385297	-0.044944	-0.190450	0.980668	-0.665375	0.737936	0.112816	-0.745155	-0.647441	-0.159887
17364	10.739084	-2.186658	-2.573927	-0.128462	-0.002497	0.380490	-0.047458	-0.187678	0.981083	-0.664224	0.739495	0.109332	-0.746025	-0.646471	-0.159755
17365	10.510718	-0.475293	-2.505101	-0.048837	0.048039	0.386873	-0.049635	-0.184531	0.981573	-0.663655	0.740539	0.105659	-0.746390	-0.646181	-0.159221
17366	9.880243	1.694300	-2.718548	-0.110725	0.067390	0.395498	-0.051720	-0.181186	0.982088	-0.662611	0.741986	0.101994	-0.747176	-0.645467	-0.158431
17367	9.982491	2.086694	-2.740547	-0.397684	0.045941	0.380675	-0.053859	-0.178086	0.982540	-0.659417	0.745240	0.098929	-0.749846	-0.642575	-0.157571
17368	10.170616	-0.033208	-2.603309	-0.496873	0.030876	0.347118	-0.055875	-0.175317	0.982925	-0.655476	0.749046	0.096341	-0.753146	-0.638901	-0.156769
17369	10.019455	-1.371323	-2.112272	-0.258171	0.070314	0.275836	-0.057117	-0.172827	0.983295	-0.653357	0.751182	0.094078	-0.754892	-0.637069	-0.155823
17370	9.820120	-0.705367	-1.489195	0.025853	0.127112	0.230666	-0.057631	-0.170307	0.983704	-0.653403	0.751422	0.091812	-0.754813	-0.637464	-0.154584
17371	9.477152	1.542637	-0.977064	0.138641	0.153346	0.236260	-0.057987	-0.167580	0.984152	-0.654296	0.750945	0.089318	-0.754012	-0.638747	-0.153192
17372	9.030514	3.290966	-0.177962	-0.127182	0.088284	0.294946	-0.059215	-0.164823	0.984544	-0.653147	0.752257	0.086652	-0.754912	-0.637921	-0.152199
17373	9.477054	2.094366	0.452989	-0.510250	-0.031056	0.346164	-0.061671	-0.162437	0.984790	-0.649061	0.756077	0.084065	-0.758232	-0.634004	-0.152060
17374	9.774276	0.687836	0.852697	-0.511775	-0.081224	0.359832	-0.064583	-0.160246	0.984962	-0.644929	0.759901	0.081343	-0.761509	-0.629977	-0.152424
17375	9.690883	0.408961	1.293808	-0.389218	-0.123016	0.359271	-0.067799	-0.158310	0.985059	-0.641706	0.762929	0.078444	-0.763948	-0.626799	-0.153315
17376	9.867485	0.825982	1.471839	-0.216911	-0.164911	0.346024	-0.071244	-0.156723	0.985070	-0.639790	0.764841	0.075413	-0.765240	-0.624865	-0.154760
17377	9.929085	1.784623	1.464399	-0.088671	-0.225924	0.342766	-0.075130	-0.155536	0.984969	-0.638844	0.765939	0.072220	-0.765659	-0.623816	-0.156908
17378	9.539111	1.707111	1.215164	-0.148499	-0.313126	0.366823	-0.079836	-0.154698	0.984731	-0.637406	0.767443	0.068886	-0.766381	-0.622174	-0.159875
17379	9.394610	0.716221	0.523161	-0.103007	-0.371651	0.375779	-0.085043	-0.154147	0.984381	-0.636290	0.768673	0.065398	-0.766748	-0.620790	-0.163453
17380	9.464857	-0.604146	-0.233935	-0.070758	-0.403647	0.354547	-0.090359	-0.153947	0.983939	-0.635421	0.769667	0.062069	-0.766861	-0.619607	-0.167368
17381	9.765003	-2.077019	-1.180227	0.142092	-0.369149	0.286723	-0.094975	-0.154055	0.983487	-0.636227	0.769238	0.059054	-0.765633	-0.620113	-0.171072
17382	9.645690	-1.598952	-1.751488	0.472224	-0.306072	0.238785	-0.098803	-0.154147	0.983095	-0.639589	0.766680	0.055934	-0.762341	-0.623250	-0.174341
17383	9.552746	-0.078707	-2.232715	0.541822	-0.292592	0.215348	-0.102375	-0.154353	0.982698	-0.643477	0.763635	0.052909	-0.758589	-0.626927	-0.177499
17384	9.347746	0.548300	-1.975876	0.430792	-0.298858	0.222331	-0.106038	-0.154559	0.982277	-0.646492	0.761281	0.049996	-0.755516	-0.629732	-0.180645
17385	9.584791	0.813863	-1.708410	0.326942	-0.323377	0.228020	-0.109918	-0.154888	0.981798	-0.648697	0.759582	0.047206	-0.753068	-0.631700	-0.183967
17386	9.610330	0.806586	-1.477406	0.264121	-0.337958	0.238276	-0.113974	-0.155241	0.981280	-0.650402	0.758290	0.044420	-0.750991	-0.633164	-0.187394
17387	9.642195	0.709136	-1.416980	0.257478	-0.360167	0.232116	-0.118151	-0.155789	0.980699	-0.652049	0.757029	0.041701	-0.748915	-0.634536	-0.191025
17388	9.743563	0.687847	-1.687509	0.271685	-0.370002	0.234313	-0.122414	-0.156390	0.980080	-0.653785	0.755679	0.038924	-0.746713	-0.635997	-0.194751
17389	9.496702	1.134217	-1.889336	0.276341	-0.386656	0.251452	-0.126907	-0.156977	0.979415	-0.655517	0.754323	0.035962	-0.744441	-0.637459	-0.198630
17390	9.256424	1.693434	-1.702803	0.160562	-0.428929	0.277213	-0.131881	-0.157645	0.978650	-0.656339	0.753745	0.032970	-0.742850	-0.637978	-0.202873
17391	9.432744	1.009134	-1.221879	0.015611	-0.481419	0.297201	-0.137370	-0.158498	0.977757	-0.656041	0.754126	0.030076	-0.742118	-0.637317	-0.207575
17392	9.580059	0.267788	-1.011337	0.037050	-0.503969	0.296451	-0.143018	-0.159496	0.976784	-0.655887	0.754371	0.027145	-0.741187	-0.636778	-0.212500
17393	9.458715	0.274135	-0.902721	0.105050	-0.527066	0.303780	-0.148877	-0.160584	0.975730	-0.656208	0.754198	0.024000	-0.739748	-0.636709	-0.217660
17394	9.361140	0.506658	-0.936215	0.086073	-0.561058	0.316880	-0.155069	-0.161789	0.974565	-0.656350	0.754170	0.020765	-0.738348	-0.636436	-0.223139
17395	9.644952	-0.210207	-1.667720	0.006023	-0.588393	0.310533	-0.161412	-0.163212	0.973298	-0.655890	0.754647	0.017773	-0.737397	-0.635508	-0.228858
17396	9.889795	-0.875919	-2.678850	0.018061	-0.563490	0.293240	-0.167453	-0.164600	0.972042	-0.655529	0.755022	0.014924	-0.736370	-0.634703	-0.234331
17397	9.881427	-1.013457	-4.020934	0.030646	-0.514427	0.261251	-0.172914	-0.165914	0.970862	-0.655298	0.755270	0.012360	-0.735313	-0.634067	-0.239319
17398	9.630807	-1.043495	-4.972672	0.002884	-0.448298	0.230885	-0.177687	-0.167033	0.969808	-0.654903	0.755645	0.010157	-0.734527	-0.633325	-0.243659
17399	9.284350	-1.222312	-5.260622	-0.067382	-0.390603	0.189302	-0.181759	-0.168097	0.968869	-0.654056	0.756398	0.008533	-0.734285	-0.632143	-0.247427
17400	9.733239	-1.935780	-4.938759	-0.100547	-0.334529	0.132045	-0.185045	-0.169233	0.968049	-0.653064	0.757265	0.007549	-0.734347	-0.630801	-0.250648
17401	10.481432	-1.155300	-4.187324	0.014142	-0.245247	0.078182	-0.187322	-0.170212	0.967439	-0.653012	0.757317	0.006803	-0.733816	-0.630475	-0.253012
17402	10.394776	0.178815	-3.141677	-0.130110	-0.237274	0.069392	-0.189482	-0.171204	0.966843	-0.651915	0.758264	0.006507	-0.734236	-0.629067	-0.255288
17403	10.209862	-0.184989	-2.558222	-0.293649	-0.258047	0.068759	-0.191793	-0.172325	0.966188	-0.649615	0.760234	0.006641	-0.735674	-0.626377	-0.257752
17404	9.876504	0.004784	-1.978466	-0.287941	-0.272841	0.074762	-0.194253	-0.173485	0.965489	-0.647340	0.762172	0.006709	-0.737033	-0.623696	-0.260358
17405	9.505398	0.680932	-1.263349	-0.258263	-0.308960	0.087437	-0.197063	-0.174765	0.964688	-0.645253	0.763941	0.006587	-0.738116	-0.621170	-0.263312
17406	9.312595	1.422734	-0.431726	-0.287851	-0.379691	0.110446	-0.200546	-0.176297	0.963691	-0.642897	0.765927	0.006330	-0.739233	-0.618284	-0.266944
17407	9.519926	1.161158	0.647775	-0.359608	-0.478014	0.127328	-0.204865	-0.178291	0.962415	-0.639967	0.768378	0.006118	-0.740589	-0.614661	-0.271514
17408	9.991900	0.996010	1.441174	-0.229889	-0.549783	0.141539	-0.209809	-0.180598	0.960919	-0.637961	0.770050	0.005432	-0.740936	-0.611889	-0.276778
17409	10.172270	1.591683	1.163140	-0.180225	-0.622005	0.160990	-0.215407	-0.183178	0.959190	-0.636272	0.771452	0.004437	-0.740782	-0.609350	-0.282727
17410	9.826288	1.143119	0.153112	-0.262913	-0.683967	0.193921	-0.221673	-0.185861	0.957244	-0.633890	0.773416	0.003376	-0.740975	-0.606040	-0.289260
17411	9.718819	0.283886	-0.742376	-0.334183	-0.743834	0.237672	-0.228654	-0.188535	0.955077	-0.630867	0.775888	0.002127	-0.741434	-0.602041	-0.296350
17412	9.809225	-0.058704	-1.839543	-0.356740	-0.789340	0.246309	-0.236025	-0.191380	0.952715	-0.627640	0.778503	0.000894	-0.741863	-0.597751	-0.303864
17413	10.158797	-0.159411	-2.940513	-0.353220	-0.806938	0.236253	-0.243454	-0.194365	0.950238	-0.624442	0.781071	-0.000221	-0.742161	-0.593422	-0.311525
17414	10.081141	0.433801	-3.842052	-0.263958	-0.793704	0.201771	-0.250569	-0.197508	0.947737	-0.621976	0.783035	-0.001258	-0.741863	-0.589785	-0.319049
17415	9.702314	0.721731	-4.013861	-0.291378	-0.816550	0.176587	-0.257686	-0.200944	0.945103	-0.619355	0.785108	-0.001943	-0.741618	-0.585855	-0.326767
17416	9.746830	0.084853	-3.884312	-0.291748	-0.836407	0.151208	-0.264789	-0.204664	0.942337	-0.616789	0.787125	-0.002359	-0.741254	-0.581848	-0.334657
17417	9.742079	-0.012703	-3.516425	-0.214351	-0.844962	0.132609	-0.271828	-0.208543	0.939478	-0.614835	0.788651	-0.002833	-0.740329	-0.578394	-0.342597
17418	9.699415	0.255125	-2.816423	-0.177141	-0.868908	0.141862	-0.279094	-0.212460	0.936465	-0.613127	0.789977	-0.003504	-0.739041	-0.575150	-0.350743
17419	9.777372	0.338512	-1.990717	-0.179531	-0.904145	0.157231	-0.286697	-0.216427	0.933255	-0.611349	0.791349	-0.004289	-0.737602	-0.571774	-0.359190
17420	9.729055	0.870603	-1.387019	-0.121296	-0.933183	0.164959	-0.294546	-0.220467	0.929858	-0.609969	0.792407	-0.005339	-0.735649	-0.568758	-0.367879
17421	9.821620	1.294587	-0.804719	-0.119910	-0.991828	0.196084	-0.302992	-0.224559	0.926158	-0.608495	0.793530	-0.006667	-0.733437	-0.565582	-0.377077
17422	10.039840	1.759300	-0.329571	-0.083042	-1.066990	0.240878	-0.312236	-0.228690	0.922068	-0.607140	0.794549	-0.008530	-0.730678	-0.562487	-0.386934
17423	10.114912	2.367902	-0.048566	-0.021247	-1.156773	0.276400	-0.322309	-0.233000	0.917512	-0.606097	0.795315	-0.010945	-0.727161	-0.559629	-0.397558
17424	10.266693	3.195664	0.068823	0.004451	-1.254131	0.329866	-0.333368	-0.237401	0.912418	-0.605043	0.796071	-0.013935	-0.723041	-0.556697	-0.409023
17425	10.570480	2.956160	0.082555	-0.031216	-1.369172	0.388993	-0.345549	-0.241910	0.906684	-0.603482	0.797189	-0.017299	-0.718614	-0.553145	-0.421456
17426	11.190486	2.854672	-0.091792	0.069410	-1.456237	0.444363	-0.358621	-0.246424	0.900370	-0.602411	0.797895	-0.021565	-0.713086	-0.550126	-0.434591
17427	11.352405	3.656807	-0.366436	0.151290	-1.541629	0.510151	-0.372590	-0.250827	0.893455	-0.601607	0.798344	-0.026757	-0.706573	-0.547478	-0.448354
17428	11.226550	4.304968	-0.464884	0.135802	-1.643621	0.583735	-0.387623	-0.255164	0.885799	-0.600340	0.799083	-0.032523	-0.699528	-0.544388	-0.462928
17429	11.155957	4.461576	-0.474486	0.068013	-1.758375	0.653830	-0.403735	-0.259491	0.877304	-0.598220	0.800404	-0.038555	-0.692193	-0.540387	-0.478384
17430	11.205736	4.188991	-0.320245	-0.013086	-1.876014	0.726171	-0.420951	-0.263788	0.867880	-0.595134	0.802377	-0.044782	-0.684554	-0.535356	-0.494751
17431	11.497058	3.492631	-0.340418	-0.056326	-1.966621	0.789705	-0.438974	-0.267937	0.857620	-0.591351	0.804784	-0.051254	-0.676466	-0.529654	-0.511724
17432	11.465885	3.225915	-0.486036	-0.067882	-2.034734	0.839362	-0.457566	-0.271912	0.846580	-0.587133	0.807409	-0.058007	-0.667764	-0.523597	-0.529092
17433	11.391352	2.755865	0.028870	-0.169099	-2.116933	0.891000	-0.476769	-0.275734	0.834663	-0.581846	0.810735	-0.064528	-0.658898	-0.516410	-0.546968
17434	11.426601	1.803276	0.146879	-0.248562	-2.197763	0.954231	-0.496642	-0.279265	0.821801	-0.575578	0.814659	-0.071003	-0.649659	-0.508274	-0.565333
17435	11.758610	0.804184	-0.137478	-0.201776	-2.250229	1.036967	-0.517033	-0.282166	0.808121	-0.569020	0.818594	-0.078235	-0.639447	-0.500287	-0.583798
17436	11.865553	-0.220982	-1.073928	-0.143672	-2.279744	1.074973	-0.537537	-0.284691	0.793729	-0.562446	0.822355	-0.085947	-0.628258	-0.492629	-0.602170
17437	12.107988	-1.764964	-2.513434	-0.034871	-2.250259	1.097582	-0.557630	-0.286676	0.779016	-0.556219	0.825667	-0.094306	-0.616173	-0.485891	-0.619872
17438	11.694182	-2.888208	-4.290264	0.139215	-2.116211	1.085443	-0.576516	-0.287958	0.764663	-0.550920	0.828114	-0.103512	-0.603421	-0.480945	-0.636062
17439	10.781747	-2.824911	-5.362379	0.248492	-1.974060	1.112940	-0.594356	-0.288207	0.750785	-0.545891	0.830135	-0.113486	-0.590545	-0.477298	-0.650725
17440	10.150219	-2.517956	-6.317936	0.153412	-1.859697	1.132853	-0.611350	-0.287654	0.737229	-0.539968	0.832668	-0.122878	-0.578520	-0.473201	-0.664376
17441	9.631682	-3.448758	-7.658596	-0.004748	-1.678718	1.074610	-0.626695	-0.286610	0.724643	-0.533294	0.835781	-0.130644	-0.568199	-0.468322	-0.676627
17442	8.818024	-3.934049	-8.385309	-0.005720	-1.411766	0.941299	-0.639619	-0.285340	0.713771	-0.527313	0.838500	-0.137329	-0.559311	-0.464219	-0.686784
17443	8.261740	-4.534506	-8.024082	0.051368	-1.059889	0.753782	-0.649422	-0.283936	0.705430	-0.522748	0.840411	-0.142978	-0.552255	-0.461615	-0.694209
17444	7.640735	-4.354508	-7.941749	0.241469	-0.615032	0.573553	-0.655767	-0.281983	0.700325	-0.520345	0.840920	-0.148645	-0.547002	-0.461887	-0.698175
17445	5.338183	-3.123925	-8.777898	0.236195	-0.179426	0.409534	-0.658829	-0.279385	0.698490	-0.518952	0.840980	-0.153106	-0.544640	-0.463353	-0.699050
17446	4.840895	-1.138870	-9.268727	-0.359651	-0.111687	0.265577	-0.660785	-0.277693	0.697316	-0.515251	0.843381	-0.152398	-0.545783	-0.459995	-0.700375
17447	6.952587	-0.816804	-7.445799	-0.913734	0.109962	0.073655	-0.660516	-0.276586	0.698011	-0.509762	0.847758	-0.146457	-0.551236	-0.452557	-0.700950
17448	6.244500	-1.572941	-6.183433	-1.066508	0.550208	-0.174888	-0.656545	-0.275632	0.702123	-0.504999	0.852061	-0.137724	-0.560291	-0.444993	-0.698610
17449	6.027545	-2.243238	-5.266660	-0.961106	0.948789	-0.397999	-0.649128	-0.274852	0.709288	-0.502167	0.855219	-0.128174	-0.571368	-0.439382	-0.693168
17450	6.086204	-2.349380	-5.268356	-0.826678	1.338003	-0.598522	-0.638368	-0.274149	0.719255	-0.501255	0.857194	-0.118158	-0.584148	-0.435959	-0.684624
17451	6.737585	-2.295085	-5.944292	-0.728471	1.613361	-0.725157	-0.625151	-0.273369	0.731065	-0.501537	0.858381	-0.107899	-0.598036	-0.434109	-0.673722
17452	6.880594	-1.438560	-6.008440	-0.708498	1.877895	-0.862320	-0.609422	-0.272660	0.744488	-0.502578	0.859099	-0.096764	-0.613205	-0.433134	-0.660587
17453	7.258887	-1.031370	-6.106856	-0.777964	2.094276	-1.015777	-0.591248	-0.272347	0.759113	-0.503846	0.859700	-0.083994	-0.629734	-0.432137	-0.645517
17454	7.724594	-1.214378	-6.159907	-0.763752	2.309323	-1.140349	-0.570722	-0.272205	0.774713	-0.505602	0.859895	-0.070337	-0.647026	-0.431840	-0.628389
17455	7.817684	-1.403741	-6.388854	-0.609136	2.536848	-1.263409	-0.547633	-0.272106	0.791238	-0.508674	0.859095	-0.056622	-0.664341	-0.433490	-0.608882
17456	7.705398	-1.231162	-6.667562	-0.413692	2.757244	-1.359016	-0.522109	-0.271791	0.808413	-0.513165	0.857201	-0.043231	-0.681222	-0.437421	-0.587026
17457	7.437149	-0.638423	-6.863279	-0.290333	2.936776	-1.432029	-0.494424	-0.271139	0.825850	-0.518439	0.854595	-0.029806	-0.697686	-0.442890	-0.563101
17458	7.118870	-0.093432	-6.495772	-0.291668	3.054272	-1.467045	-0.465194	-0.270070	0.843004	-0.523422	0.851925	-0.015911	-0.713879	-0.448649	-0.537671
17459	6.908048	-0.531488	-6.226724	-0.308602	3.151925	-1.502313	-0.434494	-0.268633	0.859681	-0.527946	0.849276	-0.001449	-0.729718	-0.454495	-0.510829
17460	6.730713	-1.367352	-6.408823	-0.172058	3.263376	-1.535647	-0.402263	-0.266728	0.875809	-0.533102	0.845955	0.012780	-0.744303	-0.461755	-0.482489
17461	6.322096	-1.148399	-6.628442	0.064334	3.411678	-1.549336	-0.368287	-0.263901	0.891471	-0.539545	0.841548	0.026224	-0.757137	-0.471331	-0.452317
17462	5.795020	-0.315467	-6.708683	0.142899	3.525535	-1.540610	-0.332993	-0.260056	0.906359	-0.546033	0.836832	0.039497	-0.768742	-0.481749	-0.420658
17463	5.540588	-0.181664	-7.275183	0.047854	3.595375	-1.480752	-0.296976	-0.254941	0.920223	-0.551055	0.832792	0.052882	-0.779836	-0.491388	-0.387806
17464	5.414768	0.253375	-7.148059	-0.113917	3.657732	-1.388434	-0.260547	-0.248386	0.932963	-0.554022	0.829864	0.066217	-0.790680	-0.499630	-0.353830
17465	5.224489	0.027258	-6.470849	-0.451121	3.686368	-1.351150	-0.223650	-0.241095	0.944380	-0.553684	0.828830	0.080471	-0.802131	-0.504890	-0.318859
17466	5.930333	-1.820364	-6.169930	-0.634786	3.655348	-1.341789	-0.186680	-0.233725	0.954213	-0.551297	0.828863	0.095168	-0.813155	-0.508290	-0.283584
17467	6.632210	-3.923752	-5.897577	-0.432605	3.643900	-1.371716	-0.149287	-0.226499	0.962503	-0.550045	0.827923	0.109516	-0.821684	-0.513071	-0.248182
17468	6.922729	-3.137917	-5.021512	0.036694	3.588232	-1.369308	-0.112140	-0.219281	0.969196	-0.552122	0.824685	0.122702	-0.826187	-0.521355	-0.213550
17469	7.220744	-1.383502	-4.313785	0.116188	3.395838	-1.359701	-0.076468	-0.212644	0.974133	-0.554343	0.821146	0.135733	-0.828768	-0.529625	-0.180669
17470	7.680857	-1.602651	-4.065606	-0.026114	3.138543	-1.321904	-0.043059	-0.206785	0.977438	-0.554899	0.818517	0.148719	-0.830803	-0.535975	-0.149989
17471	8.626264	-2.584188	-4.243794	0.063346	2.885454	-1.236284	-0.012167	-0.201347	0.979444	-0.555741	0.815661	0.160775	-0.831266	-0.542362	-0.121821
17472	9.495869	-2.331098	-5.071984	0.225220	2.627952	-1.126729	0.015967	-0.196199	0.980434	-0.557570	0.812198	0.171612	-0.829976	-0.549401	-0.096426
17473	8.668594	-0.060293	-2.394315	0.238320	2.262535	-0.955214	0.040101	-0.191458	0.980681	-0.559252	0.809038	0.180816	-0.828027	-0.555699	-0.074629
17474	7.855413	0.208958	-1.752030	0.073215	1.756506	-0.745452	0.058836	-0.187713	0.980460	-0.559466	0.807223	0.188118	-0.826762	-0.559603	-0.057525
17475	7.794846	-1.585454	-1.765074	0.350289	1.305814	-0.495693	0.072436	-0.184383	0.980182	-0.562005	0.804341	0.192837	-0.823956	-0.564835	-0.045361
17476	7.728643	-0.086457	-0.733928	0.734907	0.937867	-0.220773	0.081419	-0.180846	0.980136	-0.567849	0.799766	0.194736	-0.819096	-0.572424	-0.037577
17477	7.842370	-0.480950	-0.742809	0.847300	0.542070	0.024991	0.085744	-0.177539	0.980371	-0.574761	0.794938	0.194227	-0.813817	-0.580133	-0.033882
17478	4.932791	-4.927628	-3.917668	1.508836	0.127818	0.161987	0.085869	-0.175534	0.980721	-0.587089	0.786386	0.192154	-0.804955	-0.592271	-0.035528
17479	5.565938	-1.988341	-6.622609	2.676010	-0.106635	0.184630	0.083956	-0.174753	0.981026	-0.608549	0.770594	0.189347	-0.789062	-0.612900	-0.041650
17480	7.307933	0.602667	-7.428673	3.219111	-0.220937	-0.052045	0.082590	-0.176553	0.980820	-0.633568	0.750392	0.188424	-0.769266	-0.636978	-0.049883
17481	11.556871	3.741096	-4.626543	3.691694	-0.014771	-0.348557	0.084774	-0.179235	0.980147	-0.661214	0.725763	0.189906	-0.745392	-0.664186	-0.056987
17482	17.016487	7.315265	-5.192939	4.304096	0.131799	-0.317050	0.087918	-0.180614	0.979617	-0.692377	0.695947	0.190452	-0.716159	-0.695008	-0.063867
17483	16.173097	23.717467	-6.830147	5.055974	0.095014	0.101321	0.087902	-0.179263	0.979866	-0.727751	0.660123	0.186052	-0.680185	-0.729453	-0.072433
17484	9.791029	21.509849	-3.359779	1.019241	-0.853216	0.451856	0.078858	-0.182559	0.980027	-0.735006	0.653491	0.180875	-0.673459	-0.734590	-0.082649
17485	11.092036	5.189868	-3.504749	-0.280010	-1.184241	1.026346	0.063374	-0.184528	0.980782	-0.733823	0.657439	0.171109	-0.676379	-0.730564	-0.093746
17486	8.090437	2.320124	-4.102813	-0.240519	-1.083336	1.111998	0.047915	-0.185109	0.981549	-0.732793	0.661258	0.160478	-0.678763	-0.726961	-0.103962
17487	9.500181	-1.678202	-4.691829	-0.928241	-1.169071	1.002871	0.032664	-0.186907	0.981834	-0.726839	0.669845	0.151696	-0.686030	-0.718591	-0.113972
17488	10.665529	-6.491126	-7.187418	-0.739230	-0.922862	0.894978	0.019859	-0.187500	0.982064	-0.721964	0.676819	0.143821	-0.691645	-0.711871	-0.121927
17489	9.712135	-5.159732	-7.822553	-0.418094	-0.636424	0.807193	0.009673	-0.186560	0.982396	-0.719165	0.681308	0.136463	-0.694772	-0.707824	-0.127577
17490	10.571435	-3.662410	-7.071165	-0.284188	-0.457252	0.652490	0.001841	-0.185353	0.982670	-0.717207	0.684539	0.130463	-0.696858	-0.705018	-0.131676
17491	10.694989	-0.476117	-5.078579	-0.272172	-0.342448	0.548358	-0.004439	-0.184025	0.982912	-0.715282	0.687477	0.125482	-0.698821	-0.702502	-0.134681
17492	10.203937	0.559076	-3.258157	-0.284691	-0.258916	0.483623	-0.009669	-0.182529	0.983153	-0.713239	0.690371	0.121157	-0.700854	-0.700051	-0.136862
17493	9.393952	1.212375	-1.904678	-0.157441	-0.198200	0.423597	-0.014042	-0.181011	0.983381	-0.712067	0.692252	0.117255	-0.701971	-0.698586	-0.138613
17494	9.466589	0.672064	-0.680633	-0.080579	-0.194778	0.372029	-0.018022	-0.179813	0.983536	-0.711424	0.693496	0.113751	-0.702532	-0.697661	-0.140421
17495	10.069072	-0.259051	-0.389705	0.015027	-0.196574	0.328317	-0.021703	-0.178931	0.983622	-0.711447	0.693990	0.110546	-0.702404	-0.697396	-0.142362
17496	10.077532	-1.041489	-0.123468	0.113075	-0.175450	0.310587	-0.025110	-0.178019	0.983707	-0.712152	0.693766	0.107371	-0.701576	-0.697853	-0.144197
17497	9.983743	-1.116769	-0.139493	0.203556	-0.153621	0.298946	-0.028282	-0.177043	0.983797	-0.713482	0.692885	0.104180	-0.700102	-0.698975	-0.145913
17498	10.060257	-0.733600	-0.596573	0.197812	-0.140674	0.283655	-0.031255	-0.176083	0.983879	-0.714765	0.692013	0.101142	-0.698666	-0.700081	-0.147487
17499	9.878421	-0.355584	-1.223524	0.161623	-0.131479	0.265366	-0.034036	-0.175190	0.983946	-0.715790	0.691357	0.098335	-0.697485	-0.700952	-0.148931
17500	9.545361	0.571481	-1.888963	0.142488	-0.124041	0.258420	-0.036715	-0.174294	0.984009	-0.716676	0.690820	0.095622	-0.696439	-0.701705	-0.150276
17501	9.531918	1.204005	-2.005153	0.055963	-0.150458	0.242795	-0.039468	-0.173694	0.984008	-0.716958	0.690860	0.093192	-0.695999	-0.701814	-0.151799
17502	9.613620	0.869029	-1.705526	0.043718	-0.167736	0.208952	-0.042098	-0.173448	0.983943	-0.717161	0.690926	0.091112	-0.695635	-0.701810	-0.153476
17503	9.716874	0.406043	-1.005428	0.151700	-0.170949	0.180128	-0.044544	-0.173426	0.983839	-0.718122	0.690184	0.089149	-0.694491	-0.702545	-0.155284
17504	9.826452	0.153960	-0.762295	0.281508	-0.151197	0.159071	-0.046700	-0.173413	0.983741	-0.719986	0.688490	0.087187	-0.692416	-0.704208	-0.157007
17505	9.673992	0.292670	-0.720905	0.387054	-0.130284	0.156123	-0.048691	-0.173280	0.983668	-0.722571	0.686041	0.085084	-0.689580	-0.706627	-0.158611
17506	9.469539	1.003414	-0.833648	0.422896	-0.124969	0.169289	-0.050740	-0.173025	0.983610	-0.725381	0.683351	0.082788	-0.686475	-0.709291	-0.160183
