// General information: 
//  MT Manager version: 2022.2.0 
//  XDA version: 2022.2.0 build 7381 rev 124627 built on 2023-07-19
// Device information: 
//  DeviceId: 00B4CB9F
//  ProductCode: MTW2-3A7G6
//  Firmware Version: 4.6.0
//  Hardware Version: 2.0.0
// Device settings: 
//  Filter Profile: human(46.1)
//  Option Flags: Orientation Smoother Disabled, Position/Velocity Smoother Disabled, Continuous Zero Rotation Update Disabled, AHS Disabled, ICC Disabled
// Coordinate system: ENU
PacketCounter	Acc_X	Acc_Y	Acc_Z	Gyr_X	Gyr_Y	Gyr_Z	Mat[1][1]	Mat[2][1]	Mat[3][1]	Mat[1][2]	Mat[2][2]	Mat[3][2]	Mat[1][3]	Mat[2][3]	Mat[3][3]
32985	9.392027	-0.026426	-0.967105	-0.541362	-1.071410	-0.070354	0.229238	0.311604	0.922146	-0.754381	0.655556	-0.033987	-0.615109	-0.687859	0.385347
32986	11.449934	-1.107927	1.400503	-0.470401	-1.008060	-0.012186	0.223034	0.304578	0.926007	-0.751485	0.658785	-0.035685	-0.620908	-0.687921	0.375817
32987	13.768884	-2.551725	4.904828	-0.212121	-0.718763	0.123466	0.217589	0.300463	0.928643	-0.750477	0.659823	-0.037642	-0.624050	-0.688735	0.369061
32988	13.599309	-3.104506	5.937037	0.288352	-0.531487	0.187880	0.212797	0.298018	0.930539	-0.752717	0.657226	-0.038353	-0.623004	-0.692271	0.364180
32989	11.984557	-1.364265	3.372045	0.794725	-0.731408	0.084411	0.207576	0.293502	0.933150	-0.757869	0.651397	-0.036297	-0.618504	-0.699671	0.357650
32990	12.129600	0.680206	2.626919	1.051057	-0.935190	0.020759	0.201597	0.287035	0.936467	-0.764417	0.643888	-0.032798	-0.612393	-0.709239	0.349220
32991	11.129930	1.241256	2.512822	0.831245	-0.909204	0.130066	0.195008	0.281401	0.939567	-0.769786	0.637541	-0.031174	-0.607784	-0.717186	0.340944
32992	9.228251	1.609948	0.815260	0.555658	-0.991755	0.150635	0.187764	0.275199	0.942873	-0.773480	0.633074	-0.030746	-0.605370	-0.723521	0.331730
32993	9.468359	2.312044	-0.106647	0.514034	-1.085096	0.084100	0.180512	0.267858	0.946397	-0.776781	0.629062	-0.029883	-0.603347	-0.729749	0.321620
32994	10.269435	2.836733	0.000121	0.547918	-1.129583	0.010174	0.173564	0.259627	0.949984	-0.780134	0.624974	-0.028271	-0.601055	-0.736207	0.311017
32995	10.708074	3.051266	-0.642891	0.207082	-1.239954	-0.060211	0.166537	0.250106	0.953788	-0.781314	0.623550	-0.027088	-0.601509	-0.740697	0.299256
32996	10.883304	2.618509	-0.809559	-0.103122	-1.342952	-0.110269	0.159234	0.239437	0.957765	-0.780547	0.624541	-0.026361	-0.604475	-0.743384	0.286340
32997	10.611182	1.857884	-0.327522	-0.263808	-1.358895	-0.114969	0.151845	0.228609	0.961603	-0.778806	0.626725	-0.026016	-0.608608	-0.744952	0.273207
32998	10.058872	0.967553	0.269185	-0.380979	-1.379505	-0.080310	0.143973	0.217806	0.965315	-0.776394	0.629700	-0.026285	-0.613584	-0.745680	0.259763
32999	9.904685	0.270891	0.132644	-0.503507	-1.439306	-0.044629	0.135400	0.206795	0.968970	-0.773264	0.633502	-0.027147	-0.619458	-0.745594	0.245684
33000	9.684554	0.154454	0.398368	-0.530446	-1.461884	-0.017072	0.126366	0.195774	0.972473	-0.769975	0.637448	-0.028275	-0.625437	-0.745207	0.231293
33001	9.326147	-0.287847	0.658035	-0.516800	-1.471245	-0.001671	0.117091	0.184804	0.975775	-0.766763	0.641255	-0.029438	-0.631161	-0.744741	0.216786
33002	9.236828	-0.842825	0.749848	-0.389171	-1.442747	0.023222	0.107707	0.174192	0.978804	-0.764358	0.644070	-0.030512	-0.635733	-0.744870	0.202516
33003	9.334610	-1.323701	0.693695	-0.012308	-1.333099	0.071684	0.098630	0.164711	0.981398	-0.764391	0.643995	-0.031263	-0.637165	-0.747088	0.189421
33004	9.204478	-1.099106	1.541788	0.418415	-1.158536	0.099703	0.090430	0.156654	0.983505	-0.767180	0.640658	-0.031505	-0.635026	-0.751676	0.178116
33005	9.056202	-0.386736	2.904686	0.711577	-0.999102	0.119135	0.083146	0.149872	0.985203	-0.771822	0.635060	-0.031469	-0.630379	-0.757784	0.168478
33006	9.269269	0.301628	3.641939	0.696233	-0.902247	0.118661	0.076494	0.143743	0.986654	-0.776321	0.629548	-0.031530	-0.625679	-0.763549	0.159747
33007	9.521548	0.149647	4.319738	0.447575	-0.840573	0.105249	0.070384	0.137969	0.987932	-0.779227	0.625929	-0.031899	-0.622777	-0.767579	0.151565
33008	9.435693	-0.679802	4.037648	0.168208	-0.828211	0.108053	0.064320	0.132261	0.989126	-0.780379	0.624449	-0.032752	-0.621990	-0.769786	0.143378
33009	9.442897	-1.482275	3.234581	0.039665	-0.835195	0.096081	0.058332	0.126428	0.990259	-0.780719	0.623974	-0.033675	-0.622153	-0.771150	0.135102
33010	9.560739	-2.121974	2.417705	-0.018157	-0.817117	0.069728	0.052635	0.120540	0.991312	-0.780676	0.623987	-0.034424	-0.622715	-0.772082	0.126946
33011	9.685845	-2.326526	1.992003	0.005268	-0.775924	0.026096	0.047554	0.114711	0.992260	-0.780756	0.623871	-0.034706	-0.623024	-0.773063	0.119229
33012	9.635036	-2.289099	1.795049	0.051149	-0.705793	-0.021981	0.043261	0.109096	0.993089	-0.781095	0.623460	-0.034464	-0.622911	-0.774207	0.112186
33013	9.672809	-2.001218	1.705919	0.136295	-0.670798	-0.054663	0.039469	0.103561	0.993840	-0.781955	0.622418	-0.033804	-0.622084	-0.775804	0.105546
33014	9.826668	-1.625631	1.210729	0.226261	-0.632264	-0.079733	0.036097	0.098136	0.994518	-0.783361	0.620700	-0.032816	-0.620518	-0.777882	0.099281
33015	9.954211	-1.175281	1.025920	0.293199	-0.602319	-0.110911	0.033191	0.092761	0.995135	-0.785172	0.618478	-0.031463	-0.618388	-0.780308	0.093361
33016	9.727739	-0.658173	0.639788	0.290110	-0.589656	-0.127198	0.030484	0.087349	0.995711	-0.786952	0.616286	-0.029971	-0.616261	-0.782663	0.087526
33017	9.565311	-0.119011	0.325139	0.242962	-0.636957	-0.151602	0.027713	0.081429	0.996294	-0.788435	0.614467	-0.028291	-0.614493	-0.784729	0.081230
33018	9.605633	0.084350	0.101661	0.140193	-0.665241	-0.172791	0.024924	0.075124	0.996863	-0.789280	0.613461	-0.026497	-0.613527	-0.786143	0.074584
33019	9.547174	0.003216	0.100035	0.041504	-0.701804	-0.189398	0.022068	0.068446	0.997411	-0.789522	0.613228	-0.024613	-0.613325	-0.786935	0.067573
33020	9.668712	-0.059453	0.228653	-0.024299	-0.738770	-0.196503	0.019020	0.061407	0.997932	-0.789362	0.613508	-0.022706	-0.613633	-0.787297	0.060141
33021	9.872345	-0.327589	0.090346	-0.071568	-0.765654	-0.197301	0.015831	0.054171	0.998406	-0.788920	0.614144	-0.020813	-0.614292	-0.787333	0.052459
33022	9.915346	-0.684953	0.275191	-0.057166	-0.747684	-0.191424	0.012679	0.047089	0.998810	-0.788570	0.614652	-0.018968	-0.614814	-0.787391	0.044926
33023	9.897374	-0.998230	0.445333	-0.010656	-0.732824	-0.181146	0.009555	0.040207	0.999146	-0.788516	0.614774	-0.017199	-0.614940	-0.787678	0.037578
33024	9.975998	-1.087973	0.565244	0.066307	-0.690709	-0.163876	0.006534	0.033738	0.999409	-0.788939	0.614274	-0.015578	-0.614437	-0.788371	0.030631
33025	10.005037	-1.026326	0.854552	0.095763	-0.647421	-0.162525	0.003795	0.027637	0.999611	-0.789549	0.613528	-0.013965	-0.613676	-0.789189	0.024149
33026	9.988683	-0.822100	1.150570	0.096073	-0.594472	-0.153582	0.001295	0.021982	0.999758	-0.790163	0.612770	-0.012450	-0.612895	-0.789955	0.018163
33027	9.944976	-0.747834	1.095153	0.046070	-0.525349	-0.161605	-0.000694	0.016845	0.999858	-0.790475	0.612398	-0.010866	-0.612494	-0.790370	0.012891
33028	10.010634	-0.646735	1.029586	0.003429	-0.480965	-0.183319	-0.002257	0.011901	0.999927	-0.790527	0.612360	-0.009073	-0.612423	-0.790490	0.008026
33029	9.966568	-0.403894	1.080681	-0.012178	-0.424749	-0.192778	-0.003382	0.007368	0.999967	-0.790488	0.612435	-0.007186	-0.612468	-0.790486	0.003753
33030	9.716431	-0.167050	1.021715	-0.058666	-0.390757	-0.209130	-0.004190	0.002980	0.999987	-0.790165	0.612873	-0.005137	-0.612880	-0.790176	-0.000214
33031	9.545619	-0.166273	0.805220	-0.146235	-0.370072	-0.235832	-0.004645	-0.001384	0.999988	-0.789308	0.613991	-0.002816	-0.613980	-0.789312	-0.003944
33032	9.544460	-0.161918	0.441728	-0.232884	-0.387706	-0.262809	-0.005023	-0.006076	0.999969	-0.787917	0.615781	-0.000216	-0.615761	-0.787894	-0.007881
33033	9.556030	-0.305011	0.338758	-0.325498	-0.412839	-0.266990	-0.005516	-0.010966	0.999925	-0.785953	0.618282	0.002445	-0.618262	-0.785880	-0.012029
33034	9.284293	-0.599767	-0.134799	-0.409196	-0.467801	-0.276258	-0.006315	-0.016367	0.999846	-0.783461	0.621419	0.005224	-0.621409	-0.783308	-0.016747
33035	9.353321	-0.793623	-0.657844	-0.434432	-0.554807	-0.286733	-0.007576	-0.022484	0.999718	-0.780804	0.624723	0.008133	-0.624730	-0.780523	-0.022289
33036	9.682413	-1.103473	-1.016326	-0.414308	-0.633382	-0.310876	-0.009187	-0.029384	0.999526	-0.778264	0.627835	0.011304	-0.627870	-0.777791	-0.028637
33037	10.274405	-1.450933	-0.805679	-0.340199	-0.684519	-0.323137	-0.011031	-0.036725	0.999265	-0.776186	0.630335	0.014598	-0.630407	-0.775454	-0.035459
33038	10.274188	-1.397653	-0.676178	-0.226943	-0.676947	-0.325970	-0.012843	-0.044044	0.998947	-0.774821	0.631927	0.017900	-0.632050	-0.773776	-0.042242
33039	10.153811	-1.054836	-0.427225	-0.104048	-0.679282	-0.351263	-0.014468	-0.051509	0.998568	-0.774241	0.632529	0.021410	-0.632725	-0.772822	-0.049032
33040	10.187345	-0.676246	-0.028307	-0.023520	-0.680505	-0.372036	-0.015961	-0.059137	0.998122	-0.774177	0.632471	0.025093	-0.632767	-0.772323	-0.055877
33041	10.251562	-0.199734	0.420473	0.026601	-0.682544	-0.382429	-0.017369	-0.066816	0.997614	-0.774439	0.631991	0.028845	-0.632411	-0.772090	-0.062721
33042	10.149091	0.115775	0.967445	0.016426	-0.658438	-0.397713	-0.018519	-0.074428	0.997054	-0.774642	0.631551	0.032757	-0.632128	-0.771754	-0.069351
33043	10.047775	0.210150	1.434351	-0.046285	-0.637765	-0.409266	-0.019431	-0.081922	0.996449	-0.774456	0.631555	0.036821	-0.632329	-0.770991	-0.075717
33044	10.281907	0.268178	1.914357	-0.107973	-0.618532	-0.431435	-0.020072	-0.089430	0.995791	-0.773887	0.631985	0.041159	-0.633006	-0.769803	-0.081894
33045	10.062335	0.120892	2.338130	-0.219215	-0.558242	-0.441167	-0.020247	-0.096501	0.995127	-0.772615	0.633228	0.045686	-0.634551	-0.767925	-0.087379
33046	10.166255	-0.252160	2.619582	-0.318101	-0.532794	-0.479054	-0.020005	-0.103641	0.994414	-0.770718	0.635156	0.050693	-0.636862	-0.765399	-0.092584
33047	10.603368	-0.333533	3.168604	-0.390304	-0.467702	-0.519368	-0.019041	-0.110503	0.993693	-0.768357	0.637551	0.056175	-0.639738	-0.762442	-0.097046
33048	10.833117	-0.154381	3.507059	-0.501543	-0.369975	-0.529365	-0.017424	-0.116717	0.993012	-0.765265	0.640734	0.061883	-0.643480	-0.758839	-0.100483
33049	10.802516	0.259104	3.910365	-0.624858	-0.247314	-0.529157	-0.015028	-0.121970	0.992420	-0.761344	0.644801	0.067719	-0.648174	-0.754556	-0.102551
33050	10.703900	0.751752	4.214206	-0.793890	-0.115892	-0.511356	-0.011970	-0.126168	0.991937	-0.756273	0.650107	0.073564	-0.654146	-0.749295	-0.103199
33051	10.869397	0.785294	4.273369	-0.936197	0.007336	-0.460504	-0.008496	-0.129098	0.991595	-0.750193	0.656477	0.079040	-0.661164	-0.743217	-0.102426
33052	10.760766	0.727486	4.293748	-1.001907	0.164440	-0.399789	-0.004485	-0.130533	0.991434	-0.743588	0.663344	0.083973	-0.668623	-0.736842	-0.100038
33053	10.738451	0.576921	4.488635	-1.035630	0.283776	-0.342248	-0.000084	-0.130705	0.991421	-0.736663	0.670467	0.088330	-0.676261	-0.730336	-0.096342
33054	11.384469	0.396383	4.749826	-1.055551	0.386819	-0.291092	0.004613	-0.129868	0.991521	-0.729509	0.677734	0.092163	-0.683956	-0.723748	-0.091614
33055	11.922741	0.366945	5.069662	-1.062739	0.556464	-0.246147	0.010189	-0.127501	0.991786	-0.722212	0.685048	0.095488	-0.691596	-0.717253	-0.085103
33056	11.838721	0.031646	5.972892	-1.149458	0.765374	-0.210550	0.016957	-0.123501	0.992200	-0.714220	0.692961	0.098461	-0.699716	-0.710319	-0.076456
33057	12.440474	-0.124130	6.841428	-1.181120	0.984192	-0.205009	0.025306	-0.117932	0.992699	-0.705897	0.701037	0.101278	-0.707862	-0.703306	-0.065508
33058	13.252565	0.297881	7.048543	-1.097971	1.242556	-0.197854	0.035467	-0.110637	0.993228	-0.698059	0.708471	0.103844	-0.715162	-0.697014	-0.052104
33059	13.550316	1.074703	6.646867	-1.004092	1.507322	-0.207331	0.047704	-0.101600	0.993681	-0.690794	0.715197	0.106289	-0.721477	-0.691499	-0.036067
33060	12.990867	2.158878	6.543889	-0.824942	1.828195	-0.259872	0.062655	-0.090870	0.993890	-0.684715	0.720607	0.109049	-0.726113	-0.687364	-0.017070
33061	12.005206	3.309875	7.261061	-0.643052	2.160675	-0.365338	0.080843	-0.078635	0.993620	-0.679810	0.724683	0.112662	-0.728919	-0.684580	0.005128
33062	11.219792	4.280175	8.069798	-0.540262	2.405682	-0.504046	0.101743	-0.065861	0.992628	-0.675445	0.727984	0.117534	-0.730358	-0.682424	0.029582
33063	10.298563	5.335866	7.661627	-0.516954	2.395795	-0.617139	0.123387	-0.053984	0.990889	-0.671009	0.731110	0.123386	-0.731110	-0.680120	0.053986
33064	9.344176	5.926698	4.142518	-1.081459	1.837521	-0.648981	0.141123	-0.046326	0.988908	-0.662258	0.738073	0.129084	-0.735866	-0.673128	0.073480
33065	10.695133	4.200212	-0.802331	-1.935107	1.329613	-0.496255	0.154216	-0.041103	0.987182	-0.647220	0.750723	0.132365	-0.746541	-0.659337	0.089171
33066	13.676757	1.860002	-1.592472	-2.222388	1.455384	-0.285982	0.166926	-0.033797	0.985390	-0.630079	0.765061	0.132976	-0.758378	-0.643070	0.106413
33067	14.916087	-1.222588	-1.569811	-2.306963	1.746048	-0.018196	0.180366	-0.022801	0.983335	-0.612462	0.779668	0.130417	-0.769649	-0.625778	0.126660
33068	14.984406	-3.634302	-2.567182	-2.134673	1.789554	0.179955	0.193069	-0.010336	0.981131	-0.596309	0.792853	0.125696	-0.779192	-0.609325	0.146912
33069	14.880088	-4.963580	-3.391222	-1.640817	1.878578	0.309191	0.205918	0.003518	0.978563	-0.584135	0.802732	0.120033	-0.785101	-0.596330	0.167352
33070	13.889173	-5.100345	-3.122402	-0.909892	1.905677	0.432911	0.218309	0.018298	0.975708	-0.577949	0.808049	0.114159	-0.786331	-0.588831	0.186979
33071	12.266061	-4.864562	-2.848222	-0.344140	1.833259	0.511997	0.229722	0.033269	0.972688	-0.576438	0.809914	0.108437	-0.784186	-0.585604	0.205233
33072	10.230388	-3.777221	-2.565352	0.205558	1.772579	0.544357	0.240361	0.048064	0.969493	-0.579370	0.808459	0.103559	-0.778818	-0.586586	0.222169
33073	8.943273	-1.578612	-2.007575	0.963559	1.651449	0.558638	0.249847	0.062372	0.966274	-0.588241	0.802441	0.100303	-0.769122	-0.593463	0.237178
33074	9.632630	0.575395	-1.684931	1.490145	1.660012	0.552150	0.259156	0.076718	0.962784	-0.601056	0.793102	0.098591	-0.756022	-0.604238	0.251649
33075	10.117489	1.760221	-1.239672	1.645648	1.754967	0.582046	0.268719	0.092070	0.958808	-0.614958	0.782546	0.097206	-0.741362	-0.615748	0.266904
33076	10.145261	2.252124	-1.081324	1.399973	1.744236	0.606771	0.277698	0.107608	0.954623	-0.626946	0.773222	0.095218	-0.727889	-0.624939	0.282187
33077	10.218389	2.175892	-0.831718	1.034944	1.663201	0.608012	0.285831	0.122787	0.950381	-0.636178	0.765993	0.092369	-0.716644	-0.631013	0.297059
33078	10.074274	2.031714	-0.445309	0.704801	1.625598	0.587612	0.293582	0.137554	0.945986	-0.642944	0.760735	0.088917	-0.707413	-0.634320	0.311777
33079	9.476068	1.649944	-0.455202	0.403664	1.585281	0.587587	0.300905	0.152126	0.941442	-0.647575	0.757290	0.084609	-0.700074	-0.635114	0.326385
33080	9.030490	1.271380	-0.570671	0.220118	1.525284	0.608268	0.307521	0.166403	0.936878	-0.651004	0.754888	0.079607	-0.693991	-0.634392	0.340473
33081	8.788432	0.826085	-0.500644	0.135338	1.473559	0.666012	0.313318	0.180808	0.932277	-0.654051	0.752842	0.073805	-0.688512	-0.632881	0.354136
33082	8.615521	0.371355	-0.492944	0.152109	1.424024	0.705379	0.318393	0.195108	0.927663	-0.657367	0.750517	0.067772	-0.683004	-0.631393	0.367216
33083	8.204338	0.146410	-0.424243	0.233170	1.381136	0.736425	0.322883	0.209381	0.922988	-0.661357	0.747522	0.061782	-0.677018	-0.630373	0.379838
33084	7.671590	0.111751	-0.288441	0.278944	1.344754	0.758527	0.326847	0.223505	0.918268	-0.665746	0.744085	0.055855	-0.670786	-0.629589	0.392000
33085	7.153507	-0.041678	-0.104360	0.277571	1.298577	0.793552	0.330169	0.237607	0.913527	-0.670250	0.740473	0.049647	-0.664646	-0.628683	0.403737
33086	6.814591	-0.261644	0.189871	0.239696	1.235333	0.840367	0.332628	0.251569	0.908885	-0.674665	0.736873	0.042952	-0.658927	-0.627480	0.414830
33087	6.890070	-0.522950	0.420055	0.229851	1.159165	0.878654	0.334237	0.265332	0.904370	-0.679146	0.733124	0.035909	-0.653487	-0.626201	0.425237
33088	7.270827	-0.686287	0.579651	0.257620	1.086750	0.917320	0.334993	0.278833	0.900018	-0.683936	0.728976	0.028723	-0.648082	-0.625177	0.434906
33089	7.501648	-0.818829	0.678512	0.332271	1.016544	0.959261	0.334914	0.292192	0.895799	-0.689336	0.724122	0.021529	-0.642377	-0.624717	0.443937
33090	7.652440	-0.753862	0.801967	0.412314	0.946459	1.005190	0.333941	0.305352	0.891764	-0.695377	0.718501	0.014376	-0.636344	-0.624914	0.452272
33091	7.781058	-0.632979	0.981401	0.445529	0.855774	1.029933	0.332113	0.318106	0.887981	-0.701671	0.712465	0.007202	-0.630364	-0.625462	0.459824
33092	7.949630	-0.498904	1.163318	0.425976	0.760192	1.028680	0.329570	0.330155	0.884523	-0.707791	0.706422	0.000043	-0.624833	-0.626071	0.466496
33093	8.282128	-0.348875	1.281243	0.349442	0.680739	1.002646	0.326628	0.341505	0.881300	-0.713297	0.700825	-0.007208	-0.620099	-0.626274	0.472503
33094	8.498980	-0.418751	1.467241	0.294727	0.618788	0.970629	0.323440	0.352150	0.878281	-0.718315	0.695570	-0.014362	-0.615963	-0.626237	0.477930
33095	8.417668	-0.424459	1.818695	0.344998	0.584756	0.940902	0.320188	0.362362	0.875313	-0.723501	0.690004	-0.020992	-0.611577	-0.626568	0.483100
33096	8.030400	-0.331560	2.261388	0.459537	0.537146	0.923386	0.316688	0.372066	0.872511	-0.729281	0.683687	-0.026844	-0.606512	-0.627805	0.487857
33097	7.398790	-0.074919	2.593200	0.550736	0.449108	0.895035	0.312786	0.381006	0.870057	-0.735463	0.676810	-0.031982	-0.601048	-0.629891	0.491913
33098	6.905152	0.158197	2.805777	0.588993	0.308588	0.846368	0.308318	0.388646	0.868271	-0.741656	0.669789	-0.036445	-0.595723	-0.632722	0.494750
33099	6.701110	0.361698	2.913757	0.599489	0.148619	0.788452	0.303269	0.394868	0.867241	-0.747662	0.662852	-0.040353	-0.590786	-0.636166	0.496250
33100	6.775432	0.654975	2.790381	0.616400	0.015514	0.704210	0.298011	0.399602	0.866895	-0.753446	0.656075	-0.043411	-0.586095	-0.640222	0.496596
33101	6.887303	0.978808	2.806249	0.652152	-0.078224	0.628805	0.292740	0.403227	0.867013	-0.759148	0.649314	-0.045660	-0.581375	-0.644825	0.496189
33102	7.090592	1.386878	2.854066	0.667470	-0.163831	0.563848	0.287432	0.405799	0.867589	-0.764688	0.642666	-0.047255	-0.576746	-0.649852	0.495032
33103	7.244749	1.601257	2.879092	0.660320	-0.251416	0.515735	0.281971	0.407477	0.868593	-0.769987	0.636213	-0.048502	-0.572374	-0.655130	0.493146
33104	7.506557	1.807993	2.985127	0.642144	-0.346549	0.466278	0.276329	0.408139	0.870095	-0.774989	0.630040	-0.049410	-0.568361	-0.660661	0.490401
33105	7.817242	1.926110	2.941754	0.578390	-0.440552	0.427241	0.270453	0.407914	0.872044	-0.779472	0.624411	-0.050336	-0.565047	-0.666120	0.486832
33106	8.304736	1.969438	3.024191	0.451074	-0.534160	0.404292	0.264218	0.406845	0.874452	-0.783134	0.619701	-0.051694	-0.562930	-0.671154	0.482351
33107	8.781481	1.784134	3.276371	0.331277	-0.566816	0.398253	0.257849	0.405504	0.876972	-0.786073	0.615804	-0.053620	-0.561786	-0.675538	0.477540
33108	8.937180	1.465312	3.757808	0.249547	-0.548636	0.402173	0.251538	0.404245	0.879383	-0.788535	0.612437	-0.055980	-0.561197	-0.679343	0.472812
33109	8.825135	0.960424	4.219959	0.221555	-0.504452	0.425078	0.245295	0.403418	0.881524	-0.790870	0.609162	-0.058706	-0.560674	-0.682770	0.468475
33110	8.718444	0.624934	4.945427	0.217120	-0.442689	0.448674	0.239196	0.403101	0.883343	-0.793209	0.605819	-0.061667	-0.560004	-0.685925	0.464653
33111	8.511979	0.190902	5.571108	0.230413	-0.340802	0.458637	0.233590	0.403540	0.884642	-0.795618	0.602336	-0.064680	-0.558952	-0.688728	0.461764
33112	8.289153	-0.043305	6.300990	0.258413	-0.276573	0.452044	0.228380	0.404332	0.885640	-0.798140	0.598678	-0.067506	-0.557508	-0.691448	0.459440
33113	8.346694	0.003977	6.865857	0.247773	-0.266584	0.415003	0.223523	0.404975	0.886585	-0.800493	0.595232	-0.070072	-0.556101	-0.694042	0.457227
33114	8.473888	0.121709	7.111349	0.201921	-0.265449	0.380937	0.218931	0.405376	0.887547	-0.802492	0.592236	-0.072546	-0.555045	-0.696367	0.454970
33115	8.596383	0.588376	7.438578	0.124085	-0.223425	0.347383	0.214848	0.405884	0.888312	-0.803970	0.589910	-0.075091	-0.554503	-0.698043	0.453059
33116	8.625785	1.150686	7.898817	0.029028	-0.132224	0.340574	0.211310	0.406952	0.888672	-0.804891	0.588274	-0.078001	-0.554526	-0.698802	0.451860
33117	8.313217	1.903156	8.320356	-0.116871	-0.047576	0.325241	0.208377	0.408545	0.888634	-0.804961	0.587712	-0.081441	-0.555533	-0.698345	0.451329
33118	7.790199	2.586318	9.223403	-0.263882	-0.018680	0.259503	0.206121	0.409926	0.888524	-0.804064	0.588442	-0.084953	-0.557669	-0.696919	0.450897
33119	7.892631	2.630113	9.376705	-0.441088	0.086024	0.293728	0.204195	0.412270	0.887884	-0.802236	0.590249	-0.089571	-0.561000	-0.694003	0.451264
33120	6.335003	2.196950	8.783419	-0.763505	0.029052	0.292319	0.201955	0.414188	0.887504	-0.798558	0.594273	-0.095625	-0.567026	-0.689411	0.450770
33121	6.521242	1.463861	8.226780	-1.216333	-0.383660	0.219140	0.197973	0.412881	0.889008	-0.792075	0.601664	-0.103044	-0.577429	-0.683761	0.446146
33122	8.020205	0.329943	7.582801	-1.524758	-0.605875	0.193584	0.192844	0.409920	0.891503	-0.783583	0.611194	-0.111532	-0.590600	-0.677058	0.439071
33123	7.952241	-1.166906	5.778682	-1.632655	-0.721284	0.281079	0.186302	0.406814	0.894312	-0.774400	0.620987	-0.121159	-0.604646	-0.669983	0.430728
33124	7.312236	-2.632803	3.421319	-1.539435	-0.914382	0.369242	0.177802	0.403012	0.897757	-0.765695	0.629714	-0.131038	-0.618140	-0.664110	0.420549
33125	7.502431	-3.189895	0.864036	-1.183668	-1.072735	0.276554	0.168962	0.397678	0.901834	-0.758836	0.636394	-0.138458	-0.628983	-0.660950	0.409299
33126	8.742234	-2.748065	-2.271785	-0.673355	-1.217041	0.075025	0.160629	0.390099	0.906654	-0.754736	0.640504	-0.141870	-0.636059	-0.661496	0.397306
33127	10.748863	-1.961369	-3.671621	-0.144562	-1.233001	-0.058985	0.153167	0.381562	0.911565	-0.753763	0.641638	-0.141924	-0.639047	-0.665366	0.385885
33128	11.270597	-1.723550	-2.015450	0.435379	-1.036593	-0.110599	0.147320	0.373911	0.915690	-0.756411	0.639097	-0.139273	-0.637290	-0.672120	0.376982
33129	10.858231	-1.548552	1.654170	0.801827	-0.953387	-0.083502	0.141851	0.366946	0.919363	-0.761421	0.633930	-0.135540	-0.632548	-0.680796	0.369324
33130	11.059057	-1.203716	4.272878	0.787378	-0.980629	-0.040709	0.135915	0.359959	0.923015	-0.766361	0.628637	-0.132309	-0.627868	-0.689380	0.361299
33131	14.162812	-1.279275	8.966109	0.707131	-0.951876	0.011019	0.129824	0.353442	0.926404	-0.770839	0.623643	-0.129910	-0.623661	-0.697243	0.353411
33132	16.112340	-2.713566	8.658369	0.127347	-0.976884	0.114279	0.122782	0.347308	0.929678	-0.771811	0.622306	-0.130548	-0.623884	-0.701507	0.344464
33133	13.459578	-1.933055	0.268220	0.120482	-1.160489	0.026586	0.115285	0.339320	0.933580	-0.772633	0.621314	-0.130413	-0.624298	-0.706280	0.333798
33134	10.978221	0.435210	-0.208717	0.476062	-1.340194	0.028448	0.106646	0.329966	0.937949	-0.775665	0.617792	-0.129142	-0.622070	-0.713761	0.321829
33135	9.026620	-0.071148	-0.158336	0.404451	-1.351717	0.075311	0.097615	0.320747	0.942122	-0.778290	0.614594	-0.128600	-0.620271	-0.720691	0.309627
33136	8.204809	1.550754	-1.883214	0.769718	-1.288611	-0.098715	0.090357	0.310783	0.946176	-0.782986	0.609278	-0.125352	-0.615442	-0.729516	0.298391
33137	10.102804	4.556503	-0.820991	0.940454	-1.342897	-0.331949	0.084691	0.298914	0.950515	-0.788489	0.603332	-0.119479	-0.609190	-0.739352	0.286787
33138	10.919983	4.492932	0.684055	0.378092	-1.352947	-0.255697	0.078414	0.287311	0.954622	-0.790612	0.601228	-0.116008	-0.607276	-0.745639	0.274296
33139	10.449259	1.942462	0.070229	-0.127638	-1.411274	-0.216121	0.071489	0.275464	0.958650	-0.789709	0.602739	-0.114304	-0.609302	-0.748883	0.260626
33140	9.706673	0.873406	0.500105	-0.177161	-1.393664	-0.122774	0.063883	0.264250	0.962336	-0.788575	0.604354	-0.113602	-0.611611	-0.751617	0.246989
33141	8.992000	0.015111	0.755561	-0.170217	-1.363418	-0.028901	0.055710	0.253806	0.965649	-0.787551	0.605660	-0.113754	-0.613727	-0.754161	0.233627
33142	9.707005	-0.702100	1.328381	-0.172558	-1.336394	-0.025640	0.047629	0.243539	0.968721	-0.786507	0.606982	-0.113927	-0.615742	-0.756480	0.220456
33143	10.177338	-1.372845	2.054101	-0.099180	-1.208653	-0.011990	0.040225	0.234304	0.971331	-0.785925	0.607713	-0.114045	-0.617011	-0.758806	0.208591
33144	9.734098	-1.513741	1.869349	-0.061169	-1.091127	-0.029606	0.033654	0.225815	0.973589	-0.785567	0.608201	-0.113912	-0.617861	-0.760985	0.197861
33145	9.662019	-1.489433	2.074546	-0.022679	-1.005435	-0.050536	0.027788	0.217841	0.975589	-0.785445	0.608437	-0.113487	-0.618307	-0.763118	0.188010
33146	9.708843	-1.695352	1.892879	-0.063906	-0.916577	-0.076187	0.022649	0.210357	0.977362	-0.785061	0.609045	-0.112892	-0.619005	-0.764732	0.178938
33147	9.645291	-1.669274	1.643176	-0.114750	-0.847504	-0.111216	0.018222	0.203189	0.978970	-0.784361	0.610105	-0.112030	-0.620037	-0.765824	0.170491
33148	9.710691	-1.501322	1.441979	-0.206920	-0.826024	-0.159730	0.014278	0.195868	0.980526	-0.783079	0.611965	-0.110841	-0.621758	-0.766247	0.162118
33149	9.773410	-1.571642	1.011583	-0.320639	-0.824791	-0.204501	0.010690	0.188290	0.982055	-0.781090	0.614766	-0.109367	-0.624327	-0.765904	0.153643
33150	9.897960	-1.742839	0.559064	-0.375230	-0.833741	-0.223925	0.007151	0.180510	0.983547	-0.778751	0.618009	-0.107760	-0.627293	-0.765167	0.144992
33151	10.160497	-1.922286	0.059851	-0.372419	-0.832638	-0.231595	0.003667	0.172702	0.984967	-0.776430	0.621220	-0.106033	-0.630193	-0.764369	0.136369
33152	10.247315	-2.189822	-0.263785	-0.308975	-0.822211	-0.241035	0.000278	0.164902	0.986310	-0.774504	0.623945	-0.104100	-0.632570	-0.763872	0.127890
33153	10.120494	-2.149922	-0.769282	-0.207579	-0.826447	-0.250603	-0.003069	0.157018	0.987591	-0.773225	0.625889	-0.101913	-0.634124	-0.763943	0.119489
33154	10.104200	-1.697875	-0.815553	-0.055989	-0.840516	-0.266053	-0.006411	0.148909	0.988830	-0.772912	0.626682	-0.099384	-0.634481	-0.764915	0.111076
33155	9.995362	-1.062912	-0.684515	-0.011331	-0.852485	-0.293532	-0.009605	0.140537	0.990029	-0.772895	0.627149	-0.096524	-0.634461	-0.766116	0.102597
33156	9.962197	-0.412795	-0.444349	-0.017664	-0.886210	-0.317112	-0.012844	0.131736	0.991202	-0.772848	0.627675	-0.093436	-0.634462	-0.767248	0.093750
33157	9.922769	0.207185	-0.137246	-0.116744	-0.925095	-0.343377	-0.016118	0.122471	0.992341	-0.772188	0.628964	-0.090167	-0.635190	-0.767727	0.084433
33158	10.011842	0.720195	0.130227	-0.250702	-0.947464	-0.365147	-0.019395	0.112881	0.993419	-0.770687	0.631278	-0.086778	-0.636919	-0.767298	0.074752
33159	10.111951	0.804213	0.642521	-0.403719	-0.930536	-0.377805	-0.022482	0.103348	0.994391	-0.768220	0.634738	-0.083338	-0.639791	-0.765785	0.065124
33160	9.860420	0.523914	0.892134	-0.506375	-0.879324	-0.370081	-0.025354	0.094251	0.995226	-0.765088	0.638937	-0.080001	-0.643426	-0.763464	0.055911
33161	9.661443	-0.092260	1.318444	-0.596203	-0.827500	-0.364769	-0.027965	0.085598	0.995937	-0.761368	0.643766	-0.076709	-0.647716	-0.760420	0.047169
33162	9.807217	-1.162520	1.319704	-0.649082	-0.780348	-0.340501	-0.030520	0.077461	0.996528	-0.757277	0.648929	-0.073635	-0.652380	-0.756896	0.038854
33163	9.972635	-1.952940	1.159614	-0.600981	-0.697140	-0.299962	-0.032870	0.070235	0.996989	-0.753471	0.653648	-0.070889	-0.656659	-0.753532	0.031435
33164	9.962436	-2.422844	1.050153	-0.500545	-0.613417	-0.268131	-0.034960	0.063849	0.997347	-0.750295	0.657555	-0.068396	-0.660178	-0.750696	0.024917
33165	9.804790	-2.489047	0.985547	-0.375454	-0.529292	-0.240905	-0.036710	0.058288	0.997625	-0.747930	0.660477	-0.066111	-0.662762	-0.748580	0.019349
33166	9.637587	-2.052275	0.870450	-0.274597	-0.467198	-0.232454	-0.038142	0.053242	0.997853	-0.746224	0.662623	-0.063879	-0.664602	-0.747058	0.014457
33167	9.477841	-1.317209	0.764502	-0.239690	-0.414703	-0.245555	-0.039125	0.048514	0.998056	-0.744755	0.664498	-0.061495	-0.666190	-0.745713	0.010133
33168	9.002022	-0.882824	0.505787	-0.258450	-0.404927	-0.276656	-0.039835	0.043642	0.998253	-0.743170	0.666515	-0.058795	-0.667916	-0.744213	0.005882
33169	8.952776	-0.810212	0.322940	-0.331035	-0.468527	-0.312833	-0.040702	0.038068	0.998446	-0.741113	0.669064	-0.055721	-0.670146	-0.742229	0.000980
33170	9.186771	-0.814625	0.179173	-0.392257	-0.526849	-0.328479	-0.041878	0.031947	0.998612	-0.738644	0.672050	-0.052476	-0.672794	-0.739816	-0.004546
33171	9.262160	-0.789928	-0.229036	-0.418293	-0.581788	-0.342488	-0.043329	0.025342	0.998739	-0.736001	0.675200	-0.049063	-0.675592	-0.737199	-0.010604
33172	9.463323	-0.835660	-0.439185	-0.371259	-0.619285	-0.345235	-0.045052	0.018435	0.998815	-0.733670	0.677973	-0.045605	-0.678010	-0.734855	-0.017019
33173	9.317481	-0.914033	-0.338159	-0.308465	-0.627776	-0.325323	-0.046985	0.011617	0.998828	-0.731757	0.680249	-0.042334	-0.679944	-0.732889	-0.023460
33174	9.210196	-1.249266	-0.158356	-0.274992	-0.674438	-0.322866	-0.049285	0.004468	0.998775	-0.730070	0.682254	-0.039078	-0.681593	-0.731102	-0.030363
33175	9.438833	-1.366759	-0.272922	-0.231124	-0.720075	-0.321215	-0.051910	-0.002985	0.998647	-0.728687	0.683909	-0.035833	-0.682877	-0.729562	-0.037677
33176	9.764426	-1.236798	-0.243925	-0.110256	-0.735827	-0.314412	-0.054714	-0.010515	0.998447	-0.728131	0.684658	-0.032691	-0.683251	-0.728789	-0.045117
33177	9.881402	-0.650237	-0.146962	-0.027223	-0.724873	-0.306659	-0.057489	-0.017896	0.998186	-0.728148	0.684778	-0.029659	-0.683005	-0.728532	-0.052398
33178	9.674366	-0.189879	-0.168663	-0.022257	-0.720047	-0.317430	-0.060163	-0.025327	0.997867	-0.728212	0.684839	-0.026523	-0.682706	-0.728254	-0.059645
33179	9.701682	-0.005131	0.109824	-0.047118	-0.723152	-0.345517	-0.062639	-0.032957	0.997492	-0.728133	0.685047	-0.023090	-0.682568	-0.727753	-0.066908
33180	9.702040	-0.001928	0.279055	-0.076386	-0.728705	-0.366621	-0.065012	-0.040783	0.997051	-0.727874	0.685435	-0.019424	-0.682622	-0.726991	-0.074246
33181	9.763325	-0.294264	0.416528	-0.098296	-0.768619	-0.382248	-0.067533	-0.048986	0.996514	-0.727487	0.685945	-0.015582	-0.682790	-0.726003	-0.081961
33182	10.094505	-0.760758	0.732814	-0.122509	-0.802901	-0.391217	-0.070240	-0.057508	0.995871	-0.726949	0.686594	-0.011624	-0.683090	-0.724764	-0.090031
33183	9.936656	-1.366500	0.933127	-0.154804	-0.777578	-0.387571	-0.072792	-0.065797	0.995174	-0.726198	0.687443	-0.007666	-0.683621	-0.723252	-0.097822
33184	10.100287	-1.866950	1.013493	-0.115041	-0.765949	-0.386573	-0.075291	-0.074003	0.994412	-0.725726	0.687973	-0.003749	-0.683852	-0.721953	-0.105504
33185	10.377391	-1.678048	1.146568	-0.042274	-0.709292	-0.393689	-0.077337	-0.081824	0.993642	-0.725767	0.687940	0.000162	-0.683580	-0.721140	-0.112589
33186	10.395872	-1.007659	1.261055	-0.077567	-0.635187	-0.410774	-0.078767	-0.089240	0.992891	-0.725586	0.688118	0.004286	-0.683609	-0.720090	-0.118952
33187	10.352263	-0.261956	1.478278	-0.201743	-0.577522	-0.454414	-0.079476	-0.096514	0.992153	-0.724595	0.689117	0.008992	-0.684577	-0.718194	-0.124702
33188	10.470649	0.199230	1.486451	-0.419703	-0.541261	-0.502350	-0.079623	-0.103872	0.991398	-0.722144	0.691591	0.014462	-0.687145	-0.714781	-0.130077
33189	10.457724	0.398225	1.271944	-0.619349	-0.494260	-0.543856	-0.079164	-0.111154	0.990645	-0.718337	0.695389	0.020622	-0.691176	-0.709985	-0.134896
33190	10.621599	0.525650	1.178033	-0.740714	-0.452440	-0.569199	-0.078295	-0.118336	0.989882	-0.713676	0.699946	0.027227	-0.696086	-0.704324	-0.139256
33191	10.828690	0.557785	1.168842	-0.815613	-0.387332	-0.566807	-0.077022	-0.125021	0.989160	-0.708447	0.704948	0.033935	-0.701549	-0.698153	-0.142867
33192	10.933076	0.566816	1.134871	-0.810696	-0.317863	-0.553076	-0.075425	-0.131152	0.988489	-0.703188	0.709848	0.040526	-0.706992	-0.692037	-0.145765
33193	10.869780	0.496311	1.297790	-0.807476	-0.227509	-0.512713	-0.073497	-0.136356	0.987930	-0.697870	0.714699	0.046726	-0.712444	-0.686012	-0.147687
33194	10.651709	0.488328	1.463555	-0.794899	-0.130993	-0.468959	-0.071242	-0.140623	0.987497	-0.692554	0.719453	0.052489	-0.717839	-0.680156	-0.148644
33195	10.491705	0.376022	2.141942	-0.814581	-0.052103	-0.451104	-0.068553	-0.144213	0.987169	-0.687031	0.724302	0.058102	-0.723387	-0.674233	-0.148732
33196	10.390045	0.223075	2.731586	-0.987083	-0.012547	-0.419578	-0.065844	-0.147357	0.986889	-0.680170	0.730285	0.063662	-0.730091	-0.667061	-0.148313
33197	10.755088	0.250370	2.981971	-1.192539	0.018775	-0.393639	-0.063090	-0.150099	0.986656	-0.671701	0.737578	0.069256	-0.738131	-0.658368	-0.147355
33198	10.780327	0.462038	3.039990	-1.312973	0.093535	-0.393795	-0.059838	-0.152414	0.986504	-0.662226	0.745540	0.075017	-0.746911	-0.648799	-0.145544
33199	10.572483	0.314567	3.590756	-1.371685	0.214054	-0.397410	-0.055659	-0.153988	0.986504	-0.652180	0.753740	0.080858	-0.756018	-0.638878	-0.142380
33200	10.460974	-0.352829	4.654384	-1.359543	0.341428	-0.406062	-0.050504	-0.154904	0.986638	-0.642089	0.761709	0.086722	-0.764965	-0.629129	-0.137932
33201	11.040951	-1.273424	5.694613	-1.292843	0.496848	-0.385112	-0.044267	-0.154715	0.986967	-0.632361	0.769166	0.092211	-0.773408	-0.620037	-0.131884
33202	11.636314	-1.884435	6.412557	-1.168965	0.763854	-0.340055	-0.036264	-0.152639	0.987616	-0.623446	0.775824	0.097014	-0.781025	-0.612208	-0.123296
33203	12.021589	-1.800021	6.787935	-1.002845	1.118898	-0.291695	-0.025715	-0.148053	0.988645	-0.615706	0.781474	0.101014	-0.787556	-0.606117	-0.111253
33204	12.312103	-0.995546	7.033722	-0.812507	1.554632	-0.242404	-0.012015	-0.140563	0.989999	-0.609367	0.786011	0.104205	-0.792797	-0.602021	-0.095099
33205	12.393263	0.244634	7.754616	-0.616124	2.058199	-0.209969	0.005587	-0.129798	0.991525	-0.604514	0.789410	0.106746	-0.796575	-0.599987	-0.074055
33206	12.117458	1.794667	10.366142	-0.374783	2.652128	-0.228979	0.028049	-0.115691	0.992889	-0.601524	0.791356	0.109202	-0.798362	-0.600309	-0.047394
33207	9.418852	3.962162	10.477937	0.127992	2.918426	-0.418878	0.053821	-0.101366	0.993392	-0.602411	0.790110	0.113261	-0.796370	-0.604526	-0.018540
33208	6.569078	7.528492	3.875962	0.057141	1.846122	-0.626587	0.072215	-0.095133	0.992842	-0.602510	0.789124	0.119437	-0.794838	-0.606822	-0.000332
33209	10.337741	7.809378	-1.797602	-1.088114	1.025733	-0.457881	0.083122	-0.092519	0.992235	-0.593514	0.795234	0.123870	-0.800520	-0.599202	0.011190
33210	13.437429	5.736263	-1.917441	-2.045294	1.142742	-0.308326	0.094068	-0.088230	0.991649	-0.576796	0.807031	0.126519	-0.811454	-0.583880	0.025025
33211	15.179654	2.711491	-0.169214	-2.863105	1.471128	-0.127985	0.106825	-0.080792	0.990990	-0.553265	0.823304	0.126761	-0.826127	-0.561821	0.043251
33212	15.168683	-1.505154	-1.907427	-3.264582	1.762760	0.133639	0.120737	-0.069998	0.990214	-0.526233	0.841305	0.123636	-0.841726	-0.536010	0.064741
33213	15.081631	-5.581443	-3.715395	-3.028759	1.915834	0.338394	0.135238	-0.057031	0.989170	-0.501016	0.857366	0.117930	-0.854806	-0.511539	0.087375
33214	14.277010	-8.430787	-4.303718	-2.140582	2.018622	0.398519	0.150542	-0.043434	0.987649	-0.483250	0.868309	0.111844	-0.862442	-0.494119	0.109727
33215	14.062631	-8.879117	-3.963081	-0.935132	1.872967	0.578892	0.163910	-0.029143	0.986045	-0.476134	0.873087	0.104952	-0.863962	-0.486692	0.129232
33216	13.703654	-8.179169	-3.798938	0.168247	1.737520	0.835228	0.174832	-0.013372	0.984507	-0.479046	0.872423	0.096920	-0.860203	-0.488569	0.146122
33217	12.104919	-6.403897	-3.509699	1.231613	1.647876	0.944892	0.184317	0.003053	0.982862	-0.491328	0.866369	0.089448	-0.851248	-0.499395	0.161186
33218	10.371011	-3.774703	-3.669896	2.078884	1.481778	0.930781	0.192101	0.018607	0.981199	-0.510687	0.855677	0.083757	-0.838031	-0.517175	0.173879
33219	9.899260	-1.197455	-3.171905	2.628084	1.417615	0.831305	0.199482	0.033218	0.979338	-0.534168	0.841560	0.080260	-0.821506	-0.539141	0.185620
33220	10.063734	0.959218	-2.238630	2.760553	1.491035	0.758367	0.207386	0.047752	0.977093	-0.558187	0.826031	0.078104	-0.803380	-0.561598	0.197962
33221	10.023573	2.115503	-1.654098	2.512292	1.566083	0.786850	0.215308	0.063207	0.974499	-0.579856	0.811213	0.075499	-0.785754	-0.581325	0.211311
33222	9.673978	2.522619	-1.435587	2.112044	1.532552	0.760720	0.222682	0.078361	0.971737	-0.597997	0.798197	0.072669	-0.769943	-0.597278	0.224603
33223	9.365278	2.756801	-0.799008	1.704688	1.409968	0.701560	0.229149	0.092487	0.968988	-0.612635	0.787284	0.069734	-0.756419	-0.609615	0.237066
33224	9.507034	3.128641	-0.075806	1.282580	1.247264	0.671862	0.234295	0.105404	0.966435	-0.623868	0.778711	0.066316	-0.745583	-0.618465	0.248206
33225	8.995395	2.365849	-0.740460	0.864242	1.241707	0.673607	0.239224	0.118392	0.963719	-0.631913	0.772560	0.061952	-0.737196	-0.623807	0.259628
33226	8.428944	1.758010	-1.429720	0.881281	1.220739	0.671463	0.243834	0.131202	0.960901	-0.640038	0.766166	0.057800	-0.728627	-0.629106	0.270792
33227	8.627294	1.846494	-0.997517	0.709372	1.154110	0.725204	0.247485	0.144067	0.958121	-0.647004	0.760660	0.052747	-0.721206	-0.632962	0.281464
33228	8.889772	1.356398	-0.995073	0.575557	1.106352	0.768733	0.250364	0.156910	0.955352	-0.653093	0.755817	0.047015	-0.714694	-0.635705	0.291706
33229	8.934934	0.862041	-1.101258	0.588071	1.079906	0.798281	0.252758	0.169844	0.952505	-0.659327	0.750733	0.041095	-0.708097	-0.638399	0.301736
33230	8.588224	0.521157	-0.970918	0.598695	1.064243	0.823177	0.254738	0.182805	0.949574	-0.665678	0.745414	0.035077	-0.701414	-0.641046	0.311574
33231	7.999150	0.062334	-1.064415	0.617914	1.032024	0.836724	0.256292	0.195686	0.946584	-0.672171	0.739826	0.029050	-0.694623	-0.643711	0.321146
33232	7.516940	-0.303870	-1.116115	0.694012	0.961461	0.853243	0.257104	0.208170	0.943696	-0.679199	0.733586	0.023222	-0.687449	-0.646928	0.329997
33233	7.515748	-0.536183	-1.039115	0.763563	0.880844	0.866114	0.257157	0.220243	0.940937	-0.686688	0.726740	0.017564	-0.679949	-0.650647	0.338125
33234	7.756741	-0.659597	-0.832231	0.818386	0.815612	0.879691	0.256529	0.231921	0.938299	-0.694522	0.719370	0.012073	-0.672184	-0.654767	0.345614
33235	8.175847	-0.621357	-0.676729	0.847221	0.770715	0.883736	0.255449	0.243338	0.935699	-0.702485	0.711666	0.006705	-0.664274	-0.659028	0.352736
33236	8.509024	-0.411517	-0.407414	0.865498	0.734606	0.891614	0.253934	0.254497	0.933139	-0.710512	0.703683	0.001434	-0.656270	-0.663371	0.359513
33237	8.732175	-0.112397	-0.029219	0.807597	0.672432	0.901157	0.251825	0.265304	0.930697	-0.718100	0.695928	-0.004080	-0.648781	-0.667306	0.365767
33238	8.797161	-0.010444	0.284804	0.670463	0.604294	0.897653	0.249185	0.275553	0.928427	-0.724717	0.688974	-0.009974	-0.642411	-0.670362	0.371380
33239	8.684094	0.097106	0.421728	0.500049	0.524733	0.877224	0.246100	0.285118	0.926360	-0.730127	0.683117	-0.016284	-0.637455	-0.672353	0.376288
33240	8.250692	0.256518	0.565929	0.417067	0.459942	0.830074	0.242877	0.293853	0.924479	-0.734846	0.677864	-0.022408	-0.633255	-0.673907	0.380574
33241	7.854273	0.565768	0.630302	0.454988	0.354942	0.758293	0.239464	0.301389	0.922942	-0.739583	0.672494	-0.027715	-0.629026	-0.675956	0.383940
33242	7.572329	0.917480	0.919097	0.579607	0.233723	0.676777	0.235839	0.307493	0.921861	-0.744862	0.666463	-0.031746	-0.624147	-0.679173	0.386218
33243	7.508664	1.419262	1.382092	0.676554	0.081673	0.589746	0.231874	0.311979	0.921360	-0.750483	0.659983	-0.034605	-0.618878	-0.683441	0.387168
33244	7.620705	1.914543	1.489577	0.739614	-0.073003	0.495629	0.227625	0.314721	0.921487	-0.756217	0.653312	-0.036330	-0.613452	-0.688574	0.386707
33245	7.516754	2.358563	1.345959	0.800541	-0.124676	0.367437	0.224011	0.316262	0.921845	-0.761970	0.646574	-0.036662	-0.607635	-0.694205	0.385822
33246	7.440284	2.906669	1.708033	0.833437	-0.113370	0.241062	0.221417	0.317009	0.922214	-0.767583	0.639955	-0.035692	-0.601491	-0.699973	0.385028
33247	7.699564	3.406954	2.452057	0.773923	-0.086528	0.126665	0.219862	0.317219	0.922515	-0.772530	0.634071	-0.033917	-0.595699	-0.705213	0.384469
33248	8.096642	3.751145	3.402214	0.676255	-0.017531	0.053575	0.219278	0.317419	0.922584	-0.776695	0.629072	-0.031832	-0.590476	-0.709587	0.384480
33249	8.157494	3.726357	5.017324	0.528521	0.089393	0.047116	0.219378	0.318358	0.922237	-0.779944	0.625118	-0.030262	-0.586141	-0.712654	0.385438
