// General information: 
//  MT Manager version: 2022.2.0 
//  XDA version: 2022.2.0 build 7381 rev 124627 built on 2023-07-19
// Device information: 
//  DeviceId: 00B4CAF0
//  ProductCode: MTW2-3A7G6
//  Firmware Version: 4.6.0
//  Hardware Version: 2.0.0
// Device settings: 
//  Filter Profile: human(46.1)
//  Option Flags: Orientation Smoother Disabled, Position/Velocity Smoother Disabled, Continuous Zero Rotation Update Disabled, AHS Disabled, ICC Disabled
// Coordinate system: ENU
PacketCounter	Acc_X	Acc_Y	Acc_Z	Gyr_X	Gyr_Y	Gyr_Z	Mat[1][1]	Mat[2][1]	Mat[3][1]	Mat[1][2]	Mat[2][2]	Mat[3][2]	Mat[1][3]	Mat[2][3]	Mat[3][3]
11491	5.298518	-0.240636	8.804917	0.001717	0.016599	0.005943	-0.546066	-0.648609	0.530207	0.752008	-0.658427	-0.030961	0.369184	0.381813	0.847303
11492	5.316398	-0.228063	8.756398	0.007600	0.018834	0.004365	-0.546158	-0.648694	0.530007	0.752033	-0.658402	-0.030892	0.368997	0.381711	0.847430
11493	5.295577	-0.240370	8.806694	0.002207	0.011933	0.007072	-0.546162	-0.648743	0.529943	0.752048	-0.658383	-0.030912	0.368959	0.381659	0.847470
11494	5.292221	-0.236680	8.783366	0.001997	0.013569	0.005678	-0.546223	-0.648818	0.529788	0.752061	-0.658369	-0.030898	0.368843	0.381556	0.847567
11495	5.289113	-0.232705	8.759899	0.005603	0.006536	0.001873	-0.546246	-0.648813	0.529771	0.752060	-0.658371	-0.030861	0.368809	0.381562	0.847579
11496	5.206149	-0.306225	8.805720	0.007056	0.008080	0.003485	-0.546302	-0.648853	0.529664	0.752081	-0.658351	-0.030793	0.368685	0.381528	0.847649
11497	5.277736	-0.291358	8.801481	0.008106	-0.005191	-0.002283	-0.546313	-0.648775	0.529747	0.752067	-0.658371	-0.030713	0.368696	0.381626	0.847599
11498	5.351567	-0.169290	8.764213	0.007896	-0.003555	-0.003677	-0.546378	-0.648726	0.529741	0.752054	-0.658391	-0.030600	0.368628	0.381675	0.847607
11499	5.353779	-0.172397	8.788238	0.007406	0.003657	0.001562	-0.546393	-0.648707	0.529749	0.752058	-0.658388	-0.030547	0.368596	0.381711	0.847604
11500	5.358100	-0.195509	8.784137	0.006302	-0.001037	0.001212	-0.546430	-0.648699	0.529720	0.752065	-0.658384	-0.030473	0.368527	0.381733	0.847625
11501	5.325131	-0.152416	8.794074	0.007196	0.005292	0.000167	-0.546462	-0.648677	0.529714	0.752061	-0.658391	-0.030414	0.368488	0.381758	0.847631
11502	5.329217	-0.175907	8.790109	-0.001663	0.002639	0.003362	-0.546500	-0.648694	0.529655	0.752047	-0.658408	-0.030419	0.368461	0.381701	0.847668
11503	5.302897	-0.176801	8.767668	0.007755	0.001779	0.006010	-0.546475	-0.648697	0.529676	0.752077	-0.658375	-0.030386	0.368437	0.381752	0.847655
11504	5.333371	-0.199387	8.786104	0.000070	-0.000121	0.001526	-0.546511	-0.648695	0.529641	0.752064	-0.658390	-0.030366	0.368409	0.381729	0.847678
11505	5.337891	-0.223207	8.781869	0.000419	-0.001998	0.005974	-0.546472	-0.648684	0.529695	0.752067	-0.658385	-0.030395	0.368460	0.381756	0.847643
11506	5.316342	-0.247762	8.755046	0.004849	-0.001308	0.002784	-0.546498	-0.648683	0.529670	0.752075	-0.658379	-0.030342	0.368406	0.381770	0.847661
11507	5.314292	-0.227624	8.783139	0.004919	-0.002702	0.001126	-0.546493	-0.648637	0.529732	0.752068	-0.658388	-0.030307	0.368427	0.381832	0.847624
11508	5.310228	-0.203590	8.787102	0.005198	-0.005732	0.000863	-0.546516	-0.648605	0.529746	0.752067	-0.658393	-0.030241	0.368396	0.381878	0.847617
11509	5.353986	-0.170186	8.788155	0.003465	-0.002972	0.002698	-0.546498	-0.648569	0.529810	0.752063	-0.658398	-0.030227	0.368430	0.381931	0.847578
11510	5.373599	-0.141810	8.790795	0.001802	-0.000333	0.006060	-0.546504	-0.648590	0.529777	0.752076	-0.658383	-0.030217	0.368395	0.381919	0.847599
11511	5.353977	-0.170732	8.788150	-0.004570	0.003373	0.009691	-0.546457	-0.648624	0.529784	0.752081	-0.658374	-0.030308	0.368455	0.381879	0.847591
11512	5.334451	-0.199990	8.785435	-0.004011	-0.002686	0.009164	-0.546426	-0.648662	0.529771	0.752095	-0.658355	-0.030364	0.368473	0.381846	0.847597
11513	5.293071	-0.253606	8.756077	-0.000279	0.006851	0.009817	-0.546391	-0.648709	0.529748	0.752116	-0.658328	-0.030419	0.368481	0.381812	0.847609
11514	5.292635	-0.254009	8.756329	-0.000070	0.002668	0.004843	-0.546411	-0.648739	0.529691	0.752121	-0.658323	-0.030418	0.368441	0.381771	0.847645
11515	5.318412	-0.253071	8.779099	0.005814	0.004900	0.003265	-0.546418	-0.648736	0.529687	0.752129	-0.658315	-0.030387	0.368414	0.381789	0.847648
11516	5.320397	-0.256667	8.803253	0.003186	0.000057	0.002962	-0.546447	-0.648740	0.529654	0.752132	-0.658314	-0.030349	0.368367	0.381785	0.847671
11517	5.294300	-0.257089	8.780691	0.009279	-0.000621	-0.000405	-0.546461	-0.648692	0.529698	0.752132	-0.658317	-0.030269	0.368344	0.381862	0.847646
11518	5.311782	-0.224213	8.759298	0.006581	-0.004069	0.000949	-0.546494	-0.648662	0.529700	0.752131	-0.658321	-0.030192	0.368297	0.381904	0.847648
11519	5.312191	-0.207537	8.811261	0.009766	-0.005286	0.000727	-0.546483	-0.648603	0.529783	0.752140	-0.658315	-0.030114	0.368296	0.382014	0.847598
11520	5.334364	-0.198308	8.785525	0.006720	-0.005584	0.000818	-0.546505	-0.648572	0.529798	0.752145	-0.658313	-0.030035	0.368253	0.382071	0.847592
11521	5.354205	-0.185459	8.735841	0.006511	-0.002675	0.002607	-0.546489	-0.648536	0.529859	0.752152	-0.658307	-0.029995	0.368262	0.382142	0.847555
11522	5.330604	-0.173759	8.789311	0.005057	-0.004218	0.000995	-0.546512	-0.648514	0.529863	0.752155	-0.658306	-0.029930	0.368223	0.382182	0.847555
11523	5.354865	-0.184624	8.735454	0.004987	-0.004098	-0.000531	-0.546514	-0.648451	0.529937	0.752139	-0.658326	-0.029886	0.368251	0.382253	0.847510
11524	5.372264	-0.136174	8.766274	0.003117	0.001452	0.004619	-0.546538	-0.648467	0.529893	0.752146	-0.658319	-0.029858	0.368200	0.382239	0.847539
11525	5.359213	-0.192065	8.783533	0.003117	0.002727	0.007803	-0.546503	-0.648486	0.529906	0.752169	-0.658292	-0.029874	0.368206	0.382253	0.847530
11526	5.313414	-0.221537	8.758376	0.000070	0.001154	0.004711	-0.546521	-0.648504	0.529865	0.752170	-0.658292	-0.029872	0.368177	0.382223	0.847556
11527	5.263006	-0.211319	8.789689	0.000967	0.007483	0.003663	-0.546535	-0.648514	0.529839	0.752162	-0.658300	-0.029884	0.368173	0.382193	0.847572
11528	5.271786	-0.258816	8.781390	0.000905	-0.006661	0.007108	-0.546498	-0.648524	0.529864	0.752187	-0.658272	-0.029887	0.368177	0.382224	0.847556
11529	5.267971	-0.235069	8.785195	0.006928	-0.007220	0.002214	-0.546469	-0.648468	0.529963	0.752193	-0.658266	-0.029841	0.368208	0.382328	0.847495
11530	5.319229	-0.229499	8.805555	-0.004006	-0.020770	0.004585	-0.546405	-0.648404	0.530108	0.752181	-0.658279	-0.029873	0.368329	0.382415	0.847404
11531	5.320688	-0.245540	8.752468	0.007484	-0.013281	0.001688	-0.546357	-0.648321	0.530259	0.752186	-0.658276	-0.029819	0.368389	0.382562	0.847311
11532	5.348193	-0.244176	8.774192	0.004854	-0.018123	0.001387	-0.546328	-0.648243	0.530383	0.752186	-0.658279	-0.029759	0.368431	0.382689	0.847235
11533	5.436323	-0.177588	8.775840	0.004088	-0.011703	-0.002668	-0.546319	-0.648137	0.530522	0.752155	-0.658316	-0.029711	0.368508	0.382803	0.847150
11534	5.413198	-0.182022	8.776834	0.002220	-0.006151	0.002482	-0.546328	-0.648111	0.530545	0.752150	-0.658323	-0.029679	0.368506	0.382834	0.847137
11535	5.387140	-0.183072	8.754242	-0.001799	0.004156	0.003493	-0.546331	-0.648107	0.530547	0.752131	-0.658343	-0.029714	0.368540	0.382807	0.847134
11536	5.373897	-0.239180	8.771633	0.001388	0.004214	0.006453	-0.546348	-0.648146	0.530481	0.752144	-0.658329	-0.029710	0.368488	0.382766	0.847176
11537	5.338344	-0.192825	8.757779	0.003877	0.009296	0.003700	-0.546368	-0.648163	0.530440	0.752147	-0.658326	-0.029698	0.368452	0.382743	0.847202
11538	5.342044	-0.216141	8.754059	0.007131	0.006683	0.001819	-0.546423	-0.648185	0.530356	0.752162	-0.658313	-0.029621	0.368340	0.382728	0.847257
11539	5.339264	-0.212156	8.730390	0.001178	0.005849	0.005057	-0.546421	-0.648198	0.530344	0.752162	-0.658311	-0.029639	0.368343	0.382709	0.847264
11540	5.312701	-0.197003	8.760314	0.004293	0.004751	0.003307	-0.546462	-0.648219	0.530276	0.752170	-0.658304	-0.029594	0.368266	0.382686	0.847309
11541	5.340913	-0.199800	8.806963	0.001802	-0.001606	0.002876	-0.546448	-0.648188	0.530327	0.752161	-0.658314	-0.029595	0.368305	0.382720	0.847276
11542	5.319217	-0.224013	8.780250	0.007616	0.000742	-0.000231	-0.546500	-0.648171	0.530294	0.752163	-0.658316	-0.029503	0.368224	0.382744	0.847300
11543	5.319399	-0.223787	8.780146	-0.000967	-0.004933	0.002706	-0.546475	-0.648127	0.530374	0.752143	-0.658338	-0.029526	0.368302	0.382782	0.847249
11544	5.356372	-0.163009	8.761396	0.009209	0.000770	0.001249	-0.546513	-0.648122	0.530341	0.752161	-0.658322	-0.029429	0.368209	0.382819	0.847273
11545	5.382685	-0.177679	8.731634	0.002078	-0.005912	-0.000570	-0.546509	-0.648052	0.530430	0.752134	-0.658354	-0.029409	0.368269	0.382882	0.847218
11546	5.356922	-0.162395	8.761072	0.003395	-0.001578	0.004356	-0.546513	-0.648060	0.530416	0.752150	-0.658337	-0.029377	0.368231	0.382897	0.847228
11547	5.365859	-0.209705	8.752689	0.001872	-0.001726	0.004402	-0.546487	-0.648039	0.530468	0.752149	-0.658337	-0.029386	0.368270	0.382932	0.847195
11548	5.342014	-0.198513	8.806324	0.000072	0.001156	0.004710	-0.546504	-0.648055	0.530432	0.752149	-0.658338	-0.029384	0.368246	0.382905	0.847218
11549	5.389805	-0.221262	8.698983	0.003464	-0.002973	0.002699	-0.546487	-0.648018	0.530495	0.752145	-0.658343	-0.029370	0.368280	0.382959	0.847179
11550	5.344102	-0.218179	8.778217	0.007342	0.006323	0.006397	-0.546504	-0.648069	0.530415	0.752187	-0.658297	-0.029315	0.368169	0.382950	0.847231
11551	5.330721	-0.273870	8.795707	0.001248	0.004454	0.003399	-0.546508	-0.648066	0.530415	0.752179	-0.658306	-0.029324	0.368179	0.382941	0.847231
11552	5.350172	-0.118912	8.793490	0.001181	-0.009689	0.006848	-0.546471	-0.648051	0.530471	0.752192	-0.658292	-0.029324	0.368208	0.382991	0.847196
11553	5.413762	-0.200409	8.749694	0.003187	0.000057	0.002960	-0.546462	-0.648028	0.530508	0.752188	-0.658296	-0.029314	0.368228	0.383023	0.847173
11554	5.322453	-0.243027	8.751464	-0.001381	0.000889	0.006283	-0.546462	-0.648055	0.530476	0.752195	-0.658287	-0.029333	0.368215	0.382992	0.847192
11555	5.363552	-0.206427	8.728713	0.001525	0.001424	0.003137	-0.546457	-0.648038	0.530502	0.752187	-0.658297	-0.029338	0.368240	0.383004	0.847176
11556	5.150304	-0.252643	8.766120	-0.000205	0.004186	0.004971	-0.546491	-0.648058	0.530442	0.752177	-0.658307	-0.029340	0.368208	0.382952	0.847213
11557	4.846686	-0.308793	8.909184	0.006021	-0.016103	-0.003103	-0.546468	-0.647933	0.530618	0.752151	-0.658340	-0.029274	0.368295	0.383108	0.847105
11558	5.275375	-0.308462	8.917020	-0.030470	-0.085756	-0.002840	-0.546221	-0.647565	0.531322	0.751997	-0.658507	-0.029491	0.368976	0.383443	0.846657
11559	5.408340	-0.110117	8.784181	0.036609	-0.035298	-0.015126	-0.546218	-0.647287	0.531663	0.752018	-0.658500	-0.029102	0.368937	0.383925	0.846456
11560	5.381706	-0.336483	8.747890	-0.034556	-0.092146	-0.004732	-0.545955	-0.646885	0.532421	0.751843	-0.658688	-0.029343	0.369682	0.384277	0.845971
11561	5.449898	-0.148514	8.743451	0.019714	-0.034134	-0.011308	-0.545927	-0.646636	0.532752	0.751823	-0.658722	-0.029117	0.369764	0.384640	0.845770
11562	5.580509	-0.167394	8.700566	-0.005897	-0.070764	-0.007168	-0.545762	-0.646300	0.533329	0.751740	-0.658817	-0.029103	0.370176	0.385042	0.845407
11563	5.571137	-0.096141	8.710625	0.006018	-0.016102	-0.003116	-0.545739	-0.646174	0.533505	0.751714	-0.658849	-0.029037	0.370262	0.385197	0.845298
11564	5.513917	-0.197638	8.649618	-0.014950	-0.020053	0.002018	-0.545694	-0.646092	0.533652	0.751647	-0.658921	-0.029148	0.370467	0.385212	0.845202
11565	5.354066	-0.116052	8.727227	-0.001377	-0.000388	0.003102	-0.545682	-0.646067	0.533693	0.751627	-0.658942	-0.029177	0.370523	0.385217	0.845175
11566	5.450211	-0.240420	8.673270	-0.003594	-0.009776	0.002412	-0.545678	-0.646022	0.533753	0.751597	-0.658976	-0.029194	0.370590	0.385236	0.845137
11567	5.374759	-0.215550	8.734025	-0.007462	0.000295	0.006482	-0.545644	-0.646022	0.533787	0.751574	-0.658998	-0.029293	0.370688	0.385197	0.845112
11568	5.394407	-0.187788	8.736543	0.000495	-0.003390	0.004316	-0.545642	-0.646019	0.533792	0.751576	-0.658996	-0.029286	0.370686	0.385206	0.845108
11569	5.405847	-0.239175	8.751979	-0.002486	-0.005082	0.002757	-0.545616	-0.645974	0.533873	0.751550	-0.659024	-0.029322	0.370777	0.385234	0.845056
11570	5.438505	-0.155336	8.737164	0.000430	-0.001995	0.005974	-0.545607	-0.645986	0.533867	0.751561	-0.659012	-0.029325	0.370769	0.385234	0.845060
11571	5.440884	-0.159756	8.761119	-0.005866	0.000323	0.007960	-0.545562	-0.645997	0.533901	0.751551	-0.659019	-0.029418	0.370855	0.385205	0.845035
11572	5.438334	-0.156994	8.737241	-0.007803	0.004721	0.008403	-0.545555	-0.646054	0.533838	0.751549	-0.659018	-0.029503	0.370869	0.385110	0.845072
11573	5.442137	-0.181670	8.733405	-0.005032	0.008047	0.008568	-0.545534	-0.646098	0.533806	0.751545	-0.659017	-0.029592	0.370907	0.385036	0.845089
11574	5.445536	-0.206384	8.729815	-0.005365	0.013748	0.013673	-0.545521	-0.646224	0.533667	0.751580	-0.658973	-0.029684	0.370855	0.384900	0.845174
11575	5.424442	-0.236048	8.728131	-0.009246	0.021268	0.011376	-0.545528	-0.646338	0.533523	0.751577	-0.658971	-0.029824	0.370852	0.384713	0.845260
11576	5.372469	-0.242649	8.708343	-0.001565	0.020612	0.009473	-0.545577	-0.646458	0.533326	0.751597	-0.658946	-0.029862	0.370738	0.384555	0.845382
11577	5.368728	-0.207325	8.789860	-0.000252	0.022395	0.008030	-0.545614	-0.646554	0.533173	0.751609	-0.658930	-0.029908	0.370661	0.384420	0.845477
11578	5.399178	-0.266503	8.728988	-0.001775	0.022247	0.008078	-0.545679	-0.646671	0.532964	0.751621	-0.658915	-0.029941	0.370540	0.384249	0.845608
11579	5.388535	-0.219600	8.738504	0.001336	0.021147	0.006323	-0.545724	-0.646751	0.532822	0.751629	-0.658905	-0.029964	0.370458	0.384133	0.845697
11580	5.406292	-0.191516	8.742247	0.001546	0.019512	0.007718	-0.545782	-0.646854	0.532636	0.751651	-0.658880	-0.029966	0.370328	0.384001	0.845813
11581	5.452149	-0.182653	8.740412	-0.001979	0.025157	0.009866	-0.545815	-0.646972	0.532459	0.751666	-0.658860	-0.030037	0.370249	0.383837	0.845922
11582	5.378036	-0.197199	8.746423	0.000649	0.028722	0.006980	-0.545906	-0.647112	0.532197	0.751688	-0.658834	-0.030043	0.370070	0.383645	0.846088
11583	5.355904	-0.226010	8.745336	0.000796	0.029757	0.013216	-0.545930	-0.647270	0.531980	0.751732	-0.658781	-0.030107	0.369946	0.383470	0.846222
11584	5.340423	-0.155949	8.759287	-0.006480	0.024595	0.011532	-0.545982	-0.647414	0.531751	0.751741	-0.658767	-0.030198	0.369850	0.383251	0.846362
11585	5.392402	-0.191111	8.725353	-0.002185	0.028067	0.011653	-0.546011	-0.647555	0.531548	0.751765	-0.658735	-0.030280	0.369757	0.383067	0.846487
11586	5.357602	-0.276061	8.741223	-0.001703	0.023401	0.012785	-0.546051	-0.647702	0.531330	0.751797	-0.658696	-0.030337	0.369634	0.382887	0.846622
11587	5.381383	-0.275838	8.765183	0.000583	0.030116	0.008637	-0.546111	-0.647831	0.531111	0.751815	-0.658673	-0.030379	0.369509	0.382707	0.846758
11588	5.387479	-0.196679	8.753739	0.003974	0.027259	0.009808	-0.546179	-0.647978	0.530860	0.751860	-0.658623	-0.030372	0.369317	0.382544	0.846915
11589	5.315402	-0.214730	8.783708	0.000513	0.030236	0.007110	-0.546251	-0.648098	0.530641	0.751869	-0.658611	-0.030406	0.369192	0.382363	0.847051
11590	5.336834	-0.226230	8.731522	0.005701	0.024495	0.007973	-0.546331	-0.648215	0.530415	0.751901	-0.658576	-0.030376	0.369008	0.382224	0.847194
11591	5.319460	-0.262248	8.778195	0.002517	0.025717	0.008195	-0.546378	-0.648324	0.530233	0.751924	-0.658549	-0.030399	0.368893	0.382086	0.847307
11592	5.363145	-0.249130	8.752468	0.007842	0.018461	0.008929	-0.546427	-0.648426	0.530059	0.751971	-0.658497	-0.030355	0.368725	0.382002	0.847418
11593	5.398309	-0.188284	8.734975	0.008814	0.022118	0.003040	-0.546499	-0.648487	0.529909	0.751988	-0.658480	-0.030297	0.368582	0.381928	0.847513
11594	5.357116	-0.228280	8.783030	0.008540	0.025148	0.003301	-0.546611	-0.648580	0.529679	0.752010	-0.658459	-0.030218	0.368371	0.381807	0.847659
11595	5.324441	-0.204854	8.765965	0.010132	0.025175	0.004782	-0.546682	-0.648664	0.529503	0.752042	-0.658425	-0.030158	0.368200	0.381722	0.847772
11596	5.324472	-0.224137	8.739120	0.008745	0.023513	0.004696	-0.546775	-0.648761	0.529288	0.752075	-0.658391	-0.030084	0.367996	0.381615	0.847909
11597	5.226624	-0.226124	8.798311	0.008539	0.025148	0.003300	-0.546856	-0.648836	0.529112	0.752093	-0.658373	-0.030030	0.367838	0.381519	0.848020
11598	5.181955	-0.258911	8.797713	0.000068	0.001156	0.004709	-0.546860	-0.648854	0.529086	0.752100	-0.658364	-0.030030	0.367816	0.381504	0.848037
11599	5.377828	-0.245241	8.782130	0.008165	-0.004053	0.002437	-0.546841	-0.648811	0.529159	0.752112	-0.658353	-0.029974	0.367821	0.381596	0.847993
11600	5.343340	-0.198344	8.767637	0.003389	-0.002857	0.001176	-0.546864	-0.648785	0.529168	0.752105	-0.658363	-0.029927	0.367801	0.381624	0.847989
11601	5.404326	-0.149219	8.695412	0.003115	0.001449	0.004620	-0.546848	-0.648777	0.529193	0.752111	-0.658357	-0.029926	0.367813	0.381647	0.847974
11602	5.404009	-0.243920	8.804685	0.001317	0.004333	0.004925	-0.546874	-0.648798	0.529140	0.752111	-0.658357	-0.029917	0.367773	0.381612	0.848007
11603	5.368692	-0.197501	8.790684	0.004159	0.007536	0.006622	-0.546866	-0.648827	0.529113	0.752131	-0.658334	-0.029918	0.367744	0.381602	0.848024
11604	5.357414	-0.146816	8.775185	-0.004435	0.001874	0.009553	-0.546847	-0.648870	0.529081	0.752137	-0.658324	-0.029981	0.367761	0.381546	0.848042
11605	5.374246	-0.258083	8.706803	0.002362	0.010420	0.006928	-0.546847	-0.648912	0.529029	0.752152	-0.658306	-0.029999	0.367730	0.381506	0.848073
11606	5.329804	-0.275367	8.758222	-0.000481	0.009768	0.011596	-0.546836	-0.649002	0.528930	0.752189	-0.658262	-0.030040	0.367671	0.381428	0.848134
11607	5.320129	-0.228203	8.767089	0.005068	0.012586	0.002390	-0.546878	-0.649023	0.528861	0.752190	-0.658263	-0.030011	0.367607	0.381392	0.848178
11608	5.112678	-0.316971	8.772013	0.004296	0.004744	0.003310	-0.546907	-0.649042	0.528807	0.752203	-0.658250	-0.029967	0.367538	0.381381	0.848213
11609	4.878438	-0.321994	8.990268	0.011328	-0.023368	-0.002350	-0.546852	-0.648894	0.529045	0.752200	-0.658258	-0.029860	0.367624	0.381619	0.848068
11610	5.415619	-0.454367	8.720362	-0.010471	-0.072583	-0.008677	-0.546684	-0.648543	0.529649	0.752097	-0.658375	-0.029879	0.368085	0.382014	0.847690
11611	5.409179	0.043201	8.896374	0.036813	-0.021443	-0.015466	-0.546735	-0.648316	0.529874	0.752117	-0.658370	-0.029486	0.367969	0.382407	0.847563
11612	5.491178	-0.286864	8.710469	-0.018495	-0.067495	-0.004866	-0.546564	-0.648001	0.530435	0.751996	-0.658504	-0.029593	0.368470	0.382711	0.847209
11613	5.486045	-0.096224	8.763921	0.020757	-0.011259	-0.007875	-0.546596	-0.647863	0.530572	0.751998	-0.658511	-0.029376	0.368419	0.382932	0.847131
11614	5.466402	-0.136132	8.683687	-0.008561	-0.039410	0.001693	-0.546473	-0.647704	0.530892	0.751956	-0.658556	-0.029433	0.368686	0.383123	0.846928
11615	5.422795	-0.133182	8.761587	0.006570	-0.005357	-0.002233	-0.546483	-0.647626	0.530977	0.751937	-0.658581	-0.029367	0.368710	0.383213	0.846877
11616	5.419562	-0.252491	8.717618	-0.006878	-0.022688	0.006087	-0.546397	-0.647552	0.531156	0.751917	-0.658601	-0.029433	0.368879	0.383303	0.846763
11617	5.381839	-0.166742	8.758815	0.000823	-0.007815	0.002401	-0.546364	-0.647495	0.531260	0.751902	-0.658618	-0.029440	0.368959	0.383370	0.846697
11618	5.421708	-0.253236	8.716262	-0.001811	-0.011377	0.005286	-0.546333	-0.647453	0.531343	0.751887	-0.658633	-0.029459	0.369033	0.383415	0.846645
11619	5.398651	-0.241977	8.769436	0.002209	-0.006154	0.002485	-0.546305	-0.647402	0.531433	0.751878	-0.658644	-0.029455	0.369094	0.383481	0.846588
11620	5.401279	-0.261662	8.740970	0.005256	-0.005862	0.002391	-0.546311	-0.647366	0.531471	0.751879	-0.658646	-0.029399	0.369083	0.383541	0.846566
11621	5.390837	-0.210246	8.724958	0.003526	-0.004373	0.001042	-0.546301	-0.647313	0.531546	0.751866	-0.658661	-0.029376	0.369124	0.383604	0.846520
11622	5.425874	-0.240365	8.791326	0.006167	0.001742	0.004522	-0.546303	-0.647332	0.531520	0.751898	-0.658627	-0.029323	0.369055	0.383629	0.846538
11623	5.419299	-0.212684	8.771461	0.001660	-0.001369	-0.000177	-0.546313	-0.647283	0.531570	0.751872	-0.658657	-0.029309	0.369094	0.383661	0.846507
11624	5.427904	-0.132828	8.758428	0.008937	0.003788	0.001506	-0.546350	-0.647288	0.531527	0.751894	-0.658636	-0.029217	0.368995	0.383689	0.846537
11625	5.425217	-0.255788	8.739514	-0.003312	0.005292	0.006719	-0.546332	-0.647309	0.531519	0.751887	-0.658641	-0.029282	0.369035	0.383644	0.846540
11626	5.391611	-0.229516	8.697649	0.003416	0.015234	0.005740	-0.546373	-0.647390	0.531378	0.751918	-0.658607	-0.029260	0.368912	0.383566	0.846629
11627	5.416352	-0.228719	8.721055	0.001687	0.016722	0.004390	-0.546415	-0.647440	0.531274	0.751917	-0.658608	-0.029270	0.368852	0.383481	0.846694
11628	5.358304	-0.190640	8.733216	0.004667	0.018410	0.005953	-0.546466	-0.647534	0.531107	0.751953	-0.658568	-0.029238	0.368703	0.383390	0.846800
11629	5.387048	-0.229416	8.700479	0.006190	0.018556	0.005907	-0.546504	-0.647601	0.530987	0.751976	-0.658542	-0.029218	0.368599	0.383322	0.846876
11630	5.359595	-0.197899	8.783171	0.003346	0.015353	0.004213	-0.546567	-0.647663	0.530846	0.751987	-0.658531	-0.029188	0.368483	0.383236	0.846966
11631	5.392873	-0.260451	8.746196	0.003210	0.016868	0.004343	-0.546610	-0.647713	0.530740	0.751992	-0.658526	-0.029185	0.368410	0.383160	0.847032
11632	5.358943	-0.217665	8.756731	0.003482	0.013837	0.004083	-0.546660	-0.647775	0.530613	0.752011	-0.658506	-0.029153	0.368297	0.383090	0.847113
11633	5.381571	-0.212829	8.756075	0.006393	0.015644	0.004121	-0.546700	-0.647819	0.530518	0.752026	-0.658490	-0.029122	0.368207	0.383042	0.847173
11634	5.404204	-0.208033	8.755423	0.003551	0.013718	0.005609	-0.546742	-0.647888	0.530392	0.752050	-0.658463	-0.029098	0.368096	0.382972	0.847253
11635	5.378787	-0.212586	8.757792	0.006122	0.019952	0.007562	-0.546772	-0.647971	0.530259	0.752083	-0.658427	-0.029088	0.367985	0.382894	0.847337
11636	5.377167	-0.212544	8.758788	0.004939	0.016656	0.008875	-0.546807	-0.648065	0.530108	0.752122	-0.658383	-0.029069	0.367853	0.382810	0.847432
11637	5.371301	-0.188915	8.763845	0.003142	0.018264	0.005997	-0.546842	-0.648131	0.529990	0.752135	-0.658368	-0.029076	0.367773	0.382724	0.847505
11638	5.348066	-0.197369	8.790208	0.003483	0.015114	0.007264	-0.546875	-0.648217	0.529852	0.752169	-0.658329	-0.029061	0.367655	0.382645	0.847592
11639	5.353139	-0.241175	8.758814	0.000300	0.016339	0.007484	-0.546892	-0.648285	0.529750	0.752180	-0.658315	-0.029099	0.367607	0.382553	0.847654
11640	5.330314	-0.249817	8.784906	0.004299	0.007299	0.009670	-0.546892	-0.648344	0.529678	0.752215	-0.658276	-0.029091	0.367535	0.382522	0.847700
11641	5.349189	-0.221565	8.788032	0.003959	0.009171	0.005220	-0.546900	-0.648370	0.529638	0.752226	-0.658263	-0.029086	0.367499	0.382500	0.847725
11642	5.350737	-0.241480	8.760273	0.002911	0.004361	0.006403	-0.546920	-0.648391	0.529591	0.752232	-0.658256	-0.029072	0.367457	0.382475	0.847755
11643	5.391582	-0.204714	8.737838	0.005550	0.007920	0.003519	-0.546937	-0.648402	0.529562	0.752241	-0.658248	-0.029045	0.367416	0.382472	0.847774
11644	5.414687	-0.215971	8.684783	0.005278	0.010951	0.003778	-0.546994	-0.648435	0.529461	0.752247	-0.658243	-0.028997	0.367317	0.382424	0.847838
11645	5.393956	-0.227779	8.734949	0.008121	0.014153	0.005473	-0.547019	-0.648482	0.529378	0.752275	-0.658212	-0.028958	0.367222	0.382397	0.847892
11646	5.366679	-0.212076	8.765229	0.006666	0.012611	0.003862	-0.547082	-0.648523	0.529263	0.752287	-0.658201	-0.028899	0.367103	0.382347	0.847966
11647	5.387099	-0.203476	8.740632	0.004666	0.018409	0.005949	-0.547119	-0.648589	0.529144	0.752306	-0.658180	-0.028892	0.367011	0.382270	0.848040
11648	5.333241	-0.189025	8.748579	0.003074	0.019661	0.007649	-0.547172	-0.648687	0.528969	0.752332	-0.658151	-0.028884	0.366878	0.382155	0.848150
11649	5.272532	-0.273694	8.741644	0.007307	0.021966	0.003065	-0.547244	-0.648748	0.528820	0.752344	-0.658139	-0.028839	0.366747	0.382073	0.848244
11650	5.062152	-0.309989	8.879289	0.002569	0.007511	0.005135	-0.547258	-0.648794	0.528749	0.752368	-0.658112	-0.028822	0.366676	0.382041	0.848289
11651	5.369960	-0.258605	8.760337	0.005558	-0.027106	-0.000881	-0.547179	-0.648641	0.529018	0.752352	-0.658132	-0.028771	0.366826	0.382265	0.848123
11652	5.360403	-0.206560	8.743776	0.013779	-0.000093	-0.002055	-0.547238	-0.648594	0.529014	0.752359	-0.658131	-0.028621	0.366724	0.382346	0.848130
11653	5.326714	-0.254143	8.837829	-0.008018	-0.029925	-0.000609	-0.547147	-0.648433	0.529307	0.752295	-0.658202	-0.028687	0.366992	0.382499	0.847946
11654	5.426350	-0.287213	8.698763	0.022075	-0.008224	-0.006106	-0.547196	-0.648338	0.529371	0.752321	-0.658183	-0.028445	0.366865	0.382692	0.847913
11655	5.352044	-0.116498	8.805423	0.010061	-0.027832	-0.005721	-0.547151	-0.648151	0.529647	0.752295	-0.658217	-0.028330	0.366985	0.382950	0.847745
11656	5.440515	-0.192573	8.759838	0.009887	-0.008105	-0.002568	-0.547171	-0.648082	0.529711	0.752299	-0.658218	-0.028210	0.366948	0.383065	0.847709
11657	5.391533	-0.197642	8.738031	-0.001553	-0.015681	0.001857	-0.547113	-0.647991	0.529882	0.752272	-0.658248	-0.028234	0.367089	0.383168	0.847601
11658	5.386000	-0.153835	8.769655	0.006637	-0.005482	-0.000695	-0.547138	-0.647935	0.529925	0.752264	-0.658261	-0.028152	0.367069	0.383240	0.847577
11659	5.421400	-0.216129	8.731526	0.002542	-0.010581	0.000581	-0.547108	-0.647856	0.530053	0.752245	-0.658283	-0.028135	0.367152	0.383337	0.847498
11660	5.343800	-0.186098	8.767625	0.005182	-0.004466	0.004058	-0.547099	-0.647837	0.530085	0.752260	-0.658267	-0.028090	0.367135	0.383394	0.847479
11661	5.394379	-0.212863	8.684148	0.002474	-0.009184	0.002236	-0.547062	-0.647774	0.530201	0.752250	-0.658279	-0.028082	0.367211	0.383481	0.847407
11662	5.401379	-0.223768	8.755927	0.008025	-0.002542	0.002569	-0.547075	-0.647749	0.530217	0.752262	-0.658269	-0.028005	0.367165	0.383541	0.847399
11663	5.399453	-0.219704	8.731759	0.003523	-0.003095	0.004231	-0.547046	-0.647722	0.530281	0.752267	-0.658263	-0.027998	0.367200	0.383596	0.847360
11664	5.375936	-0.207925	8.785100	0.003657	-0.005890	0.000922	-0.547053	-0.647679	0.530326	0.752261	-0.658272	-0.027950	0.367201	0.383653	0.847333
11665	5.378510	-0.227509	8.756736	0.006637	-0.004203	0.002485	-0.547032	-0.647636	0.530399	0.752268	-0.658266	-0.027908	0.367218	0.383736	0.847288
11666	5.344230	-0.180510	8.742051	0.008364	-0.005691	0.003838	-0.547034	-0.647598	0.530443	0.752278	-0.658258	-0.027835	0.367194	0.383813	0.847264
11667	5.329650	-0.215944	8.787055	0.002609	-0.010699	0.002109	-0.546993	-0.647528	0.530572	0.752267	-0.658270	-0.027825	0.367277	0.383911	0.847183
11668	5.363109	-0.274496	8.724753	0.008769	-0.011518	0.000271	-0.546971	-0.647469	0.530666	0.752289	-0.658249	-0.027730	0.367265	0.384046	0.847127
11669	5.379569	-0.205553	8.782931	0.008905	-0.013034	0.000143	-0.546936	-0.647377	0.530815	0.752291	-0.658250	-0.027657	0.367313	0.384201	0.847036
11670	5.358898	-0.229319	8.755610	0.007244	-0.012943	-0.002864	-0.546935	-0.647290	0.530922	0.752288	-0.658258	-0.027558	0.367321	0.384334	0.846973
11671	5.401370	-0.192088	8.732078	0.007383	-0.011898	0.003370	-0.546880	-0.647223	0.531060	0.752302	-0.658243	-0.027514	0.367375	0.384471	0.846887
11672	5.378538	-0.196239	8.732871	0.005926	-0.013441	0.001761	-0.546860	-0.647149	0.531171	0.752300	-0.658248	-0.027452	0.367407	0.384588	0.846820
11673	5.334101	-0.208750	8.759080	0.004469	-0.014984	0.000153	-0.546817	-0.647049	0.531336	0.752286	-0.658266	-0.027415	0.367500	0.384726	0.846717
11674	5.389876	-0.242800	8.723066	0.004875	-0.019530	-0.000232	-0.546788	-0.646940	0.531499	0.752273	-0.658284	-0.027351	0.367572	0.384877	0.846617
11675	5.376521	-0.151243	8.762362	0.006194	-0.017753	-0.001677	-0.546749	-0.646818	0.531689	0.752255	-0.658307	-0.027291	0.367666	0.385044	0.846500
11676	5.384563	-0.194569	8.729195	0.001967	-0.020055	0.002914	-0.546683	-0.646737	0.531854	0.752258	-0.658304	-0.027268	0.367757	0.385185	0.846397
11677	5.392874	-0.221956	8.748040	0.002102	-0.021570	0.002786	-0.546596	-0.646629	0.532075	0.752250	-0.658313	-0.027266	0.367903	0.385350	0.846258
11678	5.414575	-0.193402	8.749349	0.005415	-0.025593	-0.000745	-0.546539	-0.646501	0.532289	0.752245	-0.658322	-0.027194	0.367998	0.385549	0.846126
11679	5.386144	-0.170485	8.729644	-0.002673	-0.020372	0.001529	-0.546466	-0.646390	0.532500	0.752212	-0.658358	-0.027226	0.368174	0.385675	0.845992
11680	5.392329	-0.194335	8.724404	0.000644	-0.023114	0.001178	-0.546413	-0.646274	0.532693	0.752189	-0.658386	-0.027205	0.368299	0.385821	0.845871
11681	5.396389	-0.198266	8.747293	-0.002738	-0.018973	0.003183	-0.546333	-0.646179	0.532891	0.752165	-0.658411	-0.027246	0.368467	0.385937	0.845745
11682	5.400235	-0.218691	8.718082	-0.003991	-0.022150	0.002974	-0.546265	-0.646085	0.533075	0.752141	-0.658438	-0.027273	0.368618	0.386049	0.845628
11683	5.430561	-0.238134	8.711175	-0.000540	-0.026407	0.002494	-0.546162	-0.645956	0.533337	0.752121	-0.658460	-0.027292	0.368810	0.386228	0.845463
11684	5.456590	-0.217506	8.760585	-0.001420	-0.017196	0.001737	-0.546106	-0.645885	0.533481	0.752115	-0.658467	-0.027292	0.368907	0.386334	0.845372
11685	5.520871	-0.188856	8.658982	0.003149	-0.016762	0.001593	-0.546046	-0.645787	0.533660	0.752104	-0.658480	-0.027274	0.369018	0.386475	0.845259
11686	5.406628	-0.218955	8.714111	0.003380	-0.004140	-0.002008	-0.546098	-0.645715	0.533694	0.752062	-0.658531	-0.027214	0.369026	0.386510	0.845240
11687	5.476611	-0.201206	8.685222	0.003799	-0.006125	0.003969	-0.546059	-0.645674	0.533783	0.752066	-0.658526	-0.027203	0.369075	0.386586	0.845184
11688	5.470347	-0.157320	8.717365	0.004165	0.004981	0.000240	-0.546104	-0.645672	0.533740	0.752064	-0.658531	-0.027148	0.369013	0.386581	0.845213
11689	5.402450	-0.194210	8.718143	0.008870	0.003899	-0.000033	-0.546132	-0.645643	0.533746	0.752065	-0.658532	-0.027074	0.368969	0.386626	0.845212
11690	5.406342	-0.217307	8.714331	0.005759	0.005008	0.001718	-0.546175	-0.645643	0.533702	0.752067	-0.658532	-0.027013	0.368901	0.386626	0.845241
11691	5.408147	-0.220577	8.738641	0.005688	0.005125	0.000192	-0.546206	-0.645621	0.533697	0.752058	-0.658545	-0.026966	0.368874	0.386642	0.845246
11692	5.431824	-0.215437	8.737282	0.006022	0.000695	-0.001719	-0.546251	-0.645588	0.533691	0.752050	-0.658557	-0.026885	0.368823	0.386677	0.845252
11693	5.492701	-0.150182	8.716870	0.002982	0.001688	0.001558	-0.546259	-0.645561	0.533715	0.752039	-0.658571	-0.026869	0.368835	0.386697	0.845237
11694	5.463795	-0.147185	8.670655	0.003902	0.009294	0.003676	-0.546302	-0.645590	0.533636	0.752045	-0.658565	-0.026834	0.368758	0.386659	0.845289
11695	5.415095	-0.140311	8.726472	-0.000995	0.014572	0.008911	-0.546302	-0.645662	0.533549	0.752059	-0.658547	-0.026891	0.368730	0.386570	0.845342
11696	5.428843	-0.088856	8.734073	-0.000217	0.022412	0.007976	-0.546370	-0.645763	0.533357	0.752065	-0.658539	-0.026914	0.368617	0.386414	0.845462
11697	5.368288	-0.174523	8.727420	-0.008612	0.013850	0.009150	-0.546365	-0.645834	0.533276	0.752052	-0.658549	-0.027036	0.368649	0.386280	0.845509
11698	5.369151	-0.179404	8.752263	-0.005765	0.017053	0.010836	-0.546400	-0.645926	0.533129	0.752045	-0.658554	-0.027122	0.368613	0.386118	0.845599
11699	5.385276	-0.275286	8.736582	-0.006141	0.004666	0.011386	-0.546345	-0.645976	0.533125	0.752053	-0.658539	-0.027235	0.368677	0.386059	0.845598
11700	5.367441	-0.308133	8.758271	-0.001577	0.003817	0.008063	-0.546337	-0.646010	0.533091	0.752061	-0.658529	-0.027270	0.368673	0.386018	0.845618
11701	5.406520	-0.251876	8.763526	0.003122	0.001452	0.004612	-0.546322	-0.646003	0.533116	0.752066	-0.658523	-0.027269	0.368685	0.386041	0.845602
11702	5.426145	-0.239940	8.713877	0.000614	-0.004899	0.004195	-0.546306	-0.645982	0.533158	0.752066	-0.658524	-0.027265	0.368710	0.386074	0.845576
11703	5.398022	-0.220980	8.719394	0.003128	0.002733	0.007792	-0.546271	-0.646000	0.533171	0.752088	-0.658497	-0.027281	0.368715	0.386089	0.845568
11704	5.426288	-0.224038	8.766006	0.000210	-0.000352	0.004579	-0.546272	-0.645997	0.533174	0.752085	-0.658501	-0.027283	0.368720	0.386088	0.845566
11705	5.374063	-0.226031	8.720905	0.000485	-0.002102	0.007503	-0.546222	-0.645995	0.533228	0.752096	-0.658487	-0.027320	0.368772	0.386116	0.845530
11706	5.418021	-0.193366	8.721728	0.003864	-0.006244	0.005498	-0.546192	-0.645977	0.533281	0.752114	-0.658468	-0.027295	0.368781	0.386180	0.845498
11707	5.416212	-0.189801	8.697439	0.000619	-0.003617	0.007375	-0.546136	-0.645968	0.533348	0.752125	-0.658453	-0.027330	0.368839	0.386219	0.845454
11708	5.370645	-0.202768	8.724436	0.003053	0.001569	0.003085	-0.546150	-0.645967	0.533335	0.752131	-0.658448	-0.027300	0.368809	0.386228	0.845463
11709	5.374689	-0.226303	8.720513	0.004442	0.003228	0.003165	-0.546152	-0.645957	0.533346	0.752133	-0.658447	-0.027280	0.368802	0.386248	0.845457
11710	5.376726	-0.229436	8.744670	0.010664	0.001006	-0.000333	-0.546192	-0.645928	0.533340	0.752143	-0.658439	-0.027168	0.368720	0.386309	0.845465
11711	5.472368	-0.226945	8.686473	0.003525	-0.003095	0.004228	-0.546162	-0.645901	0.533403	0.752148	-0.658434	-0.027161	0.368754	0.386364	0.845425
11712	5.381385	-0.109302	8.787615	0.005218	0.009786	-0.000950	-0.546242	-0.645900	0.533323	0.752133	-0.658454	-0.027091	0.368667	0.386332	0.845478
11713	5.485135	-0.154826	8.721551	-0.002492	-0.002505	0.009125	-0.546178	-0.645907	0.533380	0.752143	-0.658440	-0.027162	0.368743	0.386343	0.845439
11714	5.363079	-0.158317	8.757379	-0.002112	0.009882	0.008573	-0.546195	-0.645961	0.533297	0.752143	-0.658438	-0.027205	0.368716	0.386256	0.845491
11715	5.444919	-0.212971	8.716957	-0.007395	0.001495	0.011176	-0.546130	-0.645997	0.533320	0.752146	-0.658430	-0.027328	0.368807	0.386210	0.845472
11716	5.427202	-0.245889	8.738566	-0.001506	0.003701	0.009588	-0.546104	-0.646045	0.533288	0.752168	-0.658403	-0.027371	0.368802	0.386175	0.845491
11717	5.361436	-0.287576	8.763294	-0.001710	0.005334	0.008190	-0.546075	-0.646076	0.533280	0.752175	-0.658393	-0.027430	0.368829	0.386141	0.845494
11718	5.378999	-0.255899	8.741753	0.000739	-0.007696	0.000887	-0.546070	-0.646025	0.533347	0.752159	-0.658411	-0.027408	0.368868	0.386195	0.845452
11719	5.409794	-0.294749	8.707756	0.006699	-0.005607	0.000825	-0.546057	-0.645966	0.533433	0.752157	-0.658415	-0.027357	0.368892	0.386287	0.845400
11720	5.408872	-0.147519	8.730212	0.003780	-0.008691	-0.002388	-0.546067	-0.645894	0.533509	0.752142	-0.658436	-0.027292	0.368909	0.386372	0.845354
11721	5.407485	-0.127171	8.757906	0.003652	-0.005893	0.000920	-0.546051	-0.645834	0.533597	0.752129	-0.658452	-0.027266	0.368958	0.386445	0.845299
11722	5.497299	-0.081440	8.731556	0.002269	-0.006271	0.004020	-0.546029	-0.645807	0.533653	0.752135	-0.658445	-0.027248	0.368978	0.386501	0.845264
11723	5.454000	-0.114854	8.730312	-0.007126	-0.001535	0.010922	-0.545955	-0.645830	0.533702	0.752137	-0.658438	-0.027368	0.369084	0.386475	0.845230
11724	5.524974	-0.245598	8.678977	-0.009114	0.004268	0.013007	-0.545893	-0.645912	0.533665	0.752161	-0.658406	-0.027493	0.369127	0.386394	0.845249
11725	5.454282	-0.280507	8.655952	-0.003956	0.015451	0.013711	-0.545861	-0.646018	0.533570	0.752190	-0.658368	-0.027601	0.369116	0.386279	0.845306
11726	5.450618	-0.277800	8.632804	-0.005893	0.017292	0.007782	-0.545900	-0.646105	0.533425	0.752183	-0.658372	-0.027672	0.369071	0.386127	0.845395
11727	5.409988	-0.191743	8.675784	0.003900	0.027504	0.006691	-0.545964	-0.646212	0.533229	0.752203	-0.658350	-0.027675	0.368936	0.385987	0.845518
11728	5.425424	-0.143822	8.707822	0.001398	0.023718	0.012634	-0.545989	-0.646356	0.533029	0.752251	-0.658293	-0.027711	0.368801	0.385842	0.845643
11729	5.364543	-0.102569	8.696320	-0.003706	0.029353	0.013286	-0.546011	-0.646513	0.532816	0.752279	-0.658258	-0.027814	0.368712	0.385639	0.845774
11730	5.309517	0.216517	8.826646	-0.009050	0.024930	0.023900	-0.545957	-0.646734	0.532603	0.752348	-0.658170	-0.027997	0.368650	0.385418	0.845902
11731	5.440925	-0.142139	8.686104	-0.046972	0.009322	0.041003	-0.545696	-0.646997	0.532551	0.752368	-0.658122	-0.028614	0.368997	0.385060	0.845914
11732	5.371011	-0.294840	8.744722	-0.019831	0.029287	0.033898	-0.545599	-0.647287	0.532298	0.752436	-0.658029	-0.028942	0.369001	0.384730	0.846062
11733	5.403926	-0.346102	8.759972	-0.043808	0.005533	0.034412	-0.545374	-0.647492	0.532280	0.752431	-0.658011	-0.029496	0.369345	0.384417	0.846054
11734	5.444054	-0.330143	8.685585	-0.014600	0.020849	0.029940	-0.545255	-0.647740	0.532100	0.752516	-0.657901	-0.029759	0.369345	0.384188	0.846159
11735	5.415687	-0.460579	8.668852	-0.020043	0.010145	0.023119	-0.545133	-0.647887	0.532045	0.752537	-0.657864	-0.030052	0.369484	0.384002	0.846182
11736	5.421546	-0.363275	8.684479	-0.002696	0.018616	0.013928	-0.545132	-0.648016	0.531889	0.752573	-0.657819	-0.030129	0.369411	0.383861	0.846278
11737	5.433352	-0.308432	8.668156	0.000416	0.017501	0.012181	-0.545119	-0.648120	0.531776	0.752610	-0.657774	-0.030191	0.369356	0.383762	0.846347
11738	5.375401	-0.254145	8.732456	0.004388	0.022827	0.007853	-0.545169	-0.648234	0.531586	0.752649	-0.657730	-0.030176	0.369201	0.383647	0.846467
11739	5.475425	-0.263889	8.747958	0.001076	0.025576	0.008201	-0.545216	-0.648343	0.531406	0.752667	-0.657708	-0.030211	0.369097	0.383500	0.846579
11740	5.354177	-0.143862	8.803722	-0.000709	0.029746	0.011684	-0.545274	-0.648497	0.531156	0.752696	-0.657672	-0.030260	0.368950	0.383299	0.846733
11741	5.442602	-0.262147	8.704165	-0.001176	0.018757	0.013880	-0.545253	-0.648618	0.531032	0.752736	-0.657622	-0.030345	0.368900	0.383181	0.846808
11742	5.372871	-0.284344	8.757754	-0.009717	0.028663	0.015004	-0.545276	-0.648795	0.530791	0.752757	-0.657592	-0.030487	0.368824	0.382933	0.846954
11743	5.446610	-0.311951	8.698645	-0.000050	0.022166	0.011041	-0.545288	-0.648909	0.530639	0.752786	-0.657557	-0.030547	0.368747	0.382801	0.847047
11744	5.378804	-0.336933	8.776354	0.005385	0.029029	0.008325	-0.545362	-0.649044	0.530398	0.752826	-0.657511	-0.030526	0.368556	0.382650	0.847199
11745	5.394109	-0.320733	8.704314	0.011807	0.023883	0.003056	-0.545440	-0.649112	0.530234	0.752855	-0.657482	-0.030443	0.368380	0.382584	0.847305
11746	5.403143	-0.228179	8.768807	0.009559	0.031440	0.002216	-0.545573	-0.649214	0.529973	0.752874	-0.657464	-0.030355	0.368145	0.382442	0.847471
11747	5.380806	-0.255715	8.767712	0.010151	0.026537	0.006408	-0.545636	-0.649315	0.529785	0.752915	-0.657419	-0.030304	0.367968	0.382349	0.847590
11748	5.366067	-0.184058	8.781284	0.008825	0.023483	0.004669	-0.545731	-0.649392	0.529592	0.752933	-0.657402	-0.030235	0.367789	0.382247	0.847713
11749	5.344446	-0.196065	8.831838	-0.001251	0.017598	0.009167	-0.545741	-0.649476	0.529479	0.752947	-0.657383	-0.030295	0.367746	0.382137	0.847782
11750	5.389937	-0.346506	8.730797	0.006566	0.015387	0.007168	-0.545773	-0.649552	0.529353	0.752986	-0.657340	-0.030258	0.367619	0.382081	0.847862
11751	5.364583	-0.350532	8.733041	0.011072	0.015926	0.005512	-0.545804	-0.649606	0.529255	0.753026	-0.657298	-0.030194	0.367493	0.382062	0.847926
11752	5.320489	-0.255458	8.727480	0.012401	0.015141	-0.002289	-0.545916	-0.649610	0.529134	0.753024	-0.657306	-0.030058	0.367329	0.382041	0.848006
11753	5.373520	-0.272488	8.745474	0.015583	0.011346	-0.008863	-0.546038	-0.649552	0.529079	0.753002	-0.657340	-0.029880	0.367194	0.382082	0.848046
11754	5.414280	-0.233974	8.723398	0.023398	0.010414	-0.007679	-0.546158	-0.649515	0.529000	0.753026	-0.657324	-0.029623	0.366965	0.382172	0.848105
11755	5.385202	-0.196237	8.781524	0.020480	0.009898	-0.004542	-0.546243	-0.649480	0.528956	0.753045	-0.657311	-0.029426	0.366800	0.382254	0.848139
11756	5.327054	-0.282466	8.798097	0.018891	0.009875	-0.006025	-0.546351	-0.649449	0.528882	0.753059	-0.657304	-0.029215	0.366610	0.382318	0.848192
11757	5.361196	-0.343359	8.760853	0.019945	-0.002252	-0.007043	-0.546409	-0.649351	0.528942	0.753062	-0.657310	-0.029010	0.366516	0.382475	0.848162
11758	5.353083	-0.293452	8.768849	0.026042	-0.002971	-0.010393	-0.546485	-0.649258	0.528979	0.753097	-0.657282	-0.028715	0.366332	0.382680	0.848149
