// General information: 
//  MT Manager version: 2022.2.0 
//  XDA version: 2022.2.0 build 7381 rev 124627 built on 2023-07-19
// Device information: 
//  DeviceId: 00B4CAF0
//  ProductCode: MTW2-3A7G6
//  Firmware Version: 4.6.0
//  Hardware Version: 2.0.0
// Device settings: 
//  Filter Profile: human(46.1)
//  Option Flags: Orientation Smoother Disabled, Position/Velocity Smoother Disabled, Continuous Zero Rotation Update Disabled, AHS Disabled, ICC Disabled
// Coordinate system: ENU
PacketCounter	Acc_X	Acc_Y	Acc_Z	Gyr_X	Gyr_Y	Gyr_Z	Mat[1][1]	Mat[2][1]	Mat[3][1]	Mat[1][2]	Mat[2][2]	Mat[3][2]	Mat[1][3]	Mat[2][3]	Mat[3][3]
25636	6.055246	0.504025	8.367560	0.010676	-0.074446	-0.008815	0.184327	-0.778967	0.599362	0.966760	0.253635	0.032324	-0.177199	0.573481	0.799825
25637	6.012037	0.461349	8.331328	0.002642	-0.083075	-0.002895	0.184106	-0.778503	0.600031	0.966772	0.253581	0.032373	-0.177359	0.574134	0.799321
25638	6.113428	0.383774	8.322823	-0.006318	-0.094341	-0.008934	0.183807	-0.777967	0.600817	0.966812	0.253429	0.032377	-0.177453	0.574926	0.798730
25639	6.133994	0.449229	8.224339	-0.009623	-0.088013	-0.007218	0.183532	-0.777487	0.601523	0.966855	0.253267	0.032355	-0.177501	0.575647	0.798200
25640	6.045443	0.441949	8.342253	-0.022606	-0.090537	-0.003670	0.183291	-0.776958	0.602279	0.966914	0.253062	0.032198	-0.177430	0.576451	0.797636
25641	6.107855	0.440559	8.248539	-0.033854	-0.099682	-0.000316	0.183066	-0.776391	0.603079	0.966986	0.252818	0.031941	-0.177268	0.577322	0.797042
25642	6.095936	0.305538	8.249082	-0.041942	-0.101067	-0.003989	0.182803	-0.775800	0.603918	0.967080	0.252498	0.031632	-0.177028	0.578254	0.796419
25643	5.970188	0.492011	8.384147	-0.057500	-0.126002	-0.011444	0.182427	-0.775106	0.604923	0.967214	0.252033	0.031255	-0.176686	0.579388	0.795670
25644	5.865708	0.461183	8.406830	-0.067031	-0.134882	-0.003951	0.182105	-0.774316	0.606030	0.967351	0.251567	0.030746	-0.176265	0.580644	0.794848
25645	5.852170	0.375297	8.420068	-0.057356	-0.197278	0.010215	0.181813	-0.773150	0.607605	0.967445	0.251269	0.030240	-0.176053	0.582326	0.793663
25646	5.287133	0.442937	8.902442	-0.020925	-0.231202	0.033729	0.181687	-0.771699	0.609483	0.967432	0.251361	0.029870	-0.176251	0.584207	0.792236
25647	5.972591	0.088485	8.253276	0.006711	-0.340066	0.006409	0.181107	-0.769699	0.612180	0.967419	0.251408	0.029896	-0.176918	0.586820	0.790153
25648	5.788435	0.572453	8.613484	-0.007216	-0.361817	0.014146	0.180557	-0.767518	0.615074	0.967419	0.251428	0.029754	-0.177483	0.589662	0.787908
25649	5.919240	0.492940	8.405518	-0.007378	-0.440137	0.015697	0.179889	-0.764882	0.618543	0.967413	0.251467	0.029611	-0.178193	0.593060	0.785193
25650	6.048150	0.611270	8.332002	0.005591	-0.489459	0.018566	0.179149	-0.761906	0.622419	0.967381	0.251596	0.029542	-0.179106	0.596824	0.782126
25651	6.220668	0.533876	8.054937	0.027832	-0.552080	0.026716	0.178375	-0.758540	0.626737	0.967294	0.251926	0.029606	-0.180348	0.600958	0.778668
25652	6.426134	0.818401	8.255417	0.094833	-0.541230	0.025980	0.177600	-0.755194	0.630984	0.967087	0.252648	0.030181	-0.182210	0.604856	0.775209
25653	6.467922	0.432386	8.326671	0.157393	-0.658753	0.030053	0.176640	-0.751126	0.636088	0.966756	0.253789	0.031222	-0.184884	0.609426	0.770985
25654	6.667512	0.745609	7.949683	0.255615	-0.676570	0.013215	0.175458	-0.746936	0.641327	0.966267	0.255405	0.033106	-0.188526	0.613885	0.766553
25655	7.107292	0.935510	7.993915	0.287724	-0.723990	-0.004117	0.173995	-0.742494	0.646860	0.965737	0.257104	0.035347	-0.192555	0.618546	0.761789
25656	7.113721	1.821108	8.309384	0.316521	-0.654136	-0.090115	0.171806	-0.738649	0.651829	0.965289	0.258355	0.038340	-0.196723	0.622616	0.757396
25657	8.750627	8.547462	10.784819	0.076662	-0.411449	-0.403078	0.167056	-0.737125	0.654782	0.965832	0.255815	0.041571	-0.198146	0.625464	0.754674
25658	12.088767	7.197707	10.853083	-0.367092	0.171119	-0.878812	0.158848	-0.740386	0.653144	0.967996	0.246981	0.044549	-0.194298	0.625164	0.755923
25659	7.698682	5.846278	9.806552	-0.739057	0.675979	-1.140162	0.149026	-0.747349	0.647503	0.971166	0.233847	0.046389	-0.186085	0.621920	0.760649
25660	5.807718	3.692618	8.876048	-0.891720	0.916247	-1.253861	0.138440	-0.755844	0.639948	0.974594	0.218852	0.047653	-0.176072	0.617093	0.766939
25661	5.237327	2.003759	8.421861	-0.880409	1.007674	-1.202818	0.128367	-0.764586	0.631609	0.977713	0.204257	0.048551	-0.166132	0.611300	0.773765
25662	4.889917	0.701236	8.297599	-0.785459	1.091155	-1.103583	0.119281	-0.773380	0.622620	0.980358	0.190948	0.049368	-0.157069	0.604502	0.780965
25663	4.546364	-0.133626	8.012244	-0.676201	1.170471	-0.970810	0.111490	-0.782215	0.612952	0.982520	0.179292	0.050092	-0.149081	0.596653	0.788531
25664	4.002643	-0.877686	7.790225	-0.551597	1.207868	-0.789099	0.105445	-0.790727	0.603019	0.984188	0.169771	0.050521	-0.142323	0.588156	0.796126
25665	3.975596	-1.615579	7.882578	-0.391392	1.215163	-0.560615	0.101571	-0.798761	0.593013	0.985321	0.162987	0.050771	-0.137208	0.579151	0.803590
25666	4.364536	-1.681413	7.977617	-0.231933	1.240237	-0.313107	0.100120	-0.806369	0.582877	0.985959	0.159095	0.050740	-0.133648	0.569612	0.810975
25667	4.446274	-1.551095	7.975256	-0.099791	1.291182	-0.062068	0.101169	-0.813764	0.572322	0.986159	0.157984	0.050309	-0.131358	0.559311	0.818484
25668	3.991306	-1.415469	7.456664	0.010705	1.305054	0.172983	0.104537	-0.820700	0.561714	0.985975	0.159410	0.049415	-0.130098	0.548671	0.825854
25669	3.462211	-1.446306	6.871086	0.161123	1.239020	0.379853	0.109848	-0.826830	0.551622	0.985364	0.163370	0.048655	-0.130348	0.538204	0.832674
25670	3.445413	-1.240873	6.518500	0.361910	1.103732	0.524775	0.116423	-0.831825	0.542691	0.984303	0.169606	0.048806	-0.132641	0.528490	0.838513
25671	3.702016	-0.358341	6.431857	0.542290	0.948357	0.571350	0.123276	-0.835814	0.534994	0.982894	0.177167	0.050303	-0.136827	0.519642	0.843357
25672	4.442996	0.325932	6.724502	0.664354	0.782358	0.533220	0.129560	-0.838867	0.528693	0.981302	0.185012	0.053079	-0.142341	0.511931	0.847152
25673	3.253446	3.436307	8.758773	0.782518	0.520037	0.285360	0.133071	-0.840987	0.524436	0.979794	0.191347	0.058229	-0.149319	0.506091	0.849456
25674	6.158011	4.336103	-0.689622	-0.608781	-0.552684	-0.262291	0.129644	-0.838652	0.529013	0.981041	0.185998	0.054444	-0.144055	0.511925	0.846866
25675	9.582632	-1.360054	3.146340	-0.751043	-1.071093	-0.968610	0.118572	-0.834866	0.537532	0.983309	0.173965	0.053289	-0.138001	0.522241	0.841558
25676	9.858859	-3.272865	9.510314	-0.285964	-0.769368	-1.262689	0.105046	-0.832924	0.543326	0.985121	0.161885	0.057709	-0.136024	0.529180	0.837536
25677	8.531843	-2.867777	9.070069	-0.442931	-0.599931	-0.996839	0.094366	-0.831295	0.547763	0.986715	0.151188	0.059460	-0.132244	0.534875	0.834518
25678	2.990518	-3.723797	8.764623	-0.375925	-0.564384	-0.520827	0.088443	-0.829013	0.552191	0.987689	0.144796	0.059190	-0.129025	0.540159	0.831614
25679	1.511258	-4.109639	8.906543	-0.271693	-0.752851	-0.019903	0.087238	-0.824951	0.558431	0.988061	0.143109	0.057055	-0.126984	0.546786	0.827587
25680	2.287387	-4.227854	9.956459	-0.051947	-1.024435	0.253085	0.088392	-0.818922	0.567057	0.987912	0.144856	0.055201	-0.127347	0.555323	0.821827
25681	8.463091	0.267249	10.502507	0.028119	-1.377089	0.328639	0.089834	-0.810721	0.578499	0.987590	0.147645	0.053551	-0.128827	0.566509	0.813923
25682	14.702715	2.093584	10.017864	-0.176896	-0.985358	0.177997	0.090283	-0.804815	0.586619	0.987664	0.148026	0.051079	-0.127944	0.574771	0.808250
25683	11.683075	3.279794	7.983646	-0.088218	-0.351599	-0.024044	0.089556	-0.802824	0.589451	0.987805	0.147278	0.050511	-0.127365	0.577739	0.806223
25684	7.716203	1.126925	7.944451	-0.161486	-0.021672	0.064657	0.090124	-0.802583	0.589693	0.987958	0.146816	0.048828	-0.125765	0.578191	0.806150
25685	5.542903	-0.143988	9.230754	-0.109819	-0.023478	0.102292	0.091062	-0.802295	0.589942	0.988009	0.146955	0.047346	-0.124680	0.578556	0.806057
25686	4.624600	1.219067	8.169576	-0.047215	-0.187821	0.070470	0.091481	-0.801082	0.591522	0.988011	0.147199	0.046549	-0.124361	0.580172	0.804944
25687	6.936759	3.551482	7.917665	-0.200980	-0.234760	0.143314	0.092564	-0.799505	0.593485	0.988134	0.147132	0.044090	-0.122571	0.582361	0.803637
25688	5.965064	0.404528	8.452694	-0.246677	-0.037105	0.163678	0.094093	-0.799027	0.593888	0.988287	0.146955	0.041136	-0.120144	0.583061	0.803496
25689	6.859075	-0.225922	8.109655	-0.204636	-0.131674	0.157952	0.095454	-0.798024	0.595018	0.988388	0.146976	0.038563	-0.118227	0.584428	0.802787
25690	6.872060	-0.236430	8.477255	-0.138802	-0.041902	0.134829	0.096693	-0.797560	0.595440	0.988429	0.147193	0.036646	-0.116872	0.585007	0.802563
25691	6.461388	0.506790	7.923220	-0.096125	-0.016573	0.112452	0.097743	-0.797294	0.595625	0.988438	0.147482	0.035213	-0.115919	0.585296	0.802491
25692	5.896753	0.315621	8.183144	-0.102186	0.013713	0.123006	0.098931	-0.797171	0.595592	0.988442	0.147817	0.033661	-0.114872	0.585378	0.802581
25693	5.796491	0.212944	8.190861	-0.100368	-0.026880	0.124937	0.100092	-0.796826	0.595861	0.988439	0.148179	0.032119	-0.113887	0.585757	0.802445
25694	6.013537	-0.036715	8.212201	-0.108978	-0.029183	0.116313	0.101165	-0.796461	0.596167	0.988452	0.148420	0.030551	-0.112816	0.586192	0.802279
25695	6.073222	0.082277	8.304390	-0.075643	-0.019051	0.097698	0.102067	-0.796201	0.596361	0.988445	0.148709	0.029369	-0.112068	0.586472	0.802179
25696	6.568537	-0.645012	9.054214	-0.040499	-0.005420	0.059740	0.102608	-0.796059	0.596457	0.988436	0.148899	0.028689	-0.111650	0.586616	0.802132
25697	5.892519	0.469432	7.971923	0.049398	-0.033913	0.004445	0.102571	-0.795850	0.596743	0.988383	0.149179	0.029065	-0.112153	0.586829	0.801906
25698	6.077486	0.687316	8.480097	0.019472	-0.007108	0.013696	0.102656	-0.795767	0.596839	0.988354	0.149355	0.029140	-0.112329	0.586897	0.801832
25699	5.922838	0.411487	8.325784	0.021426	-0.041396	0.007896	0.102645	-0.795508	0.597185	0.988329	0.149498	0.029271	-0.112563	0.587211	0.801569
25700	6.192182	0.467714	8.189086	0.027067	-0.037085	0.004398	0.102603	-0.795263	0.597519	0.988301	0.149645	0.029462	-0.112846	0.587506	0.801313
25701	6.180060	0.533933	8.103897	0.019335	-0.029721	0.014316	0.102668	-0.795063	0.597774	0.988271	0.149826	0.029539	-0.113047	0.587730	0.801120
25702	6.163382	0.172789	8.188865	0.018785	-0.020896	0.009044	0.102691	-0.794906	0.597979	0.988248	0.149961	0.029635	-0.113231	0.587908	0.800963
25703	6.190581	0.387628	8.148963	0.031938	-0.002396	0.005870	0.102703	-0.794879	0.598013	0.988212	0.150150	0.029863	-0.113529	0.587896	0.800930
25704	6.158710	0.386302	8.230948	0.026525	0.005021	0.004989	0.102715	-0.794880	0.598009	0.988184	0.150298	0.030046	-0.113763	0.587857	0.800926
25705	6.143158	0.464584	8.272058	0.024575	0.006036	0.004914	0.102728	-0.794904	0.597975	0.988158	0.150436	0.030221	-0.113980	0.587789	0.800945
25706	6.203770	0.423260	8.142131	0.022896	0.016484	0.010141	0.102803	-0.794965	0.597882	0.988128	0.150604	0.030344	-0.114166	0.587664	0.801010
25707	6.268473	0.289960	8.127242	0.017298	0.023369	0.014692	0.102932	-0.795076	0.597712	0.988100	0.150777	0.030402	-0.114293	0.587470	0.801134
25708	6.213334	-0.009489	8.162791	0.027211	0.054404	0.005794	0.103008	-0.795366	0.597313	0.988070	0.150936	0.030586	-0.114483	0.587037	0.801425
25709	6.139314	0.279699	8.158296	0.037751	0.065722	-0.001570	0.103025	-0.795749	0.596799	0.988035	0.151099	0.030905	-0.114768	0.586475	0.801795
25710	5.952128	0.467928	8.317411	0.030762	0.078293	-0.000461	0.103067	-0.796188	0.596207	0.988008	0.151228	0.031155	-0.114969	0.585846	0.802226
25711	5.790828	0.605896	8.403613	0.031007	0.048857	-0.001507	0.103066	-0.796472	0.595827	0.987980	0.151352	0.031420	-0.115205	0.585428	0.802498
25712	5.865551	0.424775	8.370741	0.031026	0.026744	-0.006300	0.102991	-0.796617	0.595646	0.987958	0.151436	0.031707	-0.115461	0.585208	0.802621
25713	6.140365	0.615112	8.239276	0.030167	0.001457	-0.009265	0.102858	-0.796635	0.595645	0.987940	0.151493	0.032011	-0.115737	0.585169	0.802610
25714	6.158427	0.513800	8.177634	0.016486	0.017203	0.003618	0.102870	-0.796709	0.595543	0.987924	0.151571	0.032122	-0.115859	0.585047	0.802681
25715	6.109359	0.218292	8.235950	0.019544	0.017617	0.006133	0.102908	-0.796799	0.595417	0.987902	0.151689	0.032250	-0.116015	0.584895	0.802769
25716	6.093330	0.422009	8.231835	0.020615	0.021312	-0.001130	0.102878	-0.796904	0.595281	0.987886	0.151753	0.032423	-0.116174	0.584735	0.802863
25717	6.082468	0.415590	8.185906	0.014589	0.029425	0.004579	0.102915	-0.797065	0.595060	0.987872	0.151829	0.032520	-0.116268	0.584496	0.803023
25718	6.020382	0.371531	8.205937	0.013139	0.023885	0.000088	0.102900	-0.797183	0.594904	0.987863	0.151860	0.032625	-0.116350	0.584327	0.803135
25719	5.970978	0.540806	8.238841	0.013297	0.027486	0.007588	0.102964	-0.797328	0.594699	0.987847	0.151952	0.032694	-0.116434	0.584106	0.803283
25720	5.986043	0.526501	8.289702	0.014197	0.014111	0.001486	0.102951	-0.797387	0.594622	0.987836	0.152000	0.032800	-0.116536	0.584012	0.803336
25721	5.985161	0.527373	8.290283	0.015403	0.007931	0.010381	0.103020	-0.797413	0.594575	0.987814	0.152127	0.032869	-0.116661	0.583944	0.803368
25722	6.063788	0.469374	8.210038	0.012875	-0.001304	0.013153	0.103105	-0.797364	0.594626	0.987793	0.152260	0.032895	-0.116767	0.583975	0.803329
25723	6.090373	0.248385	8.241594	0.012578	0.005780	0.012128	0.103188	-0.797375	0.594597	0.987773	0.152384	0.032932	-0.116866	0.583929	0.803349
25724	6.066008	0.318055	8.234928	0.020263	0.003737	0.005486	0.103203	-0.797367	0.594604	0.987750	0.152499	0.033062	-0.117039	0.583909	0.803338
25725	6.085968	0.277414	8.263493	0.016556	0.006283	-0.000119	0.103166	-0.797399	0.594568	0.987738	0.152549	0.033204	-0.117177	0.583852	0.803359
25726	6.013851	0.378630	8.210400	0.020266	0.011605	-0.003694	0.103099	-0.797452	0.594509	0.987725	0.152591	0.033389	-0.117342	0.583769	0.803395
25727	5.804175	0.460794	8.437308	0.026978	0.006138	-0.005784	0.103006	-0.797492	0.594472	0.987706	0.152656	0.033647	-0.117583	0.583698	0.803412
25728	5.935661	0.579973	8.367831	0.026861	-0.038426	-0.012623	0.102793	-0.797266	0.594812	0.987695	0.152665	0.033938	-0.117865	0.584004	0.803148
25729	6.076029	0.644960	8.254328	0.018332	-0.033937	-0.003632	0.102673	-0.797068	0.595097	0.987684	0.152698	0.034115	-0.118062	0.584265	0.802929
25730	6.023699	0.605244	8.294114	0.014084	-0.043891	0.003330	0.102611	-0.796786	0.595486	0.987671	0.152759	0.034209	-0.118223	0.584634	0.802637
25731	6.137009	0.531359	8.207792	0.005082	-0.049385	0.012472	0.102632	-0.796473	0.595901	0.987659	0.152843	0.034183	-0.118305	0.585038	0.802330
25732	6.169076	0.328147	8.157858	0.003490	-0.044242	0.014450	0.102679	-0.796171	0.596296	0.987647	0.152931	0.034126	-0.118362	0.585426	0.802039
25733	6.088505	0.244562	8.134782	0.006067	-0.023809	0.012690	0.102732	-0.796007	0.596506	0.987634	0.153022	0.034107	-0.118428	0.585625	0.801884
25734	5.824849	0.329649	8.344772	0.013665	-0.034792	-0.004675	0.102601	-0.795790	0.596818	0.987630	0.153018	0.034245	-0.118575	0.585922	0.801645
25735	6.146844	0.452829	8.186777	0.025010	-0.056148	-0.007234	0.102419	-0.795466	0.597280	0.987614	0.153061	0.034497	-0.118861	0.586349	0.801290
25736	6.245610	0.381020	8.153400	0.015584	-0.024851	-0.000846	0.102338	-0.795301	0.597514	0.987604	0.153099	0.034627	-0.119017	0.586564	0.801110
25737	6.286058	0.344030	8.151119	0.017752	-0.019745	-0.005691	0.102215	-0.795189	0.597685	0.987596	0.153112	0.034811	-0.119194	0.586713	0.800975
25738	6.283213	0.372240	8.171863	0.009471	0.002032	-0.000619	0.102167	-0.795181	0.597704	0.987592	0.153115	0.034891	-0.119263	0.586723	0.800957
25739	6.229284	0.381491	8.180954	0.011232	0.013947	-0.003789	0.102103	-0.795262	0.597606	0.987589	0.153106	0.035012	-0.119341	0.586614	0.801025
25740	6.165391	0.382727	8.143494	0.005407	0.028162	-0.003030	0.102063	-0.795411	0.597414	0.987593	0.153066	0.035074	-0.119342	0.586423	0.801165
25741	6.122889	0.403515	8.225019	0.006963	0.033973	-0.001265	0.102047	-0.795607	0.597157	0.987593	0.153051	0.035146	-0.119358	0.586162	0.801354
25742	6.034828	0.504022	8.226257	0.000748	0.032880	-0.003571	0.102007	-0.795784	0.596928	0.987603	0.152980	0.035173	-0.119308	0.585940	0.801524
25743	5.965192	0.513213	8.289496	0.006429	0.029347	0.002126	0.102020	-0.795947	0.596709	0.987600	0.152989	0.035220	-0.119323	0.585716	0.801685
25744	5.936833	0.640137	8.349915	0.002427	0.008971	-0.000072	0.101986	-0.795978	0.596672	0.987605	0.152955	0.035241	-0.119315	0.585682	0.801711
25745	6.085922	0.545533	8.187069	-0.001395	-0.002201	0.005727	0.101996	-0.795951	0.596707	0.987607	0.152947	0.035204	-0.119285	0.585721	0.801687
25746	6.054830	0.435202	8.236240	-0.001843	-0.006580	0.006392	0.102008	-0.795882	0.596797	0.987610	0.152940	0.035151	-0.119250	0.585817	0.801622
25747	6.074313	0.468750	8.251845	-0.003117	-0.002925	0.009907	0.102058	-0.795843	0.596840	0.987610	0.152955	0.035076	-0.119204	0.585865	0.801594
25748	6.071705	0.387802	8.240369	-0.003469	-0.007047	0.007853	0.102084	-0.795769	0.596934	0.987614	0.152950	0.035002	-0.119154	0.585967	0.801526
25749	6.131165	0.401376	8.176385	0.000233	-0.001732	0.004266	0.102080	-0.795746	0.596965	0.987616	0.152940	0.034987	-0.119140	0.586001	0.801504
25750	6.052484	0.459689	8.256800	-0.004432	0.002978	0.003719	0.102076	-0.795737	0.596978	0.987625	0.152896	0.034929	-0.119070	0.586025	0.801497
25751	6.088863	0.465852	8.198605	-0.001818	-0.000981	0.006899	0.102099	-0.795715	0.597004	0.987627	0.152895	0.034882	-0.119035	0.586055	0.801480
25752	6.025353	0.447283	8.238683	0.000491	0.002134	0.009039	0.102147	-0.795693	0.597025	0.987624	0.152922	0.034833	-0.119014	0.586078	0.801466
25753	5.849928	0.423091	8.350725	-0.000240	-0.011710	0.004424	0.102133	-0.795611	0.597136	0.987627	0.152911	0.034813	-0.119006	0.586192	0.801384
25754	5.967930	0.402288	8.255580	0.009636	-0.038626	-0.002612	0.102018	-0.795368	0.597480	0.987625	0.152899	0.034906	-0.119117	0.586525	0.801124
25755	6.108582	0.264211	8.200512	0.013673	-0.034782	-0.004650	0.101886	-0.795165	0.597773	0.987620	0.152897	0.035052	-0.119270	0.586801	0.800899
25756	6.106815	0.262176	8.174778	0.022917	-0.031012	-0.009529	0.101711	-0.794976	0.598053	0.987610	0.152908	0.035293	-0.119505	0.587054	0.800679
25757	6.025681	0.426566	8.262190	0.020399	-0.026793	-0.015425	0.101483	-0.794836	0.598278	0.987608	0.152860	0.035557	-0.119715	0.587256	0.800499
25758	6.152081	0.385077	8.168708	0.018833	-0.038185	-0.017683	0.101219	-0.794618	0.598613	0.987611	0.152783	0.035814	-0.119917	0.587571	0.800238
25759	6.217001	0.525427	8.282955	0.021631	-0.019501	-0.015208	0.101001	-0.794520	0.598779	0.987607	0.152744	0.036087	-0.120132	0.587714	0.800101
25760	6.164299	0.599211	8.153806	0.005749	-0.023148	-0.011452	0.100817	-0.794381	0.598995	0.987619	0.152639	0.036202	-0.120189	0.587929	0.799934
25761	6.136806	0.445310	8.259774	0.009516	-0.014483	-0.004842	0.100707	-0.794296	0.599126	0.987619	0.152611	0.036316	-0.120279	0.588051	0.799831
25762	6.195103	0.643036	8.214724	-0.003209	-0.017455	-0.001292	0.100630	-0.794174	0.599300	0.987631	0.152535	0.036299	-0.120242	0.588235	0.799701
25763	6.094501	0.430225	8.268656	-0.015600	-0.021899	0.003808	0.100597	-0.794033	0.599493	0.987653	0.152428	0.036160	-0.120092	0.588453	0.799563
25764	6.208380	0.434359	8.194852	-0.017981	-0.019673	0.004896	0.100578	-0.793889	0.599687	0.987677	0.152313	0.035988	-0.119911	0.588677	0.799425
25765	6.105059	0.510497	8.301433	-0.025886	-0.010313	0.007779	0.100598	-0.793809	0.599789	0.987707	0.152177	0.035743	-0.119648	0.588820	0.799360
25766	6.143703	0.545225	8.287181	-0.033760	-0.023055	0.005944	0.100586	-0.793644	0.600010	0.987748	0.151978	0.035438	-0.119314	0.589095	0.799207
25767	6.197266	0.609033	8.264943	-0.044845	-0.016865	0.021470	0.100733	-0.793505	0.600169	0.987787	0.151839	0.034960	-0.118870	0.589318	0.799109
25768	6.226772	0.633208	8.203689	-0.053601	-0.010648	0.026209	0.100936	-0.793381	0.600299	0.987831	0.151684	0.034375	-0.118328	0.589524	0.799037
25769	6.164274	0.608599	8.243790	-0.060483	-0.005688	0.033756	0.101218	-0.793289	0.600372	0.987875	0.151550	0.033699	-0.117719	0.589682	0.799010
25770	6.157347	0.410627	8.176298	-0.057291	0.000596	0.034064	0.101512	-0.793220	0.600414	0.987915	0.151435	0.033037	-0.117130	0.589805	0.799006
25771	6.135423	0.415583	8.103633	-0.048794	0.012643	0.029307	0.101771	-0.793243	0.600340	0.987949	0.151334	0.032481	-0.116618	0.589799	0.799085
25772	6.114090	0.357166	8.167598	-0.046383	0.016021	0.028732	0.102030	-0.793273	0.600256	0.987981	0.151241	0.031939	-0.116120	0.589783	0.799170
25773	6.145593	0.385444	8.131863	-0.042107	0.018128	0.030958	0.102313	-0.793326	0.600139	0.988005	0.151193	0.031426	-0.115668	0.589724	0.799279
25774	6.197297	0.371526	8.124530	-0.051350	0.022243	0.026672	0.102559	-0.793396	0.600004	0.988044	0.151055	0.030856	-0.115115	0.589666	0.799401
25775	6.075012	0.383087	8.196771	-0.046092	0.033356	0.024858	0.102798	-0.793547	0.599763	0.988078	0.150935	0.030348	-0.114608	0.589493	0.799602
25776	5.993128	0.512344	8.267465	-0.050873	0.026653	0.026030	0.103042	-0.793644	0.599593	0.988116	0.150794	0.029786	-0.114055	0.589398	0.799751
25777	6.076435	0.525059	8.425889	-0.053578	0.008272	0.020803	0.103213	-0.793654	0.599550	0.988162	0.150599	0.029242	-0.113500	0.589435	0.799803
25778	6.472710	0.624969	8.360094	-0.047872	0.020681	0.005393	0.103246	-0.793747	0.599422	0.988218	0.150312	0.028828	-0.112982	0.589383	0.799914
25779	6.336427	0.752280	8.316940	-0.039262	0.071605	0.007027	0.103351	-0.794150	0.598869	0.988262	0.150091	0.028482	-0.112504	0.588896	0.800340
25780	6.227670	0.354506	8.354698	-0.024436	0.098445	-0.006765	0.103352	-0.794719	0.598114	0.988303	0.149846	0.028327	-0.112137	0.588191	0.800910
25781	6.524265	1.120198	9.563421	-0.015523	0.060642	-0.083257	0.102552	-0.795192	0.597623	0.988413	0.149048	0.028711	-0.111905	0.587754	0.801263
25782	7.477642	2.371024	8.362745	-0.171000	0.148331	-0.016754	0.102508	-0.796067	0.596464	0.988627	0.147863	0.027440	-0.110039	0.586868	0.802170
25783	4.678604	2.012381	8.920448	-0.209933	0.166685	0.022357	0.102865	-0.797003	0.595151	0.988839	0.146766	0.025634	-0.107778	0.585872	0.803205
25784	4.177171	1.024756	9.367151	-0.237995	-0.199598	0.172068	0.104310	-0.795558	0.596830	0.988922	0.146692	0.022698	-0.105608	0.587851	0.802047
25785	5.497168	2.132853	9.668210	-0.275313	-0.511835	0.245361	0.106156	-0.792171	0.600995	0.988958	0.146971	0.019039	-0.103411	0.592338	0.799026
25786	6.235445	2.970309	10.007566	-0.333532	-0.693551	0.251314	0.107890	-0.787651	0.606601	0.989036	0.146923	0.014864	-0.100831	0.598347	0.794867
25787	7.551459	3.156392	10.522544	-0.317262	-0.581746	0.149416	0.108742	-0.783931	0.611250	0.989197	0.146147	0.011456	-0.098313	0.603401	0.791354
25788	7.765813	2.639584	11.288227	-0.265379	-0.266584	0.000706	0.108447	-0.782296	0.613393	0.989461	0.144500	0.009355	-0.095954	0.605914	0.789722
25789	5.743582	2.155126	10.790017	-0.178238	0.054435	-0.133957	0.107124	-0.782813	0.612966	0.989780	0.142329	0.008790	-0.094124	0.605761	0.790060
25790	3.565111	1.634296	9.831934	-0.061003	0.247344	-0.199372	0.105340	-0.784569	0.611028	0.990056	0.140351	0.009529	-0.093234	0.603948	0.791552
25791	2.346548	1.050021	9.057958	0.059591	0.302221	-0.188708	0.103704	-0.786651	0.608626	0.990203	0.139185	0.011176	-0.093503	0.601504	0.793379
25792	2.234667	0.677966	8.757775	0.179683	0.351740	-0.107271	0.102931	-0.788889	0.605854	0.990152	0.139371	0.013256	-0.094896	0.598523	0.795465
25793	2.486273	-0.107760	8.749535	0.319882	0.429110	0.008727	0.103381	-0.791437	0.602445	0.989840	0.141306	0.015776	-0.097615	0.594693	0.798005
25794	2.855446	-0.661502	8.695248	0.527744	0.539006	0.130530	0.105168	-0.794421	0.598194	0.989184	0.145419	0.019213	-0.102252	0.589703	0.801121
25795	3.160411	-0.743089	8.494625	0.736701	0.648233	0.258698	0.108362	-0.797841	0.593049	0.988136	0.151758	0.023611	-0.108837	0.583454	0.804820
25796	3.868941	-0.703520	8.313790	0.916515	0.755594	0.395136	0.113073	-0.801585	0.587091	0.986671	0.160184	0.028675	-0.117028	0.576023	0.809013
25797	4.388246	-0.934124	7.899875	1.063354	0.877262	0.512270	0.119143	-0.805758	0.580136	0.984788	0.170337	0.034335	-0.126484	0.567220	0.813795
25798	4.536479	-1.115594	7.456490	1.218762	0.993130	0.577004	0.126085	-0.810307	0.572281	0.982481	0.181803	0.040960	-0.137233	0.557091	0.819034
25799	4.536020	-0.630995	6.996236	1.294037	1.069815	0.589400	0.133348	-0.815107	0.563754	0.979875	0.193686	0.048267	-0.148534	0.545973	0.824531
25800	4.876411	-0.544165	6.862476	1.278669	1.107799	0.549324	0.140385	-0.819979	0.554911	0.977164	0.205038	0.055771	-0.159509	0.534409	0.830038
25801	6.078590	-0.630642	6.960635	1.222275	1.115237	0.455726	0.146621	-0.824923	0.545897	0.974505	0.215203	0.063460	-0.169828	0.522675	0.835445
25802	4.191353	7.001498	9.205216	1.152171	0.730312	0.128466	0.149104	-0.828413	0.539907	0.972311	0.222191	0.072404	-0.179943	0.514162	0.838605
25803	5.778485	-3.731145	-8.746435	-1.245356	-0.600106	0.096711	0.148950	-0.825100	0.544999	0.974346	0.216496	0.061472	-0.168710	0.521861	0.836180
25804	10.159555	-2.120488	-1.879560	-0.365520	-1.580954	-0.938113	0.137098	-0.818710	0.557600	0.976313	0.206806	0.063600	-0.167385	0.535673	0.827670
25805	13.525255	1.712557	12.049070	-0.262316	-1.279983	-0.270906	0.132266	-0.812338	0.567991	0.977124	0.203133	0.062981	-0.166539	0.546667	0.820622
25806	21.391752	-7.302062	15.320185	-0.956559	-0.137751	0.728553	0.139118	-0.810083	0.569571	0.977694	0.203752	0.050987	-0.157355	0.549773	0.820359
25807	8.892766	-10.415624	14.911273	-0.136812	0.587069	0.235311	0.142288	-0.812810	0.564884	0.977585	0.204868	0.048540	-0.155180	0.545315	0.823742
25808	1.793797	-2.153753	5.389278	0.360781	0.068797	0.100366	0.143332	-0.812961	0.564402	0.976886	0.207602	0.050944	-0.158587	0.544055	0.823926
25809	0.543789	2.709854	7.244147	0.130754	-0.152279	0.306740	0.146042	-0.811484	0.565832	0.976244	0.210759	0.050290	-0.160064	0.545045	0.822986
25810	2.101267	3.299824	8.974064	0.071263	-0.576149	0.084520	0.145895	-0.808135	0.570642	0.976016	0.211787	0.050394	-0.161579	0.549603	0.819651
25811	3.147526	4.480782	6.961274	-0.145590	-0.879398	0.030736	0.144731	-0.803201	0.577859	0.976216	0.211184	0.049034	-0.161419	0.557019	0.814662
25812	6.540521	0.812204	8.563618	-0.348532	-0.945814	0.181257	0.144938	-0.797493	0.585660	0.976522	0.210632	0.045149	-0.159365	0.565366	0.809298
25813	13.253601	5.183236	10.868119	-0.327571	-1.095646	0.266543	0.145759	-0.790682	0.594623	0.976663	0.210836	0.040946	-0.157743	0.574778	0.802962
25814	8.730861	-3.509255	6.116077	-0.591364	0.375165	0.291269	0.149139	-0.792205	0.591751	0.977158	0.209701	0.034463	-0.151392	0.573094	0.805384
25815	8.365962	-3.422498	11.257287	-0.060858	-0.349646	0.063129	0.149180	-0.790057	0.594605	0.977165	0.209806	0.033610	-0.151305	0.576013	0.803315
25816	5.146484	2.147345	7.158911	0.136098	0.059320	-0.030400	0.148929	-0.790444	0.594153	0.977014	0.210302	0.034884	-0.152526	0.575301	0.803595
25817	6.671386	0.752621	8.433200	0.027190	-0.032638	0.002157	0.148854	-0.790245	0.594437	0.976978	0.210431	0.035099	-0.152825	0.575527	0.803376
25818	6.244896	-0.115290	8.075067	0.016109	-0.024125	0.013272	0.148902	-0.790060	0.594671	0.976944	0.210582	0.035150	-0.152998	0.575726	0.803201
25819	6.217273	0.568103	8.047687	0.045006	0.003584	-0.005599	0.148807	-0.790085	0.594661	0.976893	0.210752	0.035555	-0.153417	0.575629	0.803190
25820	6.145257	0.483365	8.306819	0.018565	0.031399	0.008065	0.148890	-0.790231	0.594447	0.976862	0.210875	0.035656	-0.153531	0.575384	0.803344
25821	6.088127	0.359648	8.267243	0.015335	0.018205	0.006233	0.148933	-0.790315	0.594324	0.976839	0.210968	0.035752	-0.153638	0.575234	0.803431
25822	6.337307	0.393688	8.164021	0.012446	0.028695	0.010011	0.149030	-0.790441	0.594132	0.976815	0.211072	0.035792	-0.153696	0.575023	0.803571
25823	6.262595	0.283066	8.075638	0.007044	0.068297	0.011720	0.149203	-0.790802	0.593609	0.976796	0.211160	0.035789	-0.153648	0.574495	0.803958
25824	6.167764	0.074083	8.239161	0.011437	0.077701	0.010089	0.149376	-0.791208	0.593023	0.976774	0.211259	0.035821	-0.153623	0.573898	0.804389
25825	6.001265	0.325800	8.174136	0.006845	0.089814	0.002713	0.149495	-0.791710	0.592323	0.976768	0.211275	0.035869	-0.153541	0.573200	0.804902
25826	5.373954	0.482220	8.567156	0.015928	0.062291	-0.001059	0.149536	-0.792051	0.591856	0.976756	0.211311	0.036004	-0.153583	0.572715	0.805239
25827	5.655289	0.472285	8.442268	0.021097	-0.007992	-0.009987	0.149380	-0.792019	0.591938	0.976748	0.211307	0.036242	-0.153785	0.572760	0.805168
25828	5.776796	0.612464	8.442071	0.016493	-0.035593	-0.010786	0.149175	-0.791820	0.592256	0.976748	0.211270	0.036439	-0.153979	0.573049	0.804925
25829	5.955237	0.827479	8.313699	0.017013	-0.076256	-0.010852	0.148906	-0.791399	0.592887	0.976748	0.211236	0.036649	-0.154243	0.573643	0.804451
25830	6.201356	0.777241	8.173122	0.012780	-0.075022	0.005454	0.148799	-0.790939	0.593527	0.976730	0.211306	0.036720	-0.154459	0.574252	0.803976
25831	6.407690	0.266506	8.131243	0.013351	-0.045656	0.011494	0.148794	-0.790645	0.593920	0.976702	0.211429	0.036769	-0.154643	0.574611	0.803684
25832	6.164523	0.282181	8.197628	0.026131	-0.028652	0.002946	0.148734	-0.790456	0.594186	0.976667	0.211556	0.036962	-0.154920	0.574825	0.803478
25833	6.242723	0.425306	8.128602	0.020052	-0.011338	-0.002575	0.148645	-0.790389	0.594298	0.976649	0.211606	0.037148	-0.155118	0.574899	0.803387
25834	5.897253	0.355040	8.334226	0.023157	-0.003630	-0.003924	0.148556	-0.790358	0.594361	0.976629	0.211661	0.037357	-0.155328	0.574920	0.803330
25835	6.207139	0.512598	8.067581	0.017787	0.003656	-0.002311	0.148493	-0.790377	0.594352	0.976614	0.211700	0.037523	-0.155482	0.574881	0.803329
25836	6.196783	0.478792	8.203077	0.010009	0.000543	0.001092	0.148460	-0.790360	0.594383	0.976607	0.211719	0.037598	-0.155558	0.574897	0.803303
25837	6.094244	0.523944	8.365662	0.007116	0.011033	0.004855	0.148478	-0.790405	0.594318	0.976598	0.211754	0.037635	-0.155596	0.574822	0.803349
25838	6.684533	0.375080	8.082506	0.015751	0.029519	0.007065	0.148549	-0.790542	0.594119	0.976573	0.211853	0.037720	-0.155686	0.574597	0.803492
25839	6.359767	0.367939	8.148253	0.013794	0.095322	0.004273	0.148692	-0.791072	0.593377	0.976555	0.211921	0.037815	-0.155664	0.573842	0.804036
25840	6.068333	0.423953	8.221993	0.019203	0.113081	0.009451	0.148916	-0.791682	0.592506	0.976521	0.212060	0.037914	-0.155662	0.572948	0.804674
25841	6.003959	0.463742	8.256413	0.010260	0.108487	0.010420	0.149140	-0.792273	0.591659	0.976499	0.212156	0.037944	-0.155586	0.572095	0.805295
25842	6.052378	0.457144	8.278863	0.004225	0.105956	0.009618	0.149354	-0.792841	0.590844	0.976488	0.212210	0.037922	-0.155449	0.571289	0.805894
25843	5.960704	0.485072	8.294921	-0.005525	0.111120	0.008957	0.149568	-0.793448	0.589974	0.976493	0.212204	0.037834	-0.155214	0.570447	0.806535
25844	5.556637	0.438556	8.432210	-0.005017	0.063203	0.012840	0.149747	-0.793763	0.589505	0.976491	0.212231	0.037717	-0.155050	0.569998	0.806884
25845	5.431396	0.534507	8.462697	-0.003470	0.018609	0.009280	0.149820	-0.793842	0.589380	0.976492	0.212240	0.037644	-0.154973	0.569886	0.806978
25846	6.066337	0.554292	8.216507	-0.013356	-0.016030	0.015175	0.149899	-0.793700	0.589551	0.976500	0.212237	0.037447	-0.154846	0.570083	0.806863
25847	6.308726	0.272711	8.278306	-0.009671	0.003288	0.009180	0.149947	-0.793692	0.589550	0.976511	0.212210	0.037324	-0.154732	0.570105	0.806869
25848	6.283336	0.379627	8.186660	-0.001861	0.038681	0.008671	0.150047	-0.793876	0.589276	0.976511	0.212222	0.037258	-0.154635	0.569844	0.807072
25849	6.131289	0.248232	8.292754	0.003089	0.039872	0.004300	0.150104	-0.794086	0.588979	0.976509	0.212228	0.037267	-0.154591	0.569549	0.807289
25850	6.083787	0.312392	8.290998	0.010027	0.059862	-0.001838	0.150134	-0.794413	0.588530	0.976507	0.212224	0.037358	-0.154578	0.569095	0.807612
25851	6.161997	0.172092	8.383730	0.029175	0.060106	-0.015824	0.150026	-0.794780	0.588061	0.976495	0.212219	0.037696	-0.154758	0.568583	0.807937
25852	6.001573	0.442175	8.235878	0.036039	0.060156	-0.017278	0.149906	-0.795141	0.587604	0.976475	0.212240	0.038089	-0.154999	0.568071	0.808252
25853	5.896663	0.505871	8.321086	0.031177	0.059129	-0.015655	0.149799	-0.795502	0.587143	0.976459	0.212248	0.038442	-0.155200	0.567563	0.808570
25854	6.198172	0.406585	8.416270	0.025869	0.046762	-0.014897	0.149681	-0.795781	0.586794	0.976452	0.212229	0.038738	-0.155362	0.567178	0.808809
25855	7.091358	-0.266686	8.649559	0.079604	0.099781	-0.043451	0.149366	-0.796431	0.585993	0.976402	0.212289	0.039646	-0.155975	0.566243	0.809346
25856	6.873897	-0.166195	8.426802	0.167058	0.204534	-0.094437	0.148720	-0.797770	0.584333	0.976292	0.212434	0.041551	-0.157281	0.564300	0.810449
25857	6.190888	0.517295	8.322619	0.191443	0.267252	-0.114235	0.147981	-0.799509	0.582141	0.976168	0.212555	0.043778	-0.158737	0.561789	0.811909
25858	6.366123	1.821912	8.293104	0.118845	0.271817	-0.062037	0.147763	-0.801147	0.579939	0.976081	0.212678	0.045104	-0.159475	0.559403	0.813410
25859	5.227262	0.974927	8.219058	0.048451	0.322643	-0.023102	0.148006	-0.802988	0.577326	0.976047	0.212718	0.045640	-0.159456	0.556742	0.815238
25860	5.423367	0.685094	8.408755	0.030877	0.204179	-0.015671	0.148133	-0.804139	0.575688	0.976031	0.212717	0.045981	-0.159434	0.555078	0.816375
25861	5.783004	0.647434	8.441991	0.019451	0.187271	-0.003161	0.148354	-0.805176	0.574180	0.976015	0.212754	0.046167	-0.159332	0.553559	0.817426
25862	5.991229	0.801500	8.359410	-0.003964	0.176179	0.013855	0.148725	-0.806103	0.572781	0.976011	0.212797	0.046054	-0.159010	0.552191	0.818413
25863	6.061747	0.845755	8.347235	-0.031340	0.194025	0.033017	0.149309	-0.807095	0.571231	0.976020	0.212846	0.045617	-0.158401	0.550722	0.819521
25864	5.833196	0.724995	8.189846	-0.053732	0.211247	0.044104	0.150028	-0.808146	0.569554	0.976050	0.212860	0.044924	-0.157540	0.549173	0.820725
25865	5.502271	0.478613	8.249524	-0.066745	0.199512	0.061202	0.150892	-0.809101	0.567967	0.976072	0.212943	0.044036	-0.156575	0.547732	0.821872
25866	5.393316	0.332487	8.377733	-0.067581	0.155338	0.062890	0.151704	-0.809800	0.566753	0.976092	0.213036	0.043122	-0.155659	0.546662	0.822758
25867	5.695600	0.308003	8.517493	-0.050316	0.125920	0.044401	0.152286	-0.810385	0.565760	0.976112	0.213076	0.042465	-0.154963	0.545778	0.823476
25868	5.837792	0.291447	8.503810	-0.037182	0.121570	0.031498	0.152737	-0.810965	0.564808	0.976132	0.213082	0.041979	-0.154394	0.544915	0.824154
25869	5.717426	0.272227	8.454943	-0.024558	0.120143	0.023603	0.153107	-0.811560	0.563851	0.976143	0.213095	0.041652	-0.153956	0.544022	0.824825
25870	5.507976	0.169645	8.360145	-0.020515	0.100336	0.018541	0.153397	-0.812050	0.563067	0.976157	0.213087	0.041376	-0.153582	0.543295	0.825375
25871	5.308016	0.143359	8.398461	-0.008940	0.079625	0.008143	0.153553	-0.812457	0.562437	0.976167	0.213060	0.041264	-0.153358	0.542697	0.825810
25872	5.209878	0.157014	8.336805	0.003814	0.031854	0.004659	0.153602	-0.812603	0.562212	0.976165	0.213072	0.041268	-0.153326	0.542473	0.825963
25873	5.115930	0.444102	8.368703	0.007090	-0.003260	-0.000837	0.153543	-0.812579	0.562263	0.976165	0.213058	0.041338	-0.153385	0.542514	0.825925
25874	4.909574	0.875474	8.386131	-0.001918	-0.061540	0.005429	0.153457	-0.812217	0.562809	0.976169	0.213045	0.041290	-0.153441	0.543061	0.825555
25875	5.417357	0.989965	8.208806	-0.027974	-0.113482	0.013432	0.153369	-0.811564	0.563775	0.976201	0.212957	0.040991	-0.153327	0.544071	0.824911
25876	6.205964	0.559414	8.475030	-0.043631	-0.099929	0.023650	0.153402	-0.810953	0.564645	0.976242	0.212865	0.040497	-0.153034	0.545018	0.824340
25877	6.351696	0.105661	8.464508	-0.031830	-0.052300	0.021768	0.153488	-0.810613	0.565108	0.976267	0.212823	0.040119	-0.152789	0.545538	0.824041
25878	5.915773	0.141247	8.369195	-0.016908	-0.031003	0.022596	0.153617	-0.810380	0.565409	0.976268	0.212867	0.039851	-0.152651	0.545869	0.823848
25879	5.516516	0.307236	8.369228	-0.002354	-0.029910	0.003287	0.153557	-0.810201	0.565680	0.976276	0.212836	0.039820	-0.152660	0.546146	0.823663
25880	5.441614	0.477057	8.445251	0.009636	-0.060766	-0.000094	0.153419	-0.809853	0.566217	0.976272	0.212841	0.039899	-0.152826	0.546660	0.823290
25881	5.993388	0.519557	8.526249	0.010310	-0.077784	-0.000155	0.153253	-0.809419	0.566881	0.976266	0.212852	0.039992	-0.153032	0.547298	0.822828
25882	7.078444	0.297592	8.881561	0.028553	-0.027107	-0.012164	0.153048	-0.809280	0.567135	0.976251	0.212863	0.040295	-0.153331	0.547499	0.822639
25883	7.621642	0.287604	8.778761	0.030315	0.111201	-0.017380	0.153003	-0.809917	0.566237	0.976241	0.212843	0.040650	-0.153443	0.546564	0.823239
25884	6.337133	0.287074	8.480075	0.008692	0.242209	0.001933	0.153348	-0.811218	0.564279	0.976234	0.212859	0.040709	-0.153136	0.544626	0.824580
25885	5.126644	0.306353	8.340071	0.005774	0.227666	0.020826	0.153854	-0.812402	0.562434	0.976203	0.213015	0.040646	-0.152828	0.542796	0.825843
25886	4.724641	0.333621	8.249779	0.008013	0.158995	0.017918	0.154227	-0.813209	0.561164	0.976174	0.213157	0.040610	-0.152641	0.541530	0.826708
25887	4.987418	0.112916	8.310806	0.028903	0.075366	0.011799	0.154411	-0.813583	0.560570	0.976121	0.213364	0.040790	-0.152792	0.540886	0.827102
25888	5.268422	-0.185640	8.332992	0.048721	0.029844	0.029884	0.154704	-0.813665	0.560372	0.976010	0.213824	0.041024	-0.153200	0.540582	0.827225
25889	5.214912	-0.033727	8.386717	0.080180	-0.011426	0.014525	0.154783	-0.813563	0.560497	0.975874	0.214331	0.041611	-0.153985	0.540534	0.827110
25890	5.132177	0.623002	8.264869	0.093906	-0.059745	0.001567	0.154661	-0.813221	0.561028	0.975737	0.214805	0.042377	-0.154973	0.540862	0.826712
25891	4.918453	1.315245	8.277509	0.076067	-0.124229	-0.008995	0.154335	-0.812559	0.562075	0.975643	0.215098	0.043062	-0.155892	0.541738	0.825965
25892	5.308955	1.254841	8.151397	0.032730	-0.184409	-0.010673	0.153898	-0.811565	0.563628	0.975618	0.215142	0.043391	-0.156475	0.543208	0.824888
25893	5.506479	-0.055613	8.282887	0.020214	-0.202503	0.001847	0.153553	-0.810452	0.565322	0.975593	0.215222	0.043554	-0.156969	0.544837	0.823719
25894	5.469255	-0.952378	8.515648	0.078442	-0.232167	-0.024567	0.152903	-0.809221	0.567258	0.975518	0.215405	0.044338	-0.158069	0.546591	0.822346
25895	5.762725	-0.235450	8.566299	0.134203	-0.291942	-0.061142	0.151797	-0.807746	0.569652	0.975407	0.215600	0.045794	-0.159807	0.548692	0.820609
25896	5.781741	1.001973	8.169196	0.135777	-0.279253	-0.062786	0.150691	-0.806330	0.571948	0.975295	0.215793	0.047264	-0.161533	0.550696	0.818927
25897	5.258318	1.616320	8.238155	0.093920	-0.301851	-0.039595	0.149770	-0.804741	0.574422	0.975211	0.215947	0.048265	-0.162886	0.552954	0.817135
25898	5.817569	2.745377	8.779024	0.056620	-0.399246	-0.013498	0.148940	-0.802540	0.577708	0.975149	0.216106	0.048804	-0.164014	0.556083	0.814783
25899	7.746778	2.713116	6.831060	-0.256207	-0.275224	0.183456	0.150234	-0.800601	0.580058	0.975302	0.216103	0.045665	-0.161912	0.558872	0.813294
25900	4.970299	0.699867	9.603330	-0.192309	-0.127026	0.145355	0.151403	-0.799559	0.581191	0.975403	0.216143	0.043257	-0.160207	0.560346	0.812617
25901	6.634838	-0.092835	7.903508	-0.182573	-0.257665	0.145375	0.152363	-0.797789	0.583368	0.975483	0.216235	0.040939	-0.158805	0.562828	0.811176
25902	6.053739	0.642358	8.596529	-0.179877	-0.184416	0.140466	0.153397	-0.796428	0.584954	0.975563	0.216294	0.038660	-0.157312	0.564729	0.810144
25903	6.480156	-0.041539	8.193514	-0.166753	-0.145813	0.131496	0.154404	-0.795311	0.586208	0.975631	0.216353	0.036550	-0.155896	0.566280	0.809335
25904	7.103537	-1.434391	9.489189	-0.109291	-0.084800	0.096249	0.155167	-0.794604	0.586965	0.975662	0.216452	0.035101	-0.154940	0.567233	0.808851
25905	5.783468	-0.276478	8.097947	0.101517	-0.077747	-0.056971	0.154444	-0.794277	0.587598	0.975602	0.216530	0.036265	-0.156037	0.567661	0.808340
25906	6.818824	1.145216	8.055446	0.011688	-0.065078	-0.007170	0.154228	-0.793905	0.588156	0.975605	0.216493	0.036401	-0.156231	0.568194	0.807928
25907	5.604662	0.090515	8.786664	0.029234	-0.013629	-0.007698	0.154085	-0.793835	0.588289	0.975581	0.216553	0.036692	-0.156523	0.568270	0.807818
