// General information: 
//  MT Manager version: 2022.2.0 
//  XDA version: 2022.2.0 build 7381 rev 124627 built on 2023-07-19
// Device information: 
//  DeviceId: 00B4CBA7
//  ProductCode: MTW2-3A7G6
//  Firmware Version: 4.6.0
//  Hardware Version: 2.0.0
// Device settings: 
//  Filter Profile: human(46.1)
//  Option Flags: Orientation Smoother Disabled, Position/Velocity Smoother Disabled, Continuous Zero Rotation Update Disabled, AHS Disabled, ICC Disabled
// Coordinate system: ENU
PacketCounter	Acc_X	Acc_Y	Acc_Z	Gyr_X	Gyr_Y	Gyr_Z	Mat[1][1]	Mat[2][1]	Mat[3][1]	Mat[1][2]	Mat[2][2]	Mat[3][2]	Mat[1][3]	Mat[2][3]	Mat[3][3]
42372	9.789515	-0.806069	-1.753761	-0.018909	-0.027723	0.004377	-0.178583	-0.052112	0.982544	-0.685668	0.722782	-0.086289	-0.705669	-0.689108	-0.164808
42373	9.798314	-0.817372	-1.919135	-0.002189	-0.016024	0.006617	-0.178706	-0.052194	0.982517	-0.685630	0.722815	-0.086308	-0.705674	-0.689068	-0.164957
42374	9.705435	-0.794556	-1.967271	0.001716	-0.007633	0.002423	-0.178744	-0.052253	0.982507	-0.685638	0.722809	-0.086294	-0.705656	-0.689069	-0.165024
42375	9.664285	-0.904963	-1.991728	0.035066	-0.001588	0.004329	-0.178749	-0.052252	0.982506	-0.685868	0.722584	-0.086353	-0.705432	-0.689305	-0.164999
42376	9.635782	-0.864374	-1.787223	0.053981	0.007815	0.005244	-0.178698	-0.052183	0.982519	-0.686237	0.722222	-0.086453	-0.705086	-0.689690	-0.164869
42377	9.558246	-1.002271	-1.675148	0.050305	0.007359	0.004460	-0.178641	-0.052119	0.982533	-0.686574	0.721892	-0.086537	-0.704772	-0.690041	-0.164743
42378	9.646525	-0.943912	-1.501233	0.073353	0.006963	0.000577	-0.178563	-0.052092	0.982549	-0.687092	0.721388	-0.086622	-0.704287	-0.690569	-0.164605
42379	9.705432	-0.940195	-1.372683	0.059726	0.006990	-0.003133	-0.178456	-0.052086	0.982568	-0.687508	0.720989	-0.086647	-0.703907	-0.690987	-0.164474
42380	9.605283	-0.831959	-1.399444	0.068837	0.004758	-0.005540	-0.178353	-0.052115	0.982586	-0.688000	0.720517	-0.086666	-0.703453	-0.691476	-0.164361
42381	9.583994	-0.712512	-1.412140	0.037451	-0.001026	-0.010013	-0.178255	-0.052214	0.982598	-0.688272	0.720267	-0.086587	-0.703212	-0.691729	-0.164329
42382	9.493091	-0.826177	-1.529854	0.020744	-0.004937	-0.011330	-0.178179	-0.052351	0.982604	-0.688434	0.720126	-0.086469	-0.703072	-0.691865	-0.164352
42383	9.498700	-0.822648	-1.603294	0.016347	-0.008144	-0.009600	-0.178135	-0.052496	0.982605	-0.688556	0.720022	-0.086360	-0.702964	-0.691962	-0.164408
42384	9.494597	-0.856241	-1.638617	0.015597	-0.015984	-0.015135	-0.178111	-0.052739	0.982596	-0.688692	0.719912	-0.086196	-0.702837	-0.692059	-0.164545
42385	9.481608	-0.889853	-1.707564	0.017627	-0.013952	-0.016976	-0.178056	-0.052977	0.982593	-0.688837	0.719795	-0.086016	-0.702709	-0.692162	-0.164657
42386	9.430787	-0.930280	-1.730635	0.031072	-0.017416	-0.014683	-0.178045	-0.053226	0.982582	-0.689079	0.719579	-0.085883	-0.702474	-0.692368	-0.164794
42387	9.499791	-0.850101	-1.715572	0.051329	-0.019852	-0.021342	-0.178002	-0.053536	0.982573	-0.689468	0.719227	-0.085716	-0.702104	-0.692710	-0.164935
42388	9.549423	-0.738541	-1.660334	0.038291	-0.023297	-0.021861	-0.177982	-0.053877	0.982558	-0.689774	0.718956	-0.085523	-0.701808	-0.692964	-0.165125
42389	9.570578	-0.750769	-1.685423	0.017118	-0.016567	-0.020349	-0.177922	-0.054158	0.982553	-0.689920	0.718841	-0.085310	-0.701679	-0.693062	-0.165262
42390	9.568457	-0.766026	-1.704111	0.002115	-0.017621	-0.025457	-0.177838	-0.054486	0.982550	-0.689980	0.718818	-0.085022	-0.701642	-0.693060	-0.165428
42391	9.605492	-0.794151	-1.679452	0.007586	-0.015217	-0.020607	-0.177767	-0.054759	0.982548	-0.690060	0.718768	-0.084790	-0.701581	-0.693090	-0.165560
42392	9.567698	-0.798787	-1.634730	0.000168	-0.010105	-0.021996	-0.177653	-0.055012	0.982554	-0.690102	0.718758	-0.084533	-0.701569	-0.693080	-0.165653
42393	9.590415	-0.829981	-1.570123	-0.003334	-0.014908	-0.022254	-0.177568	-0.055295	0.982554	-0.690108	0.718783	-0.084267	-0.701584	-0.693032	-0.165792
42394	9.567022	-0.831318	-1.565395	0.007082	-0.017834	-0.023988	-0.177495	-0.055613	0.982549	-0.690198	0.718728	-0.084002	-0.701514	-0.693063	-0.165955
42395	9.517330	-0.784715	-1.536653	0.008220	-0.022009	-0.024736	-0.177443	-0.055963	0.982539	-0.690290	0.718672	-0.083731	-0.701437	-0.693094	-0.166154
42396	9.483398	-0.754460	-1.459014	0.003496	-0.032169	-0.025852	-0.177459	-0.056395	0.982511	-0.690360	0.718638	-0.083442	-0.701364	-0.693094	-0.166461
42397	9.437357	-0.827790	-1.485104	-0.005867	-0.042954	-0.026471	-0.177541	-0.056902	0.982467	-0.690356	0.718678	-0.083130	-0.701347	-0.693011	-0.166878
42398	9.664681	-0.792420	-1.479452	-0.004649	-0.045384	-0.026503	-0.177645	-0.057427	0.982418	-0.690364	0.718706	-0.082822	-0.701313	-0.692938	-0.167320
42399	9.948968	-0.781272	-1.560353	-0.053326	-0.035502	-0.019143	-0.177726	-0.057830	0.982379	-0.690014	0.719079	-0.082503	-0.701637	-0.692518	-0.167702
42400	10.064919	-0.927545	-1.878622	-0.067764	-0.008805	-0.017435	-0.177634	-0.058038	0.982384	-0.689565	0.719546	-0.082177	-0.702101	-0.692015	-0.167837
42401	9.830004	-0.952930	-2.101737	-0.011926	0.002203	-0.021972	-0.177432	-0.058200	0.982411	-0.689511	0.719630	-0.081899	-0.702206	-0.691914	-0.167815
42402	9.684594	-0.690466	-2.207869	0.062680	0.008697	-0.020828	-0.177194	-0.058312	0.982447	-0.689984	0.719192	-0.081759	-0.701801	-0.692360	-0.167671
42403	9.685710	-0.640518	-2.081597	0.024076	0.024294	-0.016255	-0.176876	-0.058280	0.982506	-0.690172	0.719030	-0.081597	-0.701696	-0.692531	-0.167402
42404	9.591853	-0.776506	-2.033544	0.021116	0.034353	-0.018659	-0.176473	-0.058200	0.982583	-0.690352	0.718879	-0.081408	-0.701621	-0.692695	-0.167041
42405	9.597371	-0.846401	-1.958450	0.027469	0.042973	-0.014910	-0.176033	-0.058029	0.982672	-0.690561	0.718694	-0.081265	-0.701525	-0.692901	-0.166586
42406	9.552279	-0.803270	-1.816681	0.036947	0.052163	-0.020897	-0.175490	-0.057842	0.982780	-0.690858	0.718430	-0.081080	-0.701369	-0.693190	-0.166038
42407	9.526067	-0.827868	-1.642960	0.058276	0.048984	-0.020976	-0.174966	-0.057672	0.982884	-0.691293	0.718028	-0.080928	-0.701071	-0.693620	-0.165499
42408	9.495916	-0.695305	-1.488598	0.048574	0.046848	-0.022652	-0.174449	-0.057536	0.982984	-0.691677	0.717679	-0.080744	-0.700821	-0.693993	-0.164995
42409	9.481830	-0.732942	-1.372409	-0.010479	0.043301	-0.029891	-0.173904	-0.057469	0.983084	-0.691646	0.717749	-0.080391	-0.700988	-0.693927	-0.164567
42410	9.370484	-0.818684	-1.266371	-0.031711	0.032626	-0.030893	-0.173429	-0.057489	0.983167	-0.691478	0.717955	-0.079994	-0.701271	-0.693712	-0.164267
42411	9.416504	-0.930937	-1.256912	-0.066521	0.019193	-0.028477	-0.173062	-0.057580	0.983226	-0.691051	0.718414	-0.079563	-0.701782	-0.693229	-0.164121
42412	9.387366	-1.260757	-1.368925	-0.049550	0.004989	-0.027707	-0.172803	-0.057766	0.983261	-0.690745	0.718751	-0.079169	-0.702147	-0.692863	-0.164104
42413	9.409763	-1.426489	-1.480118	0.060183	-0.016548	-0.032074	-0.172662	-0.058130	0.983264	-0.691213	0.718330	-0.078910	-0.701721	-0.693270	-0.164208
42414	9.600390	-0.891951	-1.414300	0.196464	-0.031708	-0.039292	-0.172580	-0.058657	0.983247	-0.692661	0.716946	-0.078806	-0.700312	-0.694657	-0.164360
42415	9.748420	-0.016389	-1.309700	0.198742	-0.037512	-0.025534	-0.172630	-0.059119	0.983211	-0.694085	0.715563	-0.078840	-0.698888	-0.696042	-0.164561
42416	9.798323	0.204298	-1.473514	0.065527	-0.030723	-0.015173	-0.172706	-0.059466	0.983177	-0.694571	0.715100	-0.078757	-0.698386	-0.696488	-0.164806
42417	9.664486	0.016882	-1.794307	0.007686	-0.020574	-0.006246	-0.172771	-0.059673	0.983153	-0.694626	0.715057	-0.078667	-0.698316	-0.696515	-0.164991
42418	9.559860	0.176465	-1.806514	-0.122980	-0.008538	0.020093	-0.172936	-0.059613	0.983127	-0.693733	0.715928	-0.078619	-0.699162	-0.695624	-0.165166
42419	9.735799	-0.003624	-1.921873	-0.279792	0.004459	0.046386	-0.173191	-0.059269	0.983103	-0.691684	0.717914	-0.078571	-0.701126	-0.693605	-0.165331
42420	9.751412	-0.537350	-2.078203	-0.364679	0.028729	0.059724	-0.173366	-0.058666	0.983109	-0.689021	0.720476	-0.078511	-0.703701	-0.690994	-0.165329
42421	9.768157	-0.706973	-2.115374	-0.325017	0.036301	0.058783	-0.173479	-0.058011	0.983128	-0.686618	0.722767	-0.078510	-0.706018	-0.688653	-0.165216
42422	9.746088	-0.624527	-2.054000	-0.239720	0.051532	0.054847	-0.173458	-0.057285	0.983174	-0.684828	0.724452	-0.078611	-0.707759	-0.686941	-0.164893
42423	9.667668	-0.482150	-1.975692	-0.233021	0.065690	0.054998	-0.173333	-0.056455	0.983244	-0.683072	0.726096	-0.078726	-0.709485	-0.685272	-0.164420
42424	9.592080	-0.822002	-2.073988	-0.242469	0.080295	0.057978	-0.173126	-0.055510	0.983334	-0.681248	0.727793	-0.078856	-0.711287	-0.683546	-0.163816
42425	9.633485	-0.904969	-2.060736	-0.191066	0.083625	0.061748	-0.172915	-0.054509	0.983427	-0.679770	0.729146	-0.079109	-0.712750	-0.682184	-0.163134
42426	9.779736	-0.872196	-1.966962	-0.221965	0.097062	0.071271	-0.172673	-0.053354	0.983533	-0.678063	0.730702	-0.079405	-0.714433	-0.680608	-0.162350
42427	9.658797	-1.050571	-1.945588	-0.191210	0.106397	0.072695	-0.172369	-0.052119	0.983653	-0.676559	0.732055	-0.079768	-0.715930	-0.679249	-0.161445
42428	9.628646	-1.032441	-1.750117	-0.101880	0.105766	0.067627	-0.172037	-0.050932	0.983773	-0.675712	0.732787	-0.080228	-0.716810	-0.678549	-0.160482
42429	9.654084	-0.663485	-1.423059	-0.098094	0.107504	0.054710	-0.171601	-0.049821	0.983906	-0.674904	0.733494	-0.080567	-0.717675	-0.677867	-0.159493
42430	9.677777	-0.488465	-1.416728	-0.202609	0.127798	0.050338	-0.170991	-0.048616	0.984072	-0.673368	0.734890	-0.080698	-0.719261	-0.676442	-0.158396
42431	9.581679	-0.386042	-1.325068	-0.268220	0.139805	0.058747	-0.170344	-0.047260	0.984251	-0.671326	0.736744	-0.080811	-0.721321	-0.674518	-0.157227
42432	9.555178	-0.747380	-1.542827	-0.322649	0.140086	0.076916	-0.169815	-0.045775	0.984412	-0.668860	0.738960	-0.081020	-0.723732	-0.672193	-0.156104
42433	9.547581	-1.115848	-1.590134	-0.179100	0.118493	0.080738	-0.169461	-0.044402	0.984536	-0.667415	0.740213	-0.081494	-0.725148	-0.670905	-0.155072
42434	9.617004	-0.783740	-1.199882	-0.060205	0.101565	0.078637	-0.169216	-0.043166	0.984633	-0.666845	0.740656	-0.082132	-0.725729	-0.670496	-0.154116
42435	9.549337	-0.570940	-0.920955	-0.051956	0.074586	0.082232	-0.169188	-0.042077	0.984685	-0.666318	0.741054	-0.082820	-0.726220	-0.670126	-0.153414
42436	9.481592	-0.532815	-0.648490	-0.049006	0.040951	0.081354	-0.169400	-0.041227	0.984685	-0.665825	0.741421	-0.083503	-0.726623	-0.669773	-0.153046
42437	9.468840	-0.466019	-0.446127	-0.059841	0.002979	0.083073	-0.169896	-0.040612	0.984625	-0.665238	0.741869	-0.084187	-0.727044	-0.669313	-0.153057
42438	9.546979	-0.334441	-0.251040	-0.085115	-0.037516	0.083513	-0.170691	-0.040272	0.984501	-0.664483	0.742473	-0.084835	-0.727549	-0.668665	-0.153493
42439	9.502541	-0.248695	-0.172382	-0.140308	-0.078129	0.090862	-0.171828	-0.040139	0.984309	-0.663295	0.743461	-0.085472	-0.728365	-0.667574	-0.154371
42440	9.641309	-0.517354	-0.188524	-0.176717	-0.120745	0.096797	-0.173316	-0.040248	0.984044	-0.661835	0.744688	-0.086108	-0.729340	-0.666198	-0.155704
42441	9.604681	-0.780753	-0.397216	-0.145572	-0.167447	0.092852	-0.175117	-0.040692	0.983706	-0.660600	0.745709	-0.086752	-0.730028	-0.665029	-0.157467
42442	9.646816	-0.905691	-0.413121	-0.097324	-0.211409	0.092168	-0.177234	-0.041432	0.983296	-0.659721	0.746404	-0.087461	-0.730312	-0.664202	-0.159622
42443	9.681796	-1.586839	-0.483764	0.004284	-0.259729	0.089504	-0.179686	-0.042509	0.982805	-0.659582	0.746427	-0.088306	-0.729839	-0.664108	-0.162161
42444	9.651554	-1.605891	-0.128064	0.211918	-0.314921	0.078933	-0.182466	-0.044040	0.982225	-0.660986	0.745056	-0.089384	-0.727876	-0.665547	-0.165057
42445	9.566736	-1.533482	0.349293	0.303780	-0.377639	0.076009	-0.185678	-0.046012	0.981533	-0.663043	0.743079	-0.090595	-0.725188	-0.667620	-0.168482
42446	9.389319	-1.396693	0.777270	0.433672	-0.466266	0.057908	-0.189398	-0.048726	0.980691	-0.666074	0.740208	-0.091859	-0.721439	-0.670610	-0.172649
42447	9.288970	-0.876283	1.471930	0.497303	-0.569582	0.052378	-0.193809	-0.052189	0.979650	-0.669540	0.736905	-0.093202	-0.717045	-0.673979	-0.177762
42448	9.373844	-0.779817	1.828067	0.468765	-0.688545	0.038681	-0.198951	-0.056576	0.978375	-0.672818	0.733762	-0.094385	-0.712555	-0.677046	-0.184048
42449	9.566871	-0.988939	2.012715	0.483840	-0.813405	0.011897	-0.204772	-0.062029	0.976842	-0.676221	0.730500	-0.095368	-0.707668	-0.680090	-0.191531
42450	9.751661	-1.264176	2.188583	0.531492	-0.942535	-0.020901	-0.211231	-0.068623	0.975024	-0.680012	0.726868	-0.096162	-0.702115	-0.683340	-0.200202
42451	10.034371	-1.602664	2.197099	0.537410	-1.072480	-0.061976	-0.218272	-0.076438	0.972890	-0.683894	0.723156	-0.096618	-0.696166	-0.686442	-0.210120
42452	10.297036	-2.073373	2.054492	0.541648	-1.201030	-0.112504	-0.225773	-0.085525	0.970419	-0.687900	0.719342	-0.096647	-0.689797	-0.689371	-0.221240
42453	10.647294	-2.109209	1.864135	0.590313	-1.330909	-0.159740	-0.233769	-0.095885	0.967553	-0.692311	0.715132	-0.096398	-0.682684	-0.692382	-0.233557
42454	11.448637	-1.406448	1.149997	0.534917	-1.433075	-0.222457	-0.241904	-0.107421	0.964336	-0.696478	0.711197	-0.095489	-0.675575	-0.694738	-0.246857
42455	12.509494	-0.740511	1.343563	0.413840	-1.482639	-0.253990	-0.250064	-0.119552	0.960820	-0.699879	0.708043	-0.094051	-0.669058	-0.695976	-0.260727
42456	13.074189	-1.512132	0.765903	0.134551	-1.536322	-0.255049	-0.258468	-0.132042	0.956953	-0.701422	0.706794	-0.091926	-0.664230	-0.694987	-0.275301
42457	12.820720	-1.869764	0.032768	0.018468	-1.557510	-0.222638	-0.267183	-0.144443	0.952759	-0.702124	0.706369	-0.089808	-0.660027	-0.692950	-0.290146
42458	12.468931	-1.730453	-0.959689	0.012433	-1.587149	-0.214250	-0.276065	-0.156938	0.948240	-0.702790	0.705962	-0.087766	-0.655648	-0.690643	-0.305186
42459	12.295424	-1.548933	-1.826577	0.016917	-1.568767	-0.239810	-0.284594	-0.169465	0.943551	-0.703568	0.705465	-0.085506	-0.651151	-0.688187	-0.320001
42460	11.757005	-1.195713	-2.952035	0.030520	-1.534614	-0.277932	-0.292541	-0.181963	0.938781	-0.704565	0.704775	-0.082949	-0.646535	-0.685698	-0.334381
42461	11.352011	-0.559757	-3.340163	0.101777	-1.469648	-0.369790	-0.299362	-0.194648	0.934074	-0.706311	0.703391	-0.079789	-0.641488	-0.683633	-0.348051
42462	10.572501	-0.897231	-4.260031	0.106497	-1.385048	-0.454831	-0.304942	-0.207295	0.929537	-0.708364	0.701756	-0.075887	-0.636577	-0.681592	-0.360836
42463	10.086048	-0.216359	-5.235758	0.517347	-1.293895	-0.545511	-0.309216	-0.219954	0.925206	-0.713310	0.697070	-0.072680	-0.628947	-0.682432	-0.372441
42464	10.250917	1.388687	-4.841393	0.661316	-1.121645	-0.613775	-0.311777	-0.231874	0.921428	-0.719341	0.691175	-0.069466	-0.620760	-0.684479	-0.382289
42465	10.486806	0.642058	-4.925473	0.731784	-0.919484	-0.604850	-0.313041	-0.242361	0.918295	-0.725741	0.684728	-0.066684	-0.612621	-0.687320	-0.390239
42466	10.685119	0.989009	-3.074185	0.865460	-0.602310	-0.555253	-0.312607	-0.250288	0.916315	-0.732735	0.677408	-0.064945	-0.604464	-0.691718	-0.395157
42467	9.896779	1.564068	-2.210604	0.603826	-0.219880	-0.524099	-0.310040	-0.255367	0.915786	-0.737999	0.671902	-0.062490	-0.599361	-0.695223	-0.396777
42468	9.126343	0.802025	-2.712969	0.404294	0.138099	-0.519574	-0.305314	-0.257879	0.916669	-0.742009	0.667764	-0.059284	-0.596830	-0.698276	-0.395227
42469	8.663141	0.082645	-3.103749	0.437980	0.494973	-0.504153	-0.298577	-0.257785	0.918912	-0.746139	0.663403	-0.056332	-0.595087	-0.702455	-0.390420
42470	8.265348	-0.094514	-3.251349	0.541962	0.830007	-0.470919	-0.290066	-0.255034	0.922399	-0.750732	0.658393	-0.054043	-0.593518	-0.708150	-0.382439
42471	7.980153	0.002562	-3.205072	0.584262	1.177782	-0.427660	-0.279824	-0.249475	0.927071	-0.755412	0.653164	-0.052245	-0.592495	-0.714940	-0.371227
42472	7.700626	0.090165	-3.253520	0.546951	1.522890	-0.385249	-0.267825	-0.241032	0.932831	-0.759700	0.648301	-0.050604	-0.592558	-0.722225	-0.356743
42473	7.510098	-0.060256	-3.331603	0.505495	1.841902	-0.345764	-0.254230	-0.229909	0.939419	-0.763597	0.643825	-0.049081	-0.593538	-0.729816	-0.339238
42474	7.412811	-0.041739	-3.394952	0.502738	2.137577	-0.294738	-0.239214	-0.216106	0.946612	-0.767298	0.639498	-0.047907	-0.595004	-0.737794	-0.318795
42475	7.465946	0.038353	-3.360205	0.484518	2.395388	-0.229872	-0.223134	-0.199816	0.954088	-0.770712	0.635435	-0.047167	-0.596837	-0.745852	-0.295788
42476	7.696719	0.129851	-3.039999	0.445195	2.608004	-0.160927	-0.206239	-0.181273	0.961564	-0.773702	0.631816	-0.046837	-0.599041	-0.753624	-0.270556
42477	7.963867	0.534520	-2.385298	0.296135	2.791309	-0.087925	-0.188753	-0.160712	0.968785	-0.775648	0.629435	-0.046706	-0.602281	-0.760252	-0.243464
42478	8.149709	0.786893	-2.421219	0.027759	2.931359	-0.013029	-0.170860	-0.138438	0.975521	-0.775833	0.629215	-0.046592	-0.607363	-0.764802	-0.214913
42479	8.504030	0.823748	-2.857125	-0.188923	3.006314	0.071928	-0.153024	-0.114967	0.981512	-0.774555	0.630767	-0.046875	-0.613717	-0.767408	-0.185571
42480	9.037661	0.665054	-2.990662	-0.294167	3.034587	0.146360	-0.135367	-0.090736	0.986632	-0.772529	0.633181	-0.047761	-0.620383	-0.768667	-0.155808
42481	9.437874	0.633374	-3.089496	-0.461132	3.075741	0.224458	-0.117862	-0.065690	0.990855	-0.769357	0.636915	-0.049290	-0.627853	-0.768130	-0.125607
42482	9.794791	0.314567	-3.077636	-0.631984	3.087497	0.296788	-0.100563	-0.040117	0.994122	-0.765042	0.641919	-0.051486	-0.636080	-0.765722	-0.095245
42483	9.930648	-0.262693	-2.888715	-0.777372	3.075485	0.356473	-0.083544	-0.014347	0.996401	-0.759723	0.647970	-0.054370	-0.644858	-0.761531	-0.065034
42484	9.675012	-1.223733	-2.676301	-0.896072	3.013350	0.386658	-0.066841	0.011025	0.997703	-0.753618	0.654774	-0.057724	-0.653906	-0.755745	-0.035457
42485	9.371122	-3.061370	-2.869599	-0.883990	2.879836	0.380965	-0.050710	0.035189	0.998093	-0.747563	0.661357	-0.061298	-0.662253	-0.749246	-0.007232
42486	8.849951	-4.143588	-2.924512	-0.426699	2.688200	0.319836	-0.035179	0.057385	0.997732	-0.744599	0.664392	-0.064467	-0.666585	-0.745178	0.019356
42487	8.501248	-2.681102	-2.222008	-0.002701	2.440583	0.253069	-0.020748	0.077217	0.996798	-0.744495	0.664262	-0.066954	-0.667305	-0.743501	0.043706
42488	8.732401	-1.078283	-1.419396	0.094992	2.144556	0.201962	-0.007896	0.094480	0.995495	-0.745107	0.663379	-0.068869	-0.666898	-0.742295	0.065159
42489	9.133785	0.778463	0.271341	0.088011	1.824410	0.160820	0.003105	0.109060	0.994030	-0.745674	0.662585	-0.070367	-0.666303	-0.741004	0.083381
42490	7.101377	1.853620	0.726095	-0.634548	1.392437	0.192871	0.011029	0.120610	0.992639	-0.741449	0.667047	-0.072811	-0.670919	-0.735188	0.096783
42491	7.015581	-0.112313	-0.578080	-1.194802	0.898311	0.207463	0.015603	0.128549	0.991580	-0.733391	0.675541	-0.076037	-0.679627	-0.726030	0.104817
42492	6.789802	-1.986440	-1.013543	-1.216626	0.400748	0.207353	0.016884	0.132840	0.990994	-0.725088	0.684070	-0.079344	-0.688449	-0.717218	0.107871
42493	6.669758	-2.550372	-1.407992	-1.046605	-0.048710	0.165435	0.015390	0.133613	0.990914	-0.717852	0.691341	-0.082070	-0.696025	-0.710067	0.106554
42494	7.026506	-1.974241	-2.234135	-0.919642	-0.425802	0.109623	0.011678	0.131352	0.991267	-0.711420	0.697720	-0.084073	-0.702670	-0.704226	0.101594
42495	7.701467	-1.077471	-2.670064	-0.832603	-0.696204	0.064192	0.006346	0.126898	0.991896	-0.705534	0.703501	-0.085488	-0.708648	-0.699273	0.093995
42496	9.433056	-1.717086	-1.844912	-0.645870	-0.750408	0.038968	0.000783	0.121926	0.992539	-0.700928	0.707978	-0.086417	-0.713232	-0.695630	0.086015
42497	11.148139	-0.222644	0.115489	-0.517837	-0.498015	0.054541	-0.003123	0.118837	0.992909	-0.697207	0.711528	-0.087353	-0.716863	-0.692536	0.080632
42498	10.816325	0.789798	0.319298	-1.165984	-0.254655	0.087286	-0.005520	0.117693	0.993035	-0.688782	0.719472	-0.089100	-0.724948	-0.684476	0.077094
42499	10.166738	-0.934715	-0.761829	-1.526126	-0.149156	0.112973	-0.007345	0.117480	0.993048	-0.677614	0.729723	-0.091340	-0.735381	-0.673574	0.074246
42500	9.676566	-2.093761	-1.018514	-1.497494	-0.131876	0.097276	-0.008932	0.117296	0.993057	-0.666502	0.739635	-0.093357	-0.745450	-0.662708	0.071571
42501	9.754583	-2.567306	-1.510138	-1.331741	-0.195676	0.043153	-0.010650	0.116309	0.993156	-0.656494	0.748366	-0.094681	-0.754256	-0.653009	0.068386
42502	11.048619	-4.854573	-1.479768	-1.052385	-0.347044	-0.029120	-0.013049	0.113818	0.993416	-0.648507	0.755251	-0.095049	-0.761097	-0.645478	0.063957
42503	12.348920	-5.890908	-0.345818	-0.498601	-0.370761	-0.064365	-0.015426	0.110923	0.993709	-0.644696	0.758553	-0.094681	-0.764284	-0.642101	0.059810
42504	12.414059	-4.761831	1.281533	-0.304870	-0.368704	-0.052738	-0.017872	0.108141	0.993975	-0.642355	0.760584	-0.094299	-0.766199	-0.640170	0.055872
42505	11.032328	-3.684670	1.743688	-0.141349	-0.413701	-0.049247	-0.020693	0.105098	0.994247	-0.641263	0.761560	-0.093848	-0.767042	-0.639516	0.051636
42506	10.390060	-1.691454	1.404567	-0.055814	-0.534902	-0.090841	-0.024181	0.100971	0.994595	-0.640839	0.762029	-0.092941	-0.767294	-0.639623	0.046280
42507	10.262406	0.177672	0.632505	0.002073	-0.686713	-0.167653	-0.028340	0.095277	0.995047	-0.640882	0.762199	-0.091235	-0.767116	-0.640293	0.039460
42508	10.511557	1.578741	-0.055129	-0.023653	-0.728048	-0.230010	-0.032416	0.088846	0.995518	-0.640754	0.762579	-0.088922	-0.767062	-0.640764	0.032209
42509	10.129241	1.894444	-0.866502	-0.176438	-0.650932	-0.249770	-0.035779	0.082750	0.995928	-0.639468	0.763942	-0.086448	-0.767985	-0.639957	0.025583
42510	9.516337	0.557508	-1.947233	-0.261062	-0.559003	-0.246173	-0.038469	0.077278	0.996267	-0.637537	0.765825	-0.084020	-0.769459	-0.638389	0.019807
42511	9.399918	-0.601860	-2.524320	-0.052449	-0.475963	-0.236403	-0.040590	0.072406	0.996549	-0.637210	0.766355	-0.081635	-0.769621	-0.638324	0.015031
42512	9.384474	-0.257299	-1.938574	0.178774	-0.385638	-0.242029	-0.041977	0.068069	0.996797	-0.638668	0.765400	-0.079163	-0.768337	-0.639945	0.011344
42513	9.565244	-0.029572	-1.002892	0.053599	-0.304164	-0.240616	-0.042742	0.064258	0.997018	-0.639165	0.765233	-0.076721	-0.767881	-0.640538	0.008364
42514	9.615374	-1.221086	-0.546539	-0.182772	-0.249081	-0.239331	-0.043094	0.060811	0.997219	-0.637847	0.766570	-0.074310	-0.768957	-0.639275	0.005753
42515	9.719842	-2.703041	-0.096940	-0.291767	-0.246585	-0.243346	-0.043409	0.057348	0.997410	-0.635689	0.768593	-0.071857	-0.770724	-0.637162	0.003092
42516	9.584267	-3.574660	0.314158	-0.300075	-0.273040	-0.258357	-0.043846	0.053598	0.997600	-0.633491	0.770645	-0.069247	-0.772507	-0.635007	0.000164
42517	9.455612	-3.247370	0.395416	-0.138737	-0.345718	-0.287272	-0.044665	0.049166	0.997791	-0.632529	0.771690	-0.066340	-0.773248	-0.634095	-0.003368
42518	9.680392	-1.594003	1.097370	-0.024773	-0.460027	-0.330697	-0.046101	0.043675	0.997982	-0.632489	0.772002	-0.063003	-0.773196	-0.634117	-0.007966
42519	9.780812	-1.121339	1.224589	0.034178	-0.528703	-0.352733	-0.047922	0.037576	0.998144	-0.632903	0.771946	-0.059447	-0.772747	-0.634577	-0.013211
42520	9.635023	-0.169233	1.470644	0.137569	-0.586825	-0.373996	-0.050053	0.030943	0.998267	-0.634148	0.771203	-0.055701	-0.771590	-0.635837	-0.018979
42521	9.421753	0.565972	1.669816	0.137523	-0.656134	-0.384321	-0.052638	0.023783	0.998330	-0.635389	0.770449	-0.051856	-0.770396	-0.637058	-0.025444
42522	9.410723	0.614341	1.884298	0.164041	-0.752022	-0.393746	-0.055889	0.015935	0.998310	-0.636868	0.769481	-0.047937	-0.768944	-0.638471	-0.032857
42523	9.617629	0.782034	1.965129	0.170045	-0.825447	-0.387454	-0.059725	0.007657	0.998185	-0.638383	0.768455	-0.044092	-0.767399	-0.639858	-0.041008
42524	9.629593	1.032479	1.213883	0.059580	-0.863613	-0.376919	-0.063905	-0.000786	0.997956	-0.639076	0.768086	-0.040319	-0.766484	-0.640346	-0.049587
42525	9.774765	0.926649	-0.068554	-0.113669	-0.872014	-0.354991	-0.068288	-0.009116	0.997624	-0.638423	0.768811	-0.036676	-0.766650	-0.639411	-0.058320
42526	9.883237	0.577388	-1.625275	-0.163354	-0.849503	-0.331006	-0.072654	-0.017107	0.997211	-0.637404	0.769813	-0.033233	-0.767097	-0.638040	-0.066834
42527	9.968925	0.766288	-2.642351	-0.184933	-0.794851	-0.306147	-0.076769	-0.024553	0.996747	-0.636198	0.770942	-0.030009	-0.767697	-0.636432	-0.074805
42528	10.068340	0.753899	-4.054891	-0.278361	-0.694965	-0.280165	-0.080292	-0.031151	0.996285	-0.634278	0.772635	-0.026959	-0.768924	-0.634086	-0.081795
42529	10.132130	0.750630	-4.978942	-0.284580	-0.572466	-0.237597	-0.083159	-0.036634	0.995863	-0.632267	0.774369	-0.024311	-0.770275	-0.631673	-0.087558
42530	9.847744	-0.126461	-4.862784	-0.356465	-0.448712	-0.204699	-0.085293	-0.041074	0.995509	-0.629687	0.776540	-0.021911	-0.772152	-0.628728	-0.092097
42531	9.868270	-1.240288	-4.352644	-0.165429	-0.368846	-0.186196	-0.086936	-0.044859	0.995203	-0.628555	0.777512	-0.019861	-0.772891	-0.627266	-0.095790
42532	10.137600	-0.610920	-2.920311	0.099362	-0.303798	-0.165755	-0.088209	-0.048081	0.994941	-0.629465	0.776814	-0.018267	-0.772006	-0.627892	-0.098787
42533	10.007148	-0.564251	-1.635542	0.029375	-0.267723	-0.148934	-0.089303	-0.050941	0.994701	-0.629809	0.776569	-0.016774	-0.771599	-0.627970	-0.101433
42534	9.944319	-0.643642	-0.721374	0.124686	-0.272052	-0.137924	-0.090501	-0.053748	0.994445	-0.630893	0.775715	-0.015489	-0.770573	-0.628790	-0.104112
42535	9.648656	0.382429	0.503695	0.141221	-0.297945	-0.116283	-0.092027	-0.056547	0.994150	-0.632072	0.774775	-0.014441	-0.769426	-0.629703	-0.107041
42536	9.350843	0.643627	1.061402	0.003365	-0.347160	-0.109683	-0.093972	-0.059607	0.993789	-0.632193	0.774696	-0.013314	-0.769091	-0.629518	-0.110484
42537	9.525226	0.736642	1.083137	0.028834	-0.413945	-0.119167	-0.096367	-0.063158	0.993340	-0.632514	0.774454	-0.012121	-0.768531	-0.629469	-0.114581
42538	9.848965	1.192461	0.470292	-0.012294	-0.437780	-0.112158	-0.098988	-0.066806	0.992844	-0.632523	0.774464	-0.010951	-0.768190	-0.629080	-0.118919
42539	9.634967	0.993093	-0.353299	-0.077227	-0.454936	-0.092355	-0.101865	-0.070404	0.992304	-0.632008	0.774898	-0.009899	-0.768238	-0.628153	-0.123431
42540	9.421036	0.438417	-1.165269	0.038237	-0.481581	-0.092433	-0.104942	-0.074171	0.991709	-0.632394	0.774595	-0.008987	-0.767506	-0.628094	-0.128193
42541	9.612830	0.681050	-1.704054	0.177004	-0.489828	-0.081894	-0.108145	-0.077906	0.991078	-0.633824	0.773432	-0.008365	-0.765880	-0.629074	-0.133022
42542	9.782962	0.800458	-1.981261	0.106532	-0.460553	-0.063229	-0.111233	-0.081319	0.990462	-0.634706	0.772714	-0.007838	-0.764706	-0.629524	-0.137565
42543	9.910988	0.603287	-2.531534	0.030350	-0.419488	-0.039204	-0.114156	-0.084285	0.989881	-0.634968	0.772502	-0.007451	-0.764057	-0.629394	-0.141704
42544	10.042507	0.750779	-3.148282	-0.035727	-0.368106	-0.009455	-0.116873	-0.086699	0.989355	-0.634697	0.772727	-0.007262	-0.763872	-0.628789	-0.145338
42545	10.008564	0.746898	-3.176603	-0.100228	-0.314263	0.022540	-0.119383	-0.088521	0.988894	-0.633891	0.773388	-0.007295	-0.764153	-0.627722	-0.148442
42546	9.931152	0.015926	-3.124689	-0.181750	-0.268008	0.043154	-0.121670	-0.089895	0.988491	-0.632443	0.774572	-0.007404	-0.764992	-0.626065	-0.151096
42547	9.745562	-1.347298	-2.850223	-0.228257	-0.221379	0.049768	-0.123645	-0.090916	0.988153	-0.630621	0.776055	-0.007507	-0.766178	-0.624078	-0.153289
42548	9.416065	-2.519805	-2.668946	0.029700	-0.222010	0.034741	-0.125531	-0.092061	0.987809	-0.630800	0.775906	-0.007850	-0.765724	-0.624095	-0.155473
42549	9.598648	-1.697301	-1.541290	0.281702	-0.243602	0.020307	-0.127488	-0.093449	0.987428	-0.632915	0.774175	-0.008450	-0.763652	-0.626035	-0.157843
42550	9.390012	-1.356711	-0.914901	0.410768	-0.273354	0.005961	-0.129579	-0.095144	0.986994	-0.636028	0.771612	-0.009120	-0.760709	-0.628938	-0.160499
42551	9.393283	-0.249245	0.104190	0.627777	-0.345628	-0.012141	-0.132088	-0.097441	0.986437	-0.640793	0.767649	-0.009976	-0.756266	-0.633419	-0.163837
42552	9.367457	1.067222	0.837440	0.590269	-0.405935	-0.004589	-0.135088	-0.100082	0.985766	-0.645245	0.763898	-0.010867	-0.751938	-0.637529	-0.167770
42553	9.330967	1.215206	0.862024	0.416149	-0.464471	0.012530	-0.138619	-0.102975	0.984978	-0.648338	0.761264	-0.011656	-0.748627	-0.640214	-0.172288
42554	9.301164	0.746046	0.479731	0.356572	-0.524839	0.023288	-0.142656	-0.106189	0.984059	-0.650965	0.759006	-0.012465	-0.745583	-0.642366	-0.177402
42555	9.177598	0.448659	-0.088267	0.407883	-0.592474	0.034901	-0.147256	-0.109759	0.982990	-0.653936	0.756429	-0.013501	-0.742080	-0.644800	-0.183164
42556	9.148932	0.569069	-0.422845	0.515918	-0.644725	0.047733	-0.152302	-0.113590	0.981785	-0.657677	0.753153	-0.014886	-0.737743	-0.647964	-0.189413
42557	9.422286	0.785928	-0.618207	0.580348	-0.707510	0.064959	-0.157898	-0.117720	0.980413	-0.661832	0.749469	-0.016600	-0.732835	-0.651490	-0.196251
42558	9.733397	0.968798	-1.232716	0.485218	-0.713204	0.090016	-0.163668	-0.121725	0.978977	-0.665224	0.746417	-0.018406	-0.728485	-0.654251	-0.203139
42559	9.798041	0.616558	-2.238256	0.359949	-0.700919	0.110069	-0.169461	-0.125517	0.977511	-0.667645	0.744206	-0.020183	-0.724936	-0.656051	-0.209914
42560	9.633330	0.211851	-3.207559	0.346395	-0.675538	0.138220	-0.175231	-0.128949	0.976046	-0.669903	0.742116	-0.022225	-0.721473	-0.657751	-0.216425
42561	9.668329	0.088869	-3.727349	0.369533	-0.648923	0.157165	-0.180921	-0.132079	0.974588	-0.672272	0.739897	-0.024526	-0.717856	-0.659626	-0.222656
42562	9.727788	-0.142128	-3.981534	0.427812	-0.613301	0.178784	-0.186476	-0.134836	0.973163	-0.675002	0.737315	-0.027185	-0.713862	-0.661956	-0.228506
42563	9.706991	-0.404412	-3.548940	0.501694	-0.595660	0.197501	-0.192016	-0.137354	0.971732	-0.678188	0.734266	-0.030223	-0.709359	-0.664821	-0.234143
42564	9.710737	-0.466784	-2.862968	0.555375	-0.575343	0.211776	-0.197485	-0.139662	0.970306	-0.681696	0.730866	-0.033547	-0.704478	-0.668079	-0.239542
42565	9.620161	-0.414437	-1.957468	0.613293	-0.589445	0.219708	-0.203089	-0.142029	0.968805	-0.685551	0.727077	-0.037120	-0.699124	-0.671704	-0.245029
42566	9.897007	-0.052818	-0.855492	0.534888	-0.611106	0.233092	-0.208909	-0.144476	0.967204	-0.688795	0.723816	-0.040655	-0.694204	-0.674698	-0.250727
42567	9.822504	-0.052187	-0.302784	0.422590	-0.626569	0.238771	-0.214858	-0.147005	0.965518	-0.691205	0.721318	-0.043990	-0.689979	-0.676823	-0.256592
42568	9.511696	-0.009185	0.042858	0.419583	-0.682151	0.249314	-0.221236	-0.149856	0.963638	-0.693543	0.718852	-0.047437	-0.685604	-0.678819	-0.262967
42569	9.513740	0.522645	0.108891	0.435353	-0.762669	0.247683	-0.228132	-0.153283	0.961488	-0.695953	0.716278	-0.050938	-0.680885	-0.680772	-0.270084
42570	9.499662	0.839194	0.214070	0.346932	-0.833505	0.258124	-0.235545	-0.157138	0.959076	-0.697709	0.714319	-0.054318	-0.676551	-0.681950	-0.277891
42571	9.611532	0.596358	-0.094551	0.160635	-0.905008	0.260022	-0.243433	-0.161471	0.956383	-0.698164	0.713648	-0.057218	-0.673282	-0.681640	-0.286458
42572	9.893462	0.434949	-0.466824	0.064633	-0.974924	0.261497	-0.251763	-0.166264	0.953400	-0.697948	0.713643	-0.059853	-0.670436	-0.680492	-0.295713
42573	10.210034	0.570753	0.118153	-0.117348	-1.050420	0.276689	-0.260689	-0.171442	0.950078	-0.696447	0.714917	-0.062089	-0.668582	-0.677865	-0.305771
42574	10.892284	-0.104266	0.006045	-0.203315	-1.146599	0.271543	-0.270188	-0.177266	0.946348	-0.694362	0.716776	-0.063981	-0.666978	-0.674395	-0.316751
42575	11.197308	-0.334771	0.293381	-0.248053	-1.193577	0.270072	-0.279977	-0.183373	0.942331	-0.691961	0.718940	-0.065687	-0.665434	-0.670447	-0.328173
42576	11.198032	-0.562447	0.252431	-0.151934	-1.297292	0.259512	-0.290336	-0.190195	0.937833	-0.690209	0.720449	-0.067567	-0.662810	-0.666918	-0.340447
42577	11.825682	-0.576628	0.543881	0.053275	-1.423209	0.236973	-0.301337	-0.197982	0.932737	-0.689855	0.720562	-0.069924	-0.658252	-0.664525	-0.353712
42578	12.969229	-0.234741	1.644500	0.167260	-1.565932	0.226721	-0.313111	-0.206753	0.926938	-0.690253	0.719918	-0.072584	-0.652313	-0.662549	-0.368126
42579	13.013299	-1.539483	1.541976	0.100345	-1.670717	0.224923	-0.325477	-0.216199	0.920501	-0.690183	0.719738	-0.074994	-0.646306	-0.659724	-0.383475
42580	12.474403	-2.088845	1.828981	0.211953	-1.821948	0.204257	-0.338539	-0.226734	0.913227	-0.690864	0.718803	-0.077645	-0.638825	-0.657202	-0.399985
42581	12.498700	-2.198583	1.959833	0.324425	-1.972714	0.168279	-0.352182	-0.238488	0.905037	-0.692339	0.717073	-0.080457	-0.629789	-0.654928	-0.417655
42582	12.637476	-1.831117	1.701369	0.399572	-2.120129	0.140739	-0.366344	-0.251339	0.895891	-0.694324	0.714816	-0.083380	-0.619441	-0.652584	-0.436379
42583	12.931621	-1.170174	1.557366	0.312627	-2.230248	0.107651	-0.380756	-0.265106	0.885858	-0.695842	0.713065	-0.085689	-0.608957	-0.649043	-0.455975
42584	12.581705	-0.394694	0.174271	-0.140617	-2.273307	0.012958	-0.394543	-0.279677	0.875281	-0.694934	0.714021	-0.085099	-0.601168	-0.641837	-0.476069
42585	12.238613	-1.283982	-1.811204	-0.219325	-2.329623	-0.118226	-0.407602	-0.295399	0.864060	-0.694099	0.715083	-0.082959	-0.593369	-0.633558	-0.496505
42586	11.723143	-1.090450	-3.658916	-0.146377	-2.311945	-0.245876	-0.419457	-0.311697	0.852585	-0.694244	0.715273	-0.080059	-0.584877	-0.625483	-0.516420
42587	10.750480	-0.467972	-5.913819	0.092220	-2.257687	-0.372622	-0.429921	-0.328427	0.841013	-0.696364	0.713509	-0.077343	-0.574669	-0.618903	-0.535457
42588	10.172242	1.130255	-6.618276	0.354009	-2.188425	-0.532559	-0.438597	-0.345679	0.829541	-0.700665	0.709561	-0.074775	-0.562762	-0.614027	-0.553416
42589	10.005023	0.856400	-7.730417	0.356915	-2.032896	-0.590407	-0.445736	-0.362311	0.818566	-0.705268	0.705289	-0.071869	-0.551286	-0.609343	-0.569899
42590	9.763817	0.076767	-7.416288	0.634197	-1.762388	-0.545948	-0.451429	-0.376838	0.808830	-0.711149	0.699443	-0.071036	-0.538961	-0.607266	-0.583737
42591	8.957180	1.069913	-6.606630	0.740647	-1.505765	-0.470688	-0.456057	-0.389275	0.800298	-0.717237	0.693144	-0.071570	-0.526862	-0.606643	-0.595316
42592	9.218121	0.727016	-5.128362	0.599668	-1.160539	-0.439642	-0.458911	-0.399311	0.793695	-0.722343	0.687817	-0.071612	-0.517321	-0.606184	-0.604086
42593	8.328792	0.852073	-4.393531	0.452195	-0.727591	-0.481400	-0.459128	-0.407041	0.789632	-0.726883	0.683133	-0.070500	-0.510727	-0.606339	-0.609517
42594	7.491623	0.606417	-4.623429	0.239290	-0.319282	-0.538688	-0.456787	-0.412611	0.788098	-0.730534	0.679516	-0.067660	-0.507608	-0.606639	-0.611820
42595	6.928973	-0.122885	-5.222968	0.222545	0.094828	-0.551714	-0.452230	-0.415792	0.789053	-0.734176	0.675877	-0.064625	-0.506432	-0.608529	-0.610917
42596	6.653365	-0.451822	-5.507559	0.420054	0.494485	-0.524471	-0.445834	-0.416253	0.792442	-0.738605	0.671190	-0.062983	-0.505662	-0.613382	-0.606686
42597	6.605142	-0.451345	-5.660150	0.546548	0.891429	-0.498280	-0.437599	-0.414102	0.798140	-0.743575	0.665747	-0.062271	-0.505572	-0.620726	-0.599246
42598	6.472820	-0.868966	-5.775975	0.709741	1.278925	-0.464832	-0.427622	-0.409138	0.806068	-0.749135	0.659443	-0.062704	-0.505901	-0.630667	-0.588492
42599	6.316301	-1.175259	-5.602590	0.850852	1.637801	-0.451096	-0.415903	-0.401685	0.815888	-0.755349	0.652195	-0.063949	-0.506431	-0.642877	-0.574662
42600	6.049396	-1.479945	-5.437008	1.041324	1.951318	-0.425851	-0.402749	-0.391715	0.827256	-0.762323	0.643793	-0.066293	-0.506614	-0.657336	-0.557900
42601	5.959664	-1.008776	-5.046577	1.243713	2.223741	-0.413166	-0.388288	-0.379569	0.839738	-0.770257	0.633922	-0.069622	-0.505902	-0.673847	-0.538510
42602	6.069977	0.156665	-4.608556	1.165714	2.467186	-0.403161	-0.372635	-0.365238	0.853079	-0.777655	0.624520	-0.072306	-0.506356	-0.690345	-0.516748
42603	6.655661	0.574204	-5.078139	0.809694	2.688666	-0.374795	-0.356011	-0.348823	0.866936	-0.783137	0.617535	-0.073125	-0.509856	-0.704963	-0.493025
42604	7.326677	-0.490143	-5.900230	0.506307	2.887358	-0.311431	-0.338704	-0.330164	0.881062	-0.786783	0.612924	-0.072777	-0.515996	-0.717855	-0.467368
42605	7.388672	-1.706709	-5.726602	0.547693	3.033282	-0.262437	-0.320858	-0.309807	0.895025	-0.790491	0.608121	-0.072886	-0.521703	-0.730896	-0.440020
42606	7.978761	-1.249153	-5.505937	0.535965	3.118146	-0.204103	-0.302827	-0.288033	0.908478	-0.793917	0.603596	-0.073269	-0.527250	-0.743444	-0.411459
42607	8.335811	-0.787186	-5.345885	0.328502	3.176957	-0.156806	-0.284683	-0.265200	0.921208	-0.796119	0.600709	-0.073093	-0.533994	-0.754200	-0.382142
42608	8.710123	-0.610020	-4.962290	0.043547	3.209138	-0.113840	-0.266437	-0.241527	0.933100	-0.796651	0.600119	-0.072139	-0.542548	-0.762576	-0.352307
42609	9.016191	-0.511965	-4.847818	-0.328882	3.238397	-0.051669	-0.248239	-0.217066	0.944066	-0.794978	0.602527	-0.070500	-0.553522	-0.768013	-0.322134
42610	9.300235	-0.897721	-4.864305	-0.696623	3.252081	0.017544	-0.230091	-0.191932	0.954055	-0.791023	0.607943	-0.068469	-0.566870	-0.770433	-0.291705
42611	9.466713	-1.826570	-5.046284	-0.905315	3.254471	0.082655	-0.212020	-0.166360	0.963001	-0.785638	0.615079	-0.066715	-0.581224	-0.770715	-0.261108
42612	9.511132	-2.435329	-4.810816	-0.931711	3.241066	0.129232	-0.193898	-0.140588	0.970896	-0.779887	0.622471	-0.065617	-0.595130	-0.769912	-0.230339
42613	9.405588	-2.852116	-4.463707	-0.877236	3.196353	0.152086	-0.175815	-0.115062	0.977676	-0.774322	0.629428	-0.065169	-0.607878	-0.768493	-0.199757
42614	9.205818	-2.997186	-4.009240	-0.786006	3.133577	0.157417	-0.157735	-0.090012	0.983371	-0.769237	0.635627	-0.065205	-0.619188	-0.766730	-0.169501
42615	9.106527	-2.759398	-3.572372	-0.655743	3.047396	0.145272	-0.139795	-0.065761	0.987994	-0.764920	0.640778	-0.065581	-0.628772	-0.764905	-0.139879
42616	9.193421	-2.434904	-3.279614	-0.516063	2.939235	0.134748	-0.122162	-0.042440	0.991602	-0.761481	0.644797	-0.066215	-0.636572	-0.763175	-0.111087
42617	9.434454	-1.851283	-3.089446	-0.376672	2.829563	0.125482	-0.104979	-0.020071	0.994272	-0.758918	0.647725	-0.067054	-0.642669	-0.761610	-0.083229
42618	9.692599	-1.350838	-2.834208	-0.326418	2.718722	0.137066	-0.088414	0.001496	0.996083	-0.756680	0.650225	-0.068141	-0.647780	-0.759740	-0.056356
42619	9.707023	-1.449490	-2.543374	-0.310196	2.603472	0.150305	-0.072588	0.022210	0.997115	-0.754530	0.652579	-0.069464	-0.652239	-0.757395	-0.030611
42620	9.709923	-1.569816	-2.281733	-0.231275	2.459980	0.152978	-0.057597	0.041807	0.997464	-0.752924	0.654278	-0.070899	-0.655583	-0.755098	-0.006207
42621	10.655414	-1.561161	-1.569454	-0.067776	2.289245	0.152093	-0.043676	0.060054	0.997239	-0.752388	0.654731	-0.072381	-0.657270	-0.753472	0.016588
42622	9.421498	-0.924107	-1.181917	-0.092699	2.134997	0.171168	-0.030860	0.077234	0.996535	-0.751714	0.655317	-0.074067	-0.658767	-0.751395	0.037835
42623	9.087084	-1.750733	-1.272492	-0.309741	1.896117	0.181504	-0.019666	0.092622	0.995507	-0.749608	0.657506	-0.075983	-0.661589	-0.747735	0.056500
42624	8.820087	-2.844793	-1.759475	-0.136995	1.657865	0.177591	-0.009968	0.106156	0.994299	-0.748686	0.658345	-0.077794	-0.662850	-0.745193	0.072916
42625	8.568728	-2.789941	-1.432903	0.185389	1.396798	0.131470	-0.001665	0.117411	0.993082	-0.749890	0.656839	-0.078915	-0.661560	-0.744834	0.086952
42626	8.523052	-1.707360	-0.959955	0.393232	1.121518	0.083032	0.005161	0.126306	0.991978	-0.752494	0.653804	-0.079333	-0.658579	-0.746048	0.098419
42627	8.545318	-0.847751	-0.614592	0.385101	0.853320	0.062413	0.010335	0.133070	0.991053	-0.755013	0.650870	-0.079520	-0.655628	-0.747436	0.107196
42628	8.244166	-0.395196	-0.463114	0.203682	0.589408	0.077749	0.013651	0.137972	0.990342	-0.756366	0.649235	-0.080024	-0.654006	-0.747969	0.113220
42629	8.531629	-0.719795	-0.612176	0.035375	0.349863	0.094288	0.015263	0.141184	0.989866	-0.756595	0.648862	-0.080881	-0.653706	-0.747693	0.116723
42630	8.191911	-1.152974	-0.705987	-0.089520	0.106901	0.130142	0.015021	0.142817	0.989635	-0.756037	0.649342	-0.082233	-0.654356	-0.746966	0.117728
42631	8.061359	-1.514221	-0.879807	-0.147372	-0.131733	0.157729	0.013004	0.142842	0.989660	-0.755078	0.650241	-0.083931	-0.655506	-0.746179	0.116313
