// General information: 
//  MT Manager version: 2022.2.0 
//  XDA version: 2022.2.0 build 7381 rev 124627 built on 2023-07-19
// Device information: 
//  DeviceId: 00B4CB9F
//  ProductCode: MTW2-3A7G6
//  Firmware Version: 4.6.0
//  Hardware Version: 2.0.0
// Device settings: 
//  Filter Profile: human(46.1)
//  Option Flags: Orientation Smoother Disabled, Position/Velocity Smoother Disabled, Continuous Zero Rotation Update Disabled, AHS Disabled, ICC Disabled
// Coordinate system: ENU
PacketCounter	Acc_X	Acc_Y	Acc_Z	Gyr_X	Gyr_Y	Gyr_Z	Mat[1][1]	Mat[2][1]	Mat[3][1]	Mat[1][2]	Mat[2][2]	Mat[3][2]	Mat[1][3]	Mat[2][3]	Mat[3][3]
58513	9.768948	-0.059682	1.294205	0.030499	-0.021723	-0.013466	0.076651	0.101760	0.991852	-0.892545	0.450384	0.022769	-0.444397	-0.887017	0.125347
58514	9.762508	0.025678	1.301530	0.046999	-0.016172	-0.008012	0.076565	0.101528	0.991882	-0.892772	0.449929	0.022860	-0.443956	-0.887274	0.125091
58515	9.748064	0.083687	1.289137	0.065404	-0.011063	0.000775	0.076446	0.101405	0.991904	-0.893087	0.449301	0.022897	-0.443341	-0.887607	0.124911
58516	9.744746	0.247838	1.218845	0.088413	-0.008232	0.009081	0.076243	0.101321	0.991928	-0.893510	0.448460	0.022870	-0.442523	-0.888041	0.124724
58517	9.715220	0.365562	1.160939	0.089009	-0.013818	0.007570	0.076052	0.101204	0.991955	-0.893934	0.447614	0.022869	-0.441699	-0.888481	0.124511
58518	9.787112	0.470154	1.169146	0.078108	-0.016721	0.003879	0.075858	0.101021	0.991988	-0.894308	0.446867	0.022881	-0.440975	-0.888878	0.124242
58519	9.805122	0.493669	1.100059	0.065537	-0.012862	-0.002689	0.075763	0.100866	0.992011	-0.894619	0.446240	0.022952	-0.440360	-0.889211	0.124045
58520	9.725927	0.482053	1.028672	0.045302	-0.015439	-0.017616	0.075769	0.100598	0.992038	-0.894828	0.445811	0.023136	-0.439934	-0.889456	0.123797
58521	9.732671	0.400584	1.018332	0.036007	-0.012968	-0.022757	0.075853	0.100353	0.992056	-0.894994	0.445466	0.023370	-0.439583	-0.889657	0.123605
58522	9.743718	0.270414	1.072651	0.029481	-0.010232	-0.025615	0.075954	0.100095	0.992075	-0.895124	0.445192	0.023614	-0.439300	-0.889823	0.123412
58523	9.716105	0.237555	0.981701	0.033739	-0.006655	-0.021965	0.076059	0.099909	0.992085	-0.895280	0.444866	0.023836	-0.438963	-0.890007	0.123282
58524	9.689468	0.197650	0.959392	0.042668	-0.011462	-0.025536	0.076153	0.099641	0.992105	-0.895474	0.444460	0.024097	-0.438550	-0.890240	0.123074
58525	9.689533	0.200311	0.958183	0.049819	-0.011587	-0.020256	0.076221	0.099419	0.992122	-0.895702	0.443989	0.024322	-0.438073	-0.890499	0.122891
58526	9.670840	0.186883	0.955978	0.050600	-0.004763	-0.014566	0.076247	0.099259	0.992136	-0.895937	0.443505	0.024483	-0.437587	-0.890759	0.122746
58527	9.670839	0.188743	0.955615	0.050458	-0.000771	-0.013916	0.076305	0.099161	0.992141	-0.896172	0.443022	0.024646	-0.437096	-0.891010	0.122671
58528	9.753495	0.162040	1.021364	0.046713	0.010438	-0.010579	0.076362	0.099155	0.992138	-0.896390	0.442574	0.024762	-0.436639	-0.891233	0.122677
58529	9.842960	0.169286	1.039468	0.047370	0.021223	-0.013163	0.076510	0.099256	0.992116	-0.896611	0.442117	0.024914	-0.436159	-0.891449	0.122821
58530	9.910794	0.317231	1.055161	0.059839	0.023529	-0.008761	0.076608	0.099374	0.992097	-0.896889	0.441547	0.025028	-0.435570	-0.891718	0.122954
58531	9.893231	0.410717	1.119401	0.065596	0.038620	-0.008759	0.076792	0.099651	0.992055	-0.897192	0.440923	0.025159	-0.434912	-0.891996	0.123265
58532	9.822399	0.536599	1.101650	0.069906	0.044332	-0.007939	0.076972	0.099958	0.992010	-0.897514	0.440261	0.025278	-0.434217	-0.892288	0.123602
58533	9.703665	0.639402	1.134390	0.060532	0.044678	-0.010264	0.077196	0.100282	0.991960	-0.897793	0.439683	0.025418	-0.433599	-0.892537	0.123974
58534	9.680897	0.667467	1.141439	0.049400	0.049678	-0.012670	0.077442	0.100616	0.991907	-0.898021	0.439209	0.025560	-0.433082	-0.892733	0.124369
58535	9.675810	0.600732	1.122004	0.045013	0.050050	-0.024586	0.077817	0.100926	0.991846	-0.898221	0.438784	0.025823	-0.432600	-0.892907	0.124799
58536	9.768029	0.450192	1.180032	0.031982	0.047246	-0.034238	0.078247	0.101143	0.991790	-0.898361	0.438479	0.026159	-0.432233	-0.893032	0.125173
58537	9.889873	0.304400	1.221015	0.027937	0.050000	-0.037450	0.078737	0.101396	0.991725	-0.898476	0.438219	0.026529	-0.431903	-0.893131	0.125606
58538	9.967072	0.214627	1.232997	0.021543	0.040537	-0.035950	0.079153	0.101547	0.991677	-0.898568	0.438011	0.026869	-0.431637	-0.893216	0.125917
58539	9.951274	0.160242	1.232065	0.011307	0.048407	-0.024428	0.079519	0.101843	0.991617	-0.898622	0.437887	0.027089	-0.431457	-0.893243	0.126339
58540	9.916471	0.210016	1.155202	0.005894	0.052115	-0.016832	0.079815	0.102181	0.991559	-0.898656	0.437809	0.027220	-0.431332	-0.893243	0.126769
58541	9.876875	0.196647	0.985956	-0.002053	0.053645	-0.014991	0.080118	0.102565	0.991495	-0.898660	0.437795	0.027329	-0.431268	-0.893206	0.127246
58542	9.838103	0.294018	0.844741	-0.014959	0.055095	-0.012490	0.080386	0.102948	0.991433	-0.898610	0.437892	0.027390	-0.431321	-0.893114	0.127711
58543	9.799467	0.391301	0.703478	-0.020556	0.052425	-0.014241	0.080678	0.103325	0.991370	-0.898534	0.438043	0.027469	-0.431424	-0.892996	0.128181
58544	9.721088	0.486261	0.700973	-0.034016	0.053378	-0.016987	0.080979	0.103673	0.991309	-0.898403	0.438306	0.027551	-0.431641	-0.892827	0.128634
58545	9.632117	0.468142	0.826559	-0.035692	0.054101	-0.008795	0.081230	0.104088	0.991245	-0.898267	0.438586	0.027556	-0.431878	-0.892641	0.129125
58546	9.568398	0.387729	0.876618	-0.030201	0.054694	-0.004209	0.081423	0.104502	0.991186	-0.898157	0.438813	0.027516	-0.432070	-0.892481	0.129589
58547	9.538996	0.370340	1.036931	-0.007654	0.063551	-0.000633	0.081641	0.105037	0.991112	-0.898148	0.438834	0.027476	-0.432047	-0.892408	0.130166
58548	9.546768	0.381445	1.235515	0.024267	0.080288	-0.008610	0.081983	0.105660	0.991017	-0.898272	0.438575	0.027551	-0.431724	-0.892462	0.130867
58549	9.721973	0.414047	1.523597	0.066433	0.099569	-0.018082	0.082513	0.106440	0.990890	-0.898568	0.437953	0.027781	-0.431006	-0.892674	0.131781
58550	10.421536	0.736616	1.790073	0.096427	0.168657	-0.006188	0.083214	0.107864	0.990677	-0.899005	0.437046	0.027929	-0.429959	-0.892948	0.133339
58551	9.819085	0.711449	2.013867	0.093768	0.183056	-0.021971	0.084136	0.109373	0.990434	-0.899414	0.436185	0.028236	-0.428924	-0.893185	0.135071
58552	9.897159	0.888567	2.394853	0.077400	0.198148	-0.043182	0.085294	0.110900	0.990165	-0.899735	0.435490	0.028729	-0.428021	-0.893336	0.136926
58553	10.110466	0.982068	2.753895	0.041200	0.235819	-0.053666	0.086723	0.112744	0.989832	-0.899890	0.435134	0.029281	-0.427408	-0.893279	0.139193
58554	10.259747	0.950102	3.196165	0.033752	0.342192	-0.051217	0.088568	0.115525	0.989348	-0.900020	0.434829	0.029797	-0.426755	-0.893072	0.142487
58555	9.689832	1.055641	3.151074	0.034365	0.395983	-0.032761	0.090489	0.118889	0.988776	-0.900162	0.434512	0.030135	-0.426052	-0.892785	0.146338
58556	9.161408	1.218910	2.796661	0.042190	0.364388	-0.014568	0.092098	0.122028	0.988244	-0.900353	0.434103	0.030304	-0.425302	-0.892560	0.149848
58557	8.942505	1.322131	2.433667	0.044162	0.300313	0.008392	0.093236	0.124715	0.987802	-0.900573	0.433650	0.030253	-0.424587	-0.892409	0.152747
58558	8.887792	1.537833	2.060258	0.019619	0.246063	0.011560	0.094105	0.126913	0.987440	-0.900700	0.433395	0.030136	-0.424127	-0.892223	0.155095
58559	8.836027	1.695405	1.851266	-0.025350	0.211373	0.002372	0.094918	0.128779	0.987120	-0.900620	0.433569	0.030037	-0.424117	-0.891871	0.157134
58560	8.764445	1.943225	1.735589	-0.108316	0.199724	-0.036984	0.096033	0.130351	0.986806	-0.900150	0.434532	0.030200	-0.424863	-0.891174	0.159064
58561	8.769738	2.042020	1.800778	-0.208669	0.215199	-0.080747	0.097613	0.131886	0.986447	-0.899208	0.436448	0.030628	-0.426493	-0.890011	0.161196
58562	9.156567	2.051669	2.011945	-0.339408	0.257336	-0.141612	0.099922	0.133505	0.985998	-0.897648	0.439590	0.031448	-0.429236	-0.888221	0.163766
58563	9.071160	1.817805	2.246150	-0.490399	0.319720	-0.175819	0.102815	0.135535	0.985423	-0.895380	0.444127	0.032335	-0.433271	-0.885653	0.167019
58564	9.300194	1.395117	2.510215	-0.646193	0.350425	-0.199501	0.106066	0.137691	0.984780	-0.892378	0.450067	0.033186	-0.438647	-0.882316	0.170610
58565	9.854595	0.747644	2.465556	-0.800401	0.349169	-0.180670	0.109156	0.139917	0.984128	-0.888672	0.457315	0.033550	-0.445362	-0.878229	0.174259
58566	10.225641	0.086897	1.970240	-0.913136	0.320140	-0.123232	0.111629	0.142105	0.983537	-0.884462	0.465435	0.033136	-0.453064	-0.873600	0.177643
58567	10.476717	-0.384562	1.236607	-0.949718	0.265987	-0.052459	0.113244	0.144149	0.983055	-0.880089	0.473736	0.031917	-0.461107	-0.868790	0.180512
58568	10.520834	-0.647072	0.525912	-0.896807	0.202396	0.017910	0.113968	0.145942	0.982707	-0.875965	0.481436	0.030091	-0.468719	-0.864246	0.182709
58569	10.211932	-0.744008	0.125830	-0.787780	0.126776	0.095981	0.113664	0.147475	0.982513	-0.872383	0.488040	0.027669	-0.475425	-0.860272	0.184127
58570	9.816142	-0.832049	-0.023322	-0.654682	0.058517	0.157679	0.112507	0.148704	0.982461	-0.869459	0.493378	0.024889	-0.481024	-0.857009	0.184800
58571	9.188418	-0.916916	-0.173486	-0.492031	-0.029866	0.184888	0.110693	0.149339	0.982571	-0.867316	0.497266	0.022131	-0.485294	-0.854649	0.184568
58572	8.901204	-0.855254	-0.220555	-0.336846	-0.132573	0.191780	0.108319	0.149116	0.982869	-0.865914	0.499809	0.019601	-0.488324	-0.853203	0.183260
58573	8.859876	-0.850672	0.043965	-0.203218	-0.213393	0.199037	0.105488	0.148268	0.983305	-0.865161	0.501198	0.017240	-0.490274	-0.852536	0.181146
58574	8.852902	-0.775268	0.316651	-0.095429	-0.290211	0.209541	0.102180	0.146796	0.983875	-0.864938	0.501655	0.014980	-0.491367	-0.852522	0.178228
58575	9.043621	-0.732482	0.534930	-0.000397	-0.341105	0.223985	0.098501	0.144985	0.984519	-0.865189	0.501284	0.012741	-0.491676	-0.853050	0.174817
58576	9.169074	-0.672829	0.854305	0.076438	-0.381185	0.255893	0.094339	0.142964	0.985222	-0.865839	0.500216	0.010322	-0.491348	-0.854017	0.170973
58577	9.432800	-0.771341	1.305701	0.097052	-0.415896	0.302615	0.089611	0.140897	0.985960	-0.866622	0.498910	0.007469	-0.490853	-0.855124	0.166812
58578	9.864925	-0.922171	1.942760	0.105924	-0.432191	0.357195	0.084318	0.138928	0.986706	-0.867480	0.497456	0.004088	-0.490275	-0.856292	0.162462
58579	10.236087	-1.038859	2.387767	0.156706	-0.441403	0.409418	0.078538	0.137153	0.987431	-0.868608	0.495500	0.000262	-0.489237	-0.857711	0.158048
58580	10.573042	-1.063289	2.564935	0.228613	-0.447694	0.466993	0.072214	0.135569	0.988133	-0.870103	0.492854	-0.004030	-0.487551	-0.859486	0.153550
58581	10.798034	-0.808035	2.609333	0.320287	-0.437453	0.518890	0.065503	0.134328	0.988770	-0.872044	0.489350	-0.008710	-0.485024	-0.861680	0.149193
58582	10.292224	-0.241235	2.549734	0.412112	-0.424256	0.561615	0.058470	0.133357	0.989342	-0.874411	0.484993	-0.013696	-0.481651	-0.864290	0.144966
58583	9.815775	0.522052	2.362724	0.466391	-0.434007	0.572298	0.051312	0.132335	0.989876	-0.876988	0.480148	-0.018730	-0.477765	-0.867148	0.140694
58584	9.389027	1.231870	2.197816	0.460949	-0.452028	0.538264	0.044358	0.130937	0.990398	-0.879463	0.475388	-0.023459	-0.473895	-0.869978	0.136242
58585	9.190831	1.850146	2.086963	0.373308	-0.450163	0.461498	0.038105	0.129173	0.990890	-0.881442	0.471488	-0.027567	-0.470753	-0.872361	0.131825
58586	9.226357	2.195026	1.797512	0.206295	-0.445024	0.365707	0.032717	0.126962	0.991368	-0.882565	0.469171	-0.030959	-0.469051	-0.873933	0.127403
58587	9.514965	2.339054	1.709587	0.027012	-0.408024	0.280279	0.028266	0.124682	0.991794	-0.882801	0.468534	-0.033742	-0.468896	-0.874603	0.123313
58588	9.674979	2.034163	1.668864	-0.138614	-0.362424	0.225933	0.024505	0.122526	0.992163	-0.882233	0.469421	-0.036180	-0.470175	-0.874432	0.119600
58589	9.649553	1.452735	1.542984	-0.300105	-0.326724	0.208327	0.021064	0.120624	0.992475	-0.880889	0.471742	-0.038639	-0.472853	-0.873447	0.116193
58590	9.534205	0.708454	1.342876	-0.438131	-0.321780	0.213143	0.017600	0.118779	0.992765	-0.878873	0.475266	-0.041282	-0.476730	-0.871788	0.112756
58591	9.565793	-0.150295	1.067103	-0.532734	-0.308697	0.224307	0.014089	0.117135	0.993016	-0.876381	0.479592	-0.044138	-0.481413	-0.869638	0.109412
58592	9.619373	-0.915636	0.745394	-0.539250	-0.294697	0.230229	0.010588	0.115638	0.993235	-0.873824	0.483963	-0.047030	-0.486128	-0.867414	0.106171
58593	9.694555	-1.472264	0.467099	-0.466864	-0.295670	0.243139	0.006959	0.114231	0.993430	-0.871590	0.487682	-0.049972	-0.490186	-0.865516	0.102956
58594	10.241014	-1.698347	0.299408	-0.376670	-0.294182	0.260374	0.003183	0.112915	0.993600	-0.869774	0.490600	-0.052967	-0.493440	-0.864038	0.099772
58595	10.470711	-1.605365	0.069614	-0.288842	-0.271663	0.273629	-0.000604	0.111889	0.993721	-0.868373	0.492739	-0.056008	-0.495912	-0.862954	0.096864
58596	10.388573	-1.207985	-0.115136	-0.195765	-0.281417	0.279715	-0.004495	0.110795	0.993833	-0.867416	0.494073	-0.059004	-0.497563	-0.862332	0.093885
58597	10.274710	-0.546097	-0.339568	-0.123179	-0.317848	0.294786	-0.008699	0.109487	0.993950	-0.866807	0.494764	-0.062086	-0.498568	-0.862103	0.090600
58598	10.107774	0.049740	-0.434832	-0.106699	-0.361105	0.304155	-0.013204	0.107832	0.994081	-0.866264	0.495309	-0.065234	-0.499412	-0.861998	0.086871
58599	9.995813	0.478462	-0.475660	-0.161552	-0.404031	0.308406	-0.017959	0.105854	0.994220	-0.865432	0.496325	-0.068476	-0.500705	-0.861659	0.082695
58600	9.445886	0.514751	-0.536260	-0.268960	-0.436869	0.300189	-0.022815	0.103533	0.994364	-0.864043	0.498285	-0.071706	-0.502900	-0.860810	0.078089
58601	9.063697	0.152818	-0.359919	-0.377707	-0.481227	0.284620	-0.027764	0.100791	0.994520	-0.862089	0.501197	-0.074861	-0.505995	-0.859444	0.072976
58602	9.053021	-0.611061	-0.278992	-0.445952	-0.502212	0.268516	-0.032692	0.097777	0.994671	-0.859765	0.504717	-0.077872	-0.509642	-0.857730	0.067565
58603	9.216825	-1.459196	-0.231589	-0.450767	-0.511691	0.258038	-0.037590	0.094675	0.994798	-0.857393	0.508285	-0.080771	-0.513288	-0.855969	0.062067
58604	9.311463	-2.173217	-0.143959	-0.355005	-0.497090	0.270643	-0.042535	0.091749	0.994873	-0.855479	0.511028	-0.083703	-0.516088	-0.854653	0.056752
58605	9.063859	-2.506655	-0.135906	-0.170144	-0.473144	0.306257	-0.047663	0.089248	0.994868	-0.854485	0.512160	-0.086883	-0.517285	-0.854241	0.051850
58606	8.945708	-2.625517	0.145273	0.035673	-0.440092	0.335008	-0.052873	0.087149	0.994791	-0.854522	0.511518	-0.090230	-0.516717	-0.854842	0.047425
58607	9.059950	-2.447943	0.638381	0.219438	-0.399511	0.341053	-0.057914	0.085447	0.994658	-0.855487	0.509301	-0.093563	-0.514575	-0.856336	0.043603
58608	9.665737	-2.146166	1.443933	0.345430	-0.363221	0.338151	-0.062748	0.083999	0.994488	-0.857076	0.506011	-0.096818	-0.511354	-0.858427	0.040242
58609	10.310959	-1.706476	2.218873	0.440723	-0.337654	0.312806	-0.067217	0.082647	0.994309	-0.859139	0.501916	-0.099799	-0.507308	-0.860959	0.037268
58610	10.343021	-0.990799	2.628426	0.496488	-0.339765	0.275117	-0.071375	0.081044	0.994152	-0.861476	0.497367	-0.102395	-0.502757	-0.863746	0.034318
58611	10.127956	-0.422543	3.164000	0.441142	-0.329258	0.248292	-0.075229	0.079400	0.994000	-0.863524	0.493306	-0.104760	-0.498665	-0.866224	0.031453
58612	9.874681	-0.257608	3.256724	0.230212	-0.325150	0.224963	-0.078862	0.077645	0.993857	-0.864516	0.491091	-0.106965	-0.496380	-0.867641	0.028397
58613	9.685451	-0.585575	2.939667	-0.012212	-0.316855	0.183332	-0.082084	0.075770	0.993741	-0.864328	0.491011	-0.108832	-0.496184	-0.867852	0.025186
58614	9.086031	-1.226951	2.584389	-0.180669	-0.319862	0.108709	-0.084679	0.073490	0.993694	-0.863360	0.492454	-0.109993	-0.497432	-0.867230	0.021748
58615	9.811816	-1.730390	2.327481	-0.265166	-0.291578	0.061945	-0.086731	0.071243	0.993681	-0.862006	0.494662	-0.110704	-0.499423	-0.866160	0.018509
58616	9.443593	-2.054497	2.009216	-0.317053	-0.221688	0.034380	-0.088203	0.069460	0.993678	-0.860408	0.497339	-0.111138	-0.501914	-0.864771	0.015897
58617	9.014438	-2.272559	1.472281	-0.346643	-0.197881	0.005417	-0.089310	0.067752	0.993697	-0.858679	0.500285	-0.111286	-0.504671	-0.863206	0.013497
58618	9.040077	-2.427919	0.866914	-0.365417	-0.201738	-0.022356	-0.090206	0.065870	0.993742	-0.856870	0.503407	-0.111150	-0.507579	-0.861535	0.011032
58619	9.384678	-2.532574	0.147963	-0.352870	-0.211032	-0.030865	-0.091080	0.063873	0.993793	-0.855123	0.506420	-0.110920	-0.510361	-0.859918	0.008495
58620	9.456087	-2.518253	-0.700346	-0.293391	-0.238152	-0.035690	-0.092062	0.061618	0.993845	-0.853676	0.508919	-0.110631	-0.512603	-0.858606	0.005750
58621	9.756731	-2.381624	-1.126813	-0.186320	-0.304692	-0.041352	-0.093338	0.058768	0.993899	-0.852779	0.510499	-0.110270	-0.513864	-0.857868	0.002467
58622	10.202652	-2.167090	-1.343259	-0.075426	-0.318047	-0.020718	-0.094868	0.055906	0.993919	-0.852431	0.511113	-0.110112	-0.514161	-0.857693	-0.000832
58623	9.806755	-2.136721	-1.469678	0.005175	-0.341362	-0.007618	-0.096622	0.052915	0.993914	-0.852486	0.511029	-0.110080	-0.513743	-0.857933	-0.004268
58624	9.748948	-2.421934	-1.432349	0.080763	-0.380352	0.010179	-0.098736	0.049674	0.993873	-0.852910	0.510286	-0.110236	-0.512635	-0.858569	-0.008017
58625	9.552180	-2.675678	-1.230599	0.198931	-0.430229	0.017562	-0.101152	0.046042	0.993805	-0.853931	0.508524	-0.110474	-0.510461	-0.859816	-0.012121
58626	9.517034	-2.682455	-1.103826	0.328283	-0.477804	0.036921	-0.103977	0.042087	0.993689	-0.855583	0.505638	-0.110942	-0.507116	-0.861719	-0.016566
58627	9.566081	-2.366250	-0.977567	0.413870	-0.513923	0.055117	-0.107110	0.037905	0.993524	-0.857635	0.502001	-0.111612	-0.502981	-0.864036	-0.021261
58628	9.346729	-2.126043	-0.815890	0.459941	-0.529095	0.066707	-0.110414	0.033630	0.993317	-0.859884	0.497952	-0.112440	-0.498406	-0.866552	-0.026063
58629	9.437214	-1.911386	-0.543348	0.499176	-0.547956	0.055366	-0.113672	0.029123	0.993091	-0.862317	0.493559	-0.113177	-0.493445	-0.869225	-0.030991
58630	9.819248	-1.505670	-0.228899	0.524764	-0.555324	0.029465	-0.116736	0.024402	0.992863	-0.864877	0.488937	-0.113705	-0.488223	-0.871977	-0.035972
58631	9.834355	-1.012290	0.005590	0.517478	-0.552969	0.000468	-0.119489	0.019549	0.992643	-0.867408	0.484375	-0.113953	-0.483039	-0.874642	-0.040921
58632	9.621860	-0.566147	0.137695	0.459265	-0.545645	-0.041008	-0.121839	0.014541	0.992443	-0.869682	0.480314	-0.113806	-0.478340	-0.876976	-0.045875
58633	9.534531	-0.535657	0.337261	0.378264	-0.528555	-0.074004	-0.123776	0.009520	0.992265	-0.871592	0.476959	-0.113299	-0.474348	-0.878874	-0.050739
58634	9.590231	-0.825588	0.443828	0.313953	-0.510428	-0.098907	-0.125407	0.004529	0.992095	-0.873216	0.474160	-0.112544	-0.470921	-0.880427	-0.055508
58635	9.644503	-1.244075	0.568351	0.261874	-0.479883	-0.102462	-0.126827	-0.000212	0.991925	-0.874592	0.471812	-0.111725	-0.467978	-0.881699	-0.060024
58636	9.641836	-1.754880	0.674434	0.226084	-0.458824	-0.088483	-0.128274	-0.004705	0.991728	-0.875776	0.469770	-0.111047	-0.465362	-0.882776	-0.064380
58637	9.834651	-2.030683	0.733641	0.194893	-0.428247	-0.071372	-0.129699	-0.008850	0.991514	-0.876790	0.468001	-0.110515	-0.463052	-0.883683	-0.068459
58638	9.913697	-2.260409	0.823995	0.156558	-0.381617	-0.063224	-0.130988	-0.012545	0.991305	-0.877612	0.466566	-0.110060	-0.461128	-0.884398	-0.072124
58639	9.931773	-2.345888	0.934668	0.100805	-0.328978	-0.058467	-0.132052	-0.015756	0.991118	-0.878170	0.465623	-0.109601	-0.459760	-0.884843	-0.075323
58640	9.907062	-2.382197	0.921653	0.024740	-0.299835	-0.066030	-0.132929	-0.018739	0.990948	-0.878387	0.465347	-0.109030	-0.459092	-0.884930	-0.078319
58641	9.912085	-2.139954	0.642240	-0.058326	-0.314963	-0.090866	-0.133640	-0.021977	0.990786	-0.878257	0.465803	-0.108130	-0.459134	-0.884616	-0.081551
58642	10.214279	-1.505460	0.591820	-0.117446	-0.337122	-0.144760	-0.133998	-0.025652	0.990650	-0.877928	0.466760	-0.106665	-0.459660	-0.884012	-0.085065
58643	10.043207	-0.951223	0.780923	-0.195584	-0.353277	-0.219679	-0.133759	-0.029828	0.990565	-0.877338	0.468386	-0.104366	-0.460853	-0.883020	-0.088820
58644	9.803809	-0.769251	1.050333	-0.286985	-0.366571	-0.303157	-0.132872	-0.034502	0.990532	-0.876434	0.470774	-0.101169	-0.462827	-0.881579	-0.092791
58645	9.908604	-0.784945	1.376150	-0.399509	-0.374839	-0.385969	-0.131296	-0.039653	0.990550	-0.875106	0.474108	-0.097015	-0.465780	-0.879573	-0.096949
58646	10.088892	-0.838106	1.570649	-0.477814	-0.359140	-0.455248	-0.129071	-0.044987	0.990614	-0.873482	0.478066	-0.092099	-0.469436	-0.877171	-0.101000
58647	10.275696	-0.672875	1.765477	-0.524009	-0.309506	-0.497234	-0.126255	-0.050112	0.990731	-0.871663	0.482379	-0.086682	-0.473564	-0.874528	-0.104584
58648	10.374279	-0.129277	2.141130	-0.577197	-0.247227	-0.517658	-0.122999	-0.054787	0.990893	-0.869580	0.487102	-0.081008	-0.478228	-0.871625	-0.107555
58649	10.358944	0.144363	2.867459	-0.676795	-0.148211	-0.529092	-0.119181	-0.058694	0.991136	-0.866983	0.492649	-0.075078	-0.483876	-0.868246	-0.109602
58650	9.941794	-0.173277	3.972889	-0.812728	-0.001589	-0.510436	-0.114841	-0.061240	0.991494	-0.863640	0.499339	-0.069190	-0.490855	-0.864240	-0.110234
58651	9.366468	-0.500858	4.221826	-0.938627	0.051097	-0.439182	-0.110868	-0.063035	0.991834	-0.859509	0.507117	-0.063848	-0.498951	-0.859569	-0.110403
58652	9.933056	-1.169137	3.264863	-1.038415	-0.013966	-0.399837	-0.107575	-0.065191	0.992057	-0.854740	0.515715	-0.058796	-0.507786	-0.854276	-0.111199
58653	10.749454	-1.636175	2.070560	-1.116147	-0.049863	-0.396113	-0.104520	-0.067700	0.992216	-0.849460	0.524916	-0.053667	-0.517197	-0.848457	-0.112373
58654	11.813191	-1.426407	1.459977	-1.148032	-0.008185	-0.433630	-0.100953	-0.070048	0.992422	-0.843936	0.534280	-0.048138	-0.526859	-0.842400	-0.113054
58655	12.260072	-0.794385	1.848103	-1.139725	0.099823	-0.500070	-0.096282	-0.071928	0.992752	-0.838391	0.543454	-0.041936	-0.536498	-0.836352	-0.112628
58656	12.432809	-0.208664	2.849228	-1.114157	0.285006	-0.557931	-0.090137	-0.072585	0.993281	-0.832905	0.552294	-0.035224	-0.546026	-0.830484	-0.110238
58657	12.823998	-0.112611	3.932410	-1.055134	0.537854	-0.616025	-0.082126	-0.071581	0.994048	-0.827649	0.560547	-0.028014	-0.555205	-0.825023	-0.105280
58658	14.084279	-0.348718	5.189133	-0.929221	0.888418	-0.668196	-0.071697	-0.068009	0.995105	-0.822992	0.567684	-0.020499	-0.563511	-0.820433	-0.096672
58659	14.361460	-0.508030	6.823370	-0.685337	1.365142	-0.661929	-0.058590	-0.060624	0.996440	-0.819563	0.572834	-0.013338	-0.569985	-0.817427	-0.083247
58660	12.118901	0.422649	7.304120	-0.433033	1.709954	-0.617307	-0.043800	-0.050160	0.997780	-0.817430	0.575987	-0.006928	-0.574361	-0.815919	-0.066230
58661	9.857589	1.807910	4.860034	-0.356162	1.583611	-0.618374	-0.029695	-0.040838	0.998724	-0.815631	0.578572	-0.000593	-0.577809	-0.814609	-0.050489
58662	10.404737	3.116235	2.594018	-0.377502	1.337544	-0.711878	-0.016183	-0.034027	0.999290	-0.813636	0.581337	0.006619	-0.581149	-0.812951	-0.037093
58663	11.901176	3.195820	1.376793	-0.562679	1.242782	-0.857819	-0.002032	-0.028965	0.999578	-0.810459	0.585595	0.015321	-0.585792	-0.810086	-0.024665
58664	12.868178	1.892438	1.387580	-0.838224	1.298085	-0.967710	0.013403	-0.024122	0.999619	-0.805495	0.592071	0.025088	-0.592451	-0.805525	-0.011495
58665	12.321790	-0.556573	1.355913	-1.174515	1.468627	-0.984041	0.029995	-0.018230	0.999384	-0.798300	0.601247	0.034927	-0.601513	-0.798855	0.003482
58666	12.096444	-3.853390	0.251654	-1.353271	1.669480	-0.929809	0.047475	-0.010541	0.998817	-0.789762	0.611834	0.043995	-0.611574	-0.790916	0.020722
58667	10.865454	-6.915235	-0.390074	-1.247517	1.879300	-0.706960	0.064539	-0.000123	0.997915	-0.781714	0.621578	0.050633	-0.620289	-0.783352	0.040019
58668	10.007820	-9.246733	-0.040592	-0.416766	1.857212	-0.161533	0.077297	0.013459	0.996917	-0.779045	0.624811	0.051969	-0.622185	-0.780660	0.058781
58669	9.379283	-9.584892	0.400980	0.673834	1.648047	0.350814	0.084688	0.028524	0.995999	-0.783533	0.619424	0.048883	-0.615552	-0.784538	0.074808
58670	10.403203	-8.066823	-0.852415	1.562374	1.402694	0.696110	0.087682	0.043937	0.995179	-0.793682	0.606801	0.043139	-0.601980	-0.793639	0.088077
58671	12.059562	-4.572897	-2.231052	2.264776	1.419767	0.812622	0.089517	0.060134	0.994168	-0.807849	0.588216	0.037161	-0.582551	-0.806465	0.101235
58672	11.806213	-0.895648	-1.766046	2.672891	1.570989	0.692893	0.092765	0.076993	0.992707	-0.823780	0.565943	0.033086	-0.559268	-0.820841	0.115925
58673	10.659885	1.989041	-0.853621	2.736306	1.664099	0.415771	0.098347	0.093053	0.990792	-0.839179	0.542894	0.032310	-0.534889	-0.834630	0.131480
58674	10.936161	3.950917	-0.287078	2.528523	1.641830	0.095223	0.106064	0.107428	0.988539	-0.852546	0.521492	0.034800	-0.511777	-0.846466	0.146899
58675	11.538625	5.519346	-0.267720	2.211946	1.619562	-0.179664	0.115661	0.120271	0.985980	-0.863467	0.502821	0.039955	-0.490966	-0.855983	0.162007
58676	11.030050	6.676817	-0.829654	1.820112	1.576892	-0.312940	0.125915	0.132331	0.983175	-0.871897	0.487519	0.046046	-0.473224	-0.863026	0.176765
58677	10.832699	7.217041	-1.012604	1.343384	1.501260	-0.398132	0.136336	0.143376	0.980233	-0.877668	0.476396	0.052390	-0.459468	-0.867462	0.190787
58678	11.185372	7.279918	-0.185309	0.847770	1.520846	-0.493611	0.147536	0.154289	0.976948	-0.880853	0.469719	0.058842	-0.449812	-0.869229	0.205207
58679	11.776805	6.441458	0.627592	0.360384	1.629929	-0.563799	0.159728	0.165782	0.973141	-0.881626	0.467441	0.065075	-0.444098	-0.868341	0.220821
58680	11.603034	4.824161	1.196027	-0.097928	1.767640	-0.575700	0.172585	0.178436	0.968698	-0.880265	0.469232	0.070397	-0.441982	-0.864860	0.238053
58681	11.704096	2.997990	1.164201	-0.488273	1.880860	-0.513863	0.185361	0.192198	0.963692	-0.877214	0.474343	0.074124	-0.442874	-0.859103	0.256523
58682	11.558616	1.405472	1.018672	-0.742702	1.981063	-0.427915	0.197864	0.207125	0.958097	-0.873124	0.481502	0.076223	-0.445538	-0.851619	0.276117
58683	11.637734	0.191552	1.020337	-0.863417	2.087157	-0.317843	0.209903	0.223242	0.951895	-0.868646	0.489451	0.076758	-0.448771	-0.842971	0.296655
58684	11.548714	-0.553046	1.403207	-0.889004	2.218256	-0.203046	0.221605	0.240857	0.944923	-0.864236	0.497326	0.075916	-0.451649	-0.833460	0.318368
58685	11.108681	-0.992316	1.932020	-0.876023	2.326674	-0.111264	0.233038	0.259551	0.937191	-0.860048	0.504810	0.074051	-0.453883	-0.823286	0.340866
58686	10.418163	-1.220928	2.272455	-0.862198	2.409490	-0.045393	0.244334	0.279050	0.928672	-0.856052	0.511934	0.071401	-0.455494	-0.812438	0.363964
58687	6.721912	-1.670205	2.679747	-0.885168	2.283181	-0.015079	0.254822	0.297374	0.920127	-0.852008	0.519068	0.068200	-0.457328	-0.801334	0.385635
58688	7.749625	-1.437918	2.911343	-0.856729	2.279639	0.021896	0.265023	0.315650	0.911114	-0.848175	0.525766	0.064567	-0.458652	-0.789896	0.407067
58689	10.276444	-1.277674	2.635167	-0.817296	2.240635	0.073163	0.274629	0.333587	0.901831	-0.844655	0.531885	0.060473	-0.459497	-0.778343	0.427837
58690	9.761269	-0.590589	2.389059	-0.789583	2.266158	0.238678	0.282975	0.352391	0.892046	-0.841727	0.537111	0.054834	-0.459805	-0.766376	0.448606
58691	9.860738	-0.912704	1.532443	-0.848963	2.332177	0.310849	0.291030	0.371774	0.881524	-0.838749	0.542385	0.048163	-0.460220	-0.753394	0.469675
58692	7.491753	-1.120712	1.815583	-0.772987	2.205138	0.398125	0.297781	0.390440	0.871139	-0.836401	0.546587	0.040929	-0.460173	-0.740810	0.489328
58693	6.818247	-1.209067	1.989368	-0.629107	2.054138	0.475295	0.303191	0.408127	0.861108	-0.834973	0.549261	0.033664	-0.459234	-0.729209	0.507306
58694	6.398040	-1.512414	2.085724	-0.477472	1.942997	0.521436	0.307676	0.425081	0.851259	-0.834416	0.550488	0.026699	-0.457258	-0.718519	0.524067
58695	6.146988	-1.597345	2.214424	-0.345381	1.845357	0.541250	0.311510	0.441215	0.841600	-0.834553	0.550555	0.020270	-0.454404	-0.708674	0.539721
58696	6.334690	-1.434398	2.249955	-0.309776	1.756716	0.539818	0.314891	0.456574	0.832096	-0.834880	0.550254	0.014018	-0.451464	-0.699115	0.554454
58697	5.739024	-1.616326	2.477091	-0.209488	1.599578	0.574511	0.317226	0.470833	0.823216	-0.835789	0.548991	0.008079	-0.448134	-0.690598	0.567671
58698	5.570686	-1.566241	2.599799	-0.106934	1.389109	0.570269	0.318583	0.483522	0.815298	-0.837164	0.546945	0.002755	-0.444591	-0.683416	0.579035
58699	5.674066	-1.256251	2.598463	-0.032309	1.189956	0.583726	0.318900	0.494791	0.808384	-0.838917	0.544255	-0.002180	-0.441046	-0.677472	0.588651
58700	5.531114	-1.280392	2.483571	-0.023017	1.042164	0.594690	0.318409	0.505073	0.802195	-0.840750	0.541376	-0.007145	-0.437898	-0.672170	0.597019
58701	5.259707	-1.540162	2.422841	0.063706	0.868996	0.629354	0.316841	0.514279	0.796950	-0.843062	0.537687	-0.011800	-0.434578	-0.668139	0.603931
58702	5.072194	-1.664555	2.430994	0.193069	0.675060	0.653839	0.314161	0.522301	0.792782	-0.845999	0.532948	-0.015868	-0.430800	-0.665708	0.609298
58703	4.889367	-1.466863	2.428418	0.286268	0.488599	0.673698	0.310486	0.529110	0.789709	-0.849365	0.527447	-0.019453	-0.426823	-0.664712	0.613173
58704	4.701859	-1.095143	2.512018	0.312246	0.331169	0.682199	0.306005	0.534909	0.787549	-0.852833	0.521679	-0.022957	-0.423128	-0.664623	0.615824
58705	4.636903	-0.911132	2.628097	0.292061	0.171064	0.659568	0.301030	0.539456	0.786364	-0.856100	0.516138	-0.026351	-0.420088	-0.665274	0.617201
58706	4.719381	-0.870458	2.786170	0.282040	0.000005	0.639835	0.295459	0.542758	0.786204	-0.859227	0.510733	-0.029685	-0.417652	-0.666757	0.617253
58707	4.934811	-0.866977	2.922307	0.294428	-0.161773	0.618870	0.289398	0.544808	0.787041	-0.862296	0.505345	-0.032741	-0.415565	-0.669187	0.616032
58708	5.247977	-0.760087	3.005436	0.316897	-0.311418	0.622863	0.282641	0.545865	0.788762	-0.865428	0.499757	-0.035745	-0.413701	-0.672513	0.613659
58709	5.563554	-0.778695	3.131965	0.333396	-0.456883	0.630118	0.275232	0.545899	0.791355	-0.868594	0.494012	-0.038688	-0.412058	-0.676718	0.610132
58710	5.826860	-0.744350	3.204870	0.333886	-0.592898	0.638514	0.267150	0.545022	0.794721	-0.871735	0.488195	-0.041767	-0.410743	-0.681628	0.605536
58711	6.078500	-0.718956	3.296663	0.327946	-0.703344	0.644469	0.258576	0.543320	0.798712	-0.874805	0.482386	-0.044930	-0.409700	-0.687100	0.600033
58712	6.320019	-0.711525	3.266788	0.363019	-0.780987	0.643873	0.249650	0.541029	0.803095	-0.877961	0.476323	-0.047967	-0.408484	-0.693111	0.593917
58713	6.631634	-0.690623	3.170027	0.450699	-0.829330	0.621398	0.240744	0.538176	0.807719	-0.881352	0.469774	-0.050316	-0.406524	-0.699771	0.587417
58714	7.035922	-0.504741	3.304471	0.564283	-0.849477	0.605723	0.231864	0.535034	0.812390	-0.885101	0.462487	-0.051974	-0.403528	-0.706997	0.580793
58715	7.382335	-0.342948	3.609520	0.655030	-0.849758	0.591681	0.223142	0.531688	0.817016	-0.889107	0.454618	-0.053019	-0.399620	-0.714584	0.574172
58716	7.510883	-0.210145	3.801365	0.719357	-0.858136	0.561574	0.214637	0.528058	0.821636	-0.893226	0.446406	-0.053562	-0.395067	-0.722410	0.567491
58717	7.584290	0.127207	4.099727	0.764586	-0.898225	0.511220	0.206474	0.523773	0.826456	-0.897333	0.438104	-0.053471	-0.390081	-0.730566	0.560456
58718	7.611786	0.631698	4.495811	0.791568	-0.944468	0.441038	0.198758	0.518750	0.831501	-0.901323	0.429921	-0.052768	-0.384853	-0.738963	0.553012
58719	7.661325	1.306352	4.881957	0.817348	-0.995394	0.348861	0.191743	0.512816	0.836812	-0.905155	0.421988	-0.051200	-0.379380	-0.747627	0.545091
58720	7.802109	2.155788	5.248687	0.821546	-1.040407	0.250488	0.185465	0.506039	0.842335	-0.908750	0.414466	-0.048905	-0.373867	-0.756401	0.536731
58721	7.681812	2.769409	5.463839	0.688192	-1.099261	0.180879	0.179673	0.498398	0.848126	-0.911664	0.408264	-0.046782	-0.369575	-0.764801	0.527726
58722	8.069094	3.123573	5.651124	0.409041	-1.178257	0.108806	0.174252	0.489781	0.854255	-0.913393	0.404516	-0.045611	-0.367899	-0.772322	0.517850
58723	8.943524	3.337174	6.032839	0.113283	-1.214536	0.018738	0.169547	0.480413	0.860498	-0.913868	0.403488	-0.045203	-0.368917	-0.778717	0.507444
58724	9.765983	3.395922	6.422279	-0.123934	-1.163474	-0.023906	0.165379	0.471220	0.866372	-0.913395	0.404505	-0.045656	-0.371966	-0.783790	0.497307
58725	10.404682	3.125854	6.963643	-0.297754	-1.087711	-0.004579	0.161291	0.462630	0.871756	-0.912299	0.406808	-0.047096	-0.376425	-0.787706	0.487671
58726	11.788932	2.696216	9.005824	-0.374421	-0.935138	0.041591	0.157299	0.455412	0.876274	-0.910973	0.409509	-0.049300	-0.381294	-0.790508	0.479284
58727	13.292795	2.203661	11.606342	-0.347076	-0.631377	0.121781	0.153710	0.450891	0.879244	-0.909857	0.411645	-0.052037	-0.385400	-0.791988	0.473521
58728	12.065779	1.203966	12.429904	-0.182175	-0.315047	0.308331	0.149624	0.449658	0.880579	-0.909648	0.411638	-0.055635	-0.387497	-0.792692	0.470622
58729	8.985727	0.028032	11.331395	0.054528	-0.231577	0.534949	0.143798	0.449990	0.881380	-0.910669	0.408741	-0.060107	-0.387304	-0.794002	0.468568
58730	7.606727	-0.947167	10.154481	0.087007	-0.476170	0.678074	0.135718	0.448963	0.883184	-0.911980	0.404939	-0.065706	-0.387135	-0.796528	0.464402
58731	9.554543	-1.209397	9.007943	0.132136	-0.726979	0.555744	0.127772	0.445373	0.886181	-0.913248	0.401341	-0.070030	-0.386850	-0.800355	0.458016
58732	11.497639	0.038413	7.464498	0.442470	-0.768890	0.232803	0.122626	0.440134	0.889519	-0.915270	0.396694	-0.070108	-0.383724	-0.805553	0.451487
58733	10.776808	2.253444	6.228104	0.753913	-0.761733	0.013418	0.119543	0.434000	0.892947	-0.918180	0.390480	-0.066864	-0.377697	-0.811893	0.445169
58734	10.634061	4.667154	7.450005	0.785624	-0.706039	-0.116126	0.117917	0.427802	0.896148	-0.921009	0.384515	-0.062371	-0.371265	-0.818006	0.439350
58735	10.307327	5.782695	7.072933	0.467094	-0.532070	-0.175568	0.117510	0.422738	0.898601	-0.922551	0.381373	-0.058771	-0.367547	-0.822099	0.434812
58736	8.461513	5.238513	1.565984	-0.109579	-0.784262	-0.039671	0.114947	0.416131	0.902010	-0.922126	0.382382	-0.058896	-0.369421	-0.824996	0.427679
58737	9.059205	4.702731	-2.665564	-0.932475	-1.241499	0.109917	0.109227	0.406275	0.907199	-0.918781	0.389572	-0.063842	-0.379357	-0.826543	0.415830
58738	11.175257	4.485859	-2.815240	-1.788741	-1.401519	0.122601	0.102631	0.395181	0.912852	-0.911990	0.403796	-0.072273	-0.397167	-0.825094	0.401843
58739	11.392938	2.868692	-2.734361	-2.471131	-1.184651	0.102072	0.096798	0.385835	0.917476	-0.902009	0.423663	-0.083000	-0.420725	-0.819537	0.389036
58740	9.621040	-0.406160	-2.829356	-2.808040	-1.074811	0.099569	0.091212	0.377484	0.921513	-0.889947	0.446132	-0.094664	-0.446850	-0.811463	0.376633
58741	9.420572	-4.447945	-1.936751	-2.783405	-1.252129	0.067985	0.084792	0.367660	0.926087	-0.877237	0.468299	-0.105597	-0.472510	-0.803444	0.362233
58742	10.847597	-7.813914	-1.191319	-2.559644	-1.384106	0.059301	0.077533	0.356850	0.930939	-0.864918	0.488509	-0.115222	-0.495889	-0.796252	0.346521
58743	11.874316	-10.655823	-0.637173	-1.950065	-1.457139	0.129184	0.069001	0.345899	0.935731	-0.855196	0.503485	-0.123054	-0.513691	-0.791743	0.330552
58744	12.447631	-11.660813	-1.250483	-0.838167	-1.529352	0.269660	0.058724	0.335127	0.940341	-0.851057	0.509155	-0.128309	-0.521779	-0.792749	0.315111
58745	11.088359	-10.233955	-1.264600	0.509411	-1.514370	0.468896	0.046786	0.325416	0.944413	-0.853981	0.503496	-0.131183	-0.518197	-0.800373	0.301456
58746	9.867194	-6.947032	-0.263480	1.670645	-1.415331	0.599737	0.034324	0.316949	0.947821	-0.862793	0.488034	-0.131953	-0.504392	-0.813244	0.290213
58747	9.039030	-2.744276	0.265339	2.312422	-1.300175	0.635129	0.022312	0.309286	0.950707	-0.874434	0.467010	-0.131407	-0.484632	-0.828398	0.280870
58748	9.254315	2.044848	0.994623	2.397166	-1.243632	0.573313	0.011283	0.301481	0.953405	-0.885920	0.445165	-0.130283	-0.463701	-0.843171	0.272111
58749	9.284837	5.115576	2.349073	2.027047	-1.185837	0.439139	0.001917	0.293295	0.956020	-0.895189	0.426587	-0.129077	-0.445683	-0.855571	0.263372
58750	8.844094	6.342138	3.406553	1.416197	-1.175832	0.359089	-0.006551	0.284654	0.958608	-0.901422	0.413310	-0.128891	-0.432892	-0.864955	0.253886
58751	8.382423	5.529646	3.569420	0.675052	-1.222689	0.304938	-0.014621	0.275261	0.961258	-0.904311	0.406542	-0.130170	-0.426623	-0.871180	0.242978
58752	9.024445	3.582170	3.600317	-0.012962	-1.233798	0.251665	-0.022223	0.265476	0.963861	-0.904229	0.405923	-0.132651	-0.426469	-0.874499	0.231031
58753	9.427892	0.962231	3.744288	-0.558008	-1.153803	0.237294	-0.029376	0.256320	0.966145	-0.901795	0.410132	-0.136228	-0.431165	-0.875267	0.219100
58754	9.366850	-1.833118	3.868857	-0.891450	-1.106227	0.222614	-0.036247	0.247525	0.968203	-0.897864	0.417320	-0.140303	-0.438779	-0.874400	0.207117
58755	9.165733	-3.835317	3.730726	-1.000925	-1.085017	0.218654	-0.043075	0.238938	0.970079	-0.893362	0.425479	-0.144468	-0.447268	-0.872855	0.195131
58756	9.059378	-5.172770	3.127770	-0.904668	-1.079479	0.197789	-0.049765	0.230339	0.971837	-0.889210	0.432856	-0.148127	-0.454784	-0.871539	0.183279
58757	9.149935	-5.773777	2.467906	-0.663531	-1.050224	0.151342	-0.055976	0.221819	0.973480	-0.886115	0.438243	-0.150811	-0.460073	-0.871057	0.172026
58758	9.029488	-5.867350	1.804059	-0.322217	-0.986710	0.100095	-0.061477	0.213632	0.974978	-0.884590	0.440781	-0.152359	-0.462300	-0.871822	0.161879
58759	9.208275	-5.254407	1.157854	0.089800	-0.960100	0.049018	-0.066406	0.205438	0.976415	-0.884993	0.439842	-0.152731	-0.460845	-0.874262	0.152603
58760	9.712906	-3.463618	1.259780	0.381365	-0.919995	0.025008	-0.070919	0.197462	0.977742	-0.886744	0.436398	-0.152453	-0.456788	-0.877819	0.144149
58761	10.000615	-1.559551	1.740368	0.403911	-0.874262	0.006781	-0.075017	0.189773	0.978958	-0.888595	0.432781	-0.151988	-0.452517	-0.881299	0.136165
58762	10.007576	0.221840	2.146086	0.193746	-0.851105	0.009118	-0.078980	0.182290	0.980068	-0.889405	0.431155	-0.151867	-0.450245	-0.883672	0.128077
58763	9.671868	1.231729	1.973179	-0.161751	-0.866026	0.011545	-0.083048	0.174654	0.981121	-0.888685	0.432514	-0.152217	-0.450934	-0.884549	0.119293
58764	9.113288	1.633888	1.538055	-0.543984	-0.930694	-0.005531	-0.087282	0.166375	0.982192	-0.886244	0.437281	-0.152827	-0.454921	-0.883801	0.109282
58765	9.206102	1.537308	1.117498	-0.889160	-1.020221	-0.039184	-0.091675	0.157168	0.983308	-0.882222	0.445143	-0.153401	-0.461822	-0.881559	0.097848
58766	9.305117	0.882273	0.746661	-1.190785	-1.085148	-0.123873	-0.095711	0.147037	0.984489	-0.876801	0.455758	-0.153311	-0.471231	-0.877875	0.085301
58767	9.853391	-0.031470	0.565842	-1.403519	-1.088565	-0.225809	-0.098993	0.136436	0.985690	-0.870348	0.468316	-0.152232	-0.482385	-0.872963	0.072387
58768	9.700276	-0.970097	0.594645	-1.484143	-1.042424	-0.303718	-0.101511	0.125896	0.986836	-0.863425	0.481582	-0.150254	-0.494159	-0.867312	0.059816
58769	9.755397	-1.665332	0.992675	-1.461803	-0.992803	-0.350458	-0.103524	0.115578	0.987889	-0.856496	0.494593	-0.147620	-0.505665	-0.861405	0.047790
58770	9.677368	-2.205009	1.258426	-1.394822	-0.934883	-0.346529	-0.105407	0.105793	0.988786	-0.849750	0.506905	-0.144821	-0.516541	-0.855485	0.036466
58771	9.718274	-2.392706	1.342288	-1.311103	-0.878408	-0.333188	-0.107234	0.096571	0.989533	-0.843286	0.518375	-0.141975	-0.526659	-0.849683	0.025850
58772	9.910033	-2.257125	1.405749	-1.232583	-0.796928	-0.323662	-0.108811	0.088107	0.990150	-0.837107	0.529067	-0.139071	-0.536108	-0.843994	0.016186
58773	9.922405	-2.098166	1.375851	-1.164050	-0.702385	-0.321284	-0.109993	0.080460	0.990670	-0.831187	0.539085	-0.136069	-0.545004	-0.838399	0.007581
58774	9.607199	-1.662258	1.173506	-1.107541	-0.630039	-0.329436	-0.110787	0.073386	0.991131	-0.825491	0.548549	-0.132888	-0.553436	-0.832892	-0.000193
58775	9.471085	-1.556495	1.261081	-1.073182	-0.570162	-0.350568	-0.111148	0.066693	0.991564	-0.819919	0.557660	-0.129416	-0.561587	-0.827386	-0.007300
58776	9.184286	-2.104923	1.424327	-1.037494	-0.531116	-0.343479	-0.111407	0.060369	0.991940	-0.814457	0.566390	-0.125944	-0.569428	-0.821923	-0.013932
58777	9.073794	-2.696603	1.100239	-0.976906	-0.525944	-0.337814	-0.111745	0.054113	0.992263	-0.809258	0.574545	-0.122468	-0.576727	-0.816682	-0.020411
58778	9.143414	-3.159559	0.802922	-0.854991	-0.529669	-0.314576	-0.112341	0.047972	0.992511	-0.804677	0.581625	-0.119192	-0.582987	-0.812041	-0.026738
