// General information: 
//  MT Manager version: 2022.2.0 
//  XDA version: 2022.2.0 build 7381 rev 124627 built on 2023-07-19
// Device information: 
//  DeviceId: 00B4CBA7
//  ProductCode: MTW2-3A7G6
//  Firmware Version: 4.6.0
//  Hardware Version: 2.0.0
// Device settings: 
//  Filter Profile: human(46.1)
//  Option Flags: Orientation Smoother Disabled, Position/Velocity Smoother Disabled, Continuous Zero Rotation Update Disabled, AHS Disabled, ICC Disabled
// Coordinate system: ENU
PacketCounter	Acc_X	Acc_Y	Acc_Z	Gyr_X	Gyr_Y	Gyr_Z	Mat[1][1]	Mat[2][1]	Mat[3][1]	Mat[1][2]	Mat[2][2]	Mat[3][2]	Mat[1][3]	Mat[2][3]	Mat[3][3]
55246	9.728960	0.045550	-1.293880	-0.041763	0.062346	-0.026521	-0.055740	-0.107419	0.992650	-0.897662	0.440676	-0.002719	-0.437145	-0.891216	-0.120989
55247	9.675899	0.051580	-1.296061	-0.049671	0.064984	-0.028161	-0.055160	-0.106973	0.992731	-0.897453	0.441104	-0.002334	-0.437648	-0.891058	-0.120335
55248	9.665202	-0.054203	-1.322606	-0.053621	0.065532	-0.026222	-0.054620	-0.106580	0.992803	-0.897284	0.441450	-0.001975	-0.438062	-0.890934	-0.119745
55249	9.740383	-0.048661	-1.295579	-0.055254	0.063845	-0.026184	-0.054062	-0.106136	0.992881	-0.897048	0.441930	-0.001603	-0.438613	-0.890749	-0.119101
55250	9.691708	-0.044809	-1.255742	-0.053044	0.066643	-0.028075	-0.053500	-0.105744	0.992953	-0.896890	0.442252	-0.001227	-0.439006	-0.890635	-0.118501
55251	9.666570	-0.015846	-1.217027	-0.043136	0.063759	-0.027398	-0.052931	-0.105306	0.993030	-0.896707	0.442623	-0.000858	-0.439448	-0.890503	-0.117857
55252	9.681079	0.045391	-1.209164	-0.038623	0.062760	-0.025666	-0.052409	-0.104937	0.993097	-0.896606	0.442829	-0.000524	-0.439717	-0.890444	-0.117295
55253	9.707849	0.022618	-1.235449	-0.034004	0.063289	-0.024393	-0.051868	-0.104491	0.993172	-0.896462	0.443121	-0.000197	-0.440075	-0.890351	-0.116656
55254	9.705089	0.098608	-1.253275	-0.029386	0.063817	-0.023118	-0.051364	-0.104099	0.993240	-0.896396	0.443254	0.000101	-0.440268	-0.890331	-0.116081
55255	9.727740	0.077835	-1.321487	-0.040488	0.063015	-0.019646	-0.050866	-0.103635	0.993314	-0.896220	0.443610	0.000388	-0.440684	-0.890208	-0.115444
55256	9.717422	-0.028599	-1.348588	-0.048496	0.064126	-0.020845	-0.050378	-0.103234	0.993380	-0.896080	0.443892	0.000687	-0.441024	-0.890114	-0.114868
55257	9.706895	-0.041510	-1.412599	-0.040710	0.073083	-0.019612	-0.049836	-0.102680	0.993465	-0.895903	0.444250	0.000974	-0.441447	-0.889999	-0.114131
55258	9.728345	-0.033928	-1.392745	-0.031689	0.079199	-0.022092	-0.049271	-0.102147	0.993548	-0.895824	0.444407	0.001265	-0.441669	-0.889982	-0.113402
55259	9.695708	0.069890	-1.418258	-0.037190	0.086123	-0.021033	-0.048659	-0.101483	0.993647	-0.895662	0.444732	0.001561	-0.442065	-0.889896	-0.112535
55260	9.724532	0.095446	-1.368372	-0.053880	0.092276	-0.021586	-0.048041	-0.100832	0.993743	-0.895486	0.445086	0.001871	-0.442489	-0.889793	-0.111676
55261	9.738441	0.014638	-1.393563	-0.067714	0.095721	-0.020373	-0.047391	-0.100081	0.993850	-0.895188	0.445683	0.002194	-0.443162	-0.889579	-0.110713
55262	9.747317	-0.058425	-1.317829	-0.055099	0.108274	-0.018736	-0.046726	-0.099276	0.993962	-0.895007	0.446046	0.002477	-0.443599	-0.889487	-0.109695
55263	9.696120	-0.004886	-1.242339	-0.040448	0.115588	-0.023133	-0.045962	-0.098361	0.994089	-0.894830	0.446398	0.002796	-0.444035	-0.889412	-0.108534
55264	9.681491	0.061210	-1.183458	-0.028445	0.113982	-0.023827	-0.045228	-0.097526	0.994205	-0.894763	0.446531	0.003098	-0.444246	-0.889437	-0.107459
55265	9.707269	0.137177	-1.099164	-0.034609	0.118294	-0.020475	-0.044476	-0.096575	0.994332	-0.894610	0.446835	0.003384	-0.444629	-0.889388	-0.106270
55266	9.675520	0.124368	-1.029167	-0.035031	0.112191	-0.018656	-0.043792	-0.095736	0.994443	-0.894519	0.447015	0.003643	-0.444879	-0.889389	-0.105213
55267	9.653661	0.242892	-0.981082	-0.042837	0.108232	-0.014862	-0.043134	-0.094849	0.994557	-0.894327	0.447397	0.003880	-0.445330	-0.889291	-0.104124
55268	9.667940	0.231800	-0.986822	-0.068807	0.103622	-0.006633	-0.042594	-0.094031	0.994658	-0.894077	0.447894	0.004055	-0.445883	-0.889128	-0.103149
55269	9.665375	0.141792	-0.982468	-0.095848	0.091841	0.000178	-0.042143	-0.093223	0.994753	-0.893641	0.448762	0.004197	-0.446799	-0.888775	-0.102220
55270	9.669430	-0.001625	-0.968782	-0.090655	0.086916	0.000068	-0.041738	-0.092523	0.994835	-0.893287	0.449467	0.004325	-0.447546	-0.888493	-0.101409
55271	9.670232	-0.000905	-0.960740	-0.081101	0.079434	0.002177	-0.041358	-0.091817	0.994917	-0.892914	0.450205	0.004430	-0.448323	-0.888192	-0.100604
55272	9.610967	0.103352	-0.899283	-0.075690	0.070997	0.001580	-0.041034	-0.091251	0.994982	-0.892627	0.450772	0.004528	-0.448924	-0.887962	-0.099951
55273	9.685267	0.035211	-0.889109	-0.083737	0.063957	0.006248	-0.040759	-0.090665	0.995047	-0.892240	0.451538	0.004595	-0.449718	-0.887634	-0.099299
55274	9.698984	-0.047830	-0.918177	-0.083877	0.055936	0.002047	-0.040508	-0.090230	0.995097	-0.891912	0.452184	0.004694	-0.450391	-0.887349	-0.098794
55275	9.689569	-0.037432	-0.854892	-0.069681	0.050547	-0.000031	-0.040237	-0.089791	0.995148	-0.891590	0.452819	0.004808	-0.451053	-0.887070	-0.098277
55276	9.713406	0.011358	-0.905729	-0.034924	0.043426	0.001744	-0.040039	-0.089469	0.995184	-0.891488	0.453019	0.004860	-0.451272	-0.887000	-0.097899
55277	9.673699	0.166148	-0.944841	-0.020244	0.037522	0.003341	-0.039856	-0.089131	0.995222	-0.891387	0.453217	0.004892	-0.451488	-0.886933	-0.097514
55278	9.677260	0.115286	-0.973551	-0.034390	0.029712	0.011283	-0.039806	-0.088885	0.995246	-0.891275	0.453437	0.004848	-0.451712	-0.886845	-0.097271
55279	9.687372	-0.012576	-0.938169	-0.008213	0.016016	0.014049	-0.039816	-0.088689	0.995263	-0.891224	0.453538	0.004761	-0.451812	-0.886813	-0.097100
55280	9.795490	0.192586	-0.675997	0.123396	0.020728	0.036795	-0.040031	-0.088406	0.995280	-0.891815	0.452379	0.004313	-0.450625	-0.887433	-0.096952
55281	9.681718	0.175642	-0.721305	0.151207	0.046609	0.042630	-0.040159	-0.087810	0.995327	-0.892470	0.451091	0.003787	-0.449316	-0.888148	-0.096483
55282	9.638143	0.046593	-0.693731	0.157893	0.035352	0.038320	-0.040322	-0.087392	0.995358	-0.893218	0.449612	0.003291	-0.447812	-0.888939	-0.096189
55283	9.719167	0.133090	-0.620035	0.149650	0.040138	0.027406	-0.040344	-0.086921	0.995398	-0.893868	0.448321	0.002920	-0.446512	-0.889636	-0.095783
55284	9.773388	0.197780	-0.586908	0.091946	0.062809	0.028235	-0.040295	-0.086300	0.995454	-0.894313	0.447435	0.002589	-0.445624	-0.890143	-0.095209
55285	9.679578	0.116221	-0.636880	0.062648	0.023517	0.032975	-0.040442	-0.085953	0.995478	-0.894570	0.446922	0.002246	-0.445094	-0.890434	-0.094965
55286	9.729778	0.089475	-0.614272	0.048800	-0.030668	0.037471	-0.040892	-0.086122	0.995445	-0.894819	0.446424	0.001864	-0.444551	-0.890667	-0.095319
55287	9.681738	-0.081191	-0.526428	0.043398	-0.073198	0.035954	-0.041496	-0.086623	0.995377	-0.894989	0.446085	0.001510	-0.444154	-0.890789	-0.096038
55288	9.724402	-0.173740	-0.614402	0.063294	-0.102186	0.033278	-0.042226	-0.087447	0.995274	-0.895302	0.445458	0.001155	-0.443454	-0.891022	-0.097101
55289	9.579453	-0.139134	-0.739262	0.106860	-0.132528	0.035354	-0.043086	-0.088480	0.995146	-0.895752	0.444553	0.000743	-0.442461	-0.891372	-0.098410
55290	9.491108	-0.110059	-0.815104	0.127021	-0.164974	0.032200	-0.044083	-0.089866	0.994978	-0.896337	0.443373	0.000333	-0.441176	-0.891821	-0.100095
55291	9.596283	-0.145573	-0.941247	0.122810	-0.180523	0.030829	-0.045111	-0.091349	0.994797	-0.896857	0.442321	-0.000053	-0.440015	-0.892192	-0.101880
55292	9.678193	-0.042127	-1.087239	0.131351	-0.181994	0.030692	-0.046161	-0.092899	0.994605	-0.897471	0.441073	-0.000456	-0.438651	-0.892650	-0.103735
55293	9.712692	0.103652	-1.269964	0.145129	-0.181887	0.035068	-0.047229	-0.094378	0.994416	-0.898082	0.439826	-0.000911	-0.437284	-0.893110	-0.105532
55294	9.700887	0.224757	-1.322558	0.122435	-0.176367	0.037757	-0.048316	-0.095847	0.994223	-0.898643	0.438679	-0.001381	-0.436013	-0.893518	-0.107327
55295	9.652328	0.333409	-1.357901	0.077569	-0.170924	0.046843	-0.049438	-0.097178	0.994038	-0.898950	0.438047	-0.001885	-0.435253	-0.893684	-0.109014
55296	9.660500	0.272522	-1.321668	0.040297	-0.171151	0.053523	-0.050641	-0.098533	0.993844	-0.899140	0.437655	-0.002425	-0.434722	-0.893728	-0.110758
55297	9.669261	0.095662	-1.191735	0.019707	-0.165973	0.065429	-0.051908	-0.099739	0.993659	-0.899184	0.437560	-0.003052	-0.434481	-0.893641	-0.112396
55298	9.688233	-0.021659	-1.101935	0.038541	-0.165823	0.069644	-0.053224	-0.100979	0.993464	-0.899367	0.437178	-0.003746	-0.433942	-0.893688	-0.114086
55299	9.666338	0.043609	-0.970368	0.081486	-0.160907	0.071487	-0.054521	-0.102114	0.993277	-0.899674	0.436538	-0.004505	-0.433144	-0.893872	-0.115670
55300	9.582649	0.215283	-0.827152	0.111647	-0.160012	0.082323	-0.055925	-0.103247	0.993082	-0.900157	0.435531	-0.005412	-0.431959	-0.894233	-0.117295
55301	9.584542	0.333177	-0.611101	0.081740	-0.183524	0.094079	-0.057520	-0.104487	0.992861	-0.900450	0.434913	-0.006397	-0.431140	-0.894390	-0.119102
55302	9.545908	0.253890	-0.345790	0.085288	-0.207790	0.111519	-0.059388	-0.105923	0.992599	-0.900802	0.434164	-0.007565	-0.430150	-0.894585	-0.121199
55303	9.486854	0.154368	-0.379392	0.104505	-0.237277	0.122142	-0.061464	-0.107524	0.992301	-0.901170	0.433375	-0.008859	-0.429086	-0.894776	-0.123535
55304	9.494752	0.101410	-0.548488	0.109008	-0.273901	0.132236	-0.063800	-0.109460	0.991942	-0.901597	0.432455	-0.010268	-0.427846	-0.894987	-0.126279
55305	9.599331	0.010285	-0.577062	0.097704	-0.305186	0.139078	-0.066315	-0.111599	0.991538	-0.901917	0.431749	-0.011727	-0.426787	-0.895063	-0.129285
55306	9.552914	-0.033940	-0.618323	0.105716	-0.336805	0.148615	-0.069058	-0.114031	0.991074	-0.902317	0.430868	-0.013298	-0.425505	-0.895181	-0.132647
55307	9.499429	-0.055268	-0.759548	0.110131	-0.361732	0.153174	-0.071934	-0.116619	0.990568	-0.902671	0.430074	-0.014918	-0.424278	-0.895230	-0.136205
55308	9.454129	-0.110417	-0.904659	0.112090	-0.374349	0.159604	-0.074927	-0.119336	0.990023	-0.903066	0.429181	-0.016613	-0.422917	-0.895300	-0.139926
55309	9.457886	-0.045637	-1.038059	0.101750	-0.396299	0.168808	-0.078082	-0.122169	0.989433	-0.903360	0.428489	-0.018382	-0.421716	-0.895250	-0.143820
55310	9.597139	-0.047030	-1.236196	0.096465	-0.410142	0.171831	-0.081325	-0.125158	0.988798	-0.903671	0.427751	-0.020181	-0.420434	-0.895190	-0.147888
55311	9.524639	-0.087933	-1.452895	0.091288	-0.418937	0.179903	-0.084666	-0.128147	0.988135	-0.903899	0.427176	-0.022050	-0.419282	-0.895041	-0.152000
55312	9.579361	-0.131610	-1.644559	0.059805	-0.421000	0.174740	-0.087972	-0.131222	0.987442	-0.904040	0.426784	-0.023826	-0.418298	-0.894783	-0.156175
55313	9.622946	-0.327281	-1.755562	0.034416	-0.413896	0.176693	-0.091256	-0.134179	0.986746	-0.904020	0.426725	-0.025579	-0.417637	-0.894373	-0.160241
55314	9.644476	-0.435047	-1.916918	0.072072	-0.412227	0.168546	-0.094463	-0.137198	0.986029	-0.904202	0.426231	-0.027317	-0.416529	-0.894150	-0.164318
55315	9.636259	-0.360448	-1.994683	0.106483	-0.393926	0.170489	-0.097600	-0.140003	0.985329	-0.904476	0.425530	-0.029128	-0.415209	-0.894049	-0.168161
55316	9.610028	-0.271335	-2.096157	0.100953	-0.379770	0.172494	-0.100697	-0.142716	0.984628	-0.904758	0.424799	-0.030956	-0.413851	-0.893968	-0.171899
55317	9.733131	-0.191943	-2.262804	0.085477	-0.362655	0.174063	-0.103727	-0.145227	0.983946	-0.904929	0.424299	-0.032772	-0.412728	-0.893801	-0.175431
55318	9.826798	-0.124352	-2.367088	0.027559	-0.336407	0.165829	-0.106578	-0.147582	0.983291	-0.904902	0.424228	-0.034409	-0.412061	-0.893449	-0.178760
55319	9.933586	-0.319810	-2.709906	0.007943	-0.308777	0.169425	-0.109339	-0.149629	0.982678	-0.904747	0.424422	-0.036043	-0.411677	-0.893016	-0.181783
55320	9.889923	-0.421666	-2.907623	0.025951	-0.273978	0.162600	-0.111902	-0.151440	0.982112	-0.904707	0.424367	-0.037646	-0.411075	-0.892737	-0.184497
55321	9.777735	-0.441521	-3.001144	0.055620	-0.239082	0.155539	-0.114248	-0.152923	0.981612	-0.904756	0.424121	-0.039230	-0.410323	-0.892601	-0.186813
55322	9.660116	-0.301321	-2.869293	0.038002	-0.205865	0.151209	-0.116423	-0.154181	0.981159	-0.904779	0.423928	-0.040743	-0.409659	-0.892476	-0.188855
55323	9.639453	-0.423763	-2.703189	-0.022618	-0.179796	0.152735	-0.118497	-0.155146	0.980759	-0.904503	0.424379	-0.042151	-0.409674	-0.892094	-0.190618
55324	9.630618	-0.549949	-2.665607	-0.032957	-0.153351	0.152668	-0.120471	-0.155929	0.980394	-0.904225	0.424830	-0.043543	-0.409711	-0.891743	-0.192175
55325	9.725378	-0.508285	-2.622973	-0.008056	-0.125579	0.144919	-0.122252	-0.156442	0.980092	-0.904012	0.425142	-0.044901	-0.409653	-0.891505	-0.193400
55326	9.648867	-0.478951	-2.504819	0.006503	-0.100804	0.138742	-0.123884	-0.156815	0.979827	-0.903906	0.425226	-0.046230	-0.409398	-0.891399	-0.194424
55327	9.514818	-0.680571	-2.340043	0.011349	-0.087908	0.132339	-0.125397	-0.157044	0.979598	-0.903784	0.425345	-0.047503	-0.409208	-0.891302	-0.195270
55328	9.418835	-0.663599	-2.114753	0.068784	-0.075609	0.121721	-0.126771	-0.157265	0.979386	-0.903949	0.424849	-0.048786	-0.408419	-0.891499	-0.196018
55329	9.476988	-0.409116	-1.735032	0.107162	-0.070967	0.133553	-0.128225	-0.157340	0.979185	-0.904212	0.424117	-0.050258	-0.407381	-0.891835	-0.196651
55330	9.445644	-0.340022	-1.547054	0.123935	-0.081240	0.146417	-0.129840	-0.157511	0.978944	-0.904570	0.423156	-0.051890	-0.406073	-0.892261	-0.197423
55331	9.340832	-0.154538	-1.257227	0.117757	-0.104087	0.152571	-0.131599	-0.157803	0.978662	-0.904844	0.422359	-0.053570	-0.404893	-0.892587	-0.198370
55332	9.255187	-0.236336	-1.126560	0.060624	-0.142988	0.157577	-0.133564	-0.158478	0.978287	-0.904919	0.421991	-0.055187	-0.404082	-0.892641	-0.199773
55333	9.347817	-0.694945	-1.102881	0.076937	-0.191115	0.161642	-0.135755	-0.159510	0.977817	-0.905008	0.421574	-0.056876	-0.403151	-0.892654	-0.201589
55334	9.530055	-0.631819	-1.138971	0.175516	-0.222943	0.161481	-0.138076	-0.160884	0.977267	-0.905532	0.420188	-0.058767	-0.401181	-0.893061	-0.203703
55335	9.521238	-0.065259	-1.154928	0.189238	-0.246864	0.168228	-0.140545	-0.162391	0.976666	-0.906052	0.418782	-0.060752	-0.399145	-0.893449	-0.205992
55336	9.465194	-0.018110	-1.268281	0.087561	-0.280340	0.185304	-0.143301	-0.164181	0.975966	-0.906179	0.418220	-0.062699	-0.397875	-0.893385	-0.208709
55337	9.502528	-0.459632	-1.447192	0.003223	-0.323200	0.193610	-0.146296	-0.166266	0.975168	-0.905909	0.418524	-0.064548	-0.397399	-0.892857	-0.211851
55338	9.589787	-0.966414	-1.541820	-0.026228	-0.351925	0.187799	-0.149356	-0.168678	0.974290	-0.905563	0.419001	-0.066279	-0.397049	-0.892180	-0.215329
55339	9.525619	-1.129558	-1.454735	0.015452	-0.373599	0.175812	-0.152386	-0.171281	0.973366	-0.905357	0.419175	-0.067978	-0.396367	-0.891603	-0.218947
55340	9.549659	-1.128874	-1.626564	0.042272	-0.395554	0.163484	-0.155393	-0.174177	0.972376	-0.905309	0.419008	-0.069620	-0.395308	-0.891120	-0.222795
55341	9.531444	-1.266066	-1.954443	0.056315	-0.410183	0.148764	-0.158315	-0.177216	0.971355	-0.905296	0.418780	-0.071145	-0.394176	-0.890627	-0.226733
55342	9.616078	-1.329544	-2.245483	0.096875	-0.418732	0.126758	-0.161068	-0.180467	0.970303	-0.905510	0.418076	-0.072554	-0.392567	-0.890306	-0.230753
55343	9.745303	-1.306091	-2.616580	0.144159	-0.415304	0.110420	-0.163651	-0.183711	0.969262	-0.905893	0.417006	-0.073914	-0.390609	-0.890144	-0.234666
55344	9.633216	-1.025419	-2.854933	0.172585	-0.407981	0.096417	-0.166078	-0.186987	0.968222	-0.906431	0.415603	-0.075216	-0.388332	-0.890118	-0.238513
55345	9.617301	-0.833885	-3.030095	0.127555	-0.393410	0.077426	-0.168261	-0.190175	0.967224	-0.906794	0.414626	-0.076225	-0.386540	-0.889898	-0.242214
55346	9.580499	-0.880480	-3.118821	0.075008	-0.364041	0.068164	-0.170244	-0.193185	0.966280	-0.907003	0.414019	-0.077027	-0.385178	-0.889532	-0.245704
55347	9.487013	-1.088471	-3.066059	0.039832	-0.347167	0.055791	-0.172043	-0.196049	0.965384	-0.907060	0.413785	-0.077618	-0.384245	-0.889014	-0.249017
55348	9.512379	-1.131393	-2.976948	0.055183	-0.332698	0.039376	-0.173640	-0.198896	0.964515	-0.907234	0.413314	-0.078097	-0.383114	-0.888601	-0.252213
55349	9.508290	-1.071357	-2.919568	0.094696	-0.313799	0.025236	-0.175026	-0.201587	0.963706	-0.907551	0.412534	-0.078533	-0.381730	-0.888357	-0.255155
55350	9.424676	-0.955432	-2.882287	0.129564	-0.289789	0.016455	-0.176243	-0.204146	0.962945	-0.908045	0.411358	-0.078986	-0.379990	-0.888318	-0.257873
55351	9.407312	-0.932336	-2.832718	0.116184	-0.285438	0.010269	-0.177375	-0.206647	0.962203	-0.908467	0.410358	-0.079339	-0.378453	-0.888202	-0.260520
55352	9.418360	-0.965573	-2.891985	0.119270	-0.265369	0.010526	-0.178440	-0.209012	0.961495	-0.908924	0.409270	-0.079715	-0.376850	-0.888151	-0.263006
55353	9.419199	-0.898213	-2.901769	0.117878	-0.261587	0.002274	-0.179401	-0.211333	0.960809	-0.909363	0.408239	-0.080001	-0.375332	-0.888076	-0.265417
55354	9.379947	-0.890591	-2.916611	0.075291	-0.249713	0.000280	-0.180299	-0.213609	0.960137	-0.909683	0.407492	-0.080167	-0.374124	-0.887875	-0.267787
55355	9.379641	-0.917941	-2.810414	0.066874	-0.245513	-0.006351	-0.181115	-0.215822	0.959489	-0.909944	0.406896	-0.080238	-0.373095	-0.887613	-0.270081
55356	9.371117	-0.653157	-2.608819	0.066672	-0.244952	-0.004946	-0.181949	-0.218066	0.958823	-0.910226	0.406245	-0.080335	-0.371998	-0.887363	-0.272405
55357	9.234792	-0.450699	-2.389694	0.016316	-0.252345	-0.000034	-0.182844	-0.220312	0.958139	-0.910286	0.406110	-0.080332	-0.371412	-0.886869	-0.274802
55358	9.305605	-0.718985	-2.148119	-0.047680	-0.281093	0.001275	-0.183867	-0.222846	0.957357	-0.910127	0.406497	-0.080175	-0.371296	-0.886058	-0.277560
55359	9.289168	-0.715089	-2.012184	-0.013311	-0.305231	0.005551	-0.185007	-0.225535	0.956507	-0.910067	0.406638	-0.080144	-0.370877	-0.885313	-0.280483
55360	9.203110	-0.839034	-1.774468	-0.093066	-0.335254	0.004140	-0.186254	-0.228531	0.955554	-0.909738	0.407426	-0.079883	-0.371062	-0.884182	-0.283788
55361	9.235959	-1.172689	-1.475467	-0.116070	-0.393230	-0.005094	-0.187624	-0.232034	0.954441	-0.909316	0.408450	-0.079455	-0.371405	-0.882796	-0.287627
55362	9.251981	-1.213792	-1.127799	-0.117413	-0.457248	-0.014285	-0.189159	-0.236166	0.953124	-0.908926	0.409417	-0.078942	-0.371582	-0.881251	-0.292102
55363	9.141796	-1.226127	-0.807807	-0.127574	-0.530791	-0.026945	-0.190844	-0.240957	0.951587	-0.908502	0.410486	-0.078262	-0.371755	-0.879455	-0.297249
55364	9.356066	-1.230585	-0.442073	-0.104166	-0.635876	-0.038288	-0.192819	-0.246742	0.949705	-0.908217	0.411251	-0.077549	-0.371432	-0.877491	-0.303392
55365	9.440558	-0.178425	-0.374870	-0.003124	-0.729690	-0.018453	-0.195313	-0.253222	0.947487	-0.908242	0.411241	-0.077317	-0.370067	-0.875648	-0.310308
55366	9.295859	0.201121	-0.454131	-0.085445	-0.824972	0.000044	-0.198320	-0.260470	0.944894	-0.907953	0.411936	-0.077013	-0.369176	-0.873192	-0.318190
55367	9.132049	-0.048717	-0.476927	-0.150236	-0.945606	0.019429	-0.201942	-0.268640	0.941834	-0.907360	0.413305	-0.076663	-0.368670	-0.870064	-0.327217
55368	9.280029	-0.603224	-0.753405	-0.138446	-1.061398	0.026993	-0.206046	-0.277775	0.938289	-0.906824	0.414524	-0.076419	-0.367716	-0.866609	-0.337303
55369	9.322222	-0.765902	-1.102441	-0.083809	-1.148975	0.040607	-0.210586	-0.287551	0.934327	-0.906433	0.415371	-0.076464	-0.366105	-0.863007	-0.348117
55370	9.418667	-0.593436	-1.337713	-0.108621	-1.226650	0.051209	-0.215481	-0.297921	0.929952	-0.905953	0.416407	-0.076519	-0.364442	-0.858981	-0.359630
55371	9.534073	-0.594710	-1.567150	-0.177096	-1.303730	0.062450	-0.220747	-0.308838	0.925143	-0.905173	0.418120	-0.076402	-0.363225	-0.854281	-0.371850
55372	9.470369	-1.114406	-1.895317	-0.218576	-1.397079	0.065948	-0.226359	-0.320473	0.919814	-0.904255	0.420149	-0.076146	-0.362057	-0.848983	-0.384894
55373	9.724850	-1.496772	-2.405362	-0.212634	-1.482181	0.049658	-0.232121	-0.332814	0.913977	-0.903374	0.422115	-0.075720	-0.360603	-0.843240	-0.398637
55374	10.025500	-1.260515	-2.963075	-0.139591	-1.537490	0.036268	-0.237923	-0.345590	0.907722	-0.902808	0.423374	-0.075447	-0.358232	-0.837450	-0.412732
55375	10.295007	-1.120624	-3.623937	-0.143574	-1.578812	0.024696	-0.243740	-0.358668	0.901082	-0.902238	0.424662	-0.075019	-0.355748	-0.831276	-0.427111
55376	10.466434	-0.641985	-4.415843	-0.075982	-1.586827	0.001614	-0.249315	-0.371816	0.894201	-0.901994	0.425244	-0.074668	-0.352491	-0.825179	-0.441395
55377	10.505786	0.127058	-5.273328	-0.054294	-1.584385	-0.023032	-0.254622	-0.384948	0.887121	-0.901864	0.425605	-0.074171	-0.349011	-0.818948	-0.455539
55378	10.516944	0.575596	-5.953066	-0.115503	-1.548654	-0.047358	-0.259534	-0.397779	0.880008	-0.901593	0.426350	-0.073182	-0.346081	-0.812402	-0.469287
55379	10.308553	0.739936	-6.313938	-0.203476	-1.486530	-0.064950	-0.264035	-0.410091	0.872989	-0.901065	0.427734	-0.071596	-0.344047	-0.805524	-0.482456
55380	9.956515	0.587951	-6.555567	-0.279074	-1.422222	-0.066730	-0.268268	-0.421788	0.866099	-0.900297	0.429673	-0.069611	-0.342778	-0.798421	-0.495002
55381	9.561655	0.281254	-6.830429	-0.343586	-1.337352	-0.065458	-0.272217	-0.432709	0.859454	-0.899301	0.432124	-0.067277	-0.342279	-0.791222	-0.506768
55382	9.504925	0.059741	-6.886612	-0.399313	-1.235587	-0.052147	-0.275935	-0.442670	0.853173	-0.898083	0.435035	-0.064741	-0.342501	-0.784084	-0.517595
55383	9.364840	0.105944	-6.474108	-0.482321	-1.147335	-0.034479	-0.279519	-0.451785	0.847207	-0.896528	0.438643	-0.061879	-0.343665	-0.776841	-0.527647
55384	9.388192	-0.173392	-5.766863	-0.566936	-1.086968	-0.017021	-0.283065	-0.460272	0.841442	-0.894632	0.442936	-0.058671	-0.345700	-0.769388	-0.537153
55385	9.486635	-0.800873	-5.085063	-0.597260	-1.043725	-0.002660	-0.286620	-0.468286	0.835798	-0.892572	0.447494	-0.055365	-0.348088	-0.761878	-0.546239
55386	9.631926	-1.343686	-4.022687	-0.563757	-1.045947	-0.013118	-0.290111	-0.476277	0.830058	-0.890645	0.451704	-0.052104	-0.350124	-0.754403	-0.555238
55387	9.886934	-1.550695	-2.864357	-0.462115	-1.098885	-0.010573	-0.293828	-0.484586	0.823919	-0.889060	0.455119	-0.049381	-0.351051	-0.747023	-0.564553
55388	9.914868	-1.784862	-2.043731	-0.335822	-1.156582	-0.013966	-0.297722	-0.493242	0.817358	-0.887923	0.457552	-0.047312	-0.350647	-0.739837	-0.574184
55389	9.802937	-1.755861	-1.370172	-0.223978	-1.219104	-0.041443	-0.301577	-0.502420	0.810324	-0.887269	0.458990	-0.045629	-0.349006	-0.732737	-0.584202
55390	9.798655	-1.521024	-1.467860	-0.072898	-1.323573	-0.053917	-0.305653	-0.512305	0.802571	-0.887182	0.459246	-0.044726	-0.345664	-0.725697	-0.594878
55391	10.055481	-1.183534	-2.047850	0.062536	-1.404503	-0.022432	-0.310233	-0.522563	0.794156	-0.887472	0.458672	-0.044875	-0.340807	-0.718712	-0.606055
55392	9.908147	-0.749912	-2.487546	0.158231	-1.506172	0.029000	-0.315536	-0.533175	0.784959	-0.887916	0.457696	-0.046037	-0.334728	-0.711504	-0.617835
55393	9.715706	-0.068618	-2.230722	0.291703	-1.668791	0.090540	-0.321818	-0.544583	0.774507	-0.888599	0.456113	-0.048516	-0.326842	-0.703840	-0.630701
55394	10.072077	0.508924	-2.586529	0.305396	-1.811445	0.159373	-0.329039	-0.556492	0.762922	-0.889062	0.454864	-0.051654	-0.318280	-0.695281	-0.644424
55395	10.168202	0.664499	-3.293566	0.253038	-1.833606	0.238006	-0.336873	-0.568087	0.750862	-0.889072	0.454445	-0.055056	-0.309949	-0.686117	-0.658161
55396	10.093555	0.786893	-4.054449	0.070882	-1.920158	0.267027	-0.345095	-0.579896	0.737991	-0.888370	0.455517	-0.057480	-0.302835	-0.675445	-0.672358
55397	10.131064	0.729036	-4.378052	-0.039873	-2.010887	0.284926	-0.353606	-0.592070	0.724166	-0.887263	0.457443	-0.059245	-0.296187	-0.663475	-0.687076
55398	10.112779	0.673313	-4.652665	-0.068369	-2.072813	0.275242	-0.362094	-0.604365	0.709669	-0.886058	0.459582	-0.060706	-0.289462	-0.650790	-0.701915
55399	9.971264	0.308548	-5.190889	-0.103377	-2.097864	0.258108	-0.370340	-0.616703	0.694641	-0.884827	0.461812	-0.061739	-0.282718	-0.637501	-0.716702
55400	9.828845	0.063449	-5.829112	-0.145259	-2.036430	0.233550	-0.378064	-0.628409	0.679831	-0.883537	0.464207	-0.062253	-0.276462	-0.624191	-0.730722
55401	9.412453	-0.081022	-5.973075	-0.120498	-1.952099	0.222899	-0.385326	-0.639444	0.665309	-0.882367	0.466351	-0.062819	-0.270098	-0.611252	-0.743921
55402	9.090807	-0.217428	-6.400909	-0.065043	-1.835321	0.203813	-0.392031	-0.649506	0.651501	-0.881359	0.468142	-0.063636	-0.263663	-0.599153	-0.755974
55403	8.901062	0.073567	-6.603797	0.018946	-1.665540	0.158791	-0.397724	-0.658665	0.638730	-0.880792	0.469053	-0.064759	-0.256943	-0.588345	-0.766701
55404	8.659189	0.162209	-6.847619	0.046678	-1.427256	0.096774	-0.402225	-0.666439	0.627754	-0.880473	0.469522	-0.065695	-0.250962	-0.579145	-0.775635
55405	8.031227	-1.082839	-8.099637	0.024792	-1.216822	0.059008	-0.405726	-0.673174	0.618242	-0.880308	0.469759	-0.066212	-0.245853	-0.571108	-0.783194
55406	8.393748	-2.137610	-7.541757	0.258194	-0.963219	0.063492	-0.408652	-0.678244	0.610727	-0.880625	0.468823	-0.068595	-0.239799	-0.565853	-0.788864
55407	9.673273	-1.202428	-5.179909	0.505073	-0.542283	0.029299	-0.410152	-0.681186	0.606433	-0.881712	0.466151	-0.072721	-0.233152	-0.564525	-0.791802
55408	9.903036	-0.639126	-4.843683	0.685003	-0.080957	-0.031962	-0.410102	-0.681669	0.605924	-0.883356	0.462180	-0.077918	-0.226932	-0.567201	-0.791698
55409	8.864421	-0.412982	-5.480799	0.887962	0.326407	-0.099193	-0.408454	-0.680277	0.608596	-0.885761	0.456423	-0.084290	-0.220437	-0.573499	-0.788990
55410	7.969096	0.296500	-5.980859	0.981296	0.711475	-0.170598	-0.405456	-0.676790	0.614459	-0.888517	0.449744	-0.090929	-0.214809	-0.582825	-0.783691
55411	7.131812	0.606181	-6.352612	0.904614	1.094107	-0.235045	-0.400993	-0.671413	0.623225	-0.891404	0.442820	-0.096485	-0.211195	-0.594235	-0.776068
55412	7.129612	1.388813	-6.060461	0.807513	1.429840	-0.277363	-0.395573	-0.663886	0.634647	-0.894133	0.436280	-0.100929	-0.209878	-0.607384	-0.766183
55413	7.041738	2.430471	-6.036247	0.315453	1.740982	-0.319508	-0.388983	-0.654599	0.648222	-0.896067	0.432222	-0.101234	-0.213908	-0.620229	-0.754692
55414	6.168644	2.058669	-5.905082	-0.276443	2.052184	-0.307172	-0.381785	-0.642919	0.664000	-0.896571	0.432124	-0.097103	-0.224501	-0.632395	-0.741401
55415	6.261740	0.519600	-5.997717	-0.565792	2.384842	-0.279371	-0.373717	-0.628906	0.681772	-0.896327	0.433949	-0.091026	-0.238607	-0.645109	-0.725880
55416	5.823294	-0.578526	-6.481046	-0.548552	2.738240	-0.271087	-0.364551	-0.612089	0.701747	-0.895926	0.435962	-0.085164	-0.253807	-0.659761	-0.707317
55417	5.587027	-0.558593	-6.344605	-0.412844	3.029013	-0.264378	-0.354231	-0.593020	0.723082	-0.895808	0.437116	-0.080358	-0.268417	-0.676208	-0.686072
55418	5.663715	-0.307065	-6.645705	-0.363924	3.303253	-0.254439	-0.342812	-0.571388	0.745651	-0.895655	0.438211	-0.075977	-0.283340	-0.693892	-0.661991
55419	5.515464	-0.194042	-6.757301	-0.340637	3.562487	-0.240597	-0.330252	-0.547404	0.768949	-0.895482	0.439252	-0.071898	-0.298405	-0.712324	-0.635255
55420	5.429032	-0.083367	-6.541067	-0.353402	3.795816	-0.231517	-0.316498	-0.520929	0.792756	-0.895129	0.440616	-0.067836	-0.313963	-0.731089	-0.605752
55421	5.806203	-0.153029	-6.800122	-0.461501	4.010239	-0.249763	-0.301297	-0.492354	0.816583	-0.894419	0.442762	-0.063056	-0.330506	-0.749366	-0.573774
55422	6.185982	-0.652447	-6.880048	-0.501534	4.215763	-0.283638	-0.284388	-0.461558	0.840290	-0.893543	0.445235	-0.057851	-0.347425	-0.767287	-0.539042
55423	6.745333	-1.032311	-6.617513	-0.470258	4.388121	-0.328729	-0.265804	-0.428978	0.863323	-0.892779	0.447419	-0.052554	-0.363723	-0.784725	-0.501909
55424	7.275779	-1.294769	-6.399192	-0.389685	4.521399	-0.388349	-0.245453	-0.394781	0.885382	-0.892328	0.448912	-0.047214	-0.378820	-0.801640	-0.462460
55425	7.759587	-1.709016	-6.141576	-0.260797	4.614755	-0.453631	-0.223572	-0.359454	0.905985	-0.892388	0.449315	-0.041949	-0.391994	-0.817868	-0.421227
55426	8.019371	-1.768775	-5.804453	-0.077756	4.683853	-0.515114	-0.200243	-0.323037	0.924959	-0.893203	0.448141	-0.036857	-0.402606	-0.833557	-0.378274
55427	8.289842	-1.803632	-5.619704	0.118244	4.721707	-0.587597	-0.175747	-0.285955	0.941989	-0.894788	0.445362	-0.031744	-0.410449	-0.848459	-0.334140
55428	8.664183	-1.465810	-5.379477	0.315592	4.753309	-0.646479	-0.150213	-0.248100	0.957018	-0.897176	0.440876	-0.026526	-0.415345	-0.862598	-0.288814
55429	9.001294	-0.843315	-5.309380	0.403261	4.773192	-0.702057	-0.123961	-0.209702	0.969876	-0.899816	0.435773	-0.020785	-0.418287	-0.875286	-0.242713
55430	9.367693	-0.078334	-5.279062	0.357959	4.763383	-0.738098	-0.097225	-0.170909	0.980478	-0.902179	0.431124	-0.014311	-0.420262	-0.885958	-0.196106
55431	9.625429	0.807232	-4.580834	0.129249	4.728734	-0.741102	-0.070547	-0.132020	0.988734	-0.903340	0.428865	-0.007190	-0.423084	-0.893670	-0.149514
55432	9.373315	1.429198	-3.341298	-0.264057	4.629935	-0.676151	-0.044633	-0.093412	0.994627	-0.902656	0.430363	-0.000087	-0.428042	-0.897809	-0.103527
55433	9.151055	1.265095	-3.090943	-0.692502	4.458650	-0.565130	-0.020235	-0.055825	0.998235	-0.899839	0.436178	0.006152	-0.435752	-0.898127	-0.059060
55434	10.751292	0.654981	-0.517149	-1.234405	4.264245	-0.349523	0.001819	-0.019116	0.999816	-0.894480	0.446993	0.010173	-0.447105	-0.894333	-0.016286
55435	9.936718	0.463028	-1.811236	-1.262258	3.865738	-0.066350	0.019950	0.015042	0.999688	-0.888749	0.458266	0.010841	-0.457960	-0.888688	0.022511
55436	8.983614	0.375500	-3.234390	-1.368492	3.087455	0.081166	0.033631	0.042788	0.998518	-0.882430	0.470346	0.009566	-0.469239	-0.881444	0.053575
55437	7.714590	1.888698	-2.227050	-1.488540	2.271767	0.161946	0.043050	0.063480	0.997054	-0.875404	0.483341	0.007024	-0.481471	-0.873127	0.076379
55438	6.163485	-0.101180	-2.239557	-1.774543	1.393429	0.278413	0.047519	0.076976	0.995900	-0.866856	0.498551	0.002827	-0.496289	-0.863436	0.090418
55439	4.911492	-3.638160	-3.152277	-1.418185	0.480623	0.397268	0.046546	0.083100	0.995454	-0.859905	0.510448	-0.002404	-0.508327	-0.855884	0.095217
55440	5.269108	-4.884734	-4.834266	-0.429754	-0.415615	0.407517	0.040998	0.081657	0.995817	-0.857891	0.513787	-0.006811	-0.512194	-0.854023	0.091117
55441	6.189088	-4.650125	-6.585341	0.610147	-1.344955	0.378454	0.030931	0.072064	0.996920	-0.861125	0.508295	-0.010026	-0.507452	-0.858163	0.077778
55442	9.906330	-5.031899	-6.794134	1.180323	-2.207558	0.438140	0.016104	0.055257	0.998342	-0.867158	0.497848	-0.013567	-0.497773	-0.865502	0.055934
55443	14.551531	0.377294	-0.981924	1.401636	-2.156966	0.417230	0.001906	0.038542	0.999255	-0.874078	0.485487	-0.017058	-0.485783	-0.873394	0.034614
55444	12.549771	3.418950	-3.652201	1.168722	-2.184550	0.291237	-0.011101	0.020800	0.999722	-0.879677	0.475165	-0.019654	-0.475442	-0.879651	0.013022
55445	11.249850	0.627295	-5.023349	0.930229	-1.995093	0.369934	-0.023721	0.004935	0.999706	-0.883986	0.466933	-0.023280	-0.466911	-0.884279	-0.006713
55446	8.403934	-0.770313	-5.634653	0.924515	-1.843933	0.523624	-0.036843	-0.008991	0.999281	-0.888097	0.458765	-0.028617	-0.458177	-0.888512	-0.024887
55447	8.991742	-0.562449	-6.150184	0.742467	-1.771304	0.533760	-0.049600	-0.022335	0.998519	-0.891233	0.452259	-0.034154	-0.450826	-0.891607	-0.042338
55448	9.420812	2.004283	-5.631165	0.257614	-1.620586	0.441880	-0.060781	-0.034813	0.997544	-0.892136	0.450111	-0.038651	-0.447660	-0.892294	-0.058416
55449	9.955604	1.327989	-5.939295	-0.337668	-1.600945	0.456314	-0.071988	-0.047029	0.996296	-0.890311	0.453325	-0.042931	-0.449627	-0.890104	-0.074504
55450	10.390882	-0.523595	-4.550845	-0.317303	-1.469985	0.484092	-0.082874	-0.057944	0.994874	-0.888536	0.456348	-0.047437	-0.451260	-0.887913	-0.089305
55451	10.680041	-1.385702	-3.592239	0.133362	-1.327093	0.465008	-0.092936	-0.067616	0.993374	-0.888721	0.455473	-0.052143	-0.448929	-0.887678	-0.102422
55452	10.334420	-1.040069	-2.888292	0.546713	-1.221900	0.485023	-0.102663	-0.076327	0.991783	-0.890706	0.450928	-0.057497	-0.442835	-0.889291	-0.114279
55453	9.772151	-0.123049	-2.604897	0.616782	-1.161811	0.493168	-0.112124	-0.084468	0.990098	-0.892882	0.445851	-0.063078	-0.436108	-0.891113	-0.125410
55454	9.602201	0.210067	-2.491722	0.363985	-1.124169	0.489537	-0.121338	-0.092368	0.988304	-0.893907	0.443012	-0.068344	-0.431518	-0.891745	-0.136323
55455	9.759276	-0.472224	-2.842629	0.058242	-1.086122	0.471992	-0.130190	-0.099968	0.986436	-0.893560	0.442962	-0.073042	-0.429653	-0.890949	-0.146996
55456	9.946641	-1.022760	-3.305245	-0.172434	-1.035630	0.454987	-0.138668	-0.107220	0.984518	-0.892219	0.444954	-0.077209	-0.429787	-0.889112	-0.157365
55457	9.850575	-1.770721	-3.671834	-0.286549	-0.972481	0.420691	-0.146560	-0.113987	0.982612	-0.890382	0.447979	-0.080836	-0.430975	-0.886748	-0.167147
55458	9.988176	-2.060474	-3.827337	-0.184294	-0.907320	0.371733	-0.153747	-0.120413	0.980746	-0.889040	0.450036	-0.084117	-0.431243	-0.884855	-0.176244
55459	9.875818	-1.637916	-3.631147	-0.093488	-0.827025	0.339137	-0.160282	-0.126206	0.978970	-0.888101	0.451296	-0.087225	-0.430796	-0.883405	-0.184419
55460	9.825353	-1.441763	-3.520745	-0.081974	-0.763271	0.309332	-0.166287	-0.131607	0.977256	-0.887252	0.452411	-0.090046	-0.430270	-0.882045	-0.191998
55461	9.826226	-1.279967	-3.485771	-0.072978	-0.706349	0.294371	-0.171892	-0.136509	0.975612	-0.886438	0.453463	-0.092731	-0.429745	-0.880759	-0.198953
55462	9.848440	-1.049209	-3.386847	-0.097380	-0.664055	0.279197	-0.177194	-0.141145	0.974002	-0.885534	0.454714	-0.095206	-0.429454	-0.879382	-0.205562
55463	9.827199	-0.842152	-3.118967	-0.184455	-0.625596	0.269796	-0.182227	-0.145421	0.972443	-0.884255	0.456734	-0.097401	-0.429984	-0.877637	-0.211819
55464	9.795778	-1.186352	-2.958713	-0.271884	-0.589531	0.248249	-0.186935	-0.149517	0.970927	-0.882634	0.459480	-0.099178	-0.431293	-0.875513	-0.217862
55465	9.586125	-1.441542	-2.898183	-0.259472	-0.565989	0.228651	-0.191353	-0.153423	0.969456	-0.881079	0.462108	-0.100777	-0.432532	-0.873451	-0.223604
55466	9.579826	-1.250077	-2.737977	-0.236478	-0.537520	0.219800	-0.195594	-0.157159	0.968010	-0.879634	0.464516	-0.102321	-0.433575	-0.871508	-0.229099
55467	9.533257	-1.096961	-2.466936	-0.245941	-0.515361	0.215317	-0.199681	-0.160653	0.966601	-0.878139	0.467011	-0.103787	-0.434740	-0.869535	-0.234329
55468	9.472368	-1.222220	-2.388259	-0.247930	-0.513976	0.198016	-0.203635	-0.164254	0.965170	-0.876663	0.469492	-0.105063	-0.435883	-0.867524	-0.239600
55469	9.544499	-1.299702	-2.377606	-0.209637	-0.503200	0.191696	-0.207467	-0.167723	0.963756	-0.875354	0.471639	-0.106357	-0.436707	-0.865693	-0.244667
55470	9.456704	-1.020878	-2.324917	-0.168159	-0.490867	0.185484	-0.211215	-0.171151	0.962338	-0.874228	0.473424	-0.107679	-0.437165	-0.864047	-0.249620
55471	9.290049	-0.881980	-2.235386	-0.202917	-0.492716	0.181755	-0.214916	-0.174553	0.960907	-0.872953	0.475502	-0.108868	-0.437910	-0.862224	-0.254569
55472	9.180688	-1.050126	-2.145721	-0.253773	-0.516426	0.175131	-0.218687	-0.178226	0.959381	-0.871461	0.478005	-0.109847	-0.439012	-0.860085	-0.259851
55473	9.179192	-1.363818	-2.157176	-0.244366	-0.523955	0.171411	-0.222440	-0.181916	0.957824	-0.870009	0.480425	-0.110801	-0.440006	-0.857962	-0.265135
55474	9.106033	-1.457705	-2.304774	-0.194276	-0.532111	0.168250	-0.226227	-0.185722	0.956205	-0.868771	0.482419	-0.111842	-0.440520	-0.856025	-0.270486
55475	9.036138	-1.404378	-2.364955	-0.204413	-0.544453	0.163582	-0.230005	-0.189598	0.954542	-0.867497	0.484485	-0.112799	-0.441075	-0.854006	-0.275909
55476	9.118283	-1.431014	-2.328041	-0.200919	-0.563005	0.155537	-0.233816	-0.193705	0.952790	-0.866254	0.486500	-0.113673	-0.441514	-0.851936	-0.281549
55477	9.192363	-1.378945	-2.355621	-0.177149	-0.574736	0.144501	-0.237563	-0.197903	0.950999	-0.865131	0.488301	-0.114497	-0.441715	-0.849939	-0.287214
55478	9.049603	-1.254602	-2.243993	-0.184431	-0.594757	0.141271	-0.241392	-0.202315	0.949104	-0.863977	0.490163	-0.115256	-0.441898	-0.847826	-0.293117
55479	9.002849	-1.114327	-2.039673	-0.206473	-0.628227	0.145923	-0.245387	-0.206929	0.947083	-0.862710	0.492220	-0.115980	-0.442174	-0.845517	-0.299304
55480	9.001264	-1.003380	-1.735611	-0.221176	-0.673655	0.154141	-0.249680	-0.211901	0.944859	-0.861337	0.494444	-0.116722	-0.442446	-0.842985	-0.305970
55481	9.069236	-0.951992	-1.462367	-0.270337	-0.725744	0.164509	-0.254266	-0.217204	0.942428	-0.859727	0.497081	-0.117390	-0.442966	-0.840079	-0.313127
55482	9.091472	-1.248404	-1.062294	-0.346533	-0.797703	0.171375	-0.259253	-0.223086	0.939692	-0.857749	0.500377	-0.117855	-0.443908	-0.836574	-0.321076
55483	9.198521	-1.632185	-0.738466	-0.339580	-0.891116	0.165876	-0.264591	-0.229704	0.936604	-0.855807	0.503596	-0.118258	-0.444506	-0.832843	-0.329830
55484	9.342514	-1.623545	-0.443634	-0.290938	-0.987385	0.163469	-0.270357	-0.237122	0.933103	-0.854070	0.506418	-0.118765	-0.444378	-0.829044	-0.339432
55485	9.345319	-1.525015	-0.278375	-0.277349	-1.094886	0.158256	-0.276527	-0.245386	0.929149	-0.852407	0.509102	-0.119235	-0.443773	-0.824985	-0.349950
55486	9.351215	-1.597904	-0.253175	-0.268604	-1.226232	0.152865	-0.283242	-0.254725	0.924602	-0.850781	0.511719	-0.119651	-0.442658	-0.820524	-0.361656
55487	9.469336	-1.231247	-0.351761	-0.189061	-1.367062	0.140199	-0.290428	-0.265206	0.919411	-0.849546	0.513637	-0.120199	-0.440366	-0.815992	-0.374479
55488	9.417864	-1.097584	-0.724765	-0.177192	-1.495045	0.143609	-0.298188	-0.276647	0.913537	-0.848333	0.515500	-0.120795	-0.437511	-0.811003	-0.388405
55489	9.504814	-0.786558	-1.031655	-0.163955	-1.620494	0.154319	-0.306517	-0.288962	0.906944	-0.847155	0.517268	-0.121503	-0.434023	-0.805565	-0.403347
55490	9.521361	-0.527053	-1.395422	-0.167422	-1.731967	0.177725	-0.315474	-0.301961	0.899608	-0.845877	0.519150	-0.122374	-0.430080	-0.799564	-0.419201
55491	9.449766	-0.204449	-1.772337	-0.221841	-1.844272	0.206296	-0.325072	-0.315585	0.891479	-0.844270	0.521558	-0.123225	-0.426070	-0.792706	-0.435983
55492	9.307966	-0.195322	-2.290511	-0.284994	-1.939214	0.238715	-0.335273	-0.329650	0.882566	-0.842275	0.524585	-0.124028	-0.422095	-0.784947	-0.453536
55493	9.148288	-0.438909	-3.029869	-0.340582	-2.008101	0.256695	-0.345829	-0.343990	0.872968	-0.839975	0.528112	-0.124658	-0.418144	-0.776382	-0.471579
55494	9.039560	-0.963073	-3.894878	-0.377671	-2.061810	0.256396	-0.356532	-0.358544	0.862747	-0.837489	0.531961	-0.125020	-0.414122	-0.767114	-0.489937
55495	9.186771	-1.667480	-5.034800	-0.327560	-2.082743	0.228410	-0.366977	-0.373219	0.852077	-0.835320	0.535295	-0.125295	-0.409350	-0.757738	-0.508199
55496	9.109552	-1.573456	-6.130018	-0.264547	-2.069076	0.193945	-0.376988	-0.387753	0.841147	-0.833503	0.538067	-0.125523	-0.403921	-0.748419	-0.526038
55497	8.909805	-1.672346	-6.813366	-0.366785	-2.014402	0.146737	-0.386259	-0.401953	0.830203	-0.831478	0.541373	-0.124740	-0.399310	-0.738477	-0.543325
55498	9.302451	-2.762112	-7.150486	-0.513575	-1.966700	0.054414	-0.394519	-0.416060	0.819298	-0.829195	0.545413	-0.122310	-0.395967	-0.727611	-0.560171
55499	10.418630	-3.181635	-7.684305	-0.384331	-1.908138	-0.068174	-0.401428	-0.430236	0.808550	-0.827961	0.547900	-0.119524	-0.391581	-0.717428	-0.576161
55500	11.316308	-1.974592	-8.305141	-0.177486	-1.784496	-0.164920	-0.406994	-0.443846	0.798346	-0.827907	0.548499	-0.117122	-0.385908	-0.708624	-0.590700
55501	11.244596	-0.485533	-8.033120	-0.189689	-1.628162	-0.207349	-0.411480	-0.456470	0.788873	-0.828038	0.548899	-0.114296	-0.380838	-0.700247	-0.603835
55502	10.983316	0.380480	-7.169302	-0.363244	-1.528837	-0.196224	-0.415655	-0.468160	0.779780	-0.827434	0.550584	-0.110501	-0.377602	-0.691147	-0.616224
55503	11.361472	0.538529	-6.563830	-0.559849	-1.493737	-0.178761	-0.419766	-0.479411	0.770689	-0.826081	0.553573	-0.105583	-0.376015	-0.680972	-0.628403
55504	11.403277	0.479712	-5.976665	-0.743783	-1.446302	-0.166387	-0.423845	-0.490066	0.761703	-0.823934	0.557874	-0.099547	-0.376150	-0.669785	-0.640234
55505	11.051941	0.076253	-5.016658	-0.961785	-1.415314	-0.151088	-0.427900	-0.500322	0.752715	-0.820960	0.563502	-0.092142	-0.378056	-0.657376	-0.651867
