// General information: 
//  MT Manager version: 2022.2.0 
//  XDA version: 2022.2.0 build 7381 rev 124627 built on 2023-07-19
// Device information: 
//  DeviceId: 00B4CAF0
//  ProductCode: MTW2-3A7G6
//  Firmware Version: 4.6.0
//  Hardware Version: 2.0.0
// Device settings: 
//  Filter Profile: human(46.1)
//  Option Flags: Orientation Smoother Disabled, Position/Velocity Smoother Disabled, Continuous Zero Rotation Update Disabled, AHS Disabled, ICC Disabled
// Coordinate system: ENU
PacketCounter	Acc_X	Acc_Y	Acc_Z	Gyr_X	Gyr_Y	Gyr_Z	Mat[1][1]	Mat[2][1]	Mat[3][1]	Mat[1][2]	Mat[2][2]	Mat[3][2]	Mat[1][3]	Mat[2][3]	Mat[3][3]
26578	4.740818	0.654070	9.087538	-0.006158	0.002296	0.011112	0.139068	-0.876346	0.461171	0.980353	0.187617	0.060893	-0.139887	0.443642	0.885219
26579	4.771273	0.602160	9.078856	-0.013111	0.004587	0.009661	0.139124	-0.876333	0.461179	0.980367	0.187598	0.060726	-0.139732	0.443676	0.885227
26580	4.770816	0.600058	9.079235	-0.023475	0.006705	0.008863	0.139149	-0.876334	0.461168	0.980402	0.187497	0.060473	-0.139462	0.443715	0.885250
26581	4.754579	0.608384	9.094571	-0.036667	0.007313	0.008164	0.139194	-0.876336	0.461150	0.980451	0.187360	0.060105	-0.139073	0.443769	0.885284
26582	4.808946	0.598287	9.117747	-0.047033	0.009430	0.007360	0.139244	-0.876347	0.461115	0.980513	0.187181	0.059648	-0.138585	0.443824	0.885333
26583	4.809809	0.676782	9.056489	-0.039105	0.013713	0.012545	0.139341	-0.876369	0.461044	0.980559	0.187071	0.059238	-0.138162	0.443826	0.885398
26584	4.737997	0.575481	9.098320	-0.039722	0.016626	0.008154	0.139424	-0.876407	0.460947	0.980606	0.186948	0.058841	-0.137742	0.443803	0.885475
26585	4.748055	0.623549	9.111487	-0.034387	0.015697	0.014017	0.139538	-0.876435	0.460859	0.980643	0.186873	0.058466	-0.137363	0.443779	0.885546
26586	4.762637	0.608369	9.097466	-0.035849	0.009396	0.008642	0.139535	-0.876453	0.460826	0.980701	0.186682	0.058105	-0.136955	0.443824	0.885587
26587	4.706029	0.582930	9.096291	-0.036536	0.011789	0.011373	0.139618	-0.876469	0.460770	0.980744	0.186574	0.057723	-0.136560	0.443838	0.885640
26588	4.760329	0.573050	9.119483	-0.037619	0.006273	0.009807	0.139658	-0.876465	0.460764	0.980794	0.186426	0.057340	-0.136155	0.443907	0.885668
26589	4.704915	0.575310	9.097352	-0.036353	0.002543	0.006516	0.139681	-0.876449	0.460788	0.980844	0.186276	0.056982	-0.135775	0.444002	0.885679
26590	4.703674	0.517239	9.138732	-0.017413	-0.003236	0.004367	0.139606	-0.876421	0.460865	0.980884	0.186116	0.056804	-0.135559	0.444126	0.885650
26591	4.776780	0.581125	9.084452	-0.016247	-0.005906	0.003260	0.139585	-0.876373	0.460962	0.980911	0.186027	0.056639	-0.135388	0.444257	0.885610
26592	4.749441	0.511425	9.107476	-0.016757	-0.004044	-0.003307	0.139531	-0.876341	0.461039	0.980941	0.185909	0.056499	-0.135224	0.444369	0.885579
26593	4.761786	0.589593	9.099148	-0.012790	-0.000193	0.008034	0.139565	-0.876310	0.461088	0.980956	0.185877	0.056343	-0.135079	0.444443	0.885564
26594	4.803979	0.589840	9.102402	-0.009203	-0.000548	-0.001916	0.139446	-0.876302	0.461139	0.980992	0.185714	0.056266	-0.134946	0.444528	0.885542
26595	4.719048	0.558706	9.116631	-0.005411	0.000406	0.001249	0.139414	-0.876286	0.461179	0.981006	0.185655	0.056205	-0.134872	0.444583	0.885525
26596	4.914313	0.605052	9.127139	0.013945	0.009659	0.003892	0.139433	-0.876305	0.461137	0.980988	0.185719	0.056306	-0.134983	0.444519	0.885541
26597	4.803013	0.619193	9.082541	0.035880	0.016996	0.005379	0.139464	-0.876356	0.461032	0.980941	0.185880	0.056592	-0.135292	0.444353	0.885577
26598	4.702260	0.544077	9.119227	0.042600	0.018400	0.006261	0.139485	-0.876412	0.460918	0.980888	0.186056	0.056936	-0.135656	0.444168	0.885614
26599	4.729174	0.643033	9.076020	0.030086	0.016619	0.002807	0.139491	-0.876465	0.460815	0.980852	0.186169	0.057183	-0.135908	0.444015	0.885652
26600	4.728749	0.558285	9.104201	0.022763	0.009423	0.001988	0.139473	-0.876489	0.460776	0.980829	0.186236	0.057370	-0.136097	0.443941	0.885660
26601	4.683834	0.590324	9.114754	0.019960	0.006332	0.007019	0.139505	-0.876489	0.460767	0.980801	0.186340	0.057508	-0.136265	0.443898	0.885656
26602	4.712765	0.600585	9.098698	0.016024	0.000892	0.000618	0.139430	-0.876481	0.460805	0.980795	0.186329	0.057643	-0.136384	0.443918	0.885628
26603	4.712638	0.601804	9.098683	0.012028	0.002055	0.001818	0.139406	-0.876471	0.460830	0.980785	0.186353	0.057735	-0.136480	0.443927	0.885608
26604	4.724968	0.567668	9.138581	0.009534	-0.004213	0.000307	0.139334	-0.876439	0.460913	0.980785	0.186326	0.057812	-0.136549	0.444002	0.885560
26605	4.786537	0.581857	9.071946	0.005539	-0.003050	0.001507	0.139300	-0.876407	0.460984	0.980785	0.186318	0.057848	-0.136588	0.444068	0.885521
26606	4.799540	0.574608	9.091239	-0.000103	0.001060	0.002181	0.139229	-0.876400	0.461019	0.980801	0.186238	0.057834	-0.136545	0.444116	0.885504
26607	4.786599	0.581636	9.071927	-0.007304	-0.000069	-0.000332	0.139181	-0.876385	0.461062	0.980821	0.186157	0.057764	-0.136454	0.444179	0.885486
26608	4.754987	0.603989	9.101759	-0.005290	0.006475	-0.000452	0.139136	-0.876399	0.461049	0.980838	0.186079	0.057714	-0.136372	0.444184	0.885496
26609	4.783340	0.584392	9.106452	-0.012028	-0.002055	-0.001817	0.139071	-0.876378	0.461109	0.980866	0.185964	0.057610	-0.136237	0.444274	0.885472
26610	4.726164	0.621072	9.097481	-0.012843	0.002981	-0.001840	0.138950	-0.876387	0.461127	0.980908	0.185776	0.057501	-0.136060	0.444334	0.885469
26611	4.741681	0.608314	9.082820	-0.016127	0.000167	0.001563	0.138920	-0.876370	0.461169	0.980937	0.185673	0.057345	-0.135882	0.444411	0.885457
26612	4.753137	0.658783	9.095189	-0.014713	0.000921	0.001514	0.138883	-0.876356	0.461206	0.980966	0.185565	0.057202	-0.135713	0.444483	0.885447
26613	4.835872	0.605197	9.143120	-0.004681	0.003556	0.003934	0.138881	-0.876349	0.461220	0.980976	0.185533	0.057136	-0.135642	0.444510	0.885444
26614	4.995689	0.726417	9.020590	0.050668	0.027149	0.014691	0.139040	-0.876422	0.461033	0.980891	0.185866	0.057509	-0.136093	0.444227	0.885517
26615	4.696158	0.523997	9.109228	0.070070	0.029789	0.009714	0.139131	-0.876521	0.460818	0.980791	0.186216	0.058078	-0.136719	0.443885	0.885592
26616	4.777627	0.620052	9.088617	0.077682	0.017965	0.007949	0.139161	-0.876577	0.460703	0.980688	0.186555	0.058728	-0.137426	0.443633	0.885609
26617	4.762085	0.606303	9.090520	0.076067	0.026451	0.012816	0.139278	-0.876655	0.460519	0.980574	0.186958	0.059336	-0.138115	0.443309	0.885665
26618	4.657390	0.625323	9.133504	0.067989	0.017681	0.004378	0.139322	-0.876706	0.460409	0.980479	0.187276	0.059912	-0.138749	0.443074	0.885683
26619	4.677162	0.610895	9.050814	0.054443	0.015936	0.004785	0.139346	-0.876752	0.460313	0.980405	0.187513	0.060366	-0.139240	0.442881	0.885702
26620	4.605246	0.517591	9.092065	0.031939	0.009951	0.003868	0.139404	-0.876766	0.460270	0.980354	0.187699	0.060623	-0.139545	0.442776	0.885707
26621	4.703489	0.570611	9.076577	0.024957	-0.002001	0.001474	0.139370	-0.876739	0.460331	0.980326	0.187776	0.060831	-0.139772	0.442796	0.885661
26622	4.743617	0.605500	9.093115	0.014120	0.000401	-0.000969	0.139344	-0.876723	0.460370	0.980311	0.187815	0.060954	-0.139904	0.442812	0.885632
26623	4.698715	0.609754	9.123859	0.014329	-0.001726	-0.005327	0.139244	-0.876710	0.460424	0.980308	0.187786	0.061099	-0.140028	0.442850	0.885594
26624	4.849344	0.591405	9.016351	0.019070	-0.001313	0.001090	0.139200	-0.876688	0.460479	0.980290	0.187826	0.061259	-0.140195	0.442876	0.885554
26625	4.868541	0.559792	9.144223	0.026571	0.005318	-0.007417	0.139090	-0.876711	0.460470	0.980272	0.187832	0.061522	-0.140428	0.442829	0.885541
26626	5.154002	0.844749	9.151570	0.106221	0.036918	0.000758	0.139108	-0.876857	0.460187	0.980130	0.188268	0.062454	-0.141401	0.442355	0.885623
26627	4.824063	0.712985	9.038906	0.129054	0.052366	0.000933	0.139146	-0.877071	0.459766	0.979955	0.188801	0.063586	-0.142573	0.441702	0.885761
26628	4.689494	0.697876	9.085363	0.140997	0.048832	-0.002715	0.139188	-0.877270	0.459373	0.979756	0.189402	0.064841	-0.143889	0.441049	0.885873
26629	4.613611	0.698922	9.099553	0.101463	0.049137	0.000064	0.139215	-0.877472	0.458980	0.979619	0.189804	0.065733	-0.144795	0.440475	0.886011
26630	4.608991	0.679845	9.121784	0.083319	0.035658	0.001329	0.139232	-0.877611	0.458708	0.979506	0.190135	0.066461	-0.145543	0.440053	0.886098
26631	4.579591	0.673534	9.104764	0.064244	0.029847	-0.000213	0.139229	-0.877728	0.458485	0.979422	0.190370	0.067024	-0.146111	0.439719	0.886171
26632	4.525733	0.565877	9.097908	0.045491	0.005025	-0.004188	0.139097	-0.877749	0.458485	0.979381	0.190430	0.067442	-0.146506	0.439651	0.886139
26633	4.553582	0.523638	9.123455	0.037113	-0.007680	-0.006471	0.138977	-0.877713	0.458591	0.979345	0.190491	0.067794	-0.146861	0.439697	0.886058
26634	4.665034	0.629439	9.118540	0.026496	-0.023227	-0.009183	0.138802	-0.877613	0.458836	0.979330	0.190475	0.068065	-0.147131	0.439904	0.885910
26635	4.739319	0.669307	9.083569	0.017793	-0.024040	-0.009454	0.138629	-0.877510	0.459084	0.979326	0.190424	0.068259	-0.147319	0.440131	0.885766
26636	4.743412	0.638785	9.069315	-0.001272	-0.021170	-0.015481	0.138381	-0.877433	0.459306	0.979363	0.190216	0.068314	-0.147308	0.440374	0.885647
26637	4.741757	0.616195	9.123371	-0.006919	-0.024176	-0.015260	0.138150	-0.877340	0.459552	0.979403	0.190006	0.068316	-0.147254	0.440649	0.885519
26638	4.986392	0.743273	9.038978	0.026697	-0.016694	-0.018065	0.137860	-0.877291	0.459733	0.979407	0.189871	0.068631	-0.147499	0.440805	0.885401
26639	4.815303	0.718237	9.079864	0.033042	-0.008975	-0.020580	0.137600	-0.877276	0.459841	0.979396	0.189791	0.069011	-0.147815	0.440870	0.885316
26640	4.823854	0.752306	9.145816	0.051128	-0.009760	-0.022780	0.137298	-0.877262	0.459956	0.979365	0.189751	0.069563	-0.148302	0.440914	0.885212
26641	4.953764	0.901794	9.050004	0.106389	0.007185	-0.019892	0.137069	-0.877317	0.459921	0.979243	0.189999	0.070590	-0.149314	0.440699	0.885150
26642	4.659095	0.701554	9.105093	0.105883	0.000311	-0.021979	0.136763	-0.877352	0.459946	0.979133	0.190177	0.071625	-0.150312	0.440553	0.885053
26643	4.687801	0.693030	9.109144	0.097055	-0.006566	-0.020509	0.136507	-0.877347	0.460031	0.979025	0.190379	0.072572	-0.151251	0.440475	0.884932
26644	4.671053	0.772691	9.114707	0.075559	-0.005952	-0.017660	0.136289	-0.877338	0.460112	0.978941	0.190522	0.073317	-0.151985	0.440431	0.884828
26645	4.561711	0.790462	9.068129	0.055367	-0.010631	-0.013099	0.136099	-0.877301	0.460238	0.978884	0.190605	0.073860	-0.152522	0.440468	0.884718
26646	4.573002	0.792644	9.120697	0.035894	-0.019261	-0.006287	0.135913	-0.877220	0.460449	0.978858	0.190609	0.074203	-0.152858	0.440629	0.884579
26647	4.706536	0.762921	9.082309	0.010656	-0.028282	-0.002006	0.135805	-0.877084	0.460740	0.978853	0.190593	0.074300	-0.152981	0.440906	0.884420
26648	4.739026	0.685177	9.094180	-0.009437	-0.025371	-0.004137	0.135720	-0.876957	0.461006	0.978874	0.190513	0.074227	-0.152922	0.441193	0.884287
26649	4.799752	0.700947	9.060676	-0.024588	-0.024160	-0.004207	0.135596	-0.876843	0.461259	0.978927	0.190322	0.074023	-0.152694	0.441501	0.884173
26650	4.841783	0.731892	9.076015	-0.037295	-0.022265	-0.008204	0.135414	-0.876749	0.461492	0.979009	0.190016	0.073726	-0.152330	0.441821	0.884076
26651	4.869545	0.855792	9.042909	-0.040345	-0.012948	-0.008279	0.135268	-0.876692	0.461642	0.979091	0.189719	0.073402	-0.151933	0.442061	0.884024
26652	4.758014	0.753758	9.081617	-0.052550	-0.012855	-0.005692	0.135164	-0.876627	0.461796	0.979184	0.189409	0.072956	-0.151424	0.442323	0.883980
26653	4.828193	0.791244	9.081523	-0.054679	-0.009653	-0.007877	0.135027	-0.876584	0.461918	0.979287	0.189052	0.072503	-0.150882	0.442560	0.883954
26654	4.770950	0.796450	9.093002	-0.060421	-0.004461	-0.005050	0.134898	-0.876563	0.461995	0.979399	0.188666	0.071989	-0.150265	0.442766	0.883956
26655	4.770841	0.763693	9.114264	-0.064074	-0.008063	-0.005426	0.134787	-0.876523	0.462104	0.979512	0.188288	0.071441	-0.149629	0.443007	0.883943
26656	4.774806	0.781104	9.059275	-0.060433	-0.004469	-0.005069	0.134649	-0.876503	0.462183	0.979626	0.187891	0.070927	-0.149008	0.443216	0.883944
26657	4.707502	0.674160	9.067391	-0.066872	-0.003996	0.000049	0.134598	-0.876470	0.462260	0.979734	0.187549	0.070329	-0.148338	0.443426	0.883951
26658	4.729139	0.690417	9.153563	-0.064685	-0.013863	-0.005349	0.134533	-0.876395	0.462421	0.979835	0.187228	0.069775	-0.147729	0.443710	0.883911
26659	4.625177	0.659053	9.060776	-0.075595	-0.011958	-0.000661	0.134464	-0.876328	0.462568	0.979957	0.186841	0.069104	-0.146984	0.444005	0.883886
26660	4.498181	0.537648	9.134503	-0.085046	-0.030209	-0.004473	0.134332	-0.876185	0.462877	0.980096	0.186380	0.068367	-0.146173	0.444480	0.883782
26661	4.666649	0.627357	9.151461	-0.081403	-0.049553	-0.000493	0.134210	-0.875950	0.463356	0.980225	0.185968	0.067643	-0.145421	0.445115	0.883587
26662	4.644112	0.693101	9.102954	-0.092127	-0.056932	-0.000617	0.134028	-0.875687	0.463905	0.980378	0.185454	0.066827	-0.144553	0.445846	0.883361
26663	4.694150	0.654630	9.090571	-0.086967	-0.069474	0.001547	0.133898	-0.875359	0.464562	0.980510	0.185033	0.066046	-0.143773	0.446665	0.883074
26664	4.806686	0.698856	9.159347	-0.082348	-0.075111	0.009650	0.133805	-0.874996	0.465273	0.980632	0.184666	0.065271	-0.143032	0.447528	0.882758
26665	4.842995	0.700613	9.139870	-0.063003	-0.079619	0.004122	0.133686	-0.874616	0.466020	0.980725	0.184374	0.064689	-0.142500	0.448390	0.882406
26666	4.779018	0.684245	9.149641	-0.063565	-0.079856	0.009589	0.133656	-0.874218	0.466775	0.980805	0.184164	0.064077	-0.141980	0.449250	0.882052
26667	4.776724	0.566994	9.141752	-0.055951	-0.084561	0.008270	0.133572	-0.873807	0.467568	0.980882	0.183939	0.063539	-0.141525	0.450142	0.881671
26668	4.784742	0.562387	9.137843	-0.039917	-0.090300	0.001205	0.133445	-0.873378	0.468406	0.980939	0.183761	0.063175	-0.141251	0.451047	0.881252
26669	4.766695	0.699715	9.236310	-0.073520	-0.092305	0.009437	0.133363	-0.872928	0.469267	0.981039	0.183466	0.062477	-0.140633	0.452037	0.880843
26670	4.411831	0.596452	9.443086	-0.120255	-0.122803	0.005785	0.133194	-0.872348	0.470392	0.981210	0.182918	0.061387	-0.139594	0.453377	0.880320
26671	3.783520	0.561939	9.742150	-0.187881	-0.168919	-0.005855	0.132858	-0.871575	0.471917	0.981487	0.181967	0.059756	-0.137955	0.455242	0.879615
26672	4.349712	0.830255	9.720361	-0.122658	-0.320936	0.039886	0.132818	-0.870013	0.474801	0.981601	0.181770	0.058483	-0.137185	0.458297	0.878148
26673	4.784860	0.759136	9.409021	-0.173939	-0.354370	0.043192	0.132714	-0.868289	0.477977	0.981790	0.181299	0.056745	-0.135928	0.461742	0.876537
26674	4.633917	0.640063	9.513717	-0.165561	-0.414533	0.039376	0.132541	-0.866273	0.481669	0.981961	0.180878	0.055100	-0.134855	0.465677	0.874619
26675	4.355446	0.702690	9.623437	-0.094239	-0.460792	0.031785	0.132187	-0.864043	0.485753	0.982054	0.180666	0.054118	-0.134519	0.469882	0.872419
26676	4.414489	0.883089	9.858755	-0.083295	-0.568303	0.036690	0.131760	-0.861274	0.490762	0.982122	0.180567	0.053209	-0.134443	0.474977	0.869668
26677	4.673359	0.892061	9.821761	0.013295	-0.669015	0.049943	0.131303	-0.857969	0.496637	0.982047	0.181014	0.053074	-0.135434	0.480752	0.866334
26678	4.576292	1.027333	10.026566	0.076792	-0.769361	0.048009	0.130718	-0.854138	0.503350	0.981881	0.181791	0.053493	-0.137195	0.487237	0.862425
26679	4.685401	0.981875	10.202014	0.148979	-0.920975	0.042215	0.129811	-0.849521	0.511335	0.981628	0.182836	0.054556	-0.139837	0.494859	0.857648
26680	4.704768	1.274683	10.293387	0.248212	-1.050262	0.063789	0.128913	-0.844146	0.520383	0.981201	0.184580	0.056348	-0.143618	0.503337	0.852072
26681	4.834581	2.159203	11.418742	0.237501	-1.262471	0.154781	0.128548	-0.837421	0.531227	0.980665	0.187042	0.057547	-0.147553	0.513558	0.845273
26682	3.907238	3.403308	12.855056	-0.018790	-1.543180	0.390574	0.130039	-0.828641	0.544466	0.980197	0.190151	0.055288	-0.149344	0.526494	0.836959
26683	4.208128	1.716226	12.045052	-0.231892	-1.965074	0.516011	0.132114	-0.817123	0.561120	0.979876	0.193110	0.050506	-0.149627	0.543156	0.826192
26684	5.105539	2.859535	12.067116	-0.125764	-2.245485	0.697185	0.135515	-0.803337	0.579901	0.979142	0.198016	0.045499	-0.151381	0.561640	0.813416
26685	5.381432	3.661185	11.605940	-0.172578	-2.479111	0.973213	0.141219	-0.787182	0.600334	0.978068	0.204723	0.038365	-0.153103	0.581749	0.798829
26686	4.978936	5.666673	11.829679	-0.340350	-2.833732	1.375722	0.150266	-0.767479	0.623214	0.976596	0.213349	0.027265	-0.153888	0.604531	0.781576
26687	5.233521	4.064797	11.318794	-0.636679	-3.215578	1.759926	0.162465	-0.743764	0.648398	0.974830	0.222672	0.011166	-0.152685	0.630264	0.761220
26688	6.265915	3.627619	10.538241	-0.287378	-3.598376	1.939899	0.175744	-0.716140	0.675468	0.972004	0.234933	-0.003818	-0.155956	0.657229	0.737379
26689	9.802272	3.596935	11.580491	0.059218	-3.911063	2.055747	0.189393	-0.684891	0.703601	0.968167	0.249688	-0.017560	-0.163654	0.684529	0.710378
26690	14.744597	8.823371	14.248293	0.093040	-3.207277	2.410535	0.207255	-0.656352	0.725429	0.963244	0.266453	-0.034118	-0.170899	0.705836	0.687451
26691	8.325976	7.719975	12.547372	-1.166872	-2.940035	2.755426	0.228744	-0.627776	0.744025	0.959216	0.275736	-0.062249	-0.166076	0.727919	0.665246
26692	7.030558	4.474386	10.068630	-1.505422	-2.931748	2.913553	0.251810	-0.597959	0.760945	0.954676	0.282418	-0.093992	-0.158701	0.750124	0.641972
26693	6.551257	2.677919	8.929072	-1.477330	-2.914519	2.986955	0.275669	-0.567227	0.776054	0.949109	0.288538	-0.126245	-0.152312	0.771362	0.617901
26694	5.167046	0.748600	7.258376	-1.092912	-2.874979	2.955335	0.299212	-0.536116	0.789336	0.942286	0.296259	-0.155972	-0.150229	0.790449	0.593819
26695	4.027897	-1.359120	5.154756	-0.680332	-2.846571	2.898987	0.322062	-0.504614	0.801025	0.934326	0.305869	-0.182972	-0.152679	0.807347	0.569982
26696	-0.915835	-1.198546	5.235608	-0.355817	-2.364383	2.482750	0.341442	-0.477649	0.809487	0.926663	0.315120	-0.204926	-0.157203	0.820092	0.550215
26697	14.384704	5.484806	7.463075	0.026701	-1.861153	-0.129052	0.337215	-0.462682	0.819885	0.927076	0.314693	-0.203713	-0.163758	0.828791	0.535060
26698	13.014276	13.724818	14.929144	1.359207	1.002957	-1.695091	0.323098	-0.476299	0.817769	0.930407	0.317891	-0.182449	-0.173061	0.819807	0.545862
26699	4.481130	14.399026	10.481962	-0.322599	1.775887	-2.623815	0.301522	-0.498901	0.812516	0.939163	0.302423	-0.162827	-0.164489	0.812181	0.559737
26700	0.586530	12.783594	8.562809	-1.003723	2.170378	-3.124477	0.275336	-0.525508	0.805004	0.949772	0.278252	-0.143208	-0.148737	0.804001	0.575726
26701	0.284414	7.098255	6.651409	-1.731892	2.252402	-3.306912	0.246795	-0.552183	0.796358	0.960803	0.246526	-0.126819	-0.126296	0.796441	0.591381
26702	0.417750	1.644879	5.694235	-1.795667	2.262141	-3.366928	0.216799	-0.577841	0.786827	0.970693	0.213215	-0.110877	-0.103694	0.787806	0.607132
26703	0.331375	-2.182928	5.034733	-1.188948	2.323633	-3.329453	0.186523	-0.602604	0.775937	0.978555	0.184216	-0.092164	-0.087402	0.776488	0.624041
26704	0.105433	-4.099794	5.040174	-0.333557	2.323122	-3.224665	0.156740	-0.626060	0.763860	0.984384	0.161774	-0.069400	-0.080124	0.762810	0.641640
26705	0.503562	-3.728500	5.720702	0.534014	2.297183	-3.050714	0.128467	-0.648076	0.750662	0.988310	0.146325	-0.042810	-0.082096	0.747387	0.659298
26706	1.695657	-2.456053	6.735858	1.013926	2.279069	-2.760234	0.103033	-0.668809	0.736260	0.990646	0.135579	-0.015473	-0.089473	0.730967	0.676522
26707	3.067830	-2.052855	7.500641	1.233784	2.301798	-2.378950	0.081584	-0.688546	0.720589	0.991682	0.128300	0.010318	-0.099556	0.713753	0.693286
26708	4.310941	-2.076185	8.158608	1.338342	2.387987	-1.997307	0.064215	-0.707885	0.703403	0.991736	0.123717	0.033967	-0.111068	0.695409	0.709979
26709	5.124020	-2.506199	8.718466	1.379360	2.475478	-1.650263	0.050710	-0.726853	0.684919	0.991073	0.121290	0.055339	-0.123297	0.675999	0.726515
26710	6.202237	-2.848703	8.987404	1.464269	2.570713	-1.381130	0.040296	-0.745634	0.665136	0.989805	0.120799	0.075454	-0.136609	0.655315	0.742900
26711	6.931504	-2.735384	9.130195	1.503621	2.687944	-1.179960	0.032439	-0.764355	0.643979	0.988081	0.121532	0.094477	-0.150478	0.633239	0.759187
26712	7.245351	-1.995639	9.208503	1.522017	2.792275	-1.020524	0.026691	-0.782956	0.621505	0.985990	0.123026	0.112641	-0.164654	0.609791	0.775270
26713	7.449152	-1.169950	9.239032	1.423697	2.854801	-0.888216	0.022786	-0.801092	0.598108	0.983777	0.124453	0.129210	-0.177945	0.585460	0.790931
26714	7.344418	-0.515687	9.258310	1.248465	2.869724	-0.778195	0.020339	-0.818507	0.574136	0.981656	0.125235	0.143764	-0.189574	0.560680	0.806040
26715	7.430197	0.143516	9.234712	1.045167	2.840682	-0.678932	0.019155	-0.834912	0.550050	0.979764	0.125306	0.156081	-0.199238	0.535930	0.820417
26716	7.551879	0.508797	9.045726	0.861844	2.782326	-0.593458	0.018926	-0.850223	0.526083	0.978131	0.124748	0.166423	-0.207125	0.511428	0.833991
26717	8.264998	0.426746	9.096699	0.772185	2.711486	-0.544392	0.019268	-0.864420	0.502401	0.976615	0.123890	0.175709	-0.214129	0.487267	0.846593
26718	9.491843	0.249236	8.854063	0.755060	2.739362	-0.584963	0.019446	-0.878147	0.477995	0.975092	0.122309	0.185030	-0.220947	0.462491	0.858653
26719	9.894963	0.421671	8.205177	0.791628	2.840101	-0.678817	0.019160	-0.891717	0.452187	0.973452	0.119814	0.195026	-0.228086	0.436446	0.870340
26720	9.683532	0.803861	7.438690	0.813181	2.867892	-0.787189	0.018080	-0.904778	0.425500	0.971720	0.116115	0.205615	-0.235443	0.409749	0.881290
26721	9.124036	0.975308	6.522261	0.790155	2.788777	-0.878844	0.016164	-0.916823	0.398967	0.969989	0.111198	0.216233	-0.242611	0.383498	0.891105
26722	8.387777	0.926278	5.820091	0.757571	2.545839	-0.925382	0.013391	-0.927276	0.374138	0.968267	0.105412	0.226600	-0.249560	0.359231	0.899262
26723	7.738246	0.400229	5.462494	0.724878	2.183044	-0.940684	0.009762	-0.935838	0.352296	0.966550	0.099131	0.236548	-0.256294	0.338202	0.905501
26724	7.792614	0.228092	5.734929	0.756181	1.769323	-0.916862	0.005438	-0.942545	0.334036	0.964659	0.092947	0.246563	-0.263445	0.320890	0.909740
26725	8.956372	0.327270	6.422972	0.718144	1.419863	-0.845552	0.001028	-0.947751	0.319010	0.962777	0.087164	0.255855	-0.270294	0.306873	0.912563
26726	10.820605	0.256698	6.561108	0.590467	1.214574	-0.730339	-0.002747	-0.952017	0.306032	0.961163	0.081942	0.263535	-0.275967	0.294871	0.914819
26727	12.283362	-0.353872	5.869937	0.426662	1.084799	-0.532786	-0.004900	-0.955573	0.294714	0.959964	0.078051	0.269030	-0.280081	0.284233	0.916933
26728	13.550524	-1.191175	4.505507	0.358657	0.981822	-0.280905	-0.004892	-0.958526	0.284962	0.958944	0.076307	0.273136	-0.283553	0.274599	0.918800
26729	14.693645	-2.090613	3.282160	0.407306	0.846325	0.032224	-0.002218	-0.960779	0.277305	0.957790	0.077673	0.276776	-0.287460	0.266214	0.920053
26730	15.106668	-2.422311	2.269052	0.569781	0.717232	0.292305	0.002600	-0.962421	0.271548	0.956141	0.081928	0.281214	-0.292894	0.258907	0.920424
26731	14.604022	-1.309710	2.034653	0.635488	0.511785	0.504876	0.008885	-0.963293	0.268305	0.954240	0.088373	0.285684	-0.298909	0.253489	0.919998
26732	13.888860	-0.153794	1.828632	0.545756	0.294443	0.606115	0.015495	-0.963468	0.267375	0.952527	0.095541	0.289074	-0.304059	0.250203	0.919210
26733	11.817440	1.586963	2.185220	0.249154	0.016459	0.625893	0.021452	-0.962882	0.269071	0.951660	0.102149	0.289670	-0.306403	0.249850	0.918527
26734	10.133155	2.795200	2.758323	-0.256368	-0.380928	0.565839	0.025623	-0.961320	0.274240	0.952316	0.106906	0.285773	-0.304037	0.253840	0.918219
26735	-5.164131	14.585981	15.174627	0.127568	0.287504	0.293947	0.029245	-0.961718	0.272475	0.951856	0.110010	0.286126	-0.305148	0.250989	0.918634
26736	8.220754	9.145798	6.604355	-6.397993	-3.153567	0.437864	0.024727	-0.952753	0.302737	0.969333	0.096916	0.225832	-0.244502	0.287869	0.925932
26737	-6.334131	-0.105791	9.888294	-1.886626	0.274760	0.051314	0.025823	-0.953484	0.300336	0.973767	0.091936	0.208147	-0.226077	0.287082	0.930845
26738	-11.494624	9.145593	21.034625	-4.481476	-0.968472	-0.527434	0.018630	-0.951064	0.308433	0.983043	0.073709	0.167908	-0.182425	0.300075	0.936310
26739	-11.749446	-2.280273	16.393999	-3.079976	-0.386435	-1.032748	0.007756	-0.950542	0.310498	0.988336	0.054513	0.142195	-0.152088	0.305774	0.939878
26740	-7.542542	-14.705702	4.892721	-0.563259	-1.393952	-1.671840	-0.010910	-0.946936	0.321236	0.989153	0.036840	0.142193	-0.146482	0.319303	0.936263
26741	-3.075747	-10.736478	4.328500	1.005808	-2.825260	-1.114176	-0.026240	-0.937897	0.345919	0.987429	0.029638	0.155260	-0.155870	0.345645	0.925329
26742	15.968725	-9.203324	16.979607	0.262691	-3.576580	-0.036731	-0.032258	-0.924935	0.378754	0.987009	0.030196	0.157802	-0.157393	0.378924	0.911945
26743	22.824934	-10.468528	19.635372	0.033080	-1.732279	0.384850	-0.031230	-0.918091	0.395138	0.987082	0.033824	0.156604	-0.157142	0.394924	0.905175
26744	16.295087	2.737941	16.739291	0.148586	-0.700482	0.554363	-0.026908	-0.915081	0.402372	0.987012	0.039451	0.155725	-0.158375	0.401337	0.902134
26745	5.372739	4.426554	8.976638	-0.341452	-0.179174	0.283041	-0.024440	-0.914228	0.404463	0.987623	0.040620	0.151494	-0.154929	0.403160	0.901920
26746	2.002190	4.629700	8.754438	-0.573711	-0.567548	0.227708	-0.023098	-0.911812	0.409957	0.988553	0.040325	0.145387	-0.149097	0.408622	0.900443
26747	4.929422	-2.685220	9.935500	-0.767554	-0.759874	0.262001	-0.021655	-0.908556	0.417202	0.989729	0.039499	0.137391	-0.141307	0.415892	0.898369
26748	6.545212	-0.075390	9.845459	-0.156626	-0.444585	0.221891	-0.020127	-0.906588	0.421536	0.989999	0.040813	0.135045	-0.139635	0.420038	0.896700
26749	4.684111	4.930854	8.109901	-0.025081	-0.386400	0.171384	-0.019015	-0.904868	0.425268	0.990070	0.042213	0.134087	-0.139283	0.423595	0.895080
26750	5.607954	6.345590	8.367996	-0.323450	-0.510111	0.185179	-0.017927	-0.902595	0.430116	0.990552	0.042463	0.130394	-0.135957	0.428390	0.893307
26751	6.099122	1.527875	9.372557	-0.510789	-0.364354	0.165923	-0.016814	-0.900938	0.433622	0.991266	0.041716	0.125109	-0.130805	0.431938	0.892368
26752	4.782064	-0.193078	9.700139	-0.286480	-0.243991	0.168611	-0.015502	-0.899789	0.436049	0.991666	0.041948	0.121814	-0.127898	0.434303	0.891640
26753	5.033793	0.579490	9.513277	-0.197763	-0.257276	0.139831	-0.014486	-0.898590	0.438551	0.991941	0.042297	0.119433	-0.125871	0.436747	0.890735
26754	5.103202	0.643239	9.587288	-0.208046	-0.187702	0.103373	-0.013739	-0.897703	0.440388	0.992218	0.042270	0.117119	-0.123753	0.438569	0.890136
26755	4.714283	-0.582543	9.821383	-0.183320	-0.173186	0.052789	-0.013472	-0.896899	0.442030	0.992453	0.041892	0.115247	-0.121883	0.440247	0.889566
26756	4.877229	-0.825366	9.919400	-0.101320	-0.159408	0.009759	-0.013612	-0.896170	0.443502	0.992580	0.041487	0.114296	-0.120828	0.441767	0.888956
26757	4.489908	-0.009113	9.514227	-0.036101	-0.134372	-0.018132	-0.013998	-0.895562	0.444716	0.992624	0.041119	0.114048	-0.120423	0.443032	0.888381
26758	3.881136	1.077206	9.098403	-0.033634	-0.159140	-0.024911	-0.014479	-0.894844	0.446144	0.992664	0.040702	0.113852	-0.120039	0.444520	0.887690
26759	4.907147	1.305919	9.244815	-0.066315	-0.234674	-0.024936	-0.015052	-0.893787	0.448238	0.992742	0.040136	0.113368	-0.119318	0.446691	0.886696
26760	5.442203	1.832462	9.085913	-0.068966	-0.104898	-0.014389	-0.015362	-0.893302	0.449195	0.992825	0.039655	0.112813	-0.118589	0.447705	0.886283
26761	4.743256	1.731865	9.157707	-0.069132	-0.099790	-0.001322	-0.015537	-0.892834	0.450118	0.992909	0.039286	0.112200	-0.117859	0.448669	0.885892
26762	5.329473	1.188485	9.260477	-0.024647	-0.065874	0.003170	-0.015626	-0.892514	0.450748	0.992941	0.039159	0.111959	-0.117576	0.449316	0.885602
26763	4.835828	1.178004	9.209602	0.024289	-0.011465	0.000060	-0.015683	-0.892442	0.450890	0.992915	0.039222	0.112167	-0.117788	0.449455	0.885504
26764	5.018625	0.799439	9.243509	0.038384	-0.007151	-0.009435	-0.015827	-0.892390	0.450986	0.992871	0.039266	0.112542	-0.118139	0.449553	0.885407
26765	4.758356	0.656389	9.230882	0.056933	0.024524	-0.024318	-0.016084	-0.892489	0.450782	0.992802	0.039258	0.113149	-0.118681	0.449357	0.885434
26766	4.660233	0.766603	9.299408	0.075940	0.007315	-0.045836	-0.016573	-0.892517	0.450709	0.992707	0.039145	0.114020	-0.119408	0.449311	0.885359
26767	4.775757	0.718955	9.229374	0.096960	0.021102	-0.065307	-0.017240	-0.892616	0.450487	0.992582	0.038951	0.115165	-0.120346	0.449131	0.885324
26768	4.359467	0.976404	9.165343	0.083409	0.015310	-0.073562	-0.017994	-0.892691	0.450310	0.992471	0.038625	0.116227	-0.121148	0.449011	0.885275
26769	4.630663	1.074740	9.149500	0.089023	0.003440	-0.073087	-0.018759	-0.892713	0.450234	0.992352	0.038325	0.117337	-0.122004	0.448992	0.885167
26770	4.228748	1.640100	8.917202	0.071162	0.004728	-0.064690	-0.019438	-0.892736	0.450160	0.992256	0.038023	0.118250	-0.122682	0.448972	0.885084
26771	4.523222	1.431453	8.982844	0.025735	-0.041136	-0.040367	-0.019933	-0.892546	0.450516	0.992219	0.037731	0.118653	-0.122901	0.449375	0.884849
26772	4.925688	1.276125	9.019246	0.009324	-0.008607	-0.031631	-0.020300	-0.892496	0.450598	0.992204	0.037446	0.118869	-0.122963	0.449498	0.884778
26773	4.227385	1.837943	8.878915	-0.044445	0.000240	-0.010336	-0.020447	-0.892480	0.450623	0.992259	0.037107	0.118516	-0.122494	0.449558	0.884812
26774	4.285045	1.591257	8.924674	-0.111198	-0.044347	0.015654	-0.020388	-0.892252	0.451077	0.992400	0.036702	0.117453	-0.121353	0.450044	0.884723
26775	4.587043	1.360928	8.956794	-0.131531	-0.052572	0.036749	-0.020131	-0.891981	0.451625	0.992569	0.036391	0.116117	-0.120009	0.450607	0.884619
26776	4.412839	1.643126	8.894057	-0.163507	-0.063159	0.042659	-0.019825	-0.891657	0.452276	0.992775	0.035989	0.114470	-0.118345	0.451278	0.884501
26777	4.649192	1.174448	9.060282	-0.193829	-0.095545	0.054289	-0.019443	-0.891185	0.453223	0.993015	0.035551	0.112504	-0.116374	0.452245	0.884269
26778	4.661721	0.941082	9.146792	-0.183594	-0.085652	0.043566	-0.019151	-0.890759	0.454072	0.993238	0.035063	0.110675	-0.114506	0.453121	0.884064
26779	4.777013	1.060452	9.108212	-0.165544	-0.088493	0.040152	-0.018897	-0.890322	0.454939	0.993436	0.034623	0.109023	-0.112817	0.454013	0.883824
26780	4.598664	1.130295	9.080839	-0.163143	-0.081832	0.035971	-0.018674	-0.889915	0.455744	0.993628	0.034157	0.107410	-0.111152	0.454846	0.883606
26781	4.565449	1.210929	9.014565	-0.183429	-0.095285	0.043763	-0.018388	-0.889444	0.456673	0.993841	0.033664	0.105583	-0.109284	0.455802	0.883347
26782	4.651172	1.318018	9.026825	-0.200314	-0.101442	0.053147	-0.018011	-0.888941	0.457668	0.994069	0.033178	0.103563	-0.107246	0.456819	0.883071
26783	4.594599	1.377544	8.943186	-0.243134	-0.091494	0.068272	-0.017473	-0.888478	0.458587	0.994341	0.032626	0.101097	-0.104784	0.457758	0.882880
26784	4.655657	1.546843	9.123218	-0.311943	-0.117510	0.096322	-0.016679	-0.887885	0.459763	0.994682	0.032007	0.097894	-0.101634	0.458951	0.882629
26785	4.681869	1.120051	8.893087	-0.328792	-0.054550	0.104121	-0.015741	-0.887579	0.460386	0.995030	0.031374	0.094507	-0.098326	0.459585	0.882674
26786	4.493684	1.689166	8.921284	-0.417846	-0.111071	0.127982	-0.014616	-0.887005	0.461528	0.995453	0.030542	0.090222	-0.094123	0.460748	0.882526
26787	4.574055	1.287468	9.039245	-0.496219	-0.110640	0.155150	-0.013215	-0.886426	0.462681	0.995932	0.029581	0.085120	-0.089139	0.461924	0.882429
26788	5.040134	0.911645	9.098816	-0.484899	-0.113815	0.156286	-0.011799	-0.885831	0.463859	0.996373	0.028678	0.080111	-0.084267	0.463122	0.882280
26789	4.902046	0.794772	8.932939	-0.455210	-0.074444	0.145271	-0.010455	-0.885422	0.464670	0.996765	0.027808	0.075414	-0.079695	0.463955	0.882267
26790	4.622936	0.812056	9.198673	-0.358824	-0.120116	0.125526	-0.009338	-0.884806	0.465866	0.997058	0.027206	0.071658	-0.076078	0.465165	0.881949
26791	5.399999	-0.570529	9.288604	-0.339394	-0.099827	0.091516	-0.008542	-0.884294	0.466853	0.997320	0.026389	0.068233	-0.072657	0.466184	0.881699
26792	4.858492	0.074797	9.553550	-0.188999	-0.088575	0.060993	-0.008038	-0.883841	0.467719	0.997463	0.026001	0.066275	-0.070737	0.467065	0.881389
26793	4.937993	0.319919	8.955208	-0.116596	-0.065628	0.022039	-0.007906	-0.883506	0.468354	0.997548	0.025604	0.065138	-0.069542	0.467720	0.881137
26794	4.837834	0.930077	9.194100	-0.140853	-0.111459	0.016690	-0.007857	-0.882955	0.469391	0.997648	0.025046	0.063812	-0.068100	0.468789	0.880681
26795	4.761880	0.632575	9.056055	-0.131890	-0.100764	0.018425	-0.007783	-0.882455	0.470332	0.997739	0.024543	0.062559	-0.066749	0.469756	0.880269
26796	4.927614	0.871063	8.898069	-0.105223	-0.122209	0.017883	-0.007725	-0.881852	0.471464	0.997812	0.024161	0.061542	-0.065662	0.470907	0.879736
26797	4.813165	1.002784	8.912568	-0.111380	-0.120990	0.019649	-0.007650	-0.881254	0.472582	0.997888	0.023762	0.060464	-0.064513	0.472046	0.879210
26798	4.878656	0.830558	8.934706	-0.104505	-0.139905	0.014912	-0.007631	-0.880564	0.473865	0.997957	0.023354	0.059468	-0.063432	0.473351	0.878587
26799	4.839702	0.765421	8.978877	-0.073937	-0.134910	0.011575	-0.007642	-0.879899	0.475099	0.998006	0.023058	0.058758	-0.062656	0.474601	0.877968
26800	4.923794	0.669053	8.981083	-0.073354	-0.142717	0.018085	-0.007591	-0.879192	0.476407	0.998054	0.022823	0.058022	-0.061886	0.475920	0.877308
26801	4.738494	0.650605	8.961040	-0.029837	-0.124455	0.031995	-0.007390	-0.878569	0.477559	0.998077	0.022916	0.057603	-0.061551	0.477066	0.876709
26802	4.816477	0.537177	9.118755	0.056469	-0.153482	0.028191	-0.007244	-0.877804	0.478965	0.998045	0.023388	0.057957	-0.062076	0.478448	0.875919
26803	4.821195	0.328789	9.135259	0.069062	-0.150852	0.031916	-0.007061	-0.877051	0.480346	0.998006	0.023952	0.058403	-0.062727	0.479801	0.875132
26804	4.813952	0.590745	9.272004	0.100927	-0.181236	0.038125	-0.006835	-0.876145	0.481998	0.997946	0.024725	0.059096	-0.063695	0.481412	0.874177
26805	4.390349	0.594610	9.475661	0.033113	-0.208504	0.028400	-0.006727	-0.875109	0.483879	0.997928	0.025087	0.059243	-0.063983	0.483275	0.873128
26806	4.753817	0.509305	9.264468	0.002114	-0.277805	0.023284	-0.006713	-0.873733	0.486360	0.997930	0.025255	0.059143	-0.063958	0.485751	0.871754
26807	4.592588	0.525249	9.306245	0.101503	-0.363754	0.023280	-0.006757	-0.871930	0.489583	0.997868	0.025906	0.059908	-0.064919	0.488944	0.869896
26808	4.754513	0.662786	9.430234	0.111828	-0.337942	0.022312	-0.006796	-0.870242	0.492577	0.997798	0.026603	0.060765	-0.065984	0.491905	0.868145
26809	4.751548	0.500630	9.312470	0.131831	-0.416855	0.014534	-0.006970	-0.868156	0.496242	0.997712	0.027333	0.061832	-0.067244	0.495538	0.865980
26810	4.729449	0.601653	9.439542	0.159988	-0.470879	0.009926	-0.007232	-0.865785	0.500363	0.997606	0.028169	0.063161	-0.068779	0.499622	0.863509
26811	4.856251	0.764796	9.274231	0.175311	-0.500293	0.000123	-0.007621	-0.863251	0.504718	0.997485	0.029003	0.064668	-0.070463	0.503941	0.860859
26812	5.103132	0.546051	9.161557	0.162774	-0.550478	-0.026090	-0.008315	-0.860446	0.509474	0.997369	0.029556	0.066194	-0.072015	0.508684	0.857936
26813	4.902959	0.397437	9.442368	0.185061	-0.582913	-0.052655	-0.009307	-0.857457	0.514471	0.997231	0.030003	0.068045	-0.073781	0.513680	0.854804
26814	5.083748	0.112842	9.360000	0.193973	-0.651478	-0.097423	-0.010806	-0.854096	0.520003	0.997078	0.030125	0.070199	-0.075622	0.519242	0.851275
26815	4.883715	0.249429	9.556095	0.241137	-0.716990	-0.134124	-0.012736	-0.850367	0.526036	0.996879	0.030194	0.072946	-0.077914	0.525324	0.847328
26816	4.701210	0.435055	9.593257	0.279427	-0.804771	-0.152600	-0.014936	-0.846132	0.532764	0.996638	0.030330	0.076111	-0.080559	0.532110	0.842834
26817	4.725114	0.393015	9.607032	0.302329	-0.921669	-0.171142	-0.017440	-0.841218	0.540415	0.996364	0.030460	0.079568	-0.083395	0.539837	0.837628
26818	4.561235	0.020909	9.671742	0.363134	-1.026073	-0.182884	-0.020176	-0.835665	0.548869	0.996022	0.030855	0.083592	-0.086790	0.548373	0.831718
26819	4.429986	-0.025699	9.769242	0.427456	-1.173200	-0.190275	-0.023156	-0.829207	0.558462	0.995603	0.031589	0.088185	-0.090764	0.558048	0.824830
26820	3.942106	0.510165	10.077920	0.497545	-1.400833	-0.203531	-0.026527	-0.821348	0.569810	0.995091	0.032667	0.093413	-0.095339	0.569491	0.816450
26821	3.821432	1.146792	10.485570	0.489994	-1.704031	-0.164007	-0.029864	-0.811553	0.583515	0.994569	0.034105	0.098334	-0.099704	0.583283	0.806127
26822	3.866635	2.225224	11.168154	0.566537	-2.065917	-0.078632	-0.032799	-0.799333	0.599993	0.993967	0.036775	0.103329	-0.104660	0.599762	0.793304
26823	2.906686	3.326872	11.519587	0.288772	-2.614396	0.085441	-0.034756	-0.783321	0.620646	0.993692	0.039166	0.105078	-0.106618	0.620383	0.777018
26824	3.149857	2.293988	10.809502	-0.038071	-3.261898	0.259129	-0.035677	-0.762540	0.645957	0.993826	0.040879	0.103147	-0.105060	0.645649	0.756373
26825	2.979474	2.446412	11.149325	-0.007560	-3.855929	0.415055	-0.035618	-0.736875	0.675090	0.993983	0.043894	0.100354	-0.103581	0.674603	0.730878
26826	2.587184	2.590229	12.003794	-0.067529	-4.549322	0.560710	-0.034749	-0.705148	0.708208	0.994251	0.047420	0.095999	-0.101277	0.707472	0.699447
26827	2.769496	3.248875	12.698789	-0.082938	-5.347962	0.717594	-0.033001	-0.665931	0.745283	0.994579	0.051692	0.090228	-0.098611	0.744221	0.660614
26828	4.360273	4.317939	13.166687	-0.008061	-6.070692	0.957751	-0.029445	-0.619001	0.784838	0.994887	0.057734	0.082861	-0.096603	0.783265	0.614136
26829	6.379932	4.975863	13.165032	-0.128503	-6.859493	1.260918	-0.023458	-0.563049	0.826091	0.995345	0.064112	0.071961	-0.093480	0.823933	0.558924
26830	11.471840	4.078440	13.091114	0.233521	-7.530332	1.484371	-0.015798	-0.498423	0.866790	0.995419	0.073913	0.060644	-0.094294	0.863777	0.494972
26831	22.704835	4.482164	15.570444	0.860261	-7.773229	1.516362	-0.008373	-0.428595	0.903458	0.994760	0.088491	0.051199	-0.101891	0.899153	0.425609
26832	28.220786	7.939244	18.034887	1.172004	-6.601392	1.829663	0.002666	-0.366579	0.930383	0.993554	0.106408	0.039079	-0.113326	0.924282	0.364499
26833	22.597434	9.269125	18.512317	0.465711	-5.936770	2.345511	0.019038	-0.308424	0.951058	0.992763	0.118640	0.018601	-0.118571	0.943822	0.308451
26834	16.082950	8.904819	17.932821	0.138125	-5.233485	2.785627	0.040348	-0.255183	0.966051	0.991776	0.127758	-0.007675	-0.121462	0.958415	0.258239
26835	8.877033	8.134888	15.202139	0.144197	-4.709290	2.993662	0.064163	-0.205792	0.976490	0.990038	0.136015	-0.036389	-0.125328	0.969097	0.212469
26836	-0.957974	8.104229	9.594185	-0.146307	-4.954178	3.410438	0.091566	-0.152815	0.984004	0.987577	0.140660	-0.070054	-0.127704	0.978193	0.163796
26837	-8.935833	6.347526	5.083217	-1.526889	-6.593043	3.147065	0.114445	-0.083672	0.989900	0.986228	0.129333	-0.103088	-0.119401	0.988065	0.097321
26838	42.112884	1.364971	12.511767	-1.166650	-6.621979	1.694539	0.123307	-0.015957	0.992240	0.985597	0.118575	-0.120575	-0.115731	0.992817	0.030348
26839	22.564626	6.231377	16.269623	-0.645859	-2.635263	0.809526	0.128232	0.011199	0.991681	0.985324	0.112152	-0.128676	-0.112660	0.993628	0.003347
26840	13.393525	3.798971	11.272309	-0.678138	-0.114790	-0.192389	0.126145	0.012122	0.991938	0.986324	0.105391	-0.126719	-0.106078	0.994357	0.001338
26841	8.834388	6.061714	9.554374	-1.043659	1.406372	-0.748900	0.120114	-0.002575	0.992757	0.988298	0.095016	-0.119328	-0.094021	0.995472	0.013957
26842	2.476001	2.667285	7.083555	-1.096804	2.210790	-0.967118	0.112407	-0.025471	0.993336	0.990392	0.083912	-0.109922	-0.080553	0.996148	0.034659
26843	-0.772896	1.827391	6.926740	-1.180933	2.243925	-1.010775	0.103993	-0.048566	0.993392	0.992359	0.071744	-0.100377	-0.066395	0.996240	0.055656
26844	-1.195655	-0.137630	4.896045	-1.132781	2.208467	-0.953085	0.095774	-0.071209	0.992853	0.993997	0.059839	-0.091593	-0.052890	0.995665	0.076513
26845	-2.056088	-0.602710	3.619334	-0.827011	2.212838	-0.855310	0.088283	-0.093653	0.991683	0.995184	0.050875	-0.083790	-0.042605	0.994304	0.097693
26846	-1.821612	-0.551619	3.500973	-0.584345	2.186067	-0.742517	0.081667	-0.115742	0.989916	0.996049	0.044239	-0.077001	-0.034881	0.992294	0.118898
26847	-0.648896	0.119441	4.333141	-0.432822	2.247085	-0.633687	0.076028	-0.138227	0.987478	0.996690	0.039113	-0.071262	-0.028773	0.989628	0.140743
