// General information: 
//  MT Manager version: 2022.2.0 
//  XDA version: 2022.2.0 build 7381 rev 124627 built on 2023-07-19
// Device information: 
//  DeviceId: 00B4CBA7
//  ProductCode: MTW2-3A7G6
//  Firmware Version: 4.6.0
//  Hardware Version: 2.0.0
// Device settings: 
//  Filter Profile: human(46.1)
//  Option Flags: Orientation Smoother Disabled, Position/Velocity Smoother Disabled, Continuous Zero Rotation Update Disabled, AHS Disabled, ICC Disabled
// Coordinate system: ENU
PacketCounter	Acc_X	Acc_Y	Acc_Z	Gyr_X	Gyr_Y	Gyr_Z	Mat[1][1]	Mat[2][1]	Mat[3][1]	Mat[1][2]	Mat[2][2]	Mat[3][2]	Mat[1][3]	Mat[2][3]	Mat[3][3]
56007	9.685834	-0.253275	-1.448136	-0.095045	-0.130568	-0.136758	0.078247	0.069469	0.994511	0.727550	-0.685991	-0.009325	0.681578	0.724286	-0.104218
56008	9.649216	-0.144041	-1.291870	-0.074794	-0.129008	-0.141295	0.078069	0.071397	0.994388	0.727137	-0.686448	-0.007800	0.682039	0.723665	-0.105505
56009	9.663003	-0.024901	-1.197302	-0.040499	-0.117305	-0.131865	0.077873	0.073167	0.994275	0.726950	-0.686660	-0.006405	0.682260	0.723287	-0.106662
56010	9.700197	0.044100	-1.101491	-0.024628	-0.117391	-0.131631	0.077688	0.074945	0.994157	0.726871	-0.686755	-0.005030	0.682366	0.723015	-0.107828
56011	9.682763	0.196044	-0.968365	-0.017876	-0.119693	-0.127502	0.077541	0.076703	0.994034	0.726835	-0.686802	-0.003702	0.682421	0.722786	-0.109005
56012	9.699061	0.507653	-0.903784	-0.013541	-0.124870	-0.115554	0.077523	0.078423	0.993901	0.726819	-0.686825	-0.002498	0.682440	0.722580	-0.110244
56013	9.674238	0.714239	-0.842803	-0.064127	-0.132352	-0.106398	0.077617	0.080127	0.993758	0.726451	-0.687217	-0.001328	0.682821	0.722019	-0.111548
56014	9.700649	0.665987	-0.796341	-0.104435	-0.145345	-0.092484	0.077908	0.081837	0.993596	0.725796	-0.687910	-0.000250	0.683484	0.721167	-0.112990
56015	9.678242	0.592491	-0.831743	-0.110344	-0.151591	-0.080980	0.078320	0.083504	0.993425	0.725092	-0.688652	0.000720	0.684184	0.720268	-0.114483
56016	9.655854	0.517943	-0.868240	-0.111811	-0.166253	-0.069534	0.078923	0.085205	0.993233	0.724367	-0.689412	0.001582	0.684882	0.719341	-0.116130
56017	9.702543	0.475148	-0.987386	-0.106992	-0.172498	-0.051942	0.079692	0.086820	0.993031	0.723663	-0.690150	0.002264	0.685537	0.718439	-0.117828
56018	9.703164	0.421315	-1.135563	-0.102343	-0.179766	-0.043199	0.080581	0.088435	0.992817	0.722982	-0.690861	0.002858	0.686151	0.717559	-0.119607
56019	9.684716	0.406421	-1.225615	-0.110157	-0.184786	-0.034707	0.081562	0.090017	0.992595	0.722241	-0.691633	0.003376	0.686815	0.716618	-0.121425
56020	9.675943	0.359218	-1.342273	-0.104545	-0.184528	-0.022748	0.082634	0.091522	0.992369	0.721529	-0.692374	0.003773	0.687436	0.715711	-0.123249
56021	9.623011	0.374373	-1.302426	-0.119921	-0.185342	-0.017223	0.083748	0.092984	0.992139	0.720705	-0.693229	0.004134	0.688164	0.714694	-0.125070
56022	9.652762	0.320148	-1.352730	-0.114864	-0.185380	-0.007333	0.084939	0.094385	0.991906	0.719908	-0.694056	0.004395	0.688853	0.713707	-0.126901
56023	9.636442	0.254950	-1.430895	-0.102422	-0.182698	0.004637	0.086195	0.095673	0.991674	0.719185	-0.694804	0.004521	0.689451	0.712808	-0.128695
56024	9.714762	0.246147	-1.407090	-0.095495	-0.183598	0.005068	0.087466	0.096972	0.991436	0.718510	-0.695502	0.004639	0.689996	0.711951	-0.130508
56025	9.713705	0.222910	-1.418430	-0.073280	-0.177046	0.011485	0.088734	0.098170	0.991206	0.717981	-0.696047	0.004663	0.690384	0.711253	-0.132247
56026	9.667348	0.224087	-1.318792	-0.074871	-0.173342	0.013707	0.089997	0.099333	0.990976	0.717439	-0.696606	0.004671	0.690783	0.710544	-0.133958
56027	9.704640	0.217613	-1.269228	-0.088073	-0.170912	0.014879	0.091248	0.100461	0.990748	0.716804	-0.697259	0.004684	0.691278	0.709745	-0.135634
56028	9.763617	0.176731	-1.461676	-0.059423	-0.169177	0.020049	0.092529	0.101548	0.990518	0.716363	-0.697713	0.004611	0.691566	0.709143	-0.137304
56029	9.860268	0.152477	-1.594171	-0.027401	-0.165382	0.025090	0.093816	0.102563	0.990293	0.716137	-0.697945	0.004441	0.691626	0.708769	-0.138928
56030	9.891103	0.095775	-1.734701	-0.009612	-0.150553	0.031610	0.095052	0.103437	0.990084	0.716028	-0.698059	0.004187	0.691570	0.708530	-0.140415
56031	9.905918	0.079084	-1.905765	0.048754	-0.138400	0.041499	0.096269	0.104145	0.989892	0.716313	-0.697769	0.003749	0.691106	0.708712	-0.141774
56032	9.930302	0.140347	-2.164380	0.075035	-0.118532	0.038087	0.097329	0.104748	0.989725	0.716782	-0.697289	0.003310	0.690471	0.709095	-0.142948
56033	9.822669	0.220462	-2.311200	0.061074	-0.091950	0.036354	0.098187	0.105164	0.989596	0.717156	-0.696906	0.002904	0.689961	0.709410	-0.143846
56034	9.791727	0.277519	-2.468519	0.027478	-0.077577	0.037401	0.098959	0.105482	0.989485	0.717297	-0.696763	0.002539	0.689705	0.709503	-0.144613
56035	9.713878	0.297445	-2.461915	-0.014106	-0.046917	0.034093	0.099491	0.105594	0.989420	0.717153	-0.696912	0.002264	0.689777	0.709340	-0.145064
56036	9.530173	0.265522	-2.337258	-0.067269	-0.014400	0.025991	0.099746	0.105545	0.989399	0.716651	-0.697429	0.002150	0.690263	0.708839	-0.145204
56037	9.490327	0.108422	-2.146228	-0.092190	0.009448	0.025561	0.099827	0.105317	0.989415	0.715976	-0.698121	0.002072	0.690950	0.708191	-0.145096
56038	9.506892	-0.096433	-1.856149	-0.105182	0.029032	0.023368	0.099763	0.104978	0.989458	0.715214	-0.698903	0.002039	0.691749	0.707470	-0.144806
56039	9.560401	-0.234753	-1.608488	-0.064720	0.034637	0.022202	0.099646	0.104595	0.989510	0.714731	-0.699396	0.001954	0.692264	0.707039	-0.144449
56040	9.602122	-0.184943	-1.407028	-0.016213	0.041451	0.025344	0.099510	0.104155	0.989570	0.714581	-0.699550	0.001772	0.692439	0.706952	-0.144039
56041	9.598215	-0.087417	-1.100216	-0.004931	0.033776	0.025335	0.099420	0.103757	0.989621	0.714510	-0.699624	0.001570	0.692525	0.706938	-0.143692
56042	9.615633	0.063360	-1.092774	0.029196	0.021372	0.026111	0.099429	0.103453	0.989652	0.714673	-0.699457	0.001315	0.692355	0.707147	-0.143481
56043	9.573651	0.197923	-1.133627	0.090541	0.008941	0.034854	0.099580	0.103163	0.989667	0.715253	-0.698865	0.000882	0.691735	0.707775	-0.143381
56044	9.641556	0.555824	-1.311645	0.133863	0.000088	0.043833	0.099862	0.102886	0.989668	0.716122	-0.697975	0.000301	0.690794	0.708693	-0.143381
56045	9.801949	0.821022	-1.374713	0.095146	-0.002873	0.050920	0.100210	0.102569	0.989665	0.716716	-0.697365	-0.000298	0.690128	0.709339	-0.143396
56046	9.806960	0.962641	-1.390312	-0.010972	0.010590	0.059539	0.100533	0.102109	0.989680	0.716568	-0.697516	-0.000825	0.690234	0.709256	-0.143291
56047	9.725868	0.749187	-1.395119	-0.091266	0.019078	0.063590	0.100820	0.101547	0.989709	0.715862	-0.698241	-0.001282	0.690925	0.708624	-0.143090
56048	9.677243	0.429241	-1.330039	-0.138473	0.020811	0.072521	0.101163	0.100924	0.989738	0.714819	-0.699307	-0.001755	0.691954	0.707661	-0.142886
56049	9.620374	0.116011	-1.232995	-0.132044	0.017760	0.086906	0.101625	0.100207	0.989763	0.713804	-0.700341	-0.002385	0.692933	0.706740	-0.142700
56050	9.659758	-0.063990	-1.327454	-0.079899	0.013082	0.095042	0.102180	0.099480	0.989779	0.713142	-0.701013	-0.003164	0.693533	0.706176	-0.142573
56051	9.653519	-0.035980	-1.481883	-0.017577	0.012800	0.103055	0.102790	0.098685	0.989796	0.712902	-0.701252	-0.004118	0.693689	0.706051	-0.142434
56052	9.688654	0.068438	-1.535447	-0.006601	0.010638	0.105813	0.103438	0.097898	0.989806	0.712735	-0.701415	-0.005109	0.693765	0.705998	-0.142329
56053	9.752707	0.189490	-1.731297	-0.019975	0.020004	0.106222	0.104020	0.097030	0.989831	0.712474	-0.701672	-0.006090	0.693946	0.705862	-0.142119
56054	9.768137	0.322588	-1.867650	-0.053395	0.031158	0.107683	0.104539	0.096085	0.989868	0.711979	-0.702165	-0.007033	0.694375	0.705501	-0.141814
56055	9.833542	0.178379	-2.017285	-0.079208	0.042920	0.107998	0.104973	0.095042	0.989923	0.711304	-0.702840	-0.007948	0.695002	0.704970	-0.141382
56056	9.865563	0.112168	-2.046180	-0.060317	0.058537	0.106202	0.105289	0.093914	0.989997	0.710761	-0.703378	-0.008867	0.695509	0.704585	-0.140809
56057	9.878816	0.131980	-2.025227	-0.061611	0.076312	0.108851	0.105495	0.092629	0.990096	0.710205	-0.703926	-0.009817	0.696045	0.704207	-0.140046
56058	9.755171	0.078454	-2.073052	-0.079505	0.088010	0.101230	0.105569	0.091329	0.990209	0.709533	-0.704592	-0.010660	0.696720	0.703711	-0.139184
56059	9.656887	0.009454	-1.982682	-0.063603	0.105650	0.104608	0.105539	0.089866	0.990346	0.708967	-0.705147	-0.011566	0.697300	0.703344	-0.138132
56060	9.496357	-0.053446	-1.853214	-0.077787	0.113834	0.109930	0.105492	0.088323	0.990490	0.708296	-0.705805	-0.012500	0.697988	0.702879	-0.137016
56061	9.432403	-0.143152	-1.748357	-0.102167	0.124234	0.111119	0.105375	0.086683	0.990647	0.707453	-0.706633	-0.013420	0.698860	0.702251	-0.135786
56062	9.409568	-0.287816	-1.565671	-0.116815	0.133592	0.110771	0.105193	0.084996	0.990813	0.706508	-0.707561	-0.014311	0.699844	0.701522	-0.134481
56063	9.502454	-0.357865	-1.298901	-0.109156	0.132507	0.109847	0.105005	0.083307	0.990976	0.705616	-0.708432	-0.015213	0.700772	0.700846	-0.133171
56064	9.715776	-0.215261	-1.105551	-0.089534	0.130068	0.103418	0.104792	0.081697	0.991133	0.704867	-0.709157	-0.016071	0.701556	0.700301	-0.131899
56065	9.716257	-0.274946	-0.991039	-0.083987	0.122322	0.091487	0.104541	0.080209	0.991281	0.704169	-0.709833	-0.016826	0.702294	0.699789	-0.130688
56066	9.767720	-0.319005	-1.031953	-0.026840	0.115097	0.094196	0.104366	0.078769	0.991415	0.703870	-0.710109	-0.017677	0.702620	0.699672	-0.129554
56067	9.777980	-0.227992	-1.023274	0.024945	0.107076	0.094032	0.104239	0.077370	0.991538	0.703935	-0.710021	-0.018601	0.702574	0.699917	-0.128475
56068	9.761336	-0.100155	-1.066904	0.032706	0.098958	0.093946	0.104174	0.076043	0.991648	0.704054	-0.709877	-0.019526	0.702463	0.700208	-0.127490
56069	9.829087	-0.005105	-1.155921	0.025416	0.089475	0.092638	0.104162	0.074777	0.991745	0.704124	-0.709783	-0.020436	0.702395	0.700441	-0.126585
56070	9.759303	-0.056270	-1.209866	-0.006059	0.090110	0.089028	0.104125	0.073547	0.991841	0.703977	-0.709905	-0.021264	0.702549	0.700447	-0.125694
56071	9.709006	-0.061386	-1.287387	-0.034158	0.094523	0.085127	0.104024	0.072299	0.991944	0.703636	-0.710220	-0.022024	0.702905	0.700258	-0.124751
56072	9.658498	-0.164025	-1.251552	-0.083857	0.088007	0.077323	0.103918	0.071166	0.992037	0.702953	-0.710876	-0.022639	0.703604	0.699708	-0.123899
56073	9.654126	-0.314054	-1.320679	-0.102513	0.100366	0.074315	0.103697	0.069954	0.992146	0.702142	-0.711659	-0.023209	0.704446	0.699034	-0.122914
56074	9.672431	-0.358482	-1.371021	-0.076250	0.102163	0.071252	0.103446	0.068766	0.992255	0.701518	-0.712255	-0.023775	0.705103	0.698545	-0.121921
56075	9.668691	-0.352742	-1.419767	-0.073267	0.105364	0.065528	0.103126	0.067581	0.992370	0.700921	-0.712825	-0.024295	0.705744	0.698079	-0.120880
56076	9.790618	-0.360676	-1.542486	-0.051767	0.106660	0.061627	0.102775	0.066431	0.992484	0.700480	-0.713241	-0.024797	0.706233	0.697764	-0.119837
56077	9.799296	-0.325540	-1.575605	-0.036428	0.112522	0.055535	0.102332	0.065268	0.992607	0.700153	-0.713546	-0.025263	0.706621	0.697562	-0.118716
56078	9.761560	-0.241304	-1.502906	-0.078902	0.126137	0.047717	0.101745	0.064081	0.992744	0.699534	-0.714141	-0.025596	0.707319	0.697063	-0.117487
56079	9.673323	-0.322612	-1.386594	-0.106838	0.135590	0.039717	0.101026	0.062871	0.992895	0.698725	-0.714924	-0.025825	0.708221	0.696370	-0.116156
56080	9.603922	-0.513256	-1.313574	-0.080584	0.139076	0.036553	0.100266	0.061675	0.993047	0.698104	-0.715522	-0.026047	0.708941	0.695862	-0.114799
56081	9.567485	-0.498995	-1.223161	-0.007959	0.133356	0.030684	0.099499	0.060546	0.993194	0.698005	-0.715610	-0.026302	0.709147	0.695871	-0.113464
56082	9.536529	-0.365276	-1.048703	0.013608	0.129373	0.027460	0.098744	0.059483	0.993334	0.698061	-0.715546	-0.026543	0.709197	0.696028	-0.112178
56083	9.531485	-0.277127	-0.967206	0.012338	0.124010	0.027305	0.098019	0.058443	0.993467	0.698109	-0.715490	-0.026788	0.709250	0.696174	-0.110931
56084	9.515053	-0.280903	-0.740931	0.021014	0.113605	0.022755	0.097342	0.057522	0.993587	0.698223	-0.715372	-0.026990	0.709232	0.696372	-0.109799
56085	9.612412	-0.327366	-0.603626	0.007418	0.102082	0.023306	0.096745	0.056663	0.993695	0.698240	-0.715347	-0.027189	0.709296	0.696468	-0.108770
56086	9.691660	-0.459122	-0.727058	0.045243	0.091127	0.026632	0.096255	0.055871	0.993787	0.698522	-0.715062	-0.027455	0.709085	0.696825	-0.107855
56087	9.761860	-0.357808	-0.815068	0.124099	0.071990	0.024248	0.095878	0.055214	0.993861	0.699366	-0.714224	-0.027789	0.708304	0.697736	-0.107093
56088	9.772835	-0.198204	-0.970060	0.137865	0.067903	0.025483	0.095545	0.054590	0.993927	0.700304	-0.713290	-0.028143	0.707422	0.698740	-0.106381
56089	9.741461	-0.072501	-0.946499	0.065529	0.063335	0.016416	0.095176	0.054049	0.993992	0.700739	-0.712855	-0.028335	0.707040	0.699226	-0.105721
56090	9.685745	-0.181844	-0.967463	0.021137	0.064679	0.010302	0.094761	0.053556	0.994058	0.700866	-0.712727	-0.028413	0.706971	0.699394	-0.105074
56091	9.588263	-0.309268	-0.958876	0.004205	0.062964	0.006092	0.094322	0.053090	0.994125	0.700877	-0.712715	-0.028437	0.707018	0.699442	-0.104434
56092	9.557864	-0.455065	-0.928397	0.023725	0.053591	0.004158	0.093942	0.052718	0.994181	0.701028	-0.712566	-0.028457	0.706919	0.699622	-0.103897
56093	9.561729	-0.443256	-0.870347	0.061130	0.047249	0.001538	0.093583	0.052395	0.994232	0.701445	-0.712153	-0.028495	0.706553	0.700066	-0.103397
56094	9.624253	-0.380111	-0.918546	0.081189	0.041654	0.001279	0.093267	0.052126	0.994276	0.702005	-0.711600	-0.028545	0.706039	0.700648	-0.102962
56095	9.680047	-0.225770	-0.898825	0.076522	0.030729	0.001582	0.093025	0.051917	0.994309	0.702530	-0.711079	-0.028598	0.705548	0.701193	-0.102622
56096	9.755162	-0.180712	-0.922217	0.050426	0.034347	-0.012057	0.092668	0.051794	0.994349	0.702884	-0.710734	-0.028484	0.705242	0.701552	-0.102268
56097	9.779637	-0.145727	-0.882590	-0.004015	0.051177	-0.015129	0.092164	0.051561	0.994408	0.702857	-0.710768	-0.028289	0.705335	0.701534	-0.101747
56098	9.703208	-0.272732	-0.886992	-0.039467	0.054862	-0.021768	0.091594	0.051363	0.994471	0.702585	-0.711049	-0.027986	0.705680	0.701264	-0.101214
56099	9.626834	-0.399295	-0.891732	-0.016528	0.047524	-0.023693	0.091055	0.051216	0.994528	0.702478	-0.711167	-0.027693	0.705857	0.701155	-0.100734
56100	9.681773	-0.396910	-0.891213	0.023618	0.032824	-0.023741	0.090626	0.051187	0.994569	0.702653	-0.711004	-0.027434	0.705738	0.701323	-0.100402
56101	9.675149	-0.303290	-0.819846	0.035746	0.020878	-0.027829	0.090247	0.051256	0.994600	0.702917	-0.710753	-0.027152	0.705523	0.701572	-0.100172
56102	9.732661	-0.264299	-0.774019	0.035246	0.013614	-0.029080	0.089916	0.051399	0.994622	0.703179	-0.710506	-0.026852	0.705305	0.701812	-0.100029
56103	9.708031	-0.248179	-0.819726	0.058205	0.004538	-0.030785	0.089631	0.051604	0.994637	0.703604	-0.710096	-0.026564	0.704917	0.702212	-0.099955
56104	9.713024	-0.218551	-0.916378	0.087268	-0.005619	-0.030620	0.089424	0.051892	0.994641	0.704233	-0.709481	-0.026300	0.704315	0.702811	-0.099989
56105	9.772880	-0.212398	-1.011198	0.076623	-0.005335	-0.036795	0.089166	0.052208	0.994647	0.704793	-0.708938	-0.025970	0.703787	0.703336	-0.100010
56106	9.802118	-0.172229	-1.067595	0.074578	-0.010660	-0.035604	0.088959	0.052567	0.994647	0.705336	-0.708409	-0.025644	0.703269	0.703842	-0.100097
56107	9.784912	-0.092509	-1.164484	0.055826	-0.003145	-0.034854	0.088699	0.052854	0.994655	0.705746	-0.708012	-0.025313	0.702890	0.704220	-0.100102
56108	9.757859	-0.136533	-1.252778	0.032331	0.002132	-0.034812	0.088408	0.053117	0.994667	0.705991	-0.707781	-0.024953	0.702681	0.704432	-0.100073
56109	9.789074	-0.190848	-1.285067	0.006141	0.010521	-0.036678	0.088038	0.053320	0.994689	0.706054	-0.707732	-0.024554	0.702664	0.704466	-0.099955
56110	9.765966	-0.244910	-1.313197	-0.010329	0.019491	-0.040099	0.087587	0.053498	0.994719	0.706003	-0.707798	-0.024098	0.702771	0.704386	-0.099764
56111	9.749827	-0.296576	-1.228902	-0.019927	0.027290	-0.042972	0.087056	0.053628	0.994759	0.705888	-0.707930	-0.023610	0.702953	0.704244	-0.099485
56112	9.763956	-0.357942	-1.188477	-0.002390	0.029764	-0.049097	0.086469	0.053798	0.994801	0.705900	-0.707935	-0.023073	0.703013	0.704225	-0.099191
56113	9.735287	-0.390491	-1.129859	0.036553	0.026900	-0.054678	0.085858	0.054014	0.994842	0.706191	-0.707663	-0.022525	0.702796	0.704483	-0.098902
56114	9.719328	-0.286240	-1.025684	0.071676	0.041632	-0.059122	0.085117	0.054170	0.994897	0.706732	-0.707140	-0.021961	0.702342	0.704995	-0.098474
56115	9.720850	-0.173342	-0.991525	0.063499	0.040884	-0.060218	0.084368	0.054326	0.994953	0.707216	-0.706674	-0.021384	0.701945	0.705451	-0.098041
56116	9.694085	-0.145213	-0.890452	0.060694	0.035643	-0.057700	0.083679	0.054513	0.995001	0.707677	-0.706229	-0.020823	0.701563	0.705882	-0.097675
56117	9.681708	-0.074923	-0.722407	0.047284	0.027110	-0.060945	0.083021	0.054770	0.995042	0.708047	-0.705876	-0.020222	0.701268	0.706215	-0.097382
56118	9.645480	-0.038588	-0.590604	0.037109	0.017481	-0.060418	0.082440	0.055105	0.995071	0.708344	-0.705595	-0.019611	0.701037	0.706469	-0.097202
56119	9.583114	-0.073403	-0.542408	0.030982	0.003172	-0.057016	0.081978	0.055502	0.995088	0.708595	-0.705359	-0.019033	0.700838	0.706674	-0.097152
56120	9.614055	-0.102162	-0.581134	0.065446	-0.009557	-0.053378	0.081635	0.055978	0.995089	0.709083	-0.704881	-0.018520	0.700383	0.707113	-0.097236
56121	9.679563	-0.091423	-0.768410	0.115833	-0.029686	-0.048560	0.081462	0.056547	0.995071	0.709921	-0.704049	-0.018109	0.699555	0.707897	-0.097497
56122	9.755574	0.102916	-0.924649	0.129107	-0.037447	-0.048879	0.081345	0.057188	0.995044	0.710850	-0.703121	-0.017702	0.698624	0.708767	-0.097847
56123	9.773222	0.222546	-0.969484	0.061142	-0.033485	-0.042489	0.081240	0.057741	0.995021	0.711298	-0.702678	-0.017299	0.698180	0.709162	-0.098157
56124	9.780840	0.134564	-1.040297	-0.009616	-0.030993	-0.046413	0.081095	0.058318	0.994999	0.711255	-0.702734	-0.016781	0.698240	0.709059	-0.098467
56125	9.719156	-0.056192	-1.013341	-0.039202	-0.028313	-0.047848	0.080916	0.058873	0.994981	0.711007	-0.702998	-0.016225	0.698514	0.708751	-0.098743
56126	9.660037	-0.209845	-0.939329	-0.036330	-0.028274	-0.049745	0.080728	0.059455	0.994961	0.710780	-0.703240	-0.015648	0.698766	0.708462	-0.099030
56127	9.633699	-0.336675	-0.863023	-0.021512	-0.036222	-0.052707	0.080570	0.060100	0.994935	0.710659	-0.703375	-0.015061	0.698907	0.708274	-0.099381
56128	9.759927	-0.321727	-0.944294	0.019444	-0.045381	-0.054636	0.080467	0.060837	0.994899	0.710827	-0.703218	-0.014491	0.698749	0.708367	-0.099830
56129	9.753032	-0.211549	-1.030694	0.073187	-0.042693	-0.055859	0.080331	0.061550	0.994866	0.711370	-0.702679	-0.013967	0.698212	0.708840	-0.100232
56130	9.761126	-0.082644	-1.044096	0.066868	-0.051016	-0.062117	0.080214	0.062379	0.994824	0.711872	-0.702182	-0.013370	0.697713	0.709260	-0.100730
56131	9.736483	0.019736	-1.060492	0.028646	-0.046723	-0.058038	0.080090	0.063135	0.994786	0.712106	-0.701956	-0.012781	0.697489	0.709416	-0.101179
56132	9.723091	0.043541	-1.091156	0.010845	-0.041574	-0.061794	0.079908	0.063895	0.994752	0.712218	-0.701854	-0.012130	0.697396	0.709449	-0.101591
56133	9.694022	0.012429	-1.038798	-0.012483	-0.036866	-0.065132	0.079665	0.064631	0.994724	0.712169	-0.701915	-0.011429	0.697473	0.709323	-0.101946
56134	9.707401	-0.023165	-1.009957	0.001758	-0.033550	-0.062626	0.079421	0.065340	0.994697	0.712219	-0.701875	-0.010761	0.697450	0.709297	-0.102280
56135	9.659927	0.021201	-1.054341	0.023827	-0.041907	-0.059615	0.079252	0.066073	0.994662	0.712419	-0.701681	-0.010152	0.697265	0.709421	-0.102681
56136	9.704793	0.143458	-0.999966	0.016647	-0.035178	-0.057415	0.079056	0.066757	0.994632	0.712567	-0.701539	-0.009551	0.697136	0.709497	-0.103030
56137	9.715638	0.177953	-0.989198	-0.006892	-0.042007	-0.052457	0.078938	0.067441	0.994596	0.712547	-0.701567	-0.008982	0.697169	0.709405	-0.103435
56138	9.729896	0.117770	-0.955078	-0.018530	-0.041413	-0.053901	0.078811	0.068144	0.994558	0.712447	-0.701676	-0.008379	0.697286	0.709230	-0.103849
56139	9.749464	-0.048202	-1.041318	0.000880	-0.040408	-0.044623	0.078738	0.068761	0.994521	0.712475	-0.701653	-0.007896	0.697266	0.709193	-0.104238
56140	9.771505	-0.178386	-1.079996	0.112834	-0.030279	-0.043463	0.078607	0.069312	0.994493	0.713283	-0.700835	-0.007534	0.696454	0.709948	-0.104530
56141	9.754355	-0.183837	-1.010867	0.207443	-0.009429	-0.044645	0.078317	0.069710	0.994488	0.714748	-0.699344	-0.007266	0.694983	0.711378	-0.104595
56142	9.547836	0.035545	-0.918639	0.227372	-0.002365	-0.046431	0.077969	0.070082	0.994490	0.716350	-0.697706	-0.006995	0.693371	0.712948	-0.104602
56143	9.550931	0.051729	-0.867047	0.205247	-0.020419	-0.048233	0.077728	0.070581	0.994473	0.717796	-0.696221	-0.006690	0.691901	0.714349	-0.104779
56144	9.616778	0.169496	-0.824696	0.190055	-0.033319	-0.041299	0.077629	0.071138	0.994441	0.719130	-0.694846	-0.006431	0.690526	0.715631	-0.105097
56145	9.678275	0.296962	-0.842741	0.148103	-0.043793	-0.037583	0.077624	0.071729	0.994399	0.720168	-0.693773	-0.006173	0.689444	0.716613	-0.105511
56146	9.674493	0.285091	-0.900654	0.118952	-0.055994	-0.028066	0.077774	0.072356	0.994342	0.720996	-0.692914	-0.005972	0.688561	0.717381	-0.106059
56147	9.702951	0.299590	-0.957307	0.113934	-0.062717	-0.021293	0.078015	0.072971	0.994278	0.721783	-0.692095	-0.005841	0.687708	0.718109	-0.106663
56148	9.730347	0.337075	-1.020518	0.090831	-0.062353	-0.015078	0.078301	0.073554	0.994213	0.722406	-0.691445	-0.005740	0.687021	0.718675	-0.107277
56149	9.785819	0.206769	-1.050900	0.109413	-0.037422	-0.014478	0.078417	0.073940	0.994175	0.723156	-0.690662	-0.005673	0.686219	0.719388	-0.107630
56150	9.721895	0.129106	-1.050587	0.116653	0.000514	-0.014839	0.078272	0.074070	0.994177	0.723955	-0.689825	-0.005603	0.685393	0.720177	-0.107617
56151	9.637592	0.138261	-1.001220	0.154279	0.027722	-0.010732	0.077968	0.073961	0.994209	0.725007	-0.688719	-0.005621	0.684314	0.721246	-0.107320
56152	9.490164	0.154621	-0.913461	0.161090	0.050382	-0.020206	0.077442	0.073768	0.994264	0.726111	-0.687555	-0.005544	0.683202	0.722376	-0.106809
56153	9.402123	0.055039	-0.797286	0.166158	0.037088	-0.017484	0.077025	0.073637	0.994306	0.727246	-0.686355	-0.005507	0.682041	0.723530	-0.106418
56154	9.573240	-0.010930	-0.878834	0.148981	0.000624	-0.012263	0.076897	0.073747	0.994308	0.728259	-0.685280	-0.005495	0.680974	0.724536	-0.106403
56155	9.760936	-0.070469	-1.034156	0.118796	-0.025561	-0.013954	0.076933	0.074045	0.994283	0.729065	-0.684423	-0.005442	0.680107	0.725316	-0.106638
56156	9.863722	0.082787	-1.234036	0.091651	-0.042310	-0.013263	0.077089	0.074473	0.994239	0.729685	-0.683762	-0.005360	0.679424	0.725895	-0.107053
56157	9.891034	0.043642	-1.479224	0.034174	-0.051924	-0.016618	0.077283	0.074981	0.994186	0.729918	-0.683515	-0.005190	0.679152	0.726075	-0.107554
56158	9.923744	0.058581	-1.626254	-0.040757	-0.049405	-0.022574	0.077420	0.075524	0.994134	0.729645	-0.683809	-0.004873	0.679429	0.725742	-0.108046
56159	9.915667	-0.137000	-1.802042	-0.110757	-0.044943	-0.031254	0.077460	0.076081	0.994088	0.728903	-0.684602	-0.004402	0.680220	0.724935	-0.108485
56160	9.944191	-0.397361	-1.949973	-0.140990	-0.032901	-0.039390	0.077363	0.076621	0.994054	0.727962	-0.685607	-0.003809	0.681238	0.723929	-0.108818
56161	9.964234	-0.647971	-2.065174	-0.124985	-0.021617	-0.047583	0.077128	0.077120	0.994034	0.727134	-0.686488	-0.003159	0.682149	0.723040	-0.109024
56162	9.974454	-0.586612	-2.059717	-0.127296	-0.002653	-0.065394	0.076638	0.077621	0.994033	0.726303	-0.687371	-0.002322	0.683089	0.722147	-0.109055
56163	9.878532	-0.488425	-1.998179	-0.135177	0.017587	-0.082981	0.075879	0.078082	0.994055	0.725429	-0.688296	-0.001309	0.684102	0.721216	-0.108870
56164	9.817416	-0.408512	-1.919645	-0.136321	0.043795	-0.100958	0.074815	0.078494	0.994103	0.724559	-0.689213	-0.000110	0.685140	0.720294	-0.108437
56165	9.808784	-0.278701	-1.855043	-0.138317	0.065272	-0.113523	0.073509	0.078824	0.994175	0.723681	-0.690133	0.001209	0.686208	0.719377	-0.107774
56166	9.844560	-0.114254	-1.765787	-0.169313	0.085853	-0.124849	0.071986	0.079102	0.994264	0.722596	-0.691265	0.002679	0.687512	0.718258	-0.106920
56167	9.993246	-0.185028	-1.730990	-0.200055	0.104381	-0.139344	0.070225	0.079334	0.994371	0.721305	-0.692604	0.004318	0.689048	0.716942	-0.105862
56168	9.950727	-0.211735	-1.593088	-0.188261	0.109341	-0.154470	0.068327	0.079655	0.994478	0.720100	-0.693843	0.006099	0.690498	0.715707	-0.104768
56169	9.956462	-0.263495	-1.564430	-0.180995	0.105028	-0.169366	0.066346	0.080097	0.994577	0.718950	-0.695016	0.008013	0.691889	0.714519	-0.103697
56170	9.945775	-0.261176	-1.424834	-0.165799	0.103773	-0.180037	0.064305	0.080642	0.994667	0.717905	-0.696069	0.010021	0.693165	0.713432	-0.102654
56171	9.876586	-0.189590	-1.299265	-0.155769	0.117695	-0.193590	0.062063	0.081169	0.994766	0.716933	-0.697036	0.012146	0.694374	0.712427	-0.101452
56172	9.862718	-0.200182	-1.211019	-0.127903	0.120095	-0.199099	0.059773	0.081736	0.994860	0.716152	-0.697797	0.014302	0.695380	0.711616	-0.100245
56173	9.843348	-0.177571	-1.187089	-0.073700	0.127563	-0.198766	0.057426	0.082233	0.994957	0.715742	-0.698172	0.016393	0.696000	0.711192	-0.098951
56174	9.877871	-0.312655	-1.293451	0.082787	0.147171	-0.199022	0.054949	0.082608	0.995066	0.716416	-0.697432	0.018338	0.695506	0.711874	-0.097505
56175	9.988498	-0.131008	-1.358847	0.148775	0.159732	-0.213653	0.052270	0.082976	0.995180	0.717550	-0.696209	0.020361	0.694542	0.713027	-0.095930
56176	9.944338	0.097261	-1.405149	0.080459	0.175193	-0.221339	0.049437	0.083300	0.995297	0.718207	-0.695465	0.022532	0.694071	0.713715	-0.094208
56177	9.979800	0.355294	-1.359819	0.068944	0.187432	-0.231212	0.046439	0.083586	0.995418	0.718782	-0.694793	0.024810	0.693683	0.714336	-0.092345
56178	9.848556	0.594239	-1.154371	-0.000711	0.202526	-0.239787	0.043283	0.083838	0.995539	0.718870	-0.694610	0.027242	0.693796	0.714484	-0.090334
56179	9.696651	0.542540	-0.994845	-0.097130	0.222391	-0.243253	0.039954	0.083958	0.995668	0.718283	-0.695113	0.029791	0.694603	0.713981	-0.088078
56180	9.652304	0.498378	-0.637196	-0.156714	0.223833	-0.239267	0.036653	0.084059	0.995786	0.717270	-0.696044	0.032354	0.695831	0.713062	-0.085805
56181	9.550724	0.398619	-0.376613	-0.160691	0.227998	-0.233189	0.033357	0.084076	0.995901	0.716218	-0.697006	0.034853	0.697079	0.712119	-0.083467
56182	9.369778	0.526765	-0.083880	-0.135665	0.210633	-0.223790	0.030258	0.084171	0.995992	0.715327	-0.697797	0.037239	0.698134	0.711333	-0.081324
56183	9.377941	0.739054	0.191024	-0.154863	0.189476	-0.220562	0.027321	0.084382	0.996059	0.714294	-0.698725	0.039600	0.699313	0.710397	-0.079363
56184	9.413484	0.914770	0.315596	-0.195333	0.173552	-0.212671	0.024560	0.084670	0.996106	0.712966	-0.699945	0.041917	0.700768	0.709160	-0.077558
56185	9.473345	0.893119	0.454081	-0.226448	0.148011	-0.203678	0.022034	0.085067	0.996132	0.711409	-0.701389	0.044160	0.702433	0.707684	-0.075972
56186	9.454252	0.877681	0.544866	-0.241056	0.119195	-0.191730	0.019804	0.085603	0.996132	0.709738	-0.702942	0.046298	0.704187	0.706077	-0.074677
56187	9.602437	0.825584	0.638607	-0.256755	0.091583	-0.184193	0.017816	0.086271	0.996112	0.707947	-0.704608	0.048363	0.706041	0.704333	-0.073629
56188	9.871344	0.898489	0.685633	-0.226058	0.058514	-0.175259	0.016131	0.087128	0.996066	0.706363	-0.706059	0.050321	0.707666	0.702773	-0.072934
56189	9.791939	0.996743	0.852332	-0.193871	0.015405	-0.178873	0.014724	0.088302	0.995985	0.705002	-0.707276	0.052284	0.709053	0.701401	-0.072667
56190	9.780371	0.747196	0.904902	-0.130405	-0.043240	-0.174876	0.013765	0.089874	0.995858	0.704086	-0.708046	0.054167	0.709982	0.700424	-0.073026
56191	9.718638	0.593596	0.951164	-0.019710	-0.095649	-0.161072	0.013274	0.091702	0.995698	0.703952	-0.708051	0.055826	0.710124	0.700182	-0.073953
56192	9.622752	0.506690	1.077196	0.010347	-0.154056	-0.152170	0.013262	0.093888	0.995494	0.704030	-0.707849	0.057380	0.710047	0.700097	-0.075488
56193	9.532127	0.434613	1.048374	0.048109	-0.206546	-0.148204	0.013649	0.096401	0.995249	0.704375	-0.707383	0.058859	0.709697	0.700225	-0.077557
56194	9.521473	0.480077	1.051739	0.101998	-0.275693	-0.152901	0.014491	0.099442	0.994938	0.705105	-0.706531	0.060347	0.708955	0.700661	-0.080355
56195	9.581503	0.613714	1.071357	0.093299	-0.329941	-0.151569	0.015723	0.102842	0.994573	0.705773	-0.705736	0.061818	0.708264	0.700971	-0.083680
56196	9.594332	0.622092	1.004733	0.066575	-0.375066	-0.145662	0.017313	0.106526	0.994159	0.706253	-0.705128	0.063257	0.707748	0.701033	-0.087442
56197	9.594955	0.486389	0.866620	0.069212	-0.441305	-0.136610	0.019433	0.110600	0.993675	0.706752	-0.704506	0.064593	0.707194	0.701027	-0.091858
56198	9.826531	0.439603	0.681486	0.128200	-0.501483	-0.118192	0.022102	0.114974	0.993123	0.707668	-0.703485	0.065693	0.706200	0.701349	-0.096912
56199	10.132040	0.483766	0.417829	0.124060	-0.558766	-0.105107	0.025265	0.119650	0.992495	0.708553	-0.702503	0.066654	0.705206	0.701551	-0.102527
56200	10.436935	0.554007	0.049163	0.089194	-0.596461	-0.092060	0.028776	0.124505	0.991802	0.709192	-0.701775	0.067520	0.704428	0.701434	-0.108492
56201	10.634675	0.602200	-0.259630	0.038677	-0.622018	-0.081944	0.032538	0.129459	0.991051	0.709474	-0.701411	0.068330	0.703980	0.700901	-0.114670
56202	10.740459	0.537540	-0.573683	-0.042983	-0.632682	-0.060701	0.036521	0.134338	0.990262	0.709178	-0.701642	0.069029	0.704083	0.699751	-0.120894
56203	10.839435	0.458075	-0.943517	-0.130226	-0.657564	-0.032382	0.040887	0.139179	0.989423	0.708258	-0.702519	0.069552	0.704768	0.697923	-0.127298
56204	10.963582	0.503744	-1.223770	-0.191235	-0.639461	-0.015639	0.045246	0.143766	0.988577	0.706902	-0.703839	0.070004	0.705863	0.695660	-0.133475
56205	10.683521	0.248107	-1.398897	-0.342086	-0.607463	0.004407	0.049535	0.147969	0.987751	0.704467	-0.706230	0.070468	0.708006	0.692347	-0.139222
56206	10.377337	-0.181525	-1.649872	-0.385360	-0.584671	0.052127	0.054007	0.151660	0.986956	0.701693	-0.708978	0.070547	0.710429	0.688730	-0.144709
56207	10.284219	-0.598096	-1.829396	-0.357905	-0.535903	0.100161	0.058486	0.154648	0.986237	0.699076	-0.711601	0.070127	0.712652	0.685353	-0.149729
56208	9.813545	-0.648898	-1.605738	-0.376579	-0.481210	0.141644	0.062870	0.156950	0.985603	0.696288	-0.714405	0.069349	0.715004	0.681904	-0.154197
56209	9.514290	-0.792918	-1.878670	-0.309227	-0.499511	0.198892	0.067792	0.158944	0.984957	0.693930	-0.716832	0.067914	0.716844	0.678887	-0.158891
56210	9.476310	-0.582208	-1.796977	-0.378994	-0.509552	0.252404	0.073161	0.160601	0.984304	0.691017	-0.719811	0.066085	0.719126	0.675336	-0.163640
56211	9.515216	-0.785951	-1.677349	-0.531705	-0.491298	0.314967	0.078836	0.161653	0.983694	0.686932	-0.723906	0.063909	0.722433	0.670692	-0.168115
56212	9.406312	-0.897719	-1.607390	-0.542699	-0.463290	0.385238	0.084793	0.161973	0.983145	0.682673	-0.728166	0.061087	0.725788	0.665987	-0.172318
56213	9.449773	-0.349230	-1.546455	-0.585768	-0.480608	0.427412	0.091162	0.162059	0.982561	0.678022	-0.732754	0.057950	0.729367	0.660915	-0.176678
56214	9.541596	0.171789	-1.502938	-0.674608	-0.473143	0.436669	0.097536	0.161981	0.981962	0.672662	-0.737910	0.054909	0.733493	0.655173	-0.180931
56215	9.468346	0.611444	-1.526038	-0.799993	-0.456970	0.438370	0.103799	0.161732	0.981361	0.666320	-0.743843	0.052111	0.738406	0.648491	-0.184975
56216	9.364644	0.775640	-1.539736	-0.898317	-0.433433	0.447164	0.109940	0.161205	0.980778	0.659171	-0.750366	0.049444	0.743913	0.641065	-0.188757
56217	9.345787	0.818859	-1.425000	-0.956002	-0.398426	0.459488	0.115892	0.160301	0.980241	0.651499	-0.757204	0.046802	0.749745	0.633202	-0.192190
56218	9.315342	0.137639	-1.142047	-0.946330	-0.341184	0.485202	0.121567	0.158778	0.979801	0.643788	-0.763942	0.043921	0.755486	0.625445	-0.195090
56219	9.078200	-2.162995	-1.128051	-0.773959	-0.296993	0.482252	0.126872	0.156950	0.979423	0.637311	-0.769528	0.040759	0.760091	0.619026	-0.197658
56220	9.080268	-4.903401	-1.597437	-0.089210	-0.285348	0.498951	0.132184	0.154891	0.979049	0.635974	-0.770866	0.036091	0.760306	0.617879	-0.200403
56221	9.475067	-6.433276	-2.133784	1.099661	-0.250761	0.528215	0.137426	0.152416	0.978715	0.643570	-0.764847	0.028744	0.752949	0.625921	-0.203200
56222	9.994646	-6.458026	-2.518240	2.492101	-0.161699	0.558985	0.142248	0.149223	0.978518	0.661335	-0.749869	0.018216	0.736479	0.644537	-0.205353
56223	9.306700	-4.051584	-0.542432	3.572419	-0.076635	0.488232	0.146058	0.146141	0.978422	0.686501	-0.727103	0.006122	0.712308	0.670794	-0.206525
56224	9.244461	-2.700843	-1.025972	4.160976	-0.051617	0.351968	0.148858	0.143990	0.978319	0.715005	-0.699095	-0.005899	0.683088	0.700381	-0.207019
56225	10.209770	0.152324	-1.309987	4.256118	0.128690	0.146643	0.149031	0.142083	0.978571	0.743198	-0.668879	-0.016067	0.652263	0.729667	-0.205280
56226	10.337686	1.453068	-1.078235	3.729956	0.377954	-0.067260	0.146081	0.139719	0.979356	0.767103	-0.641113	-0.022957	0.624670	0.754621	-0.200834
56227	10.370656	2.460727	-0.738225	3.103364	0.631668	-0.225707	0.140417	0.136322	0.980663	0.786446	-0.617077	-0.026828	0.601487	0.775005	-0.193858
56228	10.107674	2.488288	-0.635172	2.413705	0.877996	-0.326658	0.132589	0.131431	0.982418	0.801184	-0.597755	-0.028160	0.583545	0.790831	-0.184556
56229	9.994331	2.231784	-0.670058	1.773786	1.083835	-0.367193	0.123334	0.124976	0.984464	0.811882	-0.583165	-0.027681	0.570646	0.802683	-0.173390
56230	10.149943	1.934648	-0.744866	1.365720	1.232041	-0.358424	0.113402	0.117097	0.986625	0.820024	-0.571719	-0.026399	0.560981	0.812050	-0.160856
56231	10.309353	2.051125	-0.697307	1.090808	1.352016	-0.332618	0.103091	0.107963	0.988795	0.826454	-0.562460	-0.024752	0.553485	0.819746	-0.147211
56232	10.180158	2.452594	-0.442689	0.817134	1.448789	-0.303579	0.092555	0.097738	0.990899	0.831243	-0.555439	-0.022856	0.548151	0.825793	-0.132652
56233	10.066331	2.937985	-0.175802	0.529158	1.532407	-0.238929	0.082149	0.086382	0.992869	0.834335	-0.550854	-0.021106	0.545103	0.830119	-0.117323
56234	10.146084	3.449999	0.143820	0.144415	1.594972	-0.188580	0.071837	0.074161	0.994656	0.835258	-0.549518	-0.019353	0.545146	0.832184	-0.101419
56235	10.710696	3.649056	0.421064	-0.329342	1.628531	-0.104906	0.062013	0.061203	0.996197	0.833516	-0.552203	-0.017961	0.549004	0.831460	-0.085257
56236	10.868414	3.433143	0.654742	-0.850613	1.663387	-0.027834	0.052534	0.047559	0.997486	0.828818	-0.559261	-0.016986	0.557047	0.827627	-0.068798
56237	10.559083	2.769538	0.864319	-1.281002	1.668850	0.031988	0.043368	0.033632	0.998493	0.821582	-0.569851	-0.016490	0.568438	0.821059	-0.052344
56238	10.181326	2.129790	1.017211	-1.541621	1.645358	0.087090	0.034565	0.019691	0.999208	0.812672	-0.582483	-0.016634	0.581695	0.812604	-0.036136
56239	10.045566	1.279461	1.154892	-1.702496	1.581440	0.141646	0.026358	0.006095	0.999634	0.802592	-0.596271	-0.017527	0.595946	0.802760	-0.020609
56240	10.114050	0.686407	1.188937	-1.686721	1.484606	0.190908	0.018877	-0.006896	0.999798	0.792369	-0.609742	-0.019166	0.609751	0.792570	-0.006046
56241	10.041118	0.311468	1.154392	-1.577753	1.399017	0.222146	0.011968	-0.019270	0.999743	0.782600	-0.622158	-0.021361	0.622410	0.782654	0.007635
56242	9.944861	0.095315	1.168145	-1.456584	1.313559	0.232607	0.005472	-0.030945	0.999506	0.773418	-0.633448	-0.023846	0.633873	0.773167	0.020468
56243	9.710675	-0.053443	1.121428	-1.353769	1.209673	0.249929	-0.000375	-0.041825	0.999125	0.764745	-0.643781	-0.026663	0.644333	0.764066	0.032227
56244	9.600688	-0.254669	1.048636	-1.184338	1.099073	0.261322	-0.005573	-0.051868	0.998638	0.757055	-0.652676	-0.029674	0.653327	0.755859	0.042904
56245	9.375851	-0.457452	0.928182	-1.019432	0.983752	0.267645	-0.010058	-0.061010	0.998087	0.750362	-0.660214	-0.032795	0.660951	0.748596	0.052420
56246	9.233709	-0.744253	0.755537	-0.855080	0.858482	0.266642	-0.013822	-0.069174	0.997509	0.744702	-0.666431	-0.035896	0.667254	0.742350	0.060725
56247	9.246940	-1.080033	0.574916	-0.659610	0.746285	0.266767	-0.016876	-0.076464	0.996930	0.740309	-0.671137	-0.038944	0.672054	0.737379	0.067933
56248	9.060625	-0.996603	0.374832	-0.422770	0.629239	0.255728	-0.019279	-0.082809	0.996379	0.737495	-0.674061	-0.041751	0.675078	0.734019	0.074066
56249	8.781900	-0.830495	0.155038	-0.257879	0.533430	0.248351	-0.021093	-0.088378	0.995864	0.735785	-0.675759	-0.044386	0.676887	0.731805	0.079281
56250	8.490774	-0.807394	-0.055553	-0.099768	0.436152	0.242580	-0.022316	-0.093203	0.995397	0.735148	-0.676286	-0.046842	0.677539	0.730719	0.083610
56251	8.378462	-0.660997	-0.348192	0.070177	0.337150	0.249565	-0.022801	-0.097337	0.994990	0.735663	-0.675556	-0.049230	0.676964	0.730855	0.087011
56252	8.341223	-0.508800	-0.435797	0.131418	0.249122	0.246514	-0.022724	-0.100818	0.994645	0.736594	-0.674369	-0.051526	0.675953	0.731479	0.089586
56253	8.217420	-0.378783	-0.626525	0.184911	0.164070	0.243381	-0.022075	-0.103642	0.994370	0.737881	-0.672788	-0.053743	0.674570	0.732540	0.091327
56254	8.150622	-0.338095	-0.768484	0.183517	0.081180	0.242829	-0.020880	-0.105863	0.994162	0.739156	-0.671207	-0.055949	0.673211	0.733672	0.092264
56255	7.997020	-0.212089	-0.907726	0.152493	0.000218	0.243824	-0.019115	-0.107483	0.994023	0.740214	-0.669848	-0.058196	0.672100	0.734677	0.092365
56256	7.748422	-0.310083	-1.146585	0.097923	-0.089565	0.246804	-0.016736	-0.108469	0.993959	0.740902	-0.668881	-0.060519	0.671404	0.735414	0.091560
56257	7.689850	-0.434551	-1.349465	0.082791	-0.172460	0.252063	-0.013748	-0.108869	0.993961	0.741480	-0.668019	-0.062913	0.670834	0.736137	0.089908
56258	7.884196	-0.585313	-1.406356	0.068808	-0.244797	0.273422	-0.010127	-0.108883	0.994003	0.741960	-0.667234	-0.065530	0.670367	0.736847	0.087543
56259	8.551007	-1.203960	-1.365390	-0.034967	-0.280563	0.287714	-0.006148	-0.108719	0.994054	0.741733	-0.667200	-0.068383	0.670667	0.736902	0.084743
56260	8.064733	-1.125253	-1.774353	0.197470	-0.399889	0.260011	-0.001586	-0.107491	0.994205	0.743053	-0.665481	-0.070765	0.669231	0.738634	0.080926
56261	8.144170	-1.226367	-1.960588	0.182553	-0.543674	0.221895	0.003662	-0.104929	0.994473	0.744255	-0.663917	-0.072792	0.667885	0.740408	0.075663
56262	8.103254	-1.055869	-1.887528	0.353404	-0.718467	0.192346	0.009840	-0.100860	0.994852	0.746584	-0.661117	-0.074410	0.665218	0.743473	0.068795
56263	8.487189	-1.186962	-1.948206	0.482041	-0.885871	0.147145	0.016780	-0.095211	0.995316	0.749747	-0.657400	-0.075526	0.661511	0.747503	0.060353
56264	8.879165	-1.695400	-1.509852	0.659461	-0.980968	0.092109	0.023895	-0.088442	0.995795	0.754061	-0.652389	-0.076036	0.656370	0.752706	0.051102
56265	9.841378	-2.090755	-0.770948	0.918038	-0.959031	0.056778	0.030547	-0.081544	0.996201	0.760024	-0.645420	-0.076136	0.649177	0.759463	0.042260
56266	10.236958	-2.615578	-0.415955	1.436167	-0.824388	0.082700	0.036445	-0.075758	0.996460	0.769226	-0.634397	-0.076366	0.637937	0.769286	0.035155
56267	10.227047	-2.448630	-0.087206	2.008224	-0.735532	0.091523	0.041751	-0.070611	0.996630	0.781829	-0.618770	-0.076592	0.622093	0.782392	0.029372
56268	10.279552	-0.268227	-0.336049	2.644290	-0.719248	0.042975	0.046450	-0.065174	0.996792	0.797969	-0.597853	-0.076275	0.600906	0.798952	0.024236
56269	10.458159	1.671758	0.171506	2.398159	-0.699253	-0.026549	0.050331	-0.059368	0.996966	0.812146	-0.578555	-0.075453	0.581279	0.813480	0.019096
56270	11.040777	2.570848	0.419798	1.665588	-0.777232	0.001072	0.054763	-0.053002	0.997092	0.821700	-0.564943	-0.075161	0.567283	0.823426	0.012613
56271	13.019333	3.541584	-1.190445	1.443568	-1.012543	0.114481	0.061350	-0.045250	0.997090	0.829722	-0.552959	-0.076147	0.554796	0.831979	0.003621
56272	14.823811	4.926429	-1.625345	0.834430	-1.035117	0.148524	0.068246	-0.037415	0.996967	0.834214	-0.545954	-0.077594	0.547202	0.836979	-0.006047
56273	13.678019	2.641627	-0.682913	0.026795	-0.804583	0.184795	0.074147	-0.031678	0.996744	0.834219	-0.545687	-0.079400	0.546426	0.837390	-0.014035
56274	10.398555	-0.157789	-2.241335	0.238106	-0.701820	0.233512	0.079875	-0.027050	0.996438	0.835330	-0.543642	-0.081718	0.543916	0.838881	-0.020827
