// General information: 
//  MT Manager version: 2022.2.0 
//  XDA version: 2022.2.0 build 7381 rev 124627 built on 2023-07-19
// Device information: 
//  DeviceId: 00B4CAF0
//  ProductCode: MTW2-3A7G6
//  Firmware Version: 4.6.0
//  Hardware Version: 2.0.0
// Device settings: 
//  Filter Profile: human(46.1)
//  Option Flags: Orientation Smoother Disabled, Position/Velocity Smoother Disabled, Continuous Zero Rotation Update Disabled, AHS Disabled, ICC Disabled
// Coordinate system: ENU
PacketCounter	Acc_X	Acc_Y	Acc_Z	Gyr_X	Gyr_Y	Gyr_Z	Mat[1][1]	Mat[2][1]	Mat[3][1]	Mat[1][2]	Mat[2][2]	Mat[3][2]	Mat[1][3]	Mat[2][3]	Mat[3][3]
19302	4.298313	0.758336	8.959146	-0.164643	-0.039175	0.055390	-0.106284	0.880337	0.462289	-0.985929	-0.153632	0.065889	0.129027	-0.448781	0.884278
19303	4.740896	-0.264657	9.394908	-0.170306	-0.086485	0.029833	-0.106422	0.879886	0.463115	-0.986123	-0.153083	0.064238	0.127417	-0.449852	0.883967
19304	4.186907	0.365941	9.154804	-0.082242	-0.068028	0.021991	-0.106521	0.879552	0.463725	-0.986217	-0.152843	0.063359	0.126605	-0.450585	0.883711
19305	5.263023	0.671872	9.147450	-0.075440	-0.077326	0.013272	-0.106510	0.879167	0.464458	-0.986306	-0.152573	0.062623	0.125920	-0.451428	0.883378
19306	4.960919	0.470719	9.261247	-0.092371	-0.060021	0.006320	-0.106464	0.878892	0.464988	-0.986428	-0.152148	0.061728	0.124999	-0.452105	0.883162
19307	4.933651	0.485986	9.154410	-0.033732	-0.002808	0.006511	-0.106481	0.878853	0.465059	-0.986471	-0.152006	0.061392	0.124646	-0.452230	0.883149
19308	4.742909	0.510983	9.192350	-0.038053	-0.002479	0.007271	-0.106517	0.878836	0.465081	-0.986523	-0.151836	0.060972	0.124200	-0.452319	0.883166
19309	4.589050	0.462972	9.171035	-0.039376	-0.007767	0.008023	-0.106543	0.878772	0.465197	-0.986571	-0.151681	0.060579	0.123797	-0.452495	0.883132
19310	4.710888	0.445676	9.161618	-0.035260	-0.010542	0.005444	-0.106551	0.878722	0.465289	-0.986622	-0.151507	0.060193	0.123387	-0.452651	0.883110
19311	4.667925	0.477553	9.181201	-0.038137	-0.006484	0.009738	-0.106595	0.878661	0.465394	-0.986666	-0.151373	0.059803	0.122995	-0.452814	0.883081
19312	4.642471	0.469738	9.159298	-0.034835	-0.020882	0.002187	-0.106559	0.878569	0.465577	-0.986719	-0.151172	0.059435	0.122600	-0.453060	0.883010
19313	4.685932	0.407516	9.145830	-0.035659	-0.017284	0.004066	-0.106533	0.878468	0.465774	-0.986766	-0.150999	0.059094	0.122244	-0.453314	0.882929
19314	4.646504	0.463668	9.157562	-0.023718	-0.032338	-0.005020	-0.106412	0.878334	0.466053	-0.986813	-0.150785	0.058858	0.121971	-0.453644	0.882797
19315	4.722268	0.244132	9.135562	-0.022881	-0.037793	-0.004660	-0.106276	0.878153	0.466426	-0.986853	-0.150594	0.058671	0.121762	-0.454058	0.882612
19316	4.641838	0.376213	9.129105	-0.029907	-0.038768	-0.013691	-0.106062	0.878003	0.466757	-0.986917	-0.150275	0.058420	0.121435	-0.454454	0.882454
19317	4.667244	0.292066	9.200079	-0.032044	-0.055682	-0.017948	-0.105773	0.877760	0.467280	-0.986982	-0.149925	0.058214	0.121155	-0.455039	0.882191
19318	4.965058	0.338401	9.100095	-0.001003	-0.044503	-0.020586	-0.105484	0.877593	0.467657	-0.987017	-0.149678	0.058251	0.121119	-0.455441	0.881988
19319	4.600785	0.558660	9.125723	-0.012475	-0.030223	-0.023992	-0.105166	0.877474	0.467952	-0.987065	-0.149363	0.058246	0.121005	-0.455773	0.881832
19320	4.709827	0.415435	9.103252	-0.004605	-0.048069	-0.023772	-0.104841	0.877296	0.468359	-0.987108	-0.149071	0.058267	0.120936	-0.456212	0.881615
19321	4.725149	0.572108	9.028363	-0.005029	-0.037734	-0.020512	-0.104549	0.877137	0.468722	-0.987143	-0.148821	0.058312	0.120903	-0.456599	0.881419
19322	4.504639	0.470718	9.132763	-0.010575	-0.053918	-0.028391	-0.104171	0.876938	0.469178	-0.987198	-0.148461	0.058302	0.120782	-0.457099	0.881177
19323	4.742632	0.384424	9.078152	0.002375	-0.066329	-0.019230	-0.103857	0.876646	0.469793	-0.987223	-0.148256	0.058406	0.120851	-0.457725	0.880842
19324	4.730978	0.441331	9.086106	-0.007744	-0.065699	-0.025766	-0.103490	0.876388	0.470355	-0.987271	-0.147932	0.058409	0.120770	-0.458323	0.880542
19325	4.639136	0.412636	9.128252	-0.011424	-0.073277	-0.026484	-0.103096	0.876074	0.471026	-0.987320	-0.147601	0.058426	0.120709	-0.459030	0.880182
19326	4.848761	0.451948	9.141111	-0.010690	-0.079031	-0.028201	-0.102690	0.875757	0.471703	-0.987374	-0.147242	0.058415	0.120612	-0.459749	0.879820
19327	4.812896	0.526546	9.120414	-0.029745	-0.068985	-0.025600	-0.102310	0.875460	0.472337	-0.987443	-0.146834	0.058267	0.120366	-0.460445	0.879490
19328	4.859443	0.426558	9.141582	-0.031715	-0.064530	-0.025670	-0.101947	0.875205	0.472888	-0.987520	-0.146401	0.058061	0.120046	-0.461067	0.879208
19329	5.001460	0.581969	9.102591	-0.018147	-0.042945	-0.015610	-0.101698	0.875012	0.473298	-0.987565	-0.146134	0.057968	0.119888	-0.461518	0.878993
19330	4.806332	0.571716	9.101302	-0.023767	-0.024970	-0.014123	-0.101496	0.874922	0.473508	-0.987620	-0.145838	0.057777	0.119606	-0.461782	0.878892
19331	4.946443	0.444896	9.146565	-0.015048	-0.017821	0.000274	-0.101433	0.874822	0.473707	-0.987645	-0.145724	0.057636	0.119452	-0.462008	0.878795
19332	4.953619	0.553120	9.087910	-0.014649	0.011873	0.001664	-0.101432	0.874878	0.473603	-0.987673	-0.145609	0.057450	0.119223	-0.461937	0.878863
19333	4.682371	0.533370	9.125614	-0.026057	0.018713	0.007347	-0.101483	0.874936	0.473484	-0.987704	-0.145507	0.057180	0.118924	-0.461859	0.878944
19334	4.785437	0.419920	9.044073	-0.034119	0.007445	0.009876	-0.101557	0.874961	0.473424	-0.987746	-0.145373	0.056784	0.118507	-0.461856	0.879003
19335	4.737163	0.404637	9.079079	-0.046178	0.008818	0.007826	-0.101601	0.874972	0.473393	-0.987800	-0.145181	0.056334	0.118019	-0.461894	0.879048
19336	4.684669	0.358882	9.097586	-0.044713	-0.002678	0.004414	-0.101610	0.874957	0.473418	-0.987860	-0.144952	0.055872	0.117508	-0.461994	0.879064
19337	4.587487	0.398720	9.044795	-0.033744	-0.022128	0.002033	-0.101560	0.874835	0.473656	-0.987905	-0.144767	0.055558	0.117174	-0.462284	0.878956
19338	4.548327	0.398127	9.124479	-0.030609	-0.042675	-0.002966	-0.101448	0.874646	0.474029	-0.987955	-0.144537	0.055255	0.116843	-0.462714	0.878774
19339	4.724323	0.401293	9.100532	-0.013282	-0.062895	-0.008568	-0.101246	0.874349	0.474619	-0.987987	-0.144353	0.055172	0.116752	-0.463331	0.878461
19340	4.860516	0.503919	9.052069	-0.010886	-0.062479	-0.004900	-0.101097	0.874070	0.475165	-0.988016	-0.144203	0.055051	0.116639	-0.463905	0.878173
19341	4.861263	0.473219	9.032893	-0.008542	-0.058340	-0.005725	-0.100929	0.873789	0.475716	-0.988039	-0.144067	0.054996	0.116590	-0.464475	0.877878
19342	5.027013	0.377998	9.012983	-0.003035	-0.053653	-0.009274	-0.100741	0.873557	0.476181	-0.988063	-0.143908	0.054965	0.116542	-0.464960	0.877627
19343	4.920339	0.434718	9.084385	-0.008803	-0.034105	-0.012020	-0.100538	0.873398	0.476516	-0.988093	-0.143715	0.054939	0.116466	-0.465319	0.877448
19344	4.877274	0.446420	9.110645	-0.009139	-0.021616	-0.008893	-0.100392	0.873314	0.476701	-0.988124	-0.143532	0.054853	0.116325	-0.465533	0.877352
19345	4.955859	0.524699	9.052231	-0.004829	-0.006714	-0.002674	-0.100314	0.873269	0.476801	-0.988140	-0.143439	0.054816	0.116261	-0.465647	0.877301
19346	4.706062	0.473411	9.071277	-0.015766	-0.004347	-0.005002	-0.100228	0.873259	0.476837	-0.988175	-0.143261	0.054654	0.116039	-0.465720	0.877291
19347	4.730324	0.486237	9.038372	-0.010605	-0.017862	0.001478	-0.100178	0.873156	0.477036	-0.988193	-0.143177	0.054547	0.115929	-0.465939	0.877189
19348	4.753347	0.475673	9.012111	-0.013886	-0.018700	0.002166	-0.100147	0.873068	0.477203	-0.988218	-0.143071	0.054367	0.115740	-0.466135	0.877110
19349	4.605888	0.403686	9.075205	-0.011483	-0.033501	-0.001162	-0.100053	0.872896	0.477538	-0.988240	-0.142960	0.054265	0.115637	-0.466492	0.876934
19350	4.704639	0.369101	9.071504	-0.008107	-0.053473	-0.002142	-0.099934	0.872653	0.478006	-0.988263	-0.142838	0.054157	0.115538	-0.466984	0.876685
19351	4.615044	0.402384	9.070611	-0.007709	-0.061952	-0.007753	-0.099742	0.872357	0.478587	-0.988287	-0.142688	0.054120	0.115500	-0.467583	0.876371
19352	4.622920	0.369084	9.128157	0.000013	-0.068889	-0.000275	-0.099628	0.872038	0.479191	-0.988299	-0.142624	0.054073	0.115498	-0.468197	0.876043
19353	4.900522	0.370673	9.116383	0.002295	-0.083986	-0.005685	-0.099431	0.871634	0.479966	-0.988309	-0.142538	0.054114	0.115581	-0.468974	0.875617
19354	4.993143	0.316354	9.041053	-0.013841	-0.058761	-0.002747	-0.099305	0.871365	0.480480	-0.988339	-0.142389	0.053959	0.115433	-0.469519	0.875344
19355	4.935473	0.382852	9.077556	-0.022715	-0.058707	-0.005263	-0.099141	0.871079	0.481033	-0.988378	-0.142189	0.053778	0.115243	-0.470110	0.875052
19356	5.012937	0.373209	9.068105	-0.023477	-0.051098	-0.005787	-0.098989	0.870850	0.481478	-0.988422	-0.141963	0.053554	0.114989	-0.470602	0.874821
19357	4.974318	0.446319	9.049537	-0.028463	-0.041019	-0.005713	-0.098842	0.870647	0.481876	-0.988468	-0.141732	0.053326	0.114725	-0.471048	0.874616
19358	4.905236	0.451608	9.054675	-0.031221	-0.034827	-0.001551	-0.098760	0.870487	0.482181	-0.988516	-0.141515	0.053013	0.114383	-0.471408	0.874466
19359	4.928747	0.399567	9.064788	-0.031005	-0.032389	0.000280	-0.098682	0.870316	0.482506	-0.988558	-0.141324	0.052734	0.114085	-0.471782	0.874304
19360	4.884637	0.482320	8.993619	-0.017382	-0.027882	0.005656	-0.098672	0.870179	0.482755	-0.988584	-0.141228	0.052508	0.113870	-0.472063	0.874180
19361	4.797793	0.487378	9.078333	-0.025406	-0.033288	0.003454	-0.098624	0.869999	0.483090	-0.988616	-0.141091	0.052262	0.113628	-0.472436	0.874010
19362	4.885197	0.351442	9.079035	-0.016310	-0.030906	0.007781	-0.098635	0.869844	0.483366	-0.988638	-0.141022	0.052035	0.113428	-0.472742	0.873870
19363	4.869322	0.422450	9.059108	-0.012035	-0.029356	0.004745	-0.098605	0.869680	0.483667	-0.988654	-0.140959	0.051901	0.113314	-0.473062	0.873712
19364	4.826984	0.433677	9.085506	0.003044	-0.036348	0.006630	-0.098600	0.869501	0.483990	-0.988655	-0.140972	0.051848	0.113311	-0.473387	0.873536
19365	4.882557	0.475069	9.065002	0.004026	-0.041525	0.008955	-0.098598	0.869273	0.484399	-0.988649	-0.141022	0.051834	0.113369	-0.473790	0.873310
19366	4.855631	0.424451	9.055868	0.008249	-0.043996	0.008346	-0.098598	0.869055	0.484790	-0.988642	-0.141072	0.051819	0.113424	-0.474175	0.873094
19367	4.859083	0.384888	9.090832	0.010445	-0.046023	0.010173	-0.098602	0.868804	0.485239	-0.988627	-0.141163	0.051854	0.113549	-0.474608	0.872842
19368	4.786400	0.363595	9.079151	0.018582	-0.055559	0.007305	-0.098577	0.868532	0.485731	-0.988611	-0.141251	0.051935	0.113717	-0.475079	0.872564
19369	4.820391	0.352216	9.127270	0.017272	-0.066756	0.012639	-0.098582	0.868179	0.486361	-0.988586	-0.141396	0.052018	0.113930	-0.475682	0.872208
19370	4.713257	0.323176	9.249694	0.011423	-0.083529	0.000501	-0.098462	0.867782	0.487093	-0.988583	-0.141396	0.052069	0.114057	-0.476405	0.871797
19371	4.699142	0.383363	9.179172	0.006792	-0.149014	-0.007913	-0.098170	0.867064	0.488429	-0.988590	-0.141312	0.052160	0.114247	-0.477735	0.871043
19372	4.929433	0.360717	9.150137	0.006568	-0.134378	-0.004978	-0.097934	0.866431	0.489599	-0.988599	-0.141237	0.052196	0.114374	-0.478905	0.870384
19373	5.053886	0.329306	9.060582	0.023735	-0.154921	-0.013012	-0.097584	0.865687	0.490981	-0.988591	-0.141192	0.052460	0.114737	-0.480261	0.869589
19374	4.768557	0.206734	9.155677	0.022262	-0.147458	-0.007163	-0.097310	0.864991	0.492262	-0.988584	-0.141173	0.052643	0.115030	-0.481520	0.868854
19375	4.658412	0.035385	9.292560	0.073291	-0.219862	-0.030363	-0.096712	0.863954	0.494196	-0.988536	-0.141217	0.053423	0.115944	-0.483364	0.867707
19376	4.751496	0.189294	9.358344	0.081227	-0.204880	-0.037537	-0.096071	0.863017	0.495955	-0.988489	-0.141224	0.054268	0.116875	-0.485033	0.866651
19377	4.979808	0.446077	9.194588	0.121333	-0.252522	-0.044147	-0.095293	0.861833	0.498159	-0.988396	-0.141386	0.055532	0.118292	-0.487086	0.865306
19378	4.704899	0.213984	9.399450	0.098968	-0.252761	-0.052552	-0.094441	0.860676	0.500317	-0.988340	-0.141354	0.056604	0.119440	-0.489137	0.863990
19379	4.739564	0.305001	9.387760	0.148498	-0.308722	-0.060777	-0.093425	0.859229	0.502988	-0.988225	-0.141512	0.058186	0.121174	-0.491630	0.862332
19380	4.974045	0.544684	9.223275	0.166925	-0.353322	-0.068030	-0.092289	0.857586	0.505993	-0.988096	-0.141689	0.059921	0.123081	-0.494440	0.860454
19381	5.068366	0.432356	9.207947	0.158550	-0.382849	-0.077377	-0.091006	0.855777	0.509277	-0.987977	-0.141765	0.061671	0.124975	-0.497542	0.858390
19382	5.112335	0.255174	9.219054	0.146691	-0.403660	-0.095140	-0.089526	0.853900	0.512680	-0.987890	-0.141622	0.063370	0.126718	-0.500798	0.856238
19383	5.141185	0.277651	9.120372	0.170510	-0.442944	-0.123479	-0.087696	0.851828	0.516428	-0.987789	-0.141378	0.065459	0.128771	-0.504381	0.853825
19384	5.017987	0.220601	9.225395	0.133855	-0.459126	-0.138604	-0.085701	0.849702	0.520252	-0.987748	-0.140814	0.067273	0.130421	-0.508112	0.851359
19385	4.871647	0.328492	9.361581	0.139816	-0.524784	-0.157502	-0.083412	0.847225	0.524644	-0.987704	-0.140144	0.069280	0.132222	-0.512415	0.848498
19386	4.737494	0.445881	9.518591	0.173699	-0.606014	-0.163102	-0.080962	0.844336	0.529662	-0.987619	-0.139596	0.071566	0.134364	-0.517310	0.845184
19387	4.652991	0.612447	9.573751	0.255003	-0.715300	-0.167906	-0.078287	0.840829	0.535610	-0.987413	-0.139460	0.074607	0.137428	-0.523028	0.841163
19388	4.779554	0.585223	9.752879	0.279507	-0.830177	-0.158476	-0.075537	0.836683	0.542453	-0.987159	-0.139538	0.077761	0.140755	-0.529613	0.836479
19389	4.849250	0.741986	9.829540	0.375940	-0.978474	-0.121048	-0.072899	0.831612	0.550552	-0.986718	-0.140487	0.081554	0.145167	-0.537295	0.830807
19390	4.691320	1.088962	9.966703	0.391060	-1.109316	-0.039530	-0.070843	0.825663	0.559698	-0.986183	-0.142213	0.084967	0.149751	-0.545945	0.824329
19391	4.550371	1.582792	10.391177	0.363447	-1.305074	0.067370	-0.069478	0.818352	0.570502	-0.985590	-0.144723	0.087566	0.154225	-0.556197	0.816615
19392	4.274315	1.976937	10.615436	0.157824	-1.587894	0.139418	-0.068354	0.809221	0.583514	-0.985261	-0.146681	0.088003	0.156804	-0.568898	0.807321
19393	4.718055	0.910895	10.063470	0.126386	-1.817278	0.187985	-0.067288	0.798450	0.598289	-0.984941	-0.148873	0.087905	0.159257	-0.583365	0.796444
19394	4.937389	1.786527	10.014388	0.264398	-1.973161	0.285674	-0.066894	0.786365	0.614129	-0.984337	-0.152636	0.088225	0.163116	-0.598608	0.784259
19395	4.138028	2.565734	9.866133	0.077058	-2.250779	0.449653	-0.067576	0.771975	0.632051	-0.983915	-0.156560	0.086024	0.165363	-0.616071	0.770138
19396	3.999664	2.507053	10.175317	-0.186848	-2.695342	0.590916	-0.068908	0.754163	0.653062	-0.983833	-0.159837	0.080771	0.165298	-0.636939	0.752985
19397	3.667479	2.259356	10.064258	-0.253785	-3.138101	0.729790	-0.070860	0.732593	0.676968	-0.983750	-0.163568	0.074037	0.164969	-0.660721	0.732279
19398	4.166941	2.635375	10.453204	-0.287652	-3.679544	0.873447	-0.073363	0.706350	0.704051	-0.983606	-0.167853	0.065908	0.164731	-0.687674	0.707084
19399	4.171541	3.286990	10.296028	-0.324085	-4.133316	1.063605	-0.076971	0.675478	0.733352	-0.983348	-0.172880	0.056026	0.164626	-0.716828	0.677537
19400	5.964212	3.563720	10.348105	-0.331455	-4.621491	1.274904	-0.081869	0.639406	0.764498	-0.982893	-0.178778	0.044269	0.164982	-0.747796	0.643104
19401	8.151489	3.344440	10.367474	-0.286020	-4.939002	1.506930	-0.088447	0.598915	0.795913	-0.982091	-0.185881	0.030736	0.166354	-0.778941	0.604630
19402	9.453731	2.967545	10.052867	-0.108555	-5.129276	1.705964	-0.096546	0.554964	0.826253	-0.980706	-0.194812	0.016254	0.169984	-0.808742	0.563065
19403	12.898406	1.879536	10.162439	0.079652	-5.454842	1.760689	-0.104310	0.506498	0.855909	-0.978808	-0.204771	0.001889	0.176221	-0.837573	0.517124
19404	18.340982	5.133687	13.154767	0.557061	-4.853351	2.029041	-0.115308	0.461024	0.879864	-0.975578	-0.219271	-0.012959	0.186954	-0.859870	0.475049
19405	14.465764	4.771952	12.215805	-0.071079	-4.605810	2.260142	-0.128560	0.415845	0.900303	-0.972966	-0.228522	-0.033383	0.191857	-0.880256	0.433982
19406	13.245415	5.790001	12.479400	-0.515056	-4.187376	2.554632	-0.145316	0.372736	0.916488	-0.970467	-0.233979	-0.058716	0.192553	-0.897954	0.395729
19407	11.097762	4.622960	11.115708	-0.924685	-3.907408	2.772914	-0.164682	0.330787	0.929225	-0.967947	-0.235317	-0.087776	0.189627	-0.913896	0.358936
19408	9.391938	4.736512	10.611219	-1.044134	-3.614537	2.961894	-0.186495	0.290582	0.938500	-0.964715	-0.234879	-0.118980	0.185861	-0.927574	0.324133
19409	9.092276	5.017320	10.238193	-1.153002	-3.286032	3.098666	-0.210253	0.252624	0.944444	-0.960697	-0.232496	-0.151682	0.181261	-0.939216	0.291578
19410	4.718240	5.282518	8.824082	-1.112056	-2.926759	3.163885	-0.235296	0.217741	0.947219	-0.955650	-0.229427	-0.184651	0.177112	-0.948658	0.262067
19411	-0.712960	4.084703	6.644127	-1.025561	-3.171934	3.234683	-0.260480	0.180100	0.948533	-0.949452	-0.226053	-0.217811	0.175190	-0.957321	0.229878
19412	-5.792682	3.739321	6.776478	-0.855027	-3.470516	2.951655	-0.282274	0.140183	0.949036	-0.942955	-0.222565	-0.247590	0.176514	-0.964787	0.195010
19413	20.672870	8.075732	12.182925	-1.603342	-3.210594	0.983787	-0.285935	0.106925	0.952265	-0.942958	-0.208217	-0.259761	0.170503	-0.972220	0.160362
19414	18.799588	6.350660	11.921048	-0.135822	0.806446	-0.576736	-0.281808	0.116033	0.952429	-0.944837	-0.206270	-0.254433	0.166935	-0.971591	0.167761
19415	8.554455	10.375686	12.586285	-0.327217	2.684054	-1.854014	-0.268533	0.145807	0.952172	-0.950483	-0.200635	-0.237333	0.156434	-0.968755	0.192464
19416	2.757931	11.542837	10.112111	-0.720109	3.641368	-2.539130	-0.249643	0.186046	0.950297	-0.958144	-0.189482	-0.214608	0.140138	-0.964097	0.225562
19417	-0.512005	8.587687	6.674386	-1.284066	3.745900	-2.886431	-0.226666	0.227230	0.947095	-0.966695	-0.171134	-0.190298	0.118838	-0.958686	0.258453
19418	-1.402898	5.608010	4.932050	-1.626425	3.615074	-3.100265	-0.200371	0.266827	0.942685	-0.975070	-0.147951	-0.165376	0.095345	-0.952320	0.289820
19419	-2.206186	2.257382	3.593652	-1.603608	3.403264	-3.221977	-0.171657	0.303447	0.937259	-0.982426	-0.123510	-0.139942	0.073296	-0.944810	0.319316
19420	-1.784885	0.142657	3.346631	-1.191188	3.124690	-3.285113	-0.141251	0.336645	0.930977	-0.988349	-0.101804	-0.113143	0.056689	-0.936112	0.347103
19421	-0.186935	-0.209582	4.180705	-0.692823	2.914574	-3.281980	-0.110193	0.366796	0.923752	-0.992839	-0.083765	-0.085173	0.046137	-0.926523	0.373399
19422	1.597355	-0.085716	5.169856	-0.344562	2.807185	-3.202432	-0.079496	0.395206	0.915146	-0.996030	-0.068393	-0.056986	0.040068	-0.916043	0.399074
19423	3.366630	0.384550	6.402818	-0.122994	2.831305	-3.042545	-0.050206	0.422814	0.904825	-0.998054	-0.054785	-0.029779	0.036980	-0.904559	0.424742
19424	5.306458	-0.198990	7.217348	-0.102848	2.951940	-2.815862	-0.023091	0.450797	0.892328	-0.999124	-0.041555	-0.004862	0.034889	-0.891659	0.451362
19425	7.127926	-0.706553	8.050632	-0.007753	3.177770	-2.568530	0.001517	0.479771	0.877392	-0.999406	-0.029491	0.017854	0.034441	-0.876898	0.479441
19426	8.242047	-1.330718	8.203786	0.080824	3.486733	-2.258507	0.022915	0.510708	0.859449	-0.999100	-0.018993	0.037924	0.035692	-0.859544	0.509813
19427	8.680925	-1.574966	8.113494	0.199546	3.771727	-1.896374	0.040492	0.542997	0.838758	-0.998424	-0.010651	0.055095	0.038851	-0.839667	0.541710
19428	8.706604	-1.736341	7.677624	0.348754	3.969036	-1.476124	0.053621	0.576113	0.815610	-0.997582	-0.005259	0.069299	0.044213	-0.817353	0.574438
19429	8.704281	-1.598833	7.420325	0.526016	4.053723	-1.035972	0.062047	0.608768	0.790918	-0.996730	-0.003311	0.080742	0.051772	-0.793341	0.606572
19430	8.865647	-1.176168	7.356205	0.684839	4.047445	-0.606062	0.065839	0.640498	0.765132	-0.995952	-0.004844	0.089755	0.061194	-0.767945	0.637586
19431	8.931281	-1.243363	7.335215	0.814414	3.977740	-0.242924	0.065652	0.670509	0.738991	-0.995250	-0.009353	0.096905	0.071888	-0.741842	0.666710
19432	8.947906	-1.376409	7.592088	0.956327	3.866322	0.021225	0.062464	0.698773	0.712611	-0.994516	-0.016433	0.103288	0.083886	-0.715154	0.693914
19433	9.006980	-1.414003	7.834488	1.116116	3.718919	0.186326	0.057287	0.724803	0.686570	-0.993617	-0.025546	0.109876	0.097178	-0.688482	0.718713
19434	9.432274	-0.937592	8.034443	1.289834	3.588103	0.313646	0.050452	0.749018	0.660626	-0.992435	-0.036528	0.117208	0.111922	-0.661542	0.741509
19435	9.991624	-0.171127	8.495467	1.409155	3.487727	0.369794	0.042653	0.771433	0.634880	-0.990922	-0.048425	0.125413	0.127491	-0.634465	0.762365
19436	10.130569	0.849662	9.221637	1.434984	3.397688	0.342670	0.034694	0.792421	0.608987	-0.989113	-0.059971	0.134385	0.143011	-0.607019	0.781713
19437	10.523448	1.832548	9.934421	1.350485	3.306851	0.248136	0.027321	0.811855	0.583219	-0.987164	-0.069928	0.143585	0.157353	-0.579656	0.799524
19438	11.764505	2.272361	10.456057	1.215794	3.257051	0.087000	0.021159	0.830293	0.556925	-0.985194	-0.077477	0.152936	0.170131	-0.551916	0.816361
19439	13.304988	1.900774	10.045782	1.066301	3.340506	-0.114195	0.016461	0.848317	0.529233	-0.983304	-0.082202	0.162347	0.181226	-0.523069	0.832800
19440	14.550254	0.558658	9.015754	1.025344	3.500986	-0.356587	0.013463	0.866448	0.499086	-0.981338	-0.084302	0.172826	0.191819	-0.492099	0.849143
19441	15.813004	-0.623461	7.566507	1.093992	3.705931	-0.597011	0.012047	0.884552	0.466286	-0.979107	-0.084229	0.185080	0.202988	-0.458774	0.865056
19442	15.740178	-1.969330	5.662147	1.220504	3.847705	-0.759610	0.011456	0.902206	0.431153	-0.976466	-0.082774	0.199154	0.215366	-0.423288	0.880025
19443	14.974432	-3.370733	3.772637	1.354954	3.835998	-0.872243	0.011486	0.918449	0.395372	-0.973361	-0.080278	0.214764	0.228989	-0.387306	0.893061
19444	14.448387	-4.662938	2.596874	1.561886	3.619457	-0.905626	0.011746	0.932588	0.360751	-0.969561	-0.077618	0.232221	0.244568	-0.352498	0.903290
19445	14.371621	-5.400659	2.407122	1.860259	3.227445	-0.899957	0.012311	0.944130	0.329343	-0.964739	-0.075390	0.252181	0.262921	-0.320835	0.909911
19446	15.455041	-4.779872	2.857879	2.089304	2.833631	-0.838296	0.012671	0.953466	0.301235	-0.958934	-0.073780	0.273864	0.283345	-0.292334	0.913376
19447	16.399069	-2.435298	3.094014	2.091737	2.478236	-0.733905	0.012464	0.960925	0.276529	-0.952711	-0.072562	0.295089	0.303624	-0.267130	0.914579
19448	13.232440	4.527987	7.688092	2.131504	2.310347	-0.684668	0.011754	0.967327	0.253259	-0.945948	-0.071337	0.316375	0.324104	-0.243288	0.914203
19449	15.220336	9.967348	2.215792	-2.592173	-0.258387	0.264000	0.010103	0.966500	0.256467	-0.954068	-0.067482	0.291893	0.299421	-0.247636	0.921425
19450	20.133838	-2.923204	-10.512458	-0.964012	-0.255104	0.145178	0.009511	0.965775	0.259206	-0.956932	-0.066427	0.282610	0.290156	-0.250731	0.923549
19451	16.780801	7.309050	-2.617258	-2.535603	-1.379916	0.189209	0.011579	0.962080	0.272522	-0.964006	-0.061658	0.258631	0.265627	-0.265707	0.926737
19452	7.270775	-0.778423	-0.751444	-4.133233	-1.244787	-0.093147	0.015582	0.958735	0.283875	-0.974148	-0.049437	0.220436	0.225374	-0.279971	0.933179
19453	5.969472	-0.550093	16.815038	-4.472783	-1.553281	-1.275400	0.031271	0.954714	0.295878	-0.982948	-0.024292	0.182270	0.181203	-0.296533	0.937675
19454	3.259474	-3.591238	11.634636	-3.184279	-0.538140	-2.516309	0.056993	0.953287	0.296640	-0.987108	0.009293	0.159786	0.149565	-0.301922	0.941527
19455	-1.019224	-5.008256	10.126211	-1.009645	-1.450274	-3.073710	0.089459	0.948010	0.305409	-0.986313	0.041679	0.159531	0.138508	-0.315500	0.938763
19456	-0.486903	-11.438656	5.390857	-0.734160	-1.881488	-2.682186	0.118451	0.940413	0.318737	-0.984509	0.069437	0.161000	0.129275	-0.332870	0.934069
19457	4.877833	-11.770928	10.634273	-0.194436	-2.480030	-1.572249	0.137105	0.930637	0.339289	-0.982745	0.084863	0.164351	0.124158	-0.355968	0.926214
19458	8.501213	-15.155990	15.007937	-0.315741	-2.024265	-0.330891	0.142849	0.922947	0.357440	-0.982666	0.089141	0.162545	0.118158	-0.374463	0.919683
19459	8.284915	-14.967904	15.075861	0.096290	-1.675014	0.545212	0.139500	0.916993	0.373715	-0.983321	0.083803	0.161422	0.116704	-0.390000	0.913389
19460	13.579344	0.853563	18.405925	0.284295	-1.608827	1.077893	0.130814	0.911432	0.390101	-0.984451	0.072888	0.159824	0.117235	-0.404943	0.906795
19461	17.683647	10.510588	11.373004	-0.867014	-0.567439	0.653087	0.125061	0.909566	0.396294	-0.986261	0.070519	0.149387	0.107931	-0.409532	0.905889
19462	4.889041	12.228836	7.930212	0.082539	0.148574	0.039660	0.124548	0.910186	0.395031	-0.986226	0.069889	0.149915	0.108842	-0.408261	0.906353
19463	1.448211	-0.330597	9.181427	-1.389100	-0.470883	0.246006	0.122641	0.908409	0.399691	-0.987940	0.073393	0.136335	0.094514	-0.411591	0.906454
19464	6.935677	-5.405869	10.923011	-0.208016	-0.532448	0.251913	0.120686	0.906372	0.404876	-0.988444	0.072032	0.133382	0.091729	-0.416294	0.904591
19465	4.606195	2.050991	9.110712	0.086385	-0.234762	0.151644	0.119445	0.905476	0.407241	-0.988544	0.070345	0.133536	0.092267	-0.418526	0.903506
19466	4.555436	4.189929	8.954702	-0.091008	-0.370497	0.130909	0.118528	0.903995	0.410785	-0.988787	0.069609	0.132119	0.090840	-0.421839	0.902109
19467	5.782742	0.454246	9.716393	-0.162905	-0.270171	0.082277	0.118000	0.902885	0.413369	-0.989028	0.069602	0.130301	0.088875	-0.424209	0.901192
19468	4.570028	-0.790363	9.777536	-0.027992	-0.157969	0.062062	0.117563	0.902240	0.414899	-0.989129	0.069227	0.129733	0.088328	-0.425641	0.900571
19469	4.582805	0.631120	9.478006	0.021390	-0.149582	0.037884	0.117363	0.901605	0.416335	-0.989153	0.068841	0.129758	0.088329	-0.427048	0.899904
19470	4.137003	1.372329	9.322354	-0.033057	-0.136745	0.019624	0.117326	0.901016	0.417618	-0.989209	0.068872	0.129318	0.087755	-0.428284	0.899373
19471	4.569606	0.954307	9.399260	-0.124755	-0.150084	0.033838	0.117165	0.900371	0.419051	-0.989355	0.069149	0.128045	0.086311	-0.429592	0.898889
19472	4.712879	1.087214	9.403397	-0.122537	-0.093416	0.040637	0.116880	0.899981	0.419969	-0.989510	0.069377	0.126713	0.084903	-0.430374	0.898649
19473	4.249132	1.710560	9.259387	-0.205115	-0.070971	0.073728	0.116252	0.899702	0.420740	-0.989766	0.069644	0.124550	0.082756	-0.430913	0.898591
19474	4.299376	1.305905	9.260429	-0.308853	-0.072766	0.122637	0.115133	0.899456	0.421572	-0.990161	0.069939	0.121198	0.079528	-0.431378	0.898659
19475	4.271422	1.767212	9.130058	-0.291312	-0.066400	0.146821	0.113773	0.899248	0.422385	-0.990555	0.069923	0.117951	0.076533	-0.431815	0.898710
19476	3.467378	2.267467	8.754328	-0.406661	-0.090096	0.200329	0.111892	0.898981	0.423454	-0.991086	0.069945	0.113389	0.072316	-0.432366	0.898794
19477	3.479077	2.086126	8.844333	-0.552462	-0.207840	0.256232	0.109537	0.898236	0.425645	-0.991751	0.070082	0.107327	0.066575	-0.433890	0.898503
19478	4.407263	1.130268	9.303277	-0.600909	-0.246593	0.273070	0.107020	0.897338	0.428171	-0.992429	0.070308	0.100706	0.060264	-0.435707	0.898069
19479	4.708467	0.178320	9.584404	-0.587586	-0.213705	0.251446	0.104687	0.896558	0.430376	-0.993029	0.070665	0.094342	0.054170	-0.437252	0.897706
19480	4.409303	0.393148	9.192436	-0.486192	-0.182047	0.225384	0.102577	0.895903	0.432244	-0.993514	0.070839	0.088948	0.049069	-0.438565	0.897359
19481	4.129709	1.349644	9.108954	-0.428717	-0.229416	0.194646	0.100791	0.895009	0.434512	-0.993910	0.071027	0.084250	0.044542	-0.440358	0.896717
19482	5.024622	-0.096695	9.520504	-0.488752	-0.252392	0.173098	0.099210	0.894001	0.436943	-0.994288	0.071700	0.079057	0.039348	-0.442291	0.896008
19483	4.779577	-0.404612	9.602804	-0.365492	-0.164782	0.142225	0.097898	0.893348	0.438571	-0.994562	0.072095	0.075152	0.035518	-0.443543	0.895549
19484	4.725352	0.572974	9.221332	-0.319942	-0.145406	0.129666	0.096691	0.892779	0.439996	-0.994796	0.072423	0.071659	0.032110	-0.444635	0.895136
19485	4.090876	1.081550	8.674194	-0.309357	-0.143925	0.118496	0.095596	0.892199	0.441409	-0.995002	0.072790	0.068359	0.028860	-0.445738	0.894698
19486	4.240164	1.807037	9.100490	-0.302024	-0.279256	0.099477	0.094715	0.891006	0.444001	-0.995178	0.073318	0.065160	0.025505	-0.448031	0.893654
19487	6.406670	-1.118144	10.032725	-0.369168	-0.219240	0.092005	0.093890	0.890065	0.446060	-0.995348	0.074203	0.061445	0.021591	-0.449754	0.892891
19488	3.360634	-0.680391	9.693964	-0.117693	-0.098616	0.047557	0.093470	0.889638	0.446998	-0.995416	0.074375	0.060124	0.020243	-0.450569	0.892512
19489	5.103349	0.352749	8.740588	0.011868	-0.087273	0.001353	0.093514	0.889220	0.447820	-0.995412	0.074356	0.060215	0.020246	-0.451397	0.892094
19490	5.167430	0.632065	9.495525	-0.139117	-0.204043	-0.006767	0.093653	0.888274	0.449664	-0.995431	0.075111	0.058946	0.018586	-0.453130	0.891250
19491	4.528965	0.405918	9.367493	-0.042490	-0.088095	-0.002174	0.093730	0.887847	0.450490	-0.995434	0.075370	0.058569	0.018047	-0.453923	0.890858
19492	4.897904	0.562973	9.111603	-0.076071	-0.091001	-0.004000	0.093818	0.887413	0.451328	-0.995442	0.075817	0.057851	0.017119	-0.454698	0.890481
19493	4.669217	0.520320	9.177279	-0.077882	-0.102644	-0.010876	0.093982	0.886912	0.452278	-0.995442	0.076315	0.057198	0.016214	-0.455592	0.890041
19494	4.552531	0.523261	9.153514	-0.039715	-0.080836	-0.006926	0.094096	0.886520	0.453022	-0.995440	0.076623	0.056818	0.015658	-0.456303	0.889687
19495	4.572442	0.363357	9.105987	-0.022116	-0.112203	-0.014226	0.094294	0.885970	0.454054	-0.995427	0.076897	0.056677	0.015299	-0.457322	0.889169
19496	4.594636	0.306250	9.186497	-0.001201	-0.121524	-0.019932	0.094543	0.885380	0.455153	-0.995406	0.077144	0.056699	0.015088	-0.458422	0.888606
19497	4.747312	0.161533	9.252526	0.003890	-0.118633	-0.026119	0.094860	0.884789	0.456234	-0.995378	0.077405	0.056845	0.014981	-0.459517	0.888042
19498	4.693286	0.118041	9.309783	-0.011701	-0.115806	-0.033601	0.095243	0.884212	0.457272	-0.995346	0.077821	0.056836	0.014669	-0.460557	0.887509
19499	4.727327	0.332549	9.234630	-0.006779	-0.100774	-0.026874	0.095564	0.883700	0.458193	-0.995318	0.078137	0.056891	0.014472	-0.461485	0.887030
19500	4.817800	0.299956	9.281074	-0.051890	-0.111843	-0.028177	0.095892	0.883143	0.459198	-0.995297	0.078692	0.056501	0.013763	-0.462457	0.886535
19501	4.942527	0.812367	9.164269	-0.048220	-0.091113	-0.018134	0.096124	0.882681	0.460038	-0.995282	0.079122	0.056149	0.013162	-0.463265	0.886122
19502	4.753907	0.750308	9.109705	-0.092656	-0.066616	-0.011482	0.096278	0.882344	0.460651	-0.995281	0.079719	0.055323	0.012091	-0.463804	0.885855
19503	4.780917	0.700662	9.014292	-0.109584	-0.071238	-0.005621	0.096381	0.881982	0.461322	-0.995285	0.080324	0.054370	0.010898	-0.464387	0.885565
19504	4.602358	0.668249	9.127720	-0.106911	-0.074577	0.003312	0.096387	0.881620	0.462013	-0.995297	0.080857	0.053350	0.009678	-0.464983	0.885267
19505	4.577610	0.633221	9.007283	-0.078916	-0.081686	0.016242	0.096272	0.881226	0.462787	-0.995316	0.081128	0.052569	0.008780	-0.465681	0.884909
19506	4.639616	0.615910	9.052117	-0.069755	-0.089760	0.017853	0.096133	0.880803	0.463620	-0.995337	0.081361	0.051812	0.007915	-0.466439	0.884518
19507	4.653855	0.596085	9.100493	-0.026748	-0.094110	0.029148	0.095888	0.880361	0.464510	-0.995364	0.081277	0.051433	0.007525	-0.467288	0.884073
19508	4.623994	0.644100	8.989087	0.009210	-0.090470	0.036929	0.095559	0.879949	0.465358	-0.995396	0.080974	0.051285	0.007447	-0.468116	0.883635
19509	4.567466	0.477044	9.196975	0.018943	-0.086322	0.041113	0.095195	0.879551	0.466184	-0.995430	0.080570	0.051254	0.007520	-0.468933	0.883202
19510	4.700439	0.187300	9.166412	0.057787	-0.128294	0.036308	0.094874	0.878959	0.467365	-0.995458	0.080045	0.051538	0.007890	-0.470132	0.882561
19511	4.504011	0.200236	9.323209	0.068995	-0.118618	0.029545	0.094628	0.878398	0.468469	-0.995477	0.079508	0.052001	0.008431	-0.471271	0.881948
19512	3.876379	0.426761	9.792673	0.050907	-0.180569	0.016098	0.094514	0.877539	0.470098	-0.995486	0.079191	0.052318	0.008683	-0.472920	0.881062
19513	4.736109	0.531685	9.324746	-0.008557	-0.339372	-0.011328	0.094695	0.875893	0.473121	-0.995472	0.079378	0.052289	0.008244	-0.475931	0.879444
19514	4.272093	0.335169	9.611918	-0.011883	-0.320620	-0.017644	0.094926	0.874330	0.475957	-0.995454	0.079654	0.052212	0.007738	-0.478750	0.877917
19515	4.200573	-0.124093	9.848323	0.099005	-0.376936	0.016752	0.094828	0.872505	0.479314	-0.995459	0.079080	0.052993	0.008333	-0.482162	0.876042
19516	5.207806	0.680105	9.361338	0.150909	-0.515104	-0.000132	0.094905	0.869992	0.483846	-0.995443	0.078415	0.054258	0.009263	-0.486791	0.873469
19517	4.549584	0.250487	9.514422	0.163842	-0.471466	-0.004424	0.095034	0.867656	0.487998	-0.995420	0.077699	0.055702	0.010413	-0.491056	0.871066
19518	5.060000	-0.016691	9.429971	0.189343	-0.527247	-0.031272	0.095433	0.865012	0.492592	-0.995367	0.077101	0.057447	0.011713	-0.495792	0.868362
19519	4.949259	0.249533	9.467938	0.214748	-0.572264	-0.069609	0.096236	0.862078	0.497553	-0.995270	0.076679	0.059647	0.013268	-0.500940	0.865380
19520	4.680591	0.299420	9.618271	0.263227	-0.626283	-0.111361	0.097463	0.858820	0.502920	-0.995123	0.076377	0.062422	0.015198	-0.506552	0.862076
19521	4.535916	0.471166	9.780605	0.287772	-0.729423	-0.141641	0.099030	0.854965	0.509144	-0.994934	0.076171	0.065609	0.017311	-0.513062	0.858177
19522	4.251711	0.630935	10.062221	0.365981	-0.878973	-0.173482	0.100948	0.850271	0.516574	-0.994691	0.075824	0.069576	0.019990	-0.520855	0.853411
19523	4.454493	0.641399	9.886574	0.457482	-1.040988	-0.184080	0.103044	0.844633	0.525335	-0.994400	0.075027	0.074422	0.023444	-0.530062	0.847635
19524	4.442413	0.941672	9.996754	0.508278	-1.190483	-0.166658	0.105030	0.838120	0.535280	-0.994098	0.073774	0.079543	0.027177	-0.540475	0.840921
19525	4.204607	0.690348	10.241348	0.561864	-1.355260	-0.118837	0.106647	0.830598	0.546565	-0.993804	0.071744	0.084886	0.031293	-0.552231	0.833104
19526	3.805500	1.352977	10.861179	0.565359	-1.601845	-0.022107	0.107424	0.821611	0.559835	-0.993593	0.068831	0.089639	0.035115	-0.565878	0.823741
19527	3.867187	2.018953	11.501673	0.350340	-1.970859	0.097194	0.107204	0.810331	0.576082	-0.993569	0.066075	0.091952	0.036447	-0.582235	0.812203
19528	3.640418	0.449903	11.833254	0.176513	-2.385576	0.199309	0.106106	0.796326	0.595488	-0.993718	0.063494	0.092157	0.035577	-0.601526	0.798061
19529	2.190113	1.634115	11.319203	0.387381	-2.898280	0.343684	0.103773	0.778732	0.618714	-0.993936	0.058460	0.093127	0.036352	-0.624627	0.780077
19530	1.628678	1.413758	12.524970	-0.161965	-3.838277	0.540249	0.099710	0.754489	0.648694	-0.994541	0.055417	0.088414	0.030759	-0.653969	0.755896
19531	0.884331	1.690792	13.661501	-0.062209	-4.715678	0.735678	0.093756	0.723176	0.684270	-0.995267	0.050446	0.083054	0.025544	-0.688819	0.724483
19532	1.030428	4.130836	14.778113	-0.044904	-5.703427	0.994139	0.085167	0.683202	0.725246	-0.996167	0.043833	0.075690	0.019922	-0.728913	0.684317
19533	2.458738	5.500476	14.276181	-0.175474	-6.699272	1.309009	0.073252	0.633362	0.770381	-0.997231	0.036578	0.064750	0.012831	-0.772991	0.634287
19534	6.272034	5.492940	13.398290	-0.037871	-7.668687	1.655332	0.057515	0.572815	0.817664	-0.998317	0.026946	0.051345	0.007378	-0.819242	0.573401
19535	13.140891	4.616618	13.745441	0.315277	-8.187160	1.884363	0.039292	0.504237	0.862671	-0.999206	0.014183	0.037221	0.006533	-0.863449	0.504394
19536	25.202302	3.504412	16.889203	1.071780	-8.266621	1.772753	0.022453	0.431329	0.901915	-0.999641	-0.003536	0.026577	0.014652	-0.902188	0.431094
19537	26.486586	7.283452	18.791820	1.160298	-6.789659	2.109051	0.002759	0.368807	0.929502	-0.999674	-0.022565	0.011921	0.025371	-0.929232	0.368625
19538	20.011519	7.064366	18.320564	0.313181	-6.199314	2.451986	-0.020055	0.309869	0.950568	-0.999378	-0.033796	-0.010067	0.029006	-0.950178	0.310354
19539	13.815330	6.533826	17.623122	-0.113574	-5.467457	2.726613	-0.045657	0.256419	0.965487	-0.998517	-0.040392	-0.036491	0.029641	-0.965721	0.257883
19540	8.611094	6.661264	15.378840	-0.286174	-4.827358	2.799835	-0.072143	0.208379	0.975384	-0.996955	-0.044099	-0.064318	0.029611	-0.977053	0.210926
19541	-2.959530	7.954005	8.304479	-0.684180	-4.873928	3.027446	-0.100878	0.159154	0.982086	-0.994533	-0.042910	-0.095202	0.026990	-0.986321	0.162613
19542	-1.881982	3.724227	1.204118	-1.967436	-7.284506	2.353869	-0.122687	0.086167	0.988698	-0.992323	-0.026286	-0.120846	0.015576	-0.995934	0.088730
19543	42.349264	3.452411	15.332930	-0.776685	-4.617552	0.909854	-0.130998	0.039843	0.990582	-0.991288	-0.019080	-0.130324	0.013707	-0.999024	0.041995
19544	20.969759	6.646919	13.358791	-1.254588	-1.725803	-0.026441	-0.130542	0.022671	0.991184	-0.991437	-0.006543	-0.130426	0.003528	-0.999722	0.023331
19545	7.989687	7.703693	9.310812	-0.950297	0.586195	-0.696203	-0.123589	0.028492	0.991924	-0.992311	0.003165	-0.123728	-0.006665	-0.999589	0.027882
19546	4.841805	5.005073	7.332113	-1.498802	1.538860	-0.932250	-0.114045	0.043856	0.992507	-0.993201	0.018461	-0.114941	-0.023363	-0.998867	0.041452
19547	1.374327	3.118732	7.212686	-1.360033	2.001458	-1.026231	-0.103187	0.063521	0.992632	-0.993894	0.032618	-0.105406	-0.039073	-0.997447	0.059768
19548	-0.543764	1.312801	5.361288	-1.153379	2.167706	-0.978001	-0.092409	0.084840	0.992100	-0.994328	0.044817	-0.096449	-0.052645	-0.995386	0.080217
19549	-2.763626	0.836777	3.783118	-0.760775	2.267949	-0.917317	-0.081947	0.106885	0.990889	-0.994693	0.053292	-0.088011	-0.062213	-0.992842	0.101951
19550	-2.824471	0.952363	3.294342	-0.371527	2.331674	-0.844361	-0.071972	0.129634	0.988946	-0.995107	0.057955	-0.080017	-0.067687	-0.989867	0.124829
19551	-2.281540	1.324495	3.445524	-0.111519	2.469396	-0.786433	-0.062403	0.153519	0.986173	-0.995559	0.060204	-0.072369	-0.070482	-0.986310	0.149080
19552	-1.981966	1.589254	3.445325	0.032212	2.628546	-0.739996	-0.053106	0.179048	0.982406	-0.996014	0.061101	-0.064978	-0.071660	-0.981941	0.175089
19553	-1.299872	1.679964	3.393730	0.130121	2.775649	-0.712266	-0.043985	0.205745	0.977617	-0.996453	0.061233	-0.057719	-0.071738	-0.976688	0.202322
19554	0.572718	1.578355	3.690743	0.197103	2.962694	-0.712800	-0.034708	0.234265	0.971553	-0.996878	0.060868	-0.050289	-0.070917	-0.970266	0.231421
19555	2.972257	1.119754	3.899299	0.296107	3.316666	-0.766770	-0.024707	0.265800	0.963712	-0.997312	0.059961	-0.042106	-0.068977	-0.962162	0.263604
19556	4.287637	1.158740	4.007276	0.403747	3.878162	-0.871146	-0.013347	0.302508	0.953053	-0.997753	0.058562	-0.032561	-0.065663	-0.951346	0.301046
19557	3.314881	0.443803	3.260372	0.424521	4.370571	-1.040242	-0.000144	0.343136	0.939286	-0.998092	0.057950	-0.021323	-0.061749	-0.937496	0.342472
19558	2.862348	0.603088	3.050779	0.474054	4.647008	-1.225451	0.014897	0.385726	0.922493	-0.998283	0.058005	-0.008133	-0.056647	-0.920788	0.385928
19559	2.185798	0.484891	2.352439	0.425326	4.723813	-1.378545	0.031247	0.427924	0.903275	-0.998192	0.059780	0.006211	-0.051340	-0.901836	0.429018
19560	1.727450	0.477104	1.969078	0.383797	4.603179	-1.493072	0.048434	0.468171	0.882310	-0.997783	0.063048	0.021319	-0.045647	-0.881386	0.470186
19561	1.929330	0.457544	2.264130	0.267828	4.365101	-1.546744	0.065781	0.505129	0.860533	-0.997011	0.068287	0.036130	-0.040513	-0.860338	0.508112
19562	3.091276	0.169886	2.815762	0.095219	4.104750	-1.532508	0.082681	0.539018	0.838226	-0.995908	0.075487	0.049693	-0.036489	-0.838905	0.543053
19563	4.903285	-0.255845	3.488777	-0.021220	3.954337	-1.421197	0.098242	0.570587	0.815340	-0.994610	0.083594	0.061342	-0.033156	-0.816972	0.575724
19564	6.491500	-0.165707	4.183302	-0.072751	3.944117	-1.229442	0.111745	0.601384	0.791107	-0.993293	0.091397	0.070826	-0.029711	-0.793715	0.607564
19565	7.546381	-0.033295	4.746368	-0.086036	3.973527	-1.011326	0.122928	0.631437	0.765622	-0.992077	0.098350	0.078175	-0.025937	-0.769165	0.638524
19566	8.393371	0.323423	5.234818	-0.091684	4.024983	-0.815032	0.132006	0.661144	0.738555	-0.991012	0.104328	0.083736	-0.021691	-0.742970	0.668973
19567	8.288087	0.138237	5.635112	-0.075718	4.087005	-0.697411	0.139741	0.690161	0.710035	-0.990043	0.109640	0.088278	-0.016922	-0.715302	0.698611
19568	7.895884	-1.484519	6.102387	-0.008564	4.071132	-0.692581	0.147199	0.718012	0.680288	-0.989044	0.114597	0.093055	-0.011144	-0.686532	0.727014
19569	8.534941	-2.181247	6.529632	0.256946	4.055169	-0.663999	0.154079	0.744451	0.649655	-0.988055	0.117774	0.099378	-0.002530	-0.657207	0.753705
