// General information: 
//  MT Manager version: 2022.2.0 
//  XDA version: 2022.2.0 build 7381 rev 124627 built on 2023-07-19
// Device information: 
//  DeviceId: 00B4CAF0
//  ProductCode: MTW2-3A7G6
//  Firmware Version: 4.6.0
//  Hardware Version: 2.0.0
// Device settings: 
//  Filter Profile: human(46.1)
//  Option Flags: Orientation Smoother Disabled, Position/Velocity Smoother Disabled, Continuous Zero Rotation Update Disabled, AHS Disabled, ICC Disabled
// Coordinate system: ENU
PacketCounter	Acc_X	Acc_Y	Acc_Z	Gyr_X	Gyr_Y	Gyr_Z	Mat[1][1]	Mat[2][1]	Mat[3][1]	Mat[1][2]	Mat[2][2]	Mat[3][2]	Mat[1][3]	Mat[2][3]	Mat[3][3]
32985	8.009786	0.396490	15.004944	0.177695	-2.361480	0.730802	0.329406	0.859306	0.391260	-0.888616	0.422215	-0.179154	-0.319144	-0.288666	0.902673
32986	22.219523	7.697761	16.883736	1.640922	-0.520156	-0.505768	0.332302	0.855609	0.396873	-0.892053	0.421762	-0.162350	-0.306294	-0.300083	0.903401
32987	-0.948019	12.776043	13.608516	0.394867	1.673236	-0.073152	0.338016	0.860186	0.381871	-0.892978	0.421268	-0.158504	-0.297213	-0.287426	0.910522
32988	1.119408	-14.546648	6.734340	-1.795239	-1.844577	-0.215392	0.334265	0.853861	0.398983	-0.886697	0.428390	-0.173926	-0.319429	-0.295640	0.900312
32989	9.467181	-12.496470	5.201767	1.232222	0.012297	-0.194373	0.336043	0.853037	0.399252	-0.889892	0.426413	-0.162062	-0.308491	-0.300831	0.902404
32990	1.684675	6.425627	13.167762	1.557265	0.020641	-0.254476	0.338395	0.851986	0.399510	-0.893709	0.423888	-0.146981	-0.294573	-0.307308	0.904869
32991	5.999269	0.639499	11.354669	-0.483372	-0.775133	-0.260395	0.338421	0.848447	0.406950	-0.891365	0.427637	-0.150315	-0.301562	-0.311871	0.900998
32992	5.808542	-3.326530	9.723301	0.359292	-0.208506	-0.166180	0.339297	0.847050	0.409125	-0.891860	0.427961	-0.146408	-0.299105	-0.315207	0.900656
32993	5.152803	-0.397766	8.763217	0.313924	-0.052846	-0.129622	0.340308	0.846297	0.409843	-0.892333	0.428105	-0.143068	-0.296534	-0.317029	0.900866
32994	5.634219	0.323965	10.541922	0.171707	-0.177956	-0.072145	0.340446	0.845389	0.411599	-0.892574	0.428211	-0.141233	-0.295648	-0.319301	0.900355
32995	4.496089	-1.010068	9.444663	0.155613	-0.051607	-0.024352	0.340524	0.845088	0.412153	-0.892929	0.427958	-0.139749	-0.294484	-0.320436	0.900333
32996	5.133485	-0.958914	9.443979	0.092478	-0.037936	0.008876	0.340354	0.844971	0.412533	-0.893210	0.427628	-0.138960	-0.293827	-0.321183	0.900282
32997	4.388514	-1.552066	9.562655	0.052686	-0.033847	0.017502	0.340111	0.844904	0.412869	-0.893403	0.427350	-0.138574	-0.293521	-0.321728	0.900187
32998	4.463761	-1.543298	9.362600	0.066809	-0.017328	0.019256	0.339909	0.844898	0.413049	-0.893644	0.427014	-0.138059	-0.293023	-0.322191	0.900184
32999	4.570258	-1.413628	9.343709	0.021113	-0.016723	0.021598	0.339681	0.844904	0.413225	-0.893758	0.426802	-0.137975	-0.292941	-0.322456	0.900116
33000	4.300117	-1.612352	9.217293	0.010940	0.004437	0.024489	0.339495	0.844989	0.413202	-0.893852	0.426602	-0.137985	-0.292868	-0.322496	0.900125
33001	4.400360	-1.645854	9.140624	0.021947	0.002412	0.013738	0.339393	0.845023	0.413217	-0.893942	0.426454	-0.137860	-0.292713	-0.322603	0.900137
33002	4.287829	-1.576917	9.066081	0.025767	0.015054	0.018471	0.339293	0.845118	0.413106	-0.894059	0.426257	-0.137712	-0.292472	-0.322617	0.900210
33003	4.229710	-1.485497	9.000700	0.049098	0.020231	0.016550	0.339217	0.845221	0.412957	-0.894237	0.425997	-0.137355	-0.292014	-0.322689	0.900333
33004	4.272282	-1.283723	9.057807	0.063202	0.018083	0.024653	0.339070	0.845351	0.412811	-0.894484	0.425627	-0.136894	-0.291427	-0.322836	0.900470
33005	4.116073	-1.245896	9.206131	0.071502	0.012606	0.034830	0.338808	0.845507	0.412706	-0.894789	0.425141	-0.136411	-0.290795	-0.323067	0.900592
33006	4.223058	-1.334972	9.304391	0.064225	-0.016454	0.042307	0.338403	0.845601	0.412847	-0.895098	0.424617	-0.136014	-0.290316	-0.323511	0.900587
33007	4.223197	-1.457154	9.343855	0.042519	-0.020696	0.041234	0.337987	0.845676	0.413033	-0.895340	0.424170	-0.135818	-0.290054	-0.323900	0.900532
33008	4.280693	-1.682773	9.271046	0.039476	-0.030774	0.039132	0.337568	0.845710	0.413307	-0.895565	0.423753	-0.135631	-0.289845	-0.324359	0.900434
33009	4.228098	-1.702089	9.261627	0.033108	-0.038709	0.028387	0.337215	0.845672	0.413673	-0.895736	0.423445	-0.135467	-0.289729	-0.324860	0.900291
33010	4.217942	-1.804253	9.188159	0.019305	-0.050891	0.022727	0.336885	0.845569	0.414151	-0.895848	0.423232	-0.135395	-0.289767	-0.325403	0.900082
33011	4.360187	-1.692675	9.208068	0.023244	-0.054975	0.008983	0.336659	0.845396	0.414689	-0.895924	0.423119	-0.135240	-0.289794	-0.326000	0.899857
33012	4.568782	-1.352307	9.350124	0.024653	-0.051996	0.016181	0.336384	0.845262	0.415185	-0.896029	0.422944	-0.135092	-0.289788	-0.326575	0.899651
33013	4.241693	-1.598757	9.237140	-0.008495	-0.029585	0.021189	0.336122	0.845222	0.415478	-0.896055	0.422832	-0.135273	-0.290013	-0.326823	0.899488
33014	4.297265	-1.479744	9.226151	0.000669	-0.047124	0.019645	0.335830	0.845118	0.415926	-0.896102	0.422705	-0.135356	-0.290206	-0.327255	0.899269
33015	4.337728	-1.470801	9.243096	-0.017657	-0.051500	0.016907	0.335542	0.844988	0.416421	-0.896087	0.422659	-0.135602	-0.290586	-0.327650	0.899002
33016	4.309940	-1.452988	9.259060	-0.020249	-0.048792	0.021234	0.335231	0.844885	0.416882	-0.896078	0.422588	-0.135879	-0.290971	-0.328008	0.898747
33017	4.430269	-1.506600	9.190159	-0.028609	-0.061931	0.017437	0.334907	0.844723	0.417470	-0.896032	0.422574	-0.136226	-0.291485	-0.328443	0.898422
33018	4.383728	-1.499972	9.216701	-0.021838	-0.045572	0.017968	0.334634	0.844616	0.417905	-0.896008	0.422536	-0.136504	-0.291873	-0.328767	0.898177
33019	4.392138	-1.481289	9.132426	-0.027955	-0.057394	0.015765	0.334338	0.844461	0.418455	-0.895958	0.422534	-0.136838	-0.292366	-0.329168	0.897870
33020	4.418056	-1.453687	9.197294	-0.021367	-0.049400	0.020393	0.334032	0.844351	0.418920	-0.895943	0.422474	-0.137122	-0.292762	-0.329526	0.897610
33021	4.403369	-1.467334	9.205569	-0.023785	-0.052847	0.020756	0.333704	0.844232	0.419422	-0.895921	0.422416	-0.137439	-0.293201	-0.329905	0.897327
33022	4.396731	-1.428161	9.169865	-0.015905	-0.050359	0.022215	0.333378	0.844126	0.419894	-0.895928	0.422323	-0.137682	-0.293552	-0.330294	0.897069
33023	4.338133	-1.504644	9.202969	-0.023162	-0.060718	0.023322	0.333003	0.843991	0.420462	-0.895917	0.422242	-0.138005	-0.294011	-0.330743	0.896753
33024	4.384341	-1.585921	9.195627	-0.030242	-0.060618	0.024461	0.332626	0.843860	0.421022	-0.895888	0.422178	-0.138385	-0.294524	-0.331158	0.896432
33025	4.355362	-1.584853	9.192274	-0.033131	-0.060207	0.022381	0.332261	0.843723	0.421586	-0.895844	0.422138	-0.138793	-0.295070	-0.331560	0.896104
33026	4.412688	-1.713714	9.157831	-0.052420	-0.067227	0.008665	0.332005	0.843503	0.422227	-0.895697	0.422281	-0.139306	-0.295803	-0.331937	0.895722
33027	4.298384	-1.579463	9.244836	-0.034705	-0.052880	0.012891	0.331746	0.843349	0.422738	-0.895616	0.422326	-0.139688	-0.296339	-0.332270	0.895422
33028	4.380871	-1.655382	9.196317	-0.045828	-0.071713	0.003023	0.331526	0.843090	0.423426	-0.895469	0.422495	-0.140118	-0.297027	-0.332712	0.895029
33029	4.402084	-1.560753	9.204966	-0.046468	-0.074181	-0.005704	0.331369	0.842786	0.424154	-0.895291	0.422737	-0.140527	-0.297739	-0.333175	0.894621
33030	4.395276	-1.538176	9.149300	-0.051114	-0.066518	-0.011148	0.331291	0.842484	0.424814	-0.895081	0.423043	-0.140943	-0.298457	-0.333550	0.894241
33031	4.379407	-1.574737	9.238045	-0.045332	-0.071473	-0.015291	0.331227	0.842147	0.425531	-0.894873	0.423362	-0.141300	-0.299149	-0.333994	0.893844
33032	4.460288	-1.551078	9.171398	-0.051773	-0.075143	-0.017806	0.331181	0.841787	0.426278	-0.894639	0.423727	-0.141693	-0.299901	-0.334438	0.893426
33033	4.445932	-1.581012	9.159472	-0.056268	-0.067415	-0.029325	0.331253	0.841405	0.426977	-0.894351	0.424202	-0.142088	-0.300678	-0.334801	0.893029
33034	4.467523	-1.604901	9.106624	-0.061434	-0.076554	-0.035045	0.331357	0.840966	0.427761	-0.894029	0.424744	-0.142493	-0.301520	-0.335215	0.892590
33035	4.313818	-1.632647	9.236270	-0.051109	-0.056166	-0.034013	0.331503	0.840600	0.428366	-0.893741	0.425241	-0.142820	-0.302213	-0.335503	0.892247
33036	4.232774	-1.405596	9.467358	-0.032805	-0.086947	-0.029202	0.331521	0.840150	0.429234	-0.893524	0.425638	-0.142994	-0.302834	-0.336125	0.891802
33037	4.509447	-1.377517	9.246093	-0.070657	-0.141520	-0.024987	0.331327	0.839534	0.430587	-0.893205	0.426125	-0.143533	-0.303985	-0.337046	0.891063
33038	4.299347	-1.599166	9.347458	-0.052308	-0.124779	-0.026526	0.331204	0.838966	0.431787	-0.892937	0.426566	-0.143891	-0.304905	-0.337901	0.890425
33039	4.351033	-1.590518	9.418263	-0.097560	-0.169068	-0.031769	0.330982	0.838225	0.433392	-0.892513	0.427202	-0.144638	-0.306385	-0.338935	0.889523
33040	4.370681	-1.456951	9.389659	-0.088551	-0.180278	-0.029638	0.330713	0.837453	0.435088	-0.892122	0.427792	-0.145303	-0.307812	-0.340098	0.888586
33041	4.381997	-1.521973	9.363179	-0.110782	-0.229833	-0.031104	0.330293	0.836503	0.437230	-0.891655	0.428469	-0.146167	-0.309609	-0.341580	0.887393
33042	4.392839	-1.489951	9.318423	-0.136832	-0.244407	-0.029107	0.329813	0.835507	0.439490	-0.891113	0.429223	-0.147259	-0.311675	-0.343067	0.886095
33043	4.365545	-1.398297	9.479161	-0.168658	-0.276583	-0.025122	0.329183	0.834415	0.442030	-0.890481	0.430052	-0.148657	-0.314138	-0.344684	0.884596
33044	4.417900	-1.492127	9.427286	-0.207367	-0.333063	-0.018012	0.328311	0.833152	0.445051	-0.889746	0.430961	-0.150415	-0.317118	-0.346599	0.882783
33045	4.474920	-1.470077	9.435436	-0.212799	-0.364324	-0.014305	0.327289	0.831790	0.448339	-0.888999	0.431859	-0.152243	-0.320254	-0.348746	0.880803
33046	4.347925	-1.570663	9.595007	-0.239139	-0.405186	-0.011081	0.326101	0.830289	0.451971	-0.888172	0.432830	-0.154302	-0.323742	-0.351110	0.878586
33047	4.341256	-1.699169	9.599614	-0.251712	-0.474826	-0.013184	0.324683	0.828524	0.456211	-0.887287	0.433866	-0.156465	-0.327570	-0.353988	0.876008
33048	4.255530	-1.711414	9.678870	-0.243352	-0.528181	-0.023364	0.323168	0.826509	0.460917	-0.886388	0.434967	-0.158491	-0.331478	-0.357332	0.873176
33049	4.271952	-1.873190	9.609287	-0.248557	-0.606959	-0.043680	0.321542	0.824104	0.466330	-0.885397	0.436260	-0.160469	-0.335684	-0.361289	0.869935
33050	4.157327	-1.639797	9.845071	-0.217028	-0.684883	-0.073865	0.319900	0.821255	0.472445	-0.884405	0.437699	-0.162011	-0.339840	-0.366005	0.866342
33051	3.864877	-1.612044	9.991728	-0.222842	-0.807572	-0.090562	0.317948	0.817845	0.479623	-0.883332	0.439302	-0.163519	-0.344433	-0.371676	0.862104
33052	3.814826	-1.485429	10.177766	-0.222503	-0.951834	-0.116857	0.315695	0.813724	0.488047	-0.882168	0.441132	-0.164869	-0.349451	-0.378491	0.857105
33053	3.576458	-1.640482	10.429275	-0.219507	-1.119183	-0.149527	0.313082	0.808747	0.497904	-0.880903	0.443224	-0.166020	-0.354951	-0.386627	0.851193
33054	3.285171	-1.935686	10.773316	-0.195126	-1.342167	-0.208231	0.310127	0.802528	0.509676	-0.879534	0.445708	-0.166627	-0.360889	-0.396602	0.844077
33055	3.064897	-2.192479	11.053330	-0.146857	-1.596088	-0.287637	0.306856	0.794780	0.523607	-0.878090	0.448636	-0.166385	-0.367148	-0.408717	0.835555
33056	2.292370	-2.152585	11.711293	-0.135316	-1.945265	-0.407557	0.303235	0.784811	0.540482	-0.876323	0.452460	-0.165340	-0.374308	-0.423500	0.824950
33057	2.046956	-2.824565	11.857783	-0.131640	-2.423777	-0.566216	0.299026	0.771713	0.561286	-0.874097	0.457476	-0.163308	-0.382802	-0.441785	0.811350
33058	1.646984	-3.542727	11.803853	0.055546	-2.967361	-0.798893	0.294533	0.754543	0.586443	-0.871919	0.463364	-0.158275	-0.391162	-0.464714	0.794376
33059	1.485638	-4.253474	12.065765	0.256738	-3.646741	-1.074811	0.289484	0.732026	0.616714	-0.869773	0.470163	-0.149804	-0.399617	-0.493035	0.772802
33060	2.363912	-4.331538	12.012482	0.452358	-4.387729	-1.328556	0.283315	0.703311	0.651987	-0.867773	0.477434	-0.137935	-0.408292	-0.526698	0.745578
33061	3.010838	-4.529531	12.117247	0.539232	-5.060054	-1.618399	0.276448	0.667882	0.691021	-0.865448	0.485630	-0.123140	-0.417824	-0.564001	0.712269
33062	5.526431	-4.148918	12.346223	0.603489	-5.674403	-1.837242	0.268336	0.625692	0.732466	-0.862973	0.494033	-0.105870	-0.428104	-0.603690	0.672522
33063	9.547532	-2.952932	12.102700	0.416048	-6.035981	-1.909784	0.258578	0.578527	0.773592	-0.859725	0.502982	-0.088784	-0.440466	-0.642118	0.627434
33064	17.303891	-4.836703	14.186516	-0.189600	-5.975273	-1.887159	0.247936	0.529525	0.811252	-0.854071	0.514728	-0.074954	-0.457264	-0.674283	0.579872
33065	20.312062	-7.061043	15.745061	-0.172305	-4.964081	-1.755887	0.239856	0.486283	0.840237	-0.848965	0.524868	-0.061418	-0.470880	-0.698600	0.538730
33066	13.784034	-6.079090	12.698611	0.393428	-4.249626	-1.811368	0.235065	0.446507	0.863351	-0.846507	0.530563	-0.043917	-0.477671	-0.720510	0.502688
33067	11.539678	-3.623464	12.933917	0.438612	-4.264116	-1.802745	0.229806	0.405708	0.884642	-0.844403	0.535075	-0.026039	-0.483914	-0.741010	0.465544
33068	8.041235	-2.284655	12.122263	0.205600	-3.989744	-1.725846	0.224908	0.366470	0.902838	-0.841460	0.540233	-0.009668	-0.491286	-0.757528	0.429872
33069	3.021675	-1.783814	9.558659	-0.224934	-3.818853	-1.704792	0.220251	0.328009	0.918640	-0.836525	0.547906	0.004928	-0.501712	-0.769551	0.395065
33070	0.828574	-1.475403	8.974645	-0.692680	-3.832826	-1.790183	0.215666	0.288388	0.932910	-0.829076	0.558816	0.018917	-0.515869	-0.777533	0.359613
33071	6.735600	1.489130	8.106112	-1.243862	-3.929898	-2.107199	0.212381	0.245805	0.945766	-0.818007	0.574174	0.034464	-0.534564	-0.780963	0.323014
33072	20.028274	-4.163081	13.436224	-1.528805	-2.078654	-1.625464	0.214300	0.220089	0.951649	-0.806215	0.589900	0.045123	-0.551447	-0.776903	0.303854
33073	8.941531	-6.695776	11.346678	-1.453724	-0.558556	-1.079125	0.219830	0.209322	0.952816	-0.795736	0.603491	0.051009	-0.564339	-0.769404	0.299230
33074	5.957226	-9.214362	8.065407	-0.452899	0.858402	-0.602980	0.229471	0.212192	0.949904	-0.791798	0.608265	0.055401	-0.566038	-0.764846	0.307592
33075	2.126724	-8.012238	6.698710	0.103719	1.436056	-0.185408	0.239037	0.222031	0.945285	-0.791923	0.607911	0.057468	-0.561889	-0.762330	0.321145
33076	-0.167097	-5.713210	5.921907	0.584215	1.664198	0.177676	0.246909	0.235730	0.939929	-0.795588	0.603080	0.057743	-0.553241	-0.762054	0.336450
33077	-0.802485	-3.617219	5.247070	0.682556	1.645984	0.531429	0.251694	0.251471	0.934565	-0.800630	0.596621	0.055085	-0.543729	-0.762106	0.351501
33078	-0.656481	-2.600188	4.516354	0.502410	1.574498	0.858238	0.253305	0.268495	0.929380	-0.805485	0.590594	0.048916	-0.535752	-0.760992	0.365869
33079	-0.204723	-2.119417	4.158472	0.301473	1.589335	1.144753	0.252522	0.287314	0.923950	-0.809960	0.585160	0.039405	-0.529337	-0.758313	0.380479
33080	-0.346488	-1.824977	3.984286	0.102517	1.658947	1.391648	0.249969	0.307907	0.917992	-0.813973	0.580275	0.027012	-0.524370	-0.753973	0.395678
33081	-0.206311	-1.855571	4.223862	-0.139180	1.585276	1.573938	0.245425	0.328934	0.911904	-0.817117	0.576346	0.012020	-0.521619	-0.748082	0.410228
33082	1.660278	-2.348312	4.473197	-0.301326	1.538210	1.699688	0.239535	0.350095	0.905570	-0.819646	0.572852	-0.004659	-0.520388	-0.741130	0.424172
33083	3.650174	-2.817426	4.646595	-0.319643	1.655761	1.806438	0.233314	0.372636	0.898169	-0.822229	0.568717	-0.022364	-0.519138	-0.733283	0.439082
33084	4.967895	-2.959607	4.591969	-0.217318	1.910375	1.898925	0.227569	0.397250	0.889047	-0.825457	0.563026	-0.040283	-0.516558	-0.724703	0.456040
33085	5.305535	-2.794234	4.468362	-0.038625	2.203774	1.967790	0.222621	0.424148	0.877803	-0.829662	0.555257	-0.057884	-0.511957	-0.715394	0.475511
33086	5.042682	-2.360680	4.390581	0.132570	2.399919	1.961441	0.218516	0.451942	0.864869	-0.834642	0.545758	-0.074310	-0.505593	-0.705618	0.496466
33087	5.058133	-1.878105	4.488838	0.227297	2.483339	1.862940	0.215388	0.479436	0.850734	-0.839799	0.535523	-0.089178	-0.498342	-0.695238	0.517975
33088	5.508898	-1.418437	4.913775	0.260138	2.527227	1.686842	0.213687	0.505762	0.835789	-0.844684	0.525456	-0.102008	-0.490762	-0.684179	0.539492
33089	6.265965	-1.113531	5.462687	0.208746	2.621926	1.462832	0.214077	0.531185	0.819764	-0.848805	0.516488	-0.113009	-0.483427	-0.671627	0.561441
33090	7.246663	-1.237627	6.009706	0.132667	2.790173	1.232557	0.216994	0.555991	0.802364	-0.852077	0.508944	-0.122229	-0.476317	-0.657153	0.584185
33091	7.960432	-1.645320	6.290430	0.081620	3.025666	1.022671	0.222576	0.580819	0.783013	-0.854686	0.502633	-0.129891	-0.469012	-0.640320	0.608292
33092	8.083883	-2.085842	6.264015	0.069025	3.263208	0.832483	0.230638	0.605517	0.761679	-0.856873	0.497299	-0.135878	-0.461059	-0.621323	0.633547
33093	7.828509	-2.223853	6.133329	0.069765	3.403757	0.678721	0.240372	0.629698	0.738716	-0.858765	0.492712	-0.140563	-0.452486	-0.600596	0.659197
33094	7.690887	-2.058918	6.011158	0.045012	3.436284	0.566394	0.250914	0.652695	0.714865	-0.860337	0.488855	-0.144366	-0.443692	-0.578801	0.684198
33095	7.728299	-1.951198	5.971923	-0.049555	3.390963	0.476978	0.261724	0.674283	0.690538	-0.861316	0.486002	-0.148110	-0.435471	-0.556008	0.707969
33096	7.943185	-2.152988	6.190095	-0.171653	3.310235	0.406909	0.272526	0.694229	0.666165	-0.861640	0.484193	-0.152097	-0.428142	-0.532544	0.730131
33097	8.278330	-2.429928	6.368319	-0.284940	3.256892	0.363030	0.283246	0.712952	0.641460	-0.861412	0.483152	-0.156631	-0.421593	-0.508197	0.750996
33098	8.355384	-2.739910	6.476937	-0.381024	3.209210	0.349558	0.293684	0.730506	0.616531	-0.860803	0.482559	-0.161724	-0.415653	-0.483217	0.770542
33099	8.462295	-3.239037	6.718942	-0.467272	3.138282	0.387904	0.303317	0.747157	0.591401	-0.860005	0.481920	-0.167763	-0.410354	-0.457723	0.788733
33100	8.612057	-3.794310	7.074671	-0.488724	3.046612	0.499381	0.311462	0.763078	0.566306	-0.859524	0.480366	-0.174548	-0.405228	-0.432389	0.805500
33101	8.858431	-3.995657	7.472023	-0.488400	2.967654	0.673431	0.317632	0.778772	0.540948	-0.859648	0.477251	-0.182307	-0.400143	-0.407119	0.821060
33102	9.002915	-4.026928	7.912891	-0.448999	2.921593	0.897507	0.321537	0.794522	0.515120	-0.860710	0.472004	-0.190766	-0.394706	-0.382030	0.835620
33103	8.875319	-3.587235	8.238832	-0.429762	2.888276	1.139666	0.323043	0.810538	0.488540	-0.862671	0.464470	-0.200168	-0.389156	-0.356787	0.849271
33104	8.549328	-2.973095	8.398834	-0.441129	2.833608	1.349397	0.322351	0.826460	0.461577	-0.865298	0.454984	-0.210357	-0.383861	-0.331592	0.861799
33105	8.134487	-2.256380	8.542892	-0.478404	2.752413	1.498556	0.319870	0.841984	0.434450	-0.868257	0.444031	-0.221285	-0.379227	-0.306432	0.873090
33106	8.070790	-1.499325	8.749154	-0.536188	2.633917	1.563797	0.316225	0.856551	0.407826	-0.871185	0.432367	-0.232585	-0.375552	-0.281742	0.882940
33107	8.279792	-0.968779	8.957717	-0.605711	2.500423	1.541931	0.312138	0.869874	0.381954	-0.873734	0.420711	-0.244112	-0.373039	-0.257530	0.891359
33108	8.591156	-0.606059	9.099770	-0.659063	2.395191	1.429436	0.308566	0.881667	0.357002	-0.875696	0.409851	-0.255301	-0.371408	-0.233848	0.898538
33109	8.790376	-0.130808	9.224469	-0.692817	2.301114	1.223802	0.306386	0.891740	0.333057	-0.876861	0.400559	-0.265832	-0.370462	-0.210598	0.904658
33110	8.965645	0.441276	9.282673	-0.730566	2.212631	0.943207	0.306324	0.899869	0.310486	-0.877024	0.393606	-0.275506	-0.370129	-0.187909	0.909777
33111	9.269972	0.803134	9.175830	-0.787383	2.109046	0.605583	0.308837	0.905967	0.289557	-0.875942	0.389550	-0.284562	-0.370601	-0.165752	0.913883
33112	9.706645	1.195716	8.907571	-0.822953	2.000504	0.234074	0.314229	0.909958	0.270623	-0.873596	0.388741	-0.292765	-0.371606	-0.144420	0.917089
33113	10.102279	1.726047	8.513059	-0.858796	1.888294	-0.145700	0.322541	0.911917	0.253721	-0.869906	0.391241	-0.300325	-0.373137	-0.123846	0.919473
33114	10.353323	2.044775	7.885093	-0.928727	1.744378	-0.520983	0.333605	0.911832	0.239310	-0.864697	0.397090	-0.307601	-0.375508	-0.104313	0.920930
33115	10.438384	1.936990	7.213434	-0.981864	1.549770	-0.863245	0.346896	0.909835	0.227735	-0.858028	0.405910	-0.314682	-0.378749	-0.086241	0.921473
33116	10.377492	1.454791	6.496229	-0.970182	1.301955	-1.163944	0.361808	0.906044	0.219498	-0.850187	0.417276	-0.321034	-0.382462	-0.070461	0.921281
33117	10.475964	0.907529	5.866292	-0.890239	1.006029	-1.407634	0.377591	0.900710	0.214815	-0.841531	0.430585	-0.326224	-0.386330	-0.057594	0.920561
33118	10.355887	0.384669	5.515556	-0.763120	0.689919	-1.567897	0.393407	0.894190	0.213670	-0.832499	0.445097	-0.329902	-0.390099	-0.048095	0.919516
33119	10.205119	0.271061	5.298645	-0.582818	0.347985	-1.617320	0.408171	0.887017	0.215862	-0.823701	0.459789	-0.331829	-0.393589	-0.042363	0.918310
33120	7.556945	-6.504773	5.632288	-0.452548	-0.225021	-1.487545	0.419487	0.879962	0.222928	-0.815727	0.473159	-0.332732	-0.398272	-0.042272	0.916293
33121	11.841047	-1.831857	0.961916	1.659766	-0.878241	-1.362215	0.427153	0.872987	0.235446	-0.816457	0.484292	-0.314419	-0.388508	-0.057926	0.919623
33122	11.881463	-0.795021	4.804952	1.604058	-1.416585	-0.828801	0.428489	0.867961	0.251078	-0.819060	0.490452	-0.297654	-0.381494	-0.078107	0.921066
33123	11.529001	2.616184	6.291400	2.211663	-1.388914	-0.207797	0.424986	0.865680	0.264546	-0.826444	0.490300	-0.276760	-0.369293	-0.101013	0.923807
33124	6.269569	3.629512	8.575410	2.046747	-1.494105	0.387832	0.416340	0.865865	0.277377	-0.835499	0.484677	-0.258901	-0.358612	-0.123958	0.925220
33125	4.180785	1.680710	11.383502	1.316160	-1.575180	0.895478	0.403209	0.868031	0.289731	-0.843830	0.475181	-0.249308	-0.354082	-0.143960	0.924068
33126	0.190881	-1.323975	8.933745	1.385025	-1.466550	1.102956	0.388717	0.870929	0.300635	-0.853036	0.463502	-0.239783	-0.348179	-0.163244	0.923105
33127	-0.835588	0.952099	8.298741	1.127393	-1.916122	1.008312	0.373431	0.872187	0.315972	-0.860764	0.452783	-0.232537	-0.345883	-0.185141	0.919830
33128	1.391589	0.613345	9.138466	0.881991	-2.283191	0.731973	0.359220	0.870944	0.335286	-0.866476	0.444704	-0.226843	-0.346670	-0.209031	0.914399
33129	5.632470	-2.326897	11.467965	1.017249	-2.272021	0.145361	0.350095	0.866538	0.355733	-0.870489	0.441226	-0.218101	-0.345951	-0.233305	0.908783
33130	27.401916	3.532602	26.082157	2.404899	-2.214541	-1.441297	0.355165	0.854604	0.378826	-0.873546	0.447702	-0.190997	-0.332828	-0.263087	0.905545
33131	14.332218	12.660430	13.563689	0.485963	2.271340	-0.003346	0.362622	0.860338	0.358224	-0.875098	0.446532	-0.186584	-0.320483	-0.245821	0.914802
33132	-9.270184	-7.657245	6.947151	0.251326	-0.892137	-0.286106	0.362280	0.856795	0.366954	-0.874845	0.448400	-0.183260	-0.321559	-0.254637	0.912009
33133	10.383851	-10.574052	10.017929	-0.109422	-1.272608	-0.317283	0.360936	0.852028	0.379174	-0.873319	0.451434	-0.183089	-0.327169	-0.265057	0.907031
33134	3.957995	3.699723	10.793664	1.626612	0.090051	-0.199629	0.362990	0.851340	0.378758	-0.877778	0.448810	-0.167561	-0.312642	-0.271642	0.910201
33135	4.664466	3.055222	11.080899	-0.359577	-0.864103	-0.204998	0.362068	0.848012	0.387018	-0.875875	0.451577	-0.170060	-0.318981	-0.277406	0.906254
33136	5.408339	-3.653562	8.029060	0.320055	-0.388391	-0.119170	0.361895	0.846355	0.390788	-0.876440	0.451732	-0.166706	-0.317624	-0.282173	0.905259
33137	4.207068	-0.862792	9.681740	0.432203	-0.503515	-0.109422	0.361269	0.844389	0.395590	-0.877390	0.451463	-0.162381	-0.315707	-0.288423	0.903959
33138	5.775541	-0.244475	10.456369	0.425441	-0.360716	-0.079241	0.360850	0.842950	0.399027	-0.878420	0.450935	-0.158230	-0.313316	-0.293416	0.903183
33139	5.914266	-1.143627	10.534512	0.174315	-0.310603	-0.038766	0.360228	0.841822	0.401959	-0.878803	0.450786	-0.156516	-0.312956	-0.296861	0.902182
33140	3.512243	-1.968693	8.809536	0.217974	-0.074632	-0.013989	0.360137	0.841505	0.402705	-0.879411	0.450296	-0.154500	-0.311349	-0.298502	0.902196
33141	4.799304	-1.178963	9.667064	0.141711	-0.211409	-0.018893	0.359656	0.840749	0.404707	-0.879761	0.450070	-0.153160	-0.310916	-0.300961	0.901529
33142	4.626416	-1.138343	9.744072	0.095877	-0.145615	-0.000467	0.359227	0.840275	0.406071	-0.880035	0.449826	-0.152301	-0.310636	-0.302646	0.901061
33143	4.510423	-1.534618	9.348497	0.022331	-0.094061	0.018439	0.358783	0.840036	0.406957	-0.880148	0.449643	-0.152188	-0.310829	-0.303580	0.900680
33144	4.104670	-1.631388	9.450706	0.012706	-0.124823	0.021670	0.358223	0.839721	0.408099	-0.880243	0.449463	-0.152169	-0.311205	-0.304716	0.900166
33145	4.472812	-1.581232	9.408784	-0.027719	-0.146244	0.025151	0.357557	0.839350	0.409444	-0.880224	0.449377	-0.152534	-0.312024	-0.305862	0.899494
33146	4.495454	-1.353949	9.499838	-0.030815	-0.133323	0.033322	0.356866	0.839058	0.410643	-0.880224	0.449232	-0.152955	-0.312812	-0.306873	0.898876
33147	4.539918	-1.096112	9.500366	-0.100309	-0.098399	0.065830	0.355989	0.839015	0.411493	-0.880122	0.449028	-0.154140	-0.314097	-0.307292	0.898284
33148	4.270560	-1.946917	9.392307	-0.139030	-0.145882	0.062061	0.355003	0.838811	0.412757	-0.879882	0.448976	-0.155651	-0.315880	-0.307921	0.897443
33149	4.329653	-1.724875	9.383360	-0.097165	-0.113064	0.053253	0.354187	0.838665	0.413755	-0.879741	0.448869	-0.156755	-0.317187	-0.308477	0.896791
33150	4.362464	-1.841885	9.360922	-0.155550	-0.142468	0.039235	0.353407	0.838368	0.415021	-0.879363	0.449062	-0.158319	-0.319099	-0.309003	0.895931
33151	4.449162	-1.829916	9.232276	-0.140332	-0.116744	0.029598	0.352784	0.838102	0.416087	-0.878996	0.449287	-0.159711	-0.320797	-0.309395	0.895190
33152	4.363247	-1.642577	9.323715	-0.155323	-0.131478	0.024614	0.352163	0.837773	0.417275	-0.878560	0.449603	-0.161210	-0.322665	-0.309829	0.894367
33153	4.487668	-1.877852	9.166365	-0.143334	-0.134794	0.016578	0.351591	0.837392	0.418520	-0.878132	0.449949	-0.162573	-0.324450	-0.310356	0.893539
33154	4.473525	-1.812822	9.254193	-0.139170	-0.121761	0.009227	0.351133	0.837022	0.419643	-0.877689	0.450345	-0.163861	-0.326140	-0.310779	0.892776
33155	4.486097	-1.685810	9.171007	-0.114544	-0.115779	0.002248	0.350744	0.836634	0.420740	-0.877300	0.450723	-0.164905	-0.327602	-0.311276	0.892067
33156	4.464482	-1.676922	9.182820	-0.110323	-0.121585	0.001029	0.350354	0.836227	0.421873	-0.876919	0.451099	-0.165900	-0.329036	-0.311825	0.891347
33157	4.408745	-1.660218	9.254275	-0.091845	-0.121369	0.004078	0.349928	0.835828	0.423015	-0.876608	0.451392	-0.166747	-0.330318	-0.312469	0.890648
33158	4.159562	-1.395785	9.525134	-0.085228	-0.154976	0.004227	0.349396	0.835329	0.424439	-0.876318	0.451664	-0.167530	-0.331647	-0.313409	0.889823
33159	4.575092	-1.687202	9.138135	-0.145636	-0.168517	0.003475	0.348815	0.834778	0.425998	-0.875823	0.452133	-0.168852	-0.333562	-0.314201	0.888828
33160	4.479945	-1.609595	9.195345	-0.080336	-0.168584	0.005262	0.348223	0.834237	0.427538	-0.875550	0.452383	-0.169594	-0.334893	-0.315274	0.887946
33161	4.395575	-1.852296	9.034998	-0.105362	-0.180590	0.003341	0.347597	0.833644	0.429202	-0.875185	0.452728	-0.170555	-0.336494	-0.316347	0.886959
33162	4.421323	-1.918853	9.037307	-0.090592	-0.171865	-0.006648	0.347093	0.833035	0.430788	-0.874834	0.453112	-0.171335	-0.337924	-0.317398	0.886039
33163	4.230741	-2.179644	9.117390	-0.064561	-0.196332	-0.009052	0.346517	0.832331	0.432609	-0.874561	0.453433	-0.171879	-0.339220	-0.318784	0.885046
33164	4.497096	-2.023839	8.929950	-0.057627	-0.229328	-0.021394	0.345942	0.831468	0.434725	-0.874268	0.453836	-0.172302	-0.340558	-0.320460	0.883927
33165	4.518107	-2.025122	8.978725	-0.039703	-0.214671	-0.029002	0.345472	0.830608	0.436738	-0.874009	0.454245	-0.172538	-0.341697	-0.322106	0.882888
33166	4.526423	-1.984585	8.936722	-0.051239	-0.225072	-0.033560	0.345012	0.829694	0.438833	-0.873695	0.454730	-0.172849	-0.342962	-0.323771	0.881787
33167	4.618732	-1.957795	8.804143	-0.040881	-0.212656	-0.040456	0.344643	0.828781	0.440843	-0.873392	0.455239	-0.173043	-0.344103	-0.325391	0.880746
33168	4.739122	-1.844777	8.758731	-0.015200	-0.202142	-0.038414	0.344300	0.827913	0.442740	-0.873185	0.455648	-0.173012	-0.344972	-0.327026	0.879800
33169	4.794377	-1.819356	8.788231	-0.005093	-0.163454	-0.028265	0.343990	0.827209	0.444293	-0.873047	0.455939	-0.172943	-0.345630	-0.328398	0.879031
33170	4.799782	-1.887159	8.803152	0.007658	-0.143784	-0.026978	0.343746	0.826578	0.445654	-0.872958	0.456178	-0.172761	-0.346098	-0.329651	0.878377
33171	4.790784	-1.910470	8.788523	0.030895	-0.118457	-0.015960	0.343483	0.826075	0.446788	-0.872987	0.456248	-0.172430	-0.346286	-0.330813	0.877866
33172	4.837933	-1.883245	8.762565	0.052183	-0.098193	-0.012660	0.343271	0.825657	0.447722	-0.873101	0.456221	-0.171920	-0.346207	-0.331892	0.877490
33173	4.831944	-1.847370	8.769013	0.061026	-0.064432	-0.005525	0.343104	0.825379	0.448364	-0.873270	0.456104	-0.171371	-0.345947	-0.332745	0.877269
33174	4.769183	-1.842826	8.869112	0.079587	-0.047744	-0.004271	0.342993	0.825165	0.448841	-0.873508	0.455916	-0.170659	-0.345455	-0.333531	0.877165
33175	4.739918	-1.829050	8.929249	0.081224	-0.028205	-0.004707	0.342945	0.825010	0.449163	-0.873749	0.455724	-0.169937	-0.344894	-0.334177	0.877140
33176	4.635355	-1.861534	9.033031	0.064356	-0.031547	-0.004444	0.342892	0.824850	0.449498	-0.873933	0.455586	-0.169357	-0.344480	-0.334760	0.877080
33177	4.677709	-1.830382	9.070538	0.068283	-0.043706	-0.006086	0.342802	0.824636	0.449958	-0.874124	0.455448	-0.168743	-0.344084	-0.335474	0.876963
33178	4.647476	-1.691348	9.095589	0.046370	-0.045655	-0.011427	0.342763	0.824396	0.450428	-0.874222	0.455428	-0.168290	-0.343875	-0.336091	0.876808
33179	4.659119	-1.643076	9.152073	0.034184	-0.052530	-0.012019	0.342695	0.824124	0.450976	-0.874275	0.455453	-0.167947	-0.343808	-0.336722	0.876593
33180	4.579519	-1.641032	9.221756	0.008428	-0.071278	-0.010163	0.342556	0.823803	0.451668	-0.874247	0.455549	-0.167833	-0.344018	-0.337377	0.876258
33181	4.619441	-1.659571	9.197688	-0.005518	-0.099814	-0.008406	0.342294	0.823388	0.452623	-0.874176	0.455678	-0.167854	-0.344459	-0.338217	0.875761
33182	4.550087	-1.619256	9.262867	-0.026530	-0.128228	-0.005496	0.341917	0.822893	0.453805	-0.874043	0.455854	-0.168066	-0.345170	-0.339181	0.875108
33183	4.609310	-1.659379	9.185690	-0.045594	-0.163661	-0.005532	0.341407	0.822272	0.455312	-0.873843	0.456095	-0.168451	-0.346178	-0.340361	0.874251
33184	4.525989	-1.788657	9.314152	-0.069746	-0.179341	-0.002523	0.340825	0.821614	0.456934	-0.873570	0.456395	-0.169053	-0.347439	-0.341546	0.873288
33185	4.460103	-1.809170	9.416477	-0.091267	-0.236530	-0.004979	0.340052	0.820742	0.459073	-0.873212	0.456789	-0.169838	-0.349092	-0.343114	0.872013
33186	4.428696	-1.865598	9.476562	-0.119450	-0.278583	-0.015946	0.339233	0.819675	0.461577	-0.872717	0.457372	-0.170810	-0.351121	-0.344882	0.870500
33187	4.464020	-1.706202	9.484491	-0.137489	-0.347894	-0.016592	0.338160	0.818355	0.464696	-0.872153	0.458024	-0.171939	-0.353549	-0.347143	0.868617
33188	4.473479	-1.683269	9.565237	-0.145353	-0.398653	-0.026168	0.336990	0.816811	0.468250	-0.871526	0.458786	-0.173082	-0.356201	-0.349765	0.866478
33189	4.365682	-1.752012	9.451887	-0.162716	-0.485319	-0.031501	0.335536	0.814920	0.472568	-0.870815	0.459655	-0.174351	-0.359301	-0.353018	0.863876
33190	4.313712	-1.675405	9.619294	-0.160272	-0.535900	-0.038512	0.333953	0.812806	0.477307	-0.870085	0.460579	-0.175554	-0.362529	-0.356671	0.861022
33191	4.296058	-1.620856	9.643457	-0.162046	-0.653472	-0.053366	0.332044	0.810173	0.483080	-0.869293	0.461634	-0.176699	-0.366163	-0.361266	0.857561
33192	4.307980	-1.643374	9.564445	-0.176448	-0.744944	-0.062269	0.329859	0.807138	0.489613	-0.868415	0.462821	-0.177909	-0.370201	-0.366503	0.853597
33193	4.334934	-1.637102	9.520187	-0.176331	-0.849909	-0.072647	0.327332	0.803620	0.497040	-0.867496	0.464099	-0.179060	-0.374572	-0.372569	0.849051
33194	4.303116	-1.533346	9.565728	-0.170392	-0.936040	-0.095218	0.324645	0.799621	0.505185	-0.866521	0.465544	-0.180027	-0.379140	-0.379308	0.844025
33195	4.284427	-1.572462	9.620619	-0.209165	-1.072295	-0.112778	0.321535	0.794945	0.514468	-0.865335	0.467286	-0.181218	-0.384462	-0.386919	0.838143
33196	4.258485	-1.808865	9.696715	-0.220892	-1.181230	-0.148287	0.318257	0.789593	0.524648	-0.863982	0.469366	-0.182293	-0.390189	-0.395270	0.831573
33197	3.960807	-2.019678	9.961821	-0.226387	-1.356247	-0.203007	0.314682	0.783169	0.536303	-0.862426	0.471909	-0.183095	-0.396481	-0.404905	0.823927
33198	3.996822	-2.333171	9.837150	-0.218550	-1.558253	-0.275031	0.310835	0.775431	0.549625	-0.860669	0.474991	-0.183393	-0.403275	-0.416040	0.815033
33199	4.001730	-2.192973	9.727925	-0.137803	-1.750546	-0.358420	0.306806	0.766285	0.564516	-0.858978	0.478377	-0.182516	-0.409911	-0.428910	0.804991
33200	3.637497	-1.990821	9.982488	-0.076120	-2.030316	-0.442578	0.302225	0.755256	0.581591	-0.857293	0.482118	-0.180586	-0.416784	-0.444016	0.793184
33201	3.533102	-2.178020	10.016362	0.047098	-2.415440	-0.517718	0.296517	0.741761	0.601556	-0.855918	0.485820	-0.177155	-0.423654	-0.462353	0.778940
33202	3.228021	-2.236373	10.723627	0.128148	-2.851491	-0.614769	0.289602	0.725226	0.624642	-0.854641	0.489765	-0.172394	-0.430952	-0.483919	0.761645
33203	2.990939	-3.204118	11.165970	0.134221	-3.379171	-0.741477	0.281233	0.704760	0.651323	-0.853085	0.494441	-0.166655	-0.439492	-0.508765	0.740274
33204	2.661855	-4.098175	11.637594	0.142079	-3.924517	-0.913214	0.271587	0.679656	0.681402	-0.851170	0.500061	-0.159528	-0.449166	-0.536663	0.714313
33205	3.316580	-4.615105	11.632009	0.224271	-4.593198	-1.119947	0.260246	0.648596	0.715259	-0.849188	0.506300	-0.150137	-0.459513	-0.568317	0.682542
33206	5.013394	-4.487561	11.972094	0.188031	-5.193052	-1.333108	0.247392	0.611351	0.751696	-0.846656	0.513639	-0.139096	-0.471137	-0.602017	0.644675
33207	7.301779	-3.866912	10.857393	0.187386	-5.590499	-1.453568	0.233011	0.569174	0.788509	-0.844036	0.521099	-0.126728	-0.483021	-0.636001	0.601825
33208	11.103767	-1.886061	11.789822	0.021298	-5.828376	-1.453180	0.216727	0.523477	0.824015	-0.840850	0.528940	-0.114868	-0.495985	-0.667978	0.554801
33209	17.337224	-3.844570	13.618755	-0.501442	-5.768400	-1.412087	0.199484	0.476595	0.856191	-0.835360	0.539454	-0.105655	-0.512230	-0.694151	0.505741
33210	18.540966	-5.903113	13.472740	-0.511683	-4.851161	-1.337252	0.185444	0.435107	0.881074	-0.830108	0.549190	-0.096494	-0.525862	-0.713493	0.463030
33211	15.406102	-5.078684	12.528653	-0.334060	-4.453016	-1.392856	0.173320	0.395214	0.902090	-0.825813	0.557418	-0.085545	-0.536650	-0.730131	0.422985
33212	11.858306	-5.348486	12.568953	-0.125181	-4.309932	-1.534580	0.162663	0.354741	0.920706	-0.822537	0.564131	-0.072036	-0.544953	-0.745597	0.383551
33213	8.586727	-4.338360	12.247391	0.048959	-4.158395	-1.613718	0.153128	0.314260	0.936906	-0.820236	0.569192	-0.056861	-0.551149	-0.759777	0.344927
33214	5.004087	-3.853359	10.391138	0.125547	-4.091196	-1.663466	0.144109	0.273347	0.951059	-0.818438	0.573150	-0.040718	-0.556230	-0.772516	0.306314
33215	-0.446290	-3.026559	8.300113	0.247403	-4.089814	-1.729635	0.135433	0.231550	0.963350	-0.817381	0.575621	-0.023444	-0.559952	-0.784248	0.267223
33216	-0.921732	-1.361781	8.596109	-0.026127	-4.368603	-1.800497	0.125537	0.186623	0.974378	-0.814864	0.579621	-0.006029	-0.565895	-0.793229	0.224836
33217	0.400659	-0.698154	7.608298	-0.421821	-4.387019	-1.913934	0.116075	0.140544	0.983247	-0.810125	0.586138	0.011855	-0.574652	-0.797929	0.181894
33218	20.549738	-5.309862	12.476273	-0.639317	-2.997336	-1.468933	0.110585	0.107901	0.987992	-0.804739	0.593090	0.025301	-0.583238	-0.797873	0.152419
33219	10.963354	-5.243639	12.906822	-0.329596	-0.873216	-0.740233	0.111431	0.096534	0.989072	-0.801967	0.596503	0.032132	-0.586883	-0.796784	0.143886
33220	10.201309	-7.863758	10.072230	0.303420	1.007206	-0.211252	0.119022	0.103242	0.987509	-0.803479	0.594320	0.034706	-0.583313	-0.797574	0.153690
33221	5.612180	-6.942556	8.519413	0.697644	2.261235	0.267307	0.129973	0.122889	0.983873	-0.807831	0.588478	0.033214	-0.574906	-0.799119	0.175760
33222	1.764347	-5.145085	7.518344	1.066223	2.976282	0.532530	0.142580	0.149754	0.978389	-0.814599	0.579246	0.030050	-0.562227	-0.801279	0.204578
33223	0.014647	-3.899889	6.066714	1.071335	3.182201	0.698134	0.154556	0.179303	0.971578	-0.821566	0.569539	0.025585	-0.548764	-0.802169	0.235335
33224	-1.331759	-2.761943	4.746636	0.984402	3.204605	0.831220	0.165080	0.209634	0.963744	-0.828212	0.560057	0.020041	-0.535550	-0.801492	0.266075
33225	-2.119087	-2.247819	3.804719	0.845297	3.121838	0.898096	0.174155	0.239642	0.955114	-0.834188	0.551308	0.013780	-0.523259	-0.799144	0.295919
33226	-1.926251	-1.507873	3.461276	0.646573	3.035241	0.904108	0.182317	0.268726	0.945805	-0.839128	0.543886	0.007222	-0.512469	-0.794968	0.324655
33227	-2.163978	-1.064716	3.674555	0.366421	2.905312	0.878763	0.189709	0.296524	0.935994	-0.842603	0.538536	0.000171	-0.504015	-0.788703	0.352017
33228	-1.378652	-1.054867	4.020429	-0.012464	2.695973	0.821152	0.196312	0.322028	0.926153	-0.844105	0.536126	-0.007493	-0.498948	-0.780299	0.377073
33229	-0.048477	-1.488767	4.977368	-0.375253	2.524225	0.768477	0.202415	0.345753	0.916233	-0.843745	0.536504	-0.016056	-0.497114	-0.769817	0.400323
33230	2.599301	-2.377840	5.869240	-0.668318	2.442449	0.772810	0.208060	0.368502	0.906045	-0.841985	0.538882	-0.025822	-0.497767	-0.757504	0.422393
33231	5.482052	-3.390280	6.763458	-0.748987	2.647858	0.866712	0.213978	0.393096	0.894253	-0.840060	0.541237	-0.036906	-0.498510	-0.743329	0.446037
33232	7.297412	-4.185480	7.000512	-0.621355	3.039868	1.035810	0.220424	0.421006	0.879868	-0.839195	0.541625	-0.048927	-0.497157	-0.727596	0.472693
33233	7.695773	-4.367435	6.982141	-0.399824	3.476000	1.214616	0.227448	0.452607	0.862215	-0.839913	0.539226	-0.061494	-0.492762	-0.710198	0.502796
33234	6.966814	-4.101531	6.930133	-0.163307	3.774054	1.352382	0.234543	0.486265	0.841746	-0.842216	0.534059	-0.073845	-0.485450	-0.691612	0.534800
33235	6.480173	-3.723152	6.852601	-0.011335	3.862390	1.414995	0.241193	0.520159	0.819305	-0.845505	0.527045	-0.085703	-0.476390	-0.672055	0.566916
33236	6.590525	-3.350984	7.148130	0.056909	3.838648	1.403836	0.247407	0.552862	0.795697	-0.849181	0.519174	-0.096693	-0.466563	-0.651769	0.597927
33237	7.384433	-3.210662	7.676487	0.070587	3.792283	1.338882	0.253531	0.584123	0.771053	-0.852838	0.511138	-0.106797	-0.456497	-0.630507	0.627751
33238	8.550710	-3.340682	8.275942	0.055421	3.844115	1.254145	0.260176	0.614238	0.744997	-0.856288	0.503319	-0.115936	-0.446183	-0.607768	0.656916
33239	9.235037	-3.675250	8.652643	0.071096	3.989188	1.178477	0.267658	0.643922	0.716745	-0.859689	0.495508	-0.124125	-0.435080	-0.582955	0.686199
33240	9.252656	-3.890998	8.887350	0.096708	4.138005	1.118692	0.275790	0.672947	0.686355	-0.863122	0.487631	-0.131287	-0.423037	-0.556201	0.715319
33241	9.093567	-3.885105	9.093295	0.116499	4.241152	1.067825	0.284240	0.701138	0.653922	-0.866575	0.479688	-0.137650	-0.410189	-0.527547	0.743935
33242	9.021375	-3.581093	9.198794	0.061014	4.299797	1.009624	0.292850	0.727933	0.619962	-0.869713	0.472201	-0.143614	-0.397288	-0.497132	0.771377
33243	8.931649	-3.245393	9.228493	-0.075562	4.297301	0.971695	0.301215	0.753197	0.584776	-0.872281	0.465392	-0.150121	-0.385221	-0.464871	0.797183
33244	8.631934	-3.031351	9.183064	-0.262300	4.206022	0.949309	0.308924	0.776401	0.549334	-0.874159	0.459348	-0.157626	-0.374716	-0.431511	0.820601
33245	8.523591	-2.930224	9.191264	-0.458345	4.020049	0.932356	0.315676	0.797358	0.514363	-0.875349	0.453933	-0.166458	-0.366213	-0.397700	0.841262
33246	8.957439	-2.682220	9.558114	-0.658614	3.761316	0.904388	0.321433	0.815740	0.480884	-0.875817	0.449189	-0.176561	-0.360036	-0.364414	0.858823
33247	10.435677	-2.190731	10.232978	-0.873943	3.494591	0.869355	0.326353	0.831814	0.448975	-0.875478	0.445088	-0.188241	-0.356415	-0.331635	0.873491
33248	12.298574	-1.579348	10.590945	-1.086331	3.322236	0.797011	0.331216	0.845792	0.418248	-0.874212	0.441869	-0.201260	-0.355035	-0.298977	0.885756
33249	13.410167	-0.978472	10.257194	-1.268179	3.228074	0.668174	0.336862	0.857871	0.388048	-0.871914	0.439774	-0.215323	-0.355372	-0.265810	0.896134
33250	13.981068	-0.132066	9.788293	-1.417466	3.086388	0.481671	0.343684	0.867657	0.359239	-0.868480	0.439194	-0.229894	-0.357245	-0.232981	0.904487
