// General information: 
//  MT Manager version: 2022.2.0 
//  XDA version: 2022.2.0 build 7381 rev 124627 built on 2023-07-19
// Device information: 
//  DeviceId: 00B4CBA7
//  ProductCode: MTW2-3A7G6
//  Firmware Version: 4.6.0
//  Hardware Version: 2.0.0
// Device settings: 
//  Filter Profile: human(46.1)
//  Option Flags: Orientation Smoother Disabled, Position/Velocity Smoother Disabled, Continuous Zero Rotation Update Disabled, AHS Disabled, ICC Disabled
// Coordinate system: ENU
PacketCounter	Acc_X	Acc_Y	Acc_Z	Gyr_X	Gyr_Y	Gyr_Z	Mat[1][1]	Mat[2][1]	Mat[3][1]	Mat[1][2]	Mat[2][2]	Mat[3][2]	Mat[1][3]	Mat[2][3]	Mat[3][3]
56972	9.587056	-1.144194	-0.159140	0.266449	-0.016298	0.228115	-0.149378	-0.012028	0.988707	-0.575961	0.813832	-0.077118	-0.803714	-0.580976	-0.128496
56973	9.657061	-1.367193	-0.145862	0.329738	-0.052701	0.218646	-0.151031	-0.010582	0.988472	-0.578264	0.811951	-0.079662	-0.801748	-0.583630	-0.128749
56974	10.087096	-1.194052	-0.040134	0.328597	-0.063304	0.230617	-0.152841	-0.009111	0.988209	-0.580546	0.810055	-0.082322	-0.799753	-0.586283	-0.129099
56975	10.098224	-1.145821	-0.305130	0.237740	-0.046512	0.241846	-0.154586	-0.007451	0.987951	-0.582059	0.808694	-0.084977	-0.798317	-0.588183	-0.129350
56976	9.979388	-1.552577	-1.175105	0.269431	-0.072422	0.221428	-0.156421	-0.006116	0.987672	-0.583863	0.807126	-0.087470	-0.796641	-0.590347	-0.129822
56977	10.000365	-2.011809	-1.737751	0.472879	-0.087425	0.212382	-0.158327	-0.004946	0.987374	-0.587275	0.804353	-0.090141	-0.793751	-0.594132	-0.130256
56978	9.835366	-1.977309	-1.958952	0.670770	-0.084489	0.196290	-0.160120	-0.003904	0.987090	-0.592275	0.800361	-0.092910	-0.789665	-0.599506	-0.130466
56979	9.815348	-1.501847	-2.002626	0.767509	-0.073739	0.172758	-0.161696	-0.002993	0.986836	-0.598026	0.795758	-0.095575	-0.784996	-0.605608	-0.130461
56980	9.851186	-1.481190	-2.060841	0.743595	-0.041586	0.154724	-0.162918	-0.002047	0.986637	-0.603600	0.791238	-0.098028	-0.780464	-0.611505	-0.130142
56981	9.614254	-1.698647	-2.318297	0.731456	-0.012058	0.132683	-0.163783	-0.001097	0.986496	-0.609062	0.786762	-0.100245	-0.776027	-0.617256	-0.129527
56982	9.540422	-1.586284	-2.430869	0.761451	0.025008	0.119932	-0.164292	-0.000029	0.986412	-0.614761	0.782042	-0.102369	-0.771412	-0.623226	-0.128501
56983	9.610622	-1.311721	-2.155813	0.771581	0.050757	0.103442	-0.164507	0.001073	0.986375	-0.620512	0.777225	-0.104334	-0.766748	-0.629221	-0.127193
56984	9.580213	-0.921732	-1.933748	0.682246	0.089225	0.099431	-0.164412	0.002381	0.986389	-0.625569	0.772916	-0.106136	-0.762648	-0.634504	-0.125587
56985	9.574068	-0.947377	-1.799149	0.578831	0.107123	0.092459	-0.164144	0.003754	0.986429	-0.629808	0.769244	-0.107729	-0.759209	-0.638944	-0.123902
56986	9.593036	-0.974741	-1.462291	0.538248	0.122742	0.090915	-0.163755	0.005211	0.986487	-0.633741	0.765792	-0.109245	-0.756014	-0.643067	-0.122100
56987	9.655226	-0.853891	-1.038357	0.398333	0.136664	0.079920	-0.163197	0.006682	0.986571	-0.636604	0.763237	-0.110475	-0.753725	-0.646084	-0.120304
56988	9.665498	-1.167628	-0.868627	0.274168	0.135991	0.066699	-0.162566	0.008044	0.986665	-0.638561	0.761462	-0.111420	-0.752204	-0.648159	-0.118651
56989	9.707931	-1.010895	-0.099079	0.158174	0.106965	0.040603	-0.161988	0.009026	0.986752	-0.639672	0.760450	-0.111966	-0.751386	-0.649334	-0.117410
56990	9.523615	-0.924722	0.070290	-0.020731	0.083079	0.032269	-0.161537	0.009784	0.986818	-0.639468	0.760583	-0.112218	-0.751655	-0.649167	-0.116606
56991	9.524820	-1.186245	0.318843	-0.041090	0.002347	0.021793	-0.161625	0.009943	0.986802	-0.639111	0.760865	-0.112344	-0.751940	-0.648834	-0.116620
56992	9.627370	-1.495081	0.505749	-0.001066	-0.072203	0.008521	-0.162189	0.009513	0.986714	-0.639096	0.760872	-0.112385	-0.751832	-0.648832	-0.117326
56993	9.576835	-1.299096	0.785852	0.003116	-0.139538	-0.014528	-0.163111	0.008475	0.986571	-0.639130	0.760870	-0.112205	-0.751603	-0.648849	-0.118690
56994	9.455544	-1.692088	0.442772	-0.100792	-0.214326	-0.051934	-0.164357	0.006665	0.986378	-0.638463	0.761529	-0.111530	-0.751899	-0.648096	-0.120907
56995	9.470948	-1.915306	-0.215441	-0.026187	-0.291301	-0.075828	-0.166028	0.004178	0.986112	-0.638378	0.761720	-0.110709	-0.751604	-0.647893	-0.123800
56996	9.073846	-1.128988	-0.594558	0.069264	-0.417890	-0.100904	-0.168488	0.000676	0.985703	-0.639074	0.761274	-0.109760	-0.750464	-0.648430	-0.127834
56997	9.111082	-1.118408	-1.275175	0.037099	-0.559905	-0.136710	-0.171779	-0.004017	0.985127	-0.639572	0.761047	-0.108420	-0.749293	-0.648684	-0.133301
56998	9.178076	-1.228449	-1.666473	0.146352	-0.625761	-0.153941	-0.175441	-0.009275	0.984446	-0.640940	0.760088	-0.107062	-0.747273	-0.649754	-0.139296
56999	9.099245	-0.721813	-2.127020	0.139341	-0.671143	-0.171950	-0.179312	-0.014967	0.983678	-0.642272	0.759178	-0.105527	-0.745207	-0.650711	-0.145743
57000	9.103885	-0.822407	-2.778933	0.149317	-0.718388	-0.195464	-0.183367	-0.021152	0.982817	-0.643741	0.758173	-0.103787	-0.742950	-0.651710	-0.152640
57001	9.097474	-0.865504	-3.033234	0.284623	-0.735411	-0.215800	-0.187393	-0.027607	0.981897	-0.646239	0.756279	-0.102069	-0.739770	-0.653667	-0.159562
57002	8.966249	-0.611990	-3.115845	0.394337	-0.725398	-0.224662	-0.191255	-0.034080	0.980949	-0.649579	0.753627	-0.100465	-0.735846	-0.656418	-0.166273
57003	9.103551	-0.531873	-3.294126	0.408549	-0.689612	-0.220304	-0.194846	-0.040295	0.980006	-0.652991	0.750873	-0.098955	-0.731873	-0.659216	-0.172617
57004	9.103444	-0.857983	-3.542828	0.433086	-0.642964	-0.208192	-0.198141	-0.046129	0.979087	-0.656566	0.747923	-0.097634	-0.727778	-0.662181	-0.178481
57005	9.128947	-1.037118	-3.515235	0.519021	-0.597817	-0.198822	-0.201134	-0.051602	0.978204	-0.660717	0.744395	-0.096585	-0.723186	-0.665743	-0.183818
57006	9.127307	-0.906513	-3.363070	0.589982	-0.539613	-0.183609	-0.203772	-0.056595	0.977381	-0.665345	0.740357	-0.095846	-0.718187	-0.669827	-0.188519
57007	9.019782	-0.798736	-3.483723	0.579300	-0.467660	-0.157849	-0.206031	-0.060922	0.976647	-0.669805	0.736388	-0.095365	-0.713381	-0.673811	-0.192524
57008	8.953270	-0.266227	-3.108780	0.562921	-0.401257	-0.109758	-0.208113	-0.064466	0.975978	-0.674039	0.732517	-0.095344	-0.708774	-0.677689	-0.195899
57009	8.852298	0.015449	-2.905389	0.323915	-0.320850	-0.058057	-0.209955	-0.067088	0.975407	-0.676441	0.730295	-0.095374	-0.705936	-0.679830	-0.198711
57010	8.659300	0.051852	-2.758050	0.117780	-0.255380	-0.002706	-0.211705	-0.068872	0.974904	-0.677282	0.729494	-0.095540	-0.704606	-0.680511	-0.201083
57011	8.782959	0.441596	-2.551219	-0.105973	-0.188805	0.036966	-0.213251	-0.069906	0.974493	-0.676447	0.730255	-0.095643	-0.704942	-0.679589	-0.203015
57012	10.040277	0.411563	-2.991144	-0.625681	-0.028838	0.075770	-0.213932	-0.069572	0.974368	-0.671861	0.734551	-0.095065	-0.709109	-0.674978	-0.203887
57013	9.390742	-0.224636	-2.483140	-0.921870	0.231233	0.153314	-0.213275	-0.066908	0.974698	-0.664956	0.740862	-0.094643	-0.715784	-0.668317	-0.202498
57014	8.801504	-1.168445	-3.689789	-1.124296	0.288560	0.173325	-0.212310	-0.063729	0.975122	-0.656496	0.748447	-0.094022	-0.723835	-0.660125	-0.200741
57015	10.928207	-2.499705	-3.427428	-0.616388	0.249228	0.126127	-0.211291	-0.061164	0.975508	-0.651743	0.752595	-0.093978	-0.728415	-0.655636	-0.198880
57016	11.523342	-3.197263	-2.169352	-0.438599	0.521186	0.187575	-0.208672	-0.056371	0.976360	-0.648151	0.755575	-0.094902	-0.732364	-0.652632	-0.194204
57017	11.073049	-4.028648	-1.352292	-0.354513	0.855089	0.240359	-0.203913	-0.049002	0.977762	-0.645040	0.758026	-0.096534	-0.736439	-0.650380	-0.186179
57018	8.528440	-2.698651	-2.359392	-0.096338	0.816984	0.104556	-0.198530	-0.042926	0.979154	-0.644125	0.758701	-0.097339	-0.738707	-0.650023	-0.178275
57019	9.316558	-0.708875	-2.192524	0.251955	0.569839	0.023517	-0.194440	-0.039059	0.980137	-0.645928	0.757086	-0.097969	-0.738221	-0.652147	-0.172437
57020	10.214383	0.551842	-1.318274	0.084699	0.464442	0.032260	-0.191189	-0.035812	0.980900	-0.646492	0.756550	-0.098388	-0.738576	-0.652955	-0.167796
57021	10.214688	-1.735971	-0.973237	-0.026230	0.471500	0.043900	-0.187954	-0.032422	0.981643	-0.646204	0.756751	-0.098733	-0.739658	-0.652898	-0.163186
57022	9.681703	-1.740536	0.033630	0.190183	0.492442	0.005868	-0.184320	-0.029187	0.982433	-0.647603	0.755512	-0.099055	-0.739348	-0.654485	-0.158158
57023	9.594485	-0.616964	0.421035	-0.017349	0.446176	-0.027959	-0.180804	-0.026500	0.983162	-0.647514	0.755633	-0.098711	-0.740294	-0.654459	-0.153780
57024	9.897054	-0.987384	0.435992	-0.329969	0.433152	-0.025912	-0.177393	-0.023893	0.983850	-0.645115	0.757786	-0.097914	-0.743208	-0.652066	-0.149839
57025	8.915325	-1.107730	-0.665982	-0.509576	0.469109	-0.013900	-0.173773	-0.020970	0.984562	-0.641329	0.761112	-0.096983	-0.747328	-0.648282	-0.145709
57026	8.560208	-1.729784	-1.053033	-0.349029	0.300212	-0.038175	-0.171250	-0.019346	0.985038	-0.638787	0.763364	-0.096062	-0.750083	-0.645679	-0.143084
57027	9.576751	-2.312921	-1.059433	-0.154992	0.208597	-0.047837	-0.169345	-0.018387	0.985385	-0.637692	0.764370	-0.095328	-0.751446	-0.644515	-0.141167
57028	9.709562	-1.396720	-0.614206	0.056487	0.179730	-0.066880	-0.167538	-0.017765	0.985706	-0.638231	0.763997	-0.094709	-0.751394	-0.644975	-0.139337
57029	9.769998	-0.651186	-0.238315	0.004565	0.129356	-0.071295	-0.166076	-0.017497	0.985958	-0.638371	0.763971	-0.093970	-0.751599	-0.645013	-0.138047
57030	9.679991	-0.856572	-0.258123	-0.044962	0.069810	-0.072977	-0.165055	-0.017631	0.986127	-0.638158	0.764250	-0.093149	-0.752005	-0.644679	-0.137394
57031	9.868324	-1.135357	-0.223013	0.005127	0.017308	-0.077584	-0.164395	-0.018134	0.986228	-0.638311	0.764219	-0.092349	-0.752019	-0.644702	-0.137209
57032	9.842152	-0.860354	-0.246184	0.088229	-0.002454	-0.083000	-0.163852	-0.018808	0.986306	-0.639112	0.763638	-0.091612	-0.751457	-0.645370	-0.137145
57033	9.957945	-0.023188	0.008222	0.058466	-0.023288	-0.074753	-0.163515	-0.019551	0.986347	-0.639661	0.763262	-0.090913	-0.751064	-0.645793	-0.137311
57034	9.993192	-0.295038	-0.009822	-0.078586	-0.032288	-0.067357	-0.163295	-0.020299	0.986368	-0.639185	0.763756	-0.090100	-0.751516	-0.645185	-0.137693
57035	10.015646	-0.929856	-0.179132	-0.088281	-0.047423	-0.075740	-0.163134	-0.021206	0.986376	-0.638632	0.764326	-0.089190	-0.752021	-0.644481	-0.138230
57036	10.515743	-0.924328	0.108409	-0.088122	-0.012653	-0.068282	-0.162760	-0.021835	0.986424	-0.638087	0.764878	-0.088353	-0.752565	-0.643805	-0.138424
57037	10.027990	-0.989513	-0.113490	-0.192979	0.061296	-0.047328	-0.161963	-0.021825	0.986556	-0.636698	0.766124	-0.087578	-0.753913	-0.642322	-0.137979
57038	9.575159	-0.522601	-0.615757	-0.241653	0.045422	-0.054057	-0.161242	-0.021972	0.986670	-0.634963	0.767665	-0.086671	-0.755528	-0.640474	-0.137731
57039	9.586941	-0.735725	-1.310291	-0.248580	-0.000050	-0.063458	-0.160806	-0.022481	0.986730	-0.633172	0.769256	-0.085661	-0.757123	-0.638544	-0.137936
57040	9.576492	-1.237011	-1.899951	-0.167897	-0.019079	-0.084529	-0.160383	-0.023277	0.986780	-0.632037	0.770312	-0.084555	-0.758160	-0.637243	-0.138257
57041	9.808099	-1.005546	-2.054241	-0.134403	-0.001345	-0.094209	-0.159764	-0.024034	0.986863	-0.631155	0.771160	-0.083398	-0.759025	-0.636187	-0.138373
57042	9.474678	-0.599753	-2.424536	-0.164873	0.015678	-0.086531	-0.159067	-0.024625	0.986961	-0.630040	0.772192	-0.082276	-0.760097	-0.634912	-0.138345
57043	9.620438	-1.542385	-2.725307	-0.203427	0.010861	-0.084902	-0.158416	-0.025235	0.987050	-0.628614	0.773476	-0.081115	-0.761412	-0.633323	-0.138394
57044	9.659495	-1.827341	-2.605632	-0.061081	0.038851	-0.086779	-0.157543	-0.025684	0.987178	-0.628287	0.773844	-0.080134	-0.761864	-0.632855	-0.138050
57045	9.684892	-0.975736	-2.026700	0.023558	0.050299	-0.094153	-0.156534	-0.026116	0.987327	-0.628600	0.773686	-0.079195	-0.761813	-0.633031	-0.137525
57046	9.727402	-0.782983	-1.632368	-0.047575	0.063834	-0.092177	-0.155436	-0.026450	0.987492	-0.628382	0.773966	-0.078180	-0.762218	-0.632674	-0.136923
57047	9.571845	-0.992846	-1.433375	-0.029859	0.061138	-0.093596	-0.154348	-0.026810	0.987653	-0.628286	0.774146	-0.077173	-0.762518	-0.632440	-0.136332
57048	9.747958	-0.594011	-1.083175	-0.051279	0.071469	-0.093937	-0.153181	-0.027111	0.987826	-0.628043	0.774445	-0.076136	-0.762953	-0.632060	-0.135657
57049	9.427414	-0.550540	-1.090763	-0.092506	0.067954	-0.096131	-0.152025	-0.027448	0.987995	-0.627470	0.775018	-0.075019	-0.763656	-0.631342	-0.135045
57050	9.526959	-0.779505	-0.852613	-0.049110	0.028151	-0.101039	-0.151145	-0.028080	0.988113	-0.627255	0.775299	-0.073914	-0.764007	-0.630970	-0.134796
57051	9.614865	-0.934490	-0.684416	-0.023758	0.008761	-0.102805	-0.150399	-0.028844	0.988205	-0.627214	0.775435	-0.072825	-0.764187	-0.630769	-0.134716
57052	9.683916	-0.877322	-0.609335	0.024772	-0.013228	-0.108033	-0.149790	-0.029792	0.988269	-0.627573	0.775245	-0.071750	-0.764013	-0.630958	-0.134820
57053	9.697860	-0.795102	-0.747006	0.045186	-0.026635	-0.110700	-0.149265	-0.030840	0.988316	-0.628070	0.774941	-0.070675	-0.763707	-0.631281	-0.135041
57054	9.775009	-0.626685	-1.297967	0.067809	-0.027178	-0.112318	-0.148735	-0.031906	0.988362	-0.628757	0.774479	-0.069618	-0.763245	-0.631794	-0.135253
57055	9.722754	-0.602225	-1.761241	0.107450	-0.024633	-0.111290	-0.148188	-0.032945	0.988410	-0.629728	0.773779	-0.068621	-0.762550	-0.632598	-0.135411
57056	9.641223	-0.520719	-1.933118	0.149939	-0.017049	-0.111591	-0.147582	-0.033939	0.988467	-0.631036	0.772795	-0.067682	-0.761586	-0.633747	-0.135468
57057	9.666875	-0.375945	-1.877244	0.145505	-0.013845	-0.106456	-0.146981	-0.034872	0.988524	-0.632286	0.771851	-0.066785	-0.760664	-0.634847	-0.135496
57058	9.680827	-0.131799	-1.507843	0.053761	0.007432	-0.090749	-0.146318	-0.035550	0.988599	-0.632833	0.771477	-0.065921	-0.760338	-0.635263	-0.135378
57059	9.638431	-0.039808	-1.196066	-0.068613	0.012201	-0.071195	-0.145741	-0.036044	0.988666	-0.632401	0.771903	-0.065082	-0.760808	-0.634718	-0.135292
57060	9.617696	0.028795	-0.754175	-0.233207	0.009949	-0.056884	-0.145273	-0.036444	0.988720	-0.630707	0.773364	-0.064164	-0.762302	-0.632914	-0.135334
57061	9.587117	-0.251476	-0.488165	-0.321871	-0.005427	-0.056702	-0.144924	-0.036939	0.988753	-0.628318	0.775391	-0.063126	-0.764338	-0.630400	-0.135582
57062	9.786768	-0.292846	-0.243603	-0.364455	-0.023960	-0.059394	-0.144702	-0.037576	0.988762	-0.625616	0.777663	-0.062003	-0.766594	-0.627557	-0.136037
57063	9.794647	-0.177435	-0.021439	-0.500938	-0.022414	-0.077174	-0.144359	-0.038340	0.988782	-0.621865	0.780783	-0.060515	-0.769704	-0.623625	-0.136555
57064	9.314715	-0.365492	-0.825475	-0.668616	0.024753	-0.073798	-0.143677	-0.038788	0.988864	-0.616810	0.784910	-0.058832	-0.773888	-0.618394	-0.136698
57065	9.087602	-1.246950	-1.406635	-0.548177	-0.066678	-0.079643	-0.143672	-0.039848	0.988823	-0.612659	0.788271	-0.057251	-0.777179	-0.614037	-0.137665
57066	9.684636	-1.496195	-1.220738	-0.304791	-0.114133	-0.082305	-0.144024	-0.041220	0.988715	-0.610404	0.790110	-0.055976	-0.778886	-0.611578	-0.138956
57067	9.729138	-1.118676	-1.168526	-0.177319	-0.130494	-0.090650	-0.144455	-0.042757	0.988587	-0.609139	0.791169	-0.054790	-0.779797	-0.610101	-0.140333
57068	9.772463	-1.094092	-1.340689	-0.075854	-0.149374	-0.094260	-0.145014	-0.044437	0.988431	-0.608683	0.791593	-0.053713	-0.780049	-0.609430	-0.141841
57069	10.022425	-0.930452	-1.594057	0.030402	-0.146796	-0.095795	-0.145542	-0.046113	0.988277	-0.609045	0.791379	-0.052767	-0.779668	-0.609585	-0.143264
57070	10.578719	-0.725428	-1.837628	0.090126	-0.062932	-0.070531	-0.145570	-0.047079	0.988227	-0.609851	0.790798	-0.052160	-0.779032	-0.610264	-0.143828
57071	9.887941	-0.188822	-2.370053	0.111508	0.006165	-0.060382	-0.145121	-0.047542	0.988271	-0.610793	0.790102	-0.051682	-0.778378	-0.611129	-0.143699
57072	9.647576	0.368576	-2.610813	0.106544	-0.000190	-0.056795	-0.144742	-0.048016	0.988304	-0.611704	0.789426	-0.051234	-0.777732	-0.611965	-0.143635
57073	9.717223	0.020844	-2.481407	0.030914	0.018388	-0.036815	-0.144341	-0.048217	0.988353	-0.611983	0.789233	-0.050872	-0.777587	-0.612198	-0.143426
57074	9.647373	-0.531231	-2.209297	0.033843	0.038041	-0.030284	-0.143827	-0.048248	0.988426	-0.612290	0.789013	-0.050581	-0.777441	-0.612479	-0.143023
57075	9.850969	-0.540507	-1.467912	0.021613	0.044182	-0.026303	-0.143289	-0.048208	0.988506	-0.612482	0.788882	-0.050310	-0.777390	-0.612651	-0.142564
57076	9.864928	-0.631985	-1.009106	-0.000010	0.050076	-0.023066	-0.142727	-0.048107	0.988592	-0.612512	0.788875	-0.050043	-0.777469	-0.612667	-0.142060
57077	9.534356	-0.776816	-0.769364	0.000473	0.018943	-0.026701	-0.142383	-0.048224	0.988636	-0.612540	0.788873	-0.049737	-0.777510	-0.612661	-0.141861
57078	9.492163	-0.780091	-0.421003	0.037272	-0.009630	-0.035904	-0.142206	-0.048589	0.988644	-0.612876	0.788634	-0.049397	-0.777278	-0.612940	-0.141928
57079	9.734861	-0.767062	-0.363215	0.104781	-0.060088	-0.042010	-0.142382	-0.049312	0.988583	-0.613735	0.787984	-0.049088	-0.776567	-0.613717	-0.142459
57080	10.654667	-0.571978	0.832558	0.177433	-0.034129	-0.030800	-0.142426	-0.049788	0.988553	-0.615157	0.786881	-0.048998	-0.775434	-0.615093	-0.142700
57081	10.024812	0.135086	0.622272	0.137277	0.020935	-0.050032	-0.141922	-0.050076	0.988610	-0.616277	0.786025	-0.048657	-0.774636	-0.616164	-0.142415
57082	9.535195	0.031674	-0.427066	0.127797	-0.086396	-0.072125	-0.142111	-0.051199	0.988526	-0.617373	0.785200	-0.048085	-0.773728	-0.617122	-0.143195
57083	9.505032	-1.691840	-1.902576	0.343275	-0.148028	-0.071549	-0.142778	-0.052699	0.988351	-0.620112	0.783054	-0.047830	-0.771411	-0.619717	-0.144482
57084	9.864551	0.091163	-1.405038	0.351606	-0.114518	-0.110274	-0.142942	-0.054295	0.988241	-0.622979	0.780813	-0.047210	-0.769068	-0.622401	-0.145435
57085	9.328822	-0.886230	-2.805959	0.030721	-0.064584	-0.078336	-0.142916	-0.055331	0.988187	-0.623313	0.780593	-0.046439	-0.768802	-0.622586	-0.146048
57086	9.403147	-0.843791	-2.777281	0.117581	-0.078419	-0.070046	-0.143048	-0.056389	0.988108	-0.624315	0.779824	-0.045879	-0.767963	-0.623454	-0.146756
57087	9.519570	-0.571364	-2.813710	-0.012979	-0.036490	-0.062397	-0.142905	-0.057125	0.988086	-0.624291	0.779883	-0.045202	-0.768010	-0.623313	-0.147112
57088	9.461565	-0.613983	-2.740675	0.003956	-0.010646	-0.053278	-0.142621	-0.057631	0.988098	-0.624397	0.779830	-0.044641	-0.767976	-0.623333	-0.147204
57089	9.412739	-0.278393	-2.495185	0.024151	0.003570	-0.055023	-0.142216	-0.058060	0.988131	-0.624647	0.779661	-0.044091	-0.767848	-0.623504	-0.147147
57090	9.393941	-0.141880	-2.028393	0.037132	0.015782	-0.050322	-0.141747	-0.058377	0.988180	-0.625003	0.779404	-0.043608	-0.767645	-0.623797	-0.146964
57091	9.445919	-0.091417	-1.672966	-0.000933	0.018542	-0.053133	-0.141239	-0.058698	0.988234	-0.625056	0.779392	-0.043040	-0.767695	-0.623781	-0.146770
57092	9.494425	-0.295460	-1.341180	-0.025363	0.017087	-0.046926	-0.140781	-0.058982	0.988282	-0.624930	0.779523	-0.042498	-0.767882	-0.623590	-0.146602
57093	9.602050	-0.478419	-1.196325	-0.035994	0.012996	-0.045078	-0.140365	-0.059275	0.988324	-0.624703	0.779735	-0.041958	-0.768143	-0.623298	-0.146477
57094	9.582169	-0.569957	-1.012235	-0.015545	-0.005621	-0.050650	-0.140060	-0.059728	0.988340	-0.624651	0.779806	-0.041395	-0.768241	-0.623165	-0.146529
57095	9.578670	-0.541427	-0.843154	0.035637	-0.034463	-0.049682	-0.139981	-0.060352	0.988313	-0.624980	0.779568	-0.040915	-0.767988	-0.623403	-0.146844
57096	9.711182	-0.473610	-0.689545	0.061798	-0.057537	-0.051808	-0.140067	-0.061137	0.988253	-0.625523	0.779156	-0.040455	-0.767530	-0.623841	-0.147377
57097	9.982390	-0.443347	-0.574871	0.063180	-0.066058	-0.049913	-0.140228	-0.061961	0.988179	-0.626064	0.778745	-0.040013	-0.767060	-0.624274	-0.147993
57098	9.940842	-0.328236	-1.165556	0.032761	-0.056221	-0.054297	-0.140286	-0.062759	0.988120	-0.626393	0.778507	-0.039485	-0.766780	-0.624491	-0.148525
57099	9.679292	-0.502559	-1.767911	0.076251	-0.056483	-0.055223	-0.140339	-0.063564	0.988061	-0.627041	0.778009	-0.039011	-0.766241	-0.625029	-0.149042
57100	9.646426	-0.442327	-2.060472	0.135754	-0.054506	-0.058371	-0.140357	-0.064381	0.988006	-0.628160	0.777126	-0.038597	-0.765320	-0.626043	-0.149517
57101	9.623897	-0.183587	-1.972545	0.127626	-0.038523	-0.052303	-0.140289	-0.065051	0.987971	-0.629195	0.776306	-0.038229	-0.764482	-0.626990	-0.149837
57102	9.628959	-0.246891	-1.808732	0.067506	-0.025054	-0.045713	-0.140159	-0.065587	0.987954	-0.629777	0.775854	-0.037839	-0.764027	-0.627494	-0.150048
57103	9.534213	-0.377697	-1.660288	0.035402	-0.018126	-0.037973	-0.140025	-0.066018	0.987945	-0.630086	0.775621	-0.037475	-0.763796	-0.627738	-0.150203
57104	9.406681	-0.305389	-1.422998	0.018405	-0.019206	-0.042129	-0.139871	-0.066489	0.987935	-0.630287	0.775478	-0.037045	-0.763659	-0.627864	-0.150374
57105	10.247630	-0.327581	-1.211104	-0.042859	-0.024850	-0.052290	-0.139698	-0.067073	0.987920	-0.630018	0.775726	-0.036422	-0.763912	-0.627495	-0.150624
57106	9.306363	-0.074656	-0.998853	-0.148820	0.015181	-0.047075	-0.139252	-0.067368	0.987963	-0.628948	0.776628	-0.035692	-0.764875	-0.626347	-0.150517
57107	9.568832	0.161327	-0.858277	-0.368640	0.010360	-0.050269	-0.138823	-0.067716	0.987999	-0.626179	0.778911	-0.034599	-0.767221	-0.623468	-0.150533
57108	8.954257	-0.808739	-1.259899	-0.415482	-0.007586	-0.045753	-0.138563	-0.068141	0.988007	-0.623042	0.781472	-0.033482	-0.769818	-0.620209	-0.150738
57109	9.422789	-0.981670	-1.291665	-0.368930	-0.037257	-0.050028	-0.138506	-0.068786	0.987970	-0.620252	0.783734	-0.032389	-0.772077	-0.617277	-0.151216
57110	9.536402	-1.068543	-1.371637	-0.241562	-0.057024	-0.061563	-0.138533	-0.069642	0.987906	-0.618466	0.785185	-0.031376	-0.773504	-0.615333	-0.151845
57111	9.641134	-0.559325	-1.334417	-0.120642	-0.069096	-0.070950	-0.138596	-0.070647	0.987826	-0.617617	0.785890	-0.030449	-0.774171	-0.614318	-0.152554
57112	9.829377	-0.187650	-1.483064	-0.078693	-0.080816	-0.084348	-0.138668	-0.071828	0.987731	-0.617120	0.786318	-0.029457	-0.774554	-0.613633	-0.153364
57113	9.764974	-0.244179	-1.796601	-0.038485	-0.073339	-0.090642	-0.138644	-0.073014	0.987647	-0.616933	0.786501	-0.028460	-0.774708	-0.613258	-0.154088
57114	9.802095	-0.144037	-1.936257	0.007036	-0.065176	-0.087362	-0.138577	-0.074125	0.987574	-0.617110	0.786394	-0.027568	-0.774578	-0.613262	-0.154719
57115	9.720603	-0.270906	-2.013053	0.002062	-0.053832	-0.085397	-0.138433	-0.075149	0.987516	-0.617230	0.786330	-0.026686	-0.774509	-0.613219	-0.155239
57116	9.618310	-0.449112	-1.932636	-0.026238	-0.039251	-0.087394	-0.138164	-0.076102	0.987481	-0.617149	0.786425	-0.025741	-0.774621	-0.612979	-0.155622
57117	9.494834	-0.508882	-1.883810	-0.042162	-0.029492	-0.087328	-0.137820	-0.076992	0.987460	-0.616928	0.786630	-0.024771	-0.774858	-0.612606	-0.155912
57118	9.624558	-0.528485	-1.825438	-0.142518	-0.019665	-0.088887	-0.137393	-0.077836	0.987454	-0.615944	0.787435	-0.023632	-0.775716	-0.611463	-0.156131
57119	10.210477	-0.930712	-1.690539	-0.160605	0.016219	-0.088731	-0.136688	-0.078459	0.987502	-0.614805	0.788359	-0.022463	-0.776744	-0.610191	-0.155996
57120	10.015706	-0.510329	-1.424305	-0.169354	0.061161	-0.094507	-0.135599	-0.078855	0.987621	-0.613615	0.789320	-0.021227	-0.777875	-0.608897	-0.155418
57121	9.812601	-0.675973	-1.637997	-0.123938	0.039321	-0.112865	-0.134568	-0.079530	0.987708	-0.612788	0.789998	-0.019877	-0.778706	-0.607930	-0.155043
57122	9.603464	-0.059416	-1.285551	-0.020213	0.051193	-0.121656	-0.133392	-0.080202	0.987813	-0.612789	0.790028	-0.018606	-0.778907	-0.607803	-0.154530
57123	9.342835	0.266728	-1.374091	-0.159099	0.057556	-0.122782	-0.132158	-0.080846	0.987926	-0.611697	0.790907	-0.017105	-0.779975	-0.606572	-0.153978
57124	9.211653	-0.328235	-1.518384	-0.336112	0.051499	-0.114732	-0.131024	-0.081466	0.988026	-0.609220	0.792851	-0.015416	-0.782102	-0.603945	-0.153513
57125	9.249319	-1.693831	-2.003982	-0.291479	0.043509	-0.116122	-0.129944	-0.082149	0.988112	-0.607074	0.794526	-0.013780	-0.783949	-0.601648	-0.153114
57126	9.386565	-1.727057	-1.863612	-0.032211	0.027392	-0.136879	-0.128867	-0.083093	0.988175	-0.606992	0.794612	-0.012340	-0.784190	-0.601404	-0.152836
57127	9.539314	-0.820886	-1.694503	0.223692	0.005038	-0.158924	-0.127828	-0.084347	0.988203	-0.608933	0.793144	-0.011070	-0.782854	-0.603165	-0.152748
57128	9.799919	0.737425	-1.184769	0.294450	-0.001163	-0.157750	-0.126842	-0.085628	0.988220	-0.611438	0.791230	-0.009922	-0.781060	-0.605494	-0.152718
57129	9.701064	1.415346	-1.078023	0.121610	0.012915	-0.142084	-0.125839	-0.086697	0.988255	-0.612552	0.790383	-0.008661	-0.780349	-0.606448	-0.152567
57130	9.450361	1.335584	-1.310455	-0.071705	0.021743	-0.121900	-0.124890	-0.087551	0.988300	-0.612143	0.790713	-0.007308	-0.780822	-0.605894	-0.152346
57131	9.458328	0.839119	-1.365394	-0.178189	0.024343	-0.101276	-0.124047	-0.088229	0.988346	-0.610862	0.791715	-0.005994	-0.781959	-0.604486	-0.152105
57132	9.325264	-0.250598	-1.741816	-0.219599	0.027080	-0.096165	-0.123216	-0.088851	0.988394	-0.609260	0.792957	-0.004670	-0.783339	-0.602764	-0.151838
57133	9.247510	0.005415	-1.442534	-0.127515	0.018397	-0.090564	-0.122487	-0.089482	0.988428	-0.608356	0.793656	-0.003539	-0.784155	-0.601750	-0.151649
57134	10.252937	0.095113	-1.436949	-0.190206	0.004013	-0.088925	-0.121883	-0.090187	0.988439	-0.606969	0.794722	-0.002332	-0.785324	-0.600236	-0.151604
57135	9.551822	0.141399	-1.332004	-0.175695	0.021744	-0.072428	-0.121240	-0.090656	0.988475	-0.605661	0.795722	-0.001308	-0.786433	-0.598839	-0.151380
57136	10.266291	0.030676	-1.500633	-0.185977	0.009621	-0.069533	-0.120711	-0.091175	0.988492	-0.604275	0.796776	-0.000300	-0.787579	-0.597357	-0.151274
57137	9.874338	-0.029099	-1.825098	-0.101666	0.046179	-0.062684	-0.119936	-0.091422	0.988563	-0.603534	0.797337	0.000515	-0.788265	-0.596570	-0.150806
57138	9.722867	0.101654	-2.024264	-0.071021	0.046261	-0.059161	-0.119181	-0.091642	0.988634	-0.603041	0.797709	0.001247	-0.788757	-0.596038	-0.150336
57139	9.684414	-0.202268	-2.078127	-0.039675	0.053040	-0.050271	-0.118427	-0.091750	0.988715	-0.602772	0.797911	0.001845	-0.789076	-0.595751	-0.149799
57140	9.820954	0.085882	-1.783311	-0.046354	0.056744	-0.032891	-0.117749	-0.091698	0.988801	-0.602440	0.798161	0.002279	-0.789431	-0.595424	-0.149225
57141	9.979441	0.222245	-1.700792	-0.048060	0.060190	-0.025750	-0.117086	-0.091569	0.988891	-0.602075	0.798435	0.002647	-0.789808	-0.595076	-0.148617
57142	10.093705	0.574883	-1.598594	-0.085360	0.076855	-0.007933	-0.116398	-0.091200	0.989007	-0.601406	0.798938	0.002892	-0.790419	-0.594458	-0.147843
57143	9.919638	0.548577	-1.677947	-0.089856	0.089488	-0.003228	-0.115638	-0.090717	0.989140	-0.600684	0.799481	0.003098	-0.791080	-0.593802	-0.146943
57144	9.889808	0.377776	-1.565449	-0.066591	0.086500	0.012310	-0.114995	-0.090130	0.989269	-0.600137	0.799891	0.003114	-0.791588	-0.593339	-0.146074
57145	9.961305	0.404864	-1.401358	0.002071	0.090783	0.025121	-0.114394	-0.089414	0.989403	-0.600109	0.799913	0.002905	-0.791696	-0.593418	-0.145163
57146	9.898381	0.596770	-1.226014	-0.011081	0.095523	0.038243	-0.113836	-0.088565	0.989544	-0.599972	0.800017	0.002582	-0.791881	-0.593404	-0.144207
57147	9.723602	0.381498	-1.252487	-0.035738	0.090761	0.051723	-0.113394	-0.087636	0.989678	-0.599614	0.800287	0.002164	-0.792215	-0.593179	-0.143295
57148	9.659521	0.179025	-1.274725	-0.004994	0.081948	0.061830	-0.113083	-0.086680	0.989797	-0.599500	0.800373	0.001599	-0.792346	-0.593202	-0.142473
57149	9.657714	0.195252	-1.155105	0.039043	0.072579	0.069341	-0.112891	-0.085718	0.989903	-0.599715	0.800213	0.000900	-0.792211	-0.593558	-0.141743
57150	9.659625	0.340152	-1.004381	0.069133	0.062439	0.076883	-0.112825	-0.084757	0.989993	-0.600170	0.799872	0.000081	-0.791875	-0.594156	-0.141114
57151	9.592497	0.188265	-1.114610	0.032506	0.059697	0.080426	-0.112802	-0.083782	0.990079	-0.600321	0.799759	-0.000719	-0.791764	-0.594446	-0.140510
57152	9.538680	-0.107427	-1.148185	0.078542	0.041013	0.080170	-0.112926	-0.082922	0.990137	-0.600848	0.799362	-0.001582	-0.791347	-0.595100	-0.140092
57153	9.622665	-0.201251	-1.108967	0.107641	0.029996	0.083056	-0.113155	-0.082103	0.990179	-0.601589	0.798802	-0.002513	-0.790751	-0.595966	-0.139780
57154	9.584156	-0.218438	-1.068959	0.141499	0.010332	0.080148	-0.113522	-0.081425	0.990193	-0.602609	0.798029	-0.003464	-0.789921	-0.597093	-0.139662
57155	9.592462	-0.026008	-0.860321	0.131156	-0.007276	0.080125	-0.114030	-0.080853	0.990182	-0.603538	0.797322	-0.004399	-0.789138	-0.598114	-0.139716
57156	9.462888	-0.183642	-0.930220	0.108707	-0.032514	0.082278	-0.114750	-0.080416	0.990134	-0.604298	0.796741	-0.005325	-0.788452	-0.598947	-0.140021
57157	9.497247	-0.012713	-0.657868	0.160383	-0.068763	0.081540	-0.115751	-0.080203	0.990035	-0.605452	0.795857	-0.006315	-0.787420	-0.600149	-0.140680
57158	9.481370	0.178997	-0.389229	0.131261	-0.093660	0.085046	-0.116971	-0.080112	0.989899	-0.606381	0.795141	-0.007302	-0.786524	-0.601110	-0.141587
57159	9.416057	-0.079026	-0.342832	0.094494	-0.128994	0.085650	-0.118471	-0.080231	0.989711	-0.607008	0.794653	-0.008242	-0.785816	-0.601738	-0.142844
57160	9.399599	-0.184244	-0.235777	0.144480	-0.183787	0.083115	-0.120385	-0.080701	0.989442	-0.608039	0.793853	-0.009231	-0.784727	-0.602730	-0.144637
57161	9.451739	0.084996	-0.100868	0.154687	-0.225875	0.093984	-0.122694	-0.081341	0.989105	-0.609122	0.793009	-0.010344	-0.783528	-0.603755	-0.146845
57162	9.423101	0.122131	-0.081233	0.078797	-0.260417	0.095255	-0.125279	-0.082182	0.988712	-0.609618	0.792614	-0.011362	-0.782733	-0.604160	-0.149397
57163	9.467484	-0.124982	-0.295271	0.079715	-0.309594	0.098847	-0.128270	-0.083293	0.988235	-0.610101	0.792226	-0.012417	-0.781872	-0.604516	-0.152436
57164	9.737271	0.181626	-0.185266	0.102881	-0.350462	0.111220	-0.131651	-0.084556	0.987683	-0.610761	0.791697	-0.013632	-0.780794	-0.605033	-0.155871
57165	9.843568	0.319766	-0.397000	0.028775	-0.375867	0.129135	-0.135340	-0.085831	0.987075	-0.610799	0.791646	-0.014911	-0.780133	-0.604922	-0.159567
57166	9.781933	0.314622	-0.815716	0.022825	-0.401158	0.135511	-0.139259	-0.087208	0.986409	-0.610790	0.791626	-0.016242	-0.779450	-0.604751	-0.163506
57167	9.824537	0.277554	-1.106949	0.055259	-0.420352	0.151425	-0.143425	-0.088575	0.985690	-0.610992	0.791437	-0.017785	-0.778536	-0.604799	-0.167630
57168	9.615044	0.002768	-1.330391	0.108909	-0.435906	0.155070	-0.147727	-0.090007	0.984924	-0.611608	0.790922	-0.019456	-0.777247	-0.605262	-0.171889
57169	9.563477	-0.037419	-1.405541	0.222041	-0.465193	0.171874	-0.152357	-0.091490	0.984082	-0.613060	0.789744	-0.021492	-0.775207	-0.606575	-0.176412
57170	9.558577	0.205315	-1.072911	0.262095	-0.487957	0.182894	-0.157217	-0.093035	0.983172	-0.614806	0.788322	-0.023716	-0.772850	-0.608188	-0.181136
57171	9.567648	0.140632	-0.844949	0.237114	-0.522331	0.201084	-0.162453	-0.094654	0.982166	-0.616300	0.787079	-0.026085	-0.770573	-0.609547	-0.186198
57172	9.501560	0.151545	-0.694764	0.238972	-0.564567	0.220961	-0.168121	-0.096385	0.981043	-0.617775	0.785832	-0.028662	-0.768172	-0.610883	-0.191659
57173	9.996605	1.235233	-0.071595	0.358351	-0.634225	0.242617	-0.174451	-0.098385	0.979738	-0.620094	0.783887	-0.031695	-0.764886	-0.613059	-0.197758
57174	10.022647	1.974576	0.464842	0.139368	-0.664403	0.283984	-0.181248	-0.100257	0.978314	-0.620653	0.783317	-0.034712	-0.762850	-0.613484	-0.204199
57175	9.842041	1.672433	0.393204	0.002986	-0.720547	0.308208	-0.188618	-0.102283	0.976709	-0.620093	0.783622	-0.037687	-0.761517	-0.612759	-0.211230
57176	9.673915	0.814280	0.606709	-0.132701	-0.784552	0.321287	-0.196538	-0.104586	0.974902	-0.618464	0.784769	-0.040492	-0.760838	-0.610901	-0.218920
57177	9.450451	-1.361260	0.127244	-0.146007	-0.855024	0.300822	-0.204865	-0.107461	0.972873	-0.616739	0.785990	-0.043052	-0.760042	-0.608829	-0.227297
57178	9.438122	-3.488048	-0.257030	0.079884	-0.937093	0.274349	-0.213623	-0.111031	0.970586	-0.616772	0.785805	-0.045857	-0.757600	-0.608427	-0.236347
57179	9.412943	-3.919109	-0.470905	0.545995	-1.008938	0.245038	-0.222721	-0.115286	0.968041	-0.620348	0.782763	-0.049505	-0.752040	-0.611548	-0.245856
57180	9.350354	-2.180332	-0.067959	0.732118	-1.088859	0.231932	-0.232271	-0.120180	0.965198	-0.625305	0.778542	-0.053538	-0.745013	-0.615978	-0.255982
57181	9.775044	-1.237816	-0.120295	0.640469	-1.174593	0.217780	-0.242315	-0.125767	0.962012	-0.629528	0.774864	-0.057267	-0.738226	-0.619490	-0.266935
57182	10.158133	-0.721462	-0.265960	0.588377	-1.236824	0.202805	-0.252637	-0.131897	0.958529	-0.633353	0.771473	-0.060774	-0.731463	-0.622441	-0.278440
57183	10.408858	-0.296975	-0.472754	0.532304	-1.292010	0.168026	-0.263078	-0.138682	0.954755	-0.636787	0.768391	-0.063851	-0.724770	-0.624774	-0.290458
57184	11.001484	-0.480371	-0.807074	0.527954	-1.354548	0.132911	-0.273650	-0.146158	0.950659	-0.640243	0.765276	-0.066640	-0.717777	-0.626889	-0.302995
57185	12.065519	-1.383095	-0.740102	0.611260	-1.395658	0.116536	-0.284329	-0.154057	0.946268	-0.644274	0.761622	-0.069592	-0.709978	-0.629443	-0.315806
57186	12.913248	-2.350306	-0.410589	0.827672	-1.432553	0.080224	-0.294905	-0.162510	0.941606	-0.649884	0.756523	-0.072972	-0.700487	-0.633454	-0.328714
57187	12.677117	-1.277221	0.447574	0.937000	-1.495215	0.058307	-0.305646	-0.171598	0.936555	-0.656216	0.750673	-0.076618	-0.689899	-0.638000	-0.342046
57188	12.212990	-0.258183	0.855559	0.643490	-1.559058	0.094533	-0.316905	-0.180869	0.931052	-0.660342	0.746724	-0.079702	-0.680823	-0.640071	-0.356076
57189	11.955933	-0.160663	0.846511	0.172736	-1.628645	0.126758	-0.328745	-0.190354	0.925036	-0.661098	0.745864	-0.081461	-0.674445	-0.638320	-0.371042
57190	11.939992	-0.527631	0.910860	-0.202274	-1.672776	0.154206	-0.340958	-0.199855	0.918589	-0.659233	0.747446	-0.082072	-0.670193	-0.633547	-0.386599
57191	11.650549	-1.322432	0.069190	-0.432222	-1.735476	0.182832	-0.353731	-0.209443	0.911596	-0.655705	0.750552	-0.081993	-0.667028	-0.626742	-0.402826
57192	11.658457	-1.409337	-0.464512	-0.543251	-1.792542	0.190142	-0.366852	-0.219189	0.904089	-0.651414	0.754339	-0.081441	-0.664138	-0.618813	-0.419513
57193	11.434251	-1.464544	-1.700846	-0.625306	-1.826063	0.185870	-0.380128	-0.229024	0.896131	-0.646573	0.758605	-0.080392	-0.661397	-0.609973	-0.436447
57194	11.011501	-1.182802	-2.724353	-0.598474	-1.826700	0.141442	-0.393040	-0.239018	0.887913	-0.642082	0.762560	-0.078948	-0.658217	-0.601143	-0.453186
57195	10.415003	-0.917960	-3.798469	-0.653905	-1.780032	0.068712	-0.405138	-0.249132	0.879657	-0.637512	0.766634	-0.076492	-0.655318	-0.591782	-0.469417
57196	9.309860	-0.750272	-5.277486	-0.581158	-1.715245	-0.021873	-0.416160	-0.259381	0.871511	-0.633806	0.769994	-0.073485	-0.651998	-0.582950	-0.484838
57197	8.984465	0.184895	-6.124653	-0.374594	-1.659462	-0.146949	-0.425979	-0.270150	0.863458	-0.631990	0.771779	-0.070320	-0.647402	-0.575652	-0.499494
57198	9.135681	-0.120099	-6.515993	-0.302729	-1.455782	-0.197601	-0.434073	-0.280020	0.856253	-0.630894	0.772967	-0.067046	-0.643081	-0.569308	-0.512187
57199	8.660647	-0.259957	-6.547996	-0.148639	-1.165356	-0.207753	-0.440201	-0.288257	0.850371	-0.630850	0.773223	-0.064458	-0.638946	-0.564831	-0.522220
57200	9.044289	-0.551335	-6.741166	0.016234	-0.893913	-0.195082	-0.444612	-0.294813	0.845817	-0.631823	0.772561	-0.062845	-0.634917	-0.562348	-0.529759
57201	9.281620	-0.712415	-5.742951	0.300990	-0.525098	-0.160021	-0.446889	-0.299025	0.843133	-0.634442	0.770395	-0.063048	-0.630693	-0.563095	-0.533995
57202	8.599800	0.118265	-4.439605	0.409795	-0.117658	-0.164902	-0.446532	-0.300964	0.842633	-0.637760	0.767588	-0.063804	-0.627592	-0.565888	-0.534695
57203	7.911593	-0.145479	-4.496725	0.362384	0.254667	-0.168656	-0.443824	-0.300834	0.844108	-0.640784	0.765026	-0.064269	-0.626431	-0.569415	-0.532307
57204	7.550005	-0.870027	-4.929291	0.464917	0.616762	-0.125597	-0.439105	-0.298271	0.847479	-0.644253	0.761992	-0.065624	-0.626199	-0.574807	-0.526756
57205	7.365575	-0.979822	-5.088703	0.706567	0.972758	-0.055912	-0.432621	-0.293086	0.852608	-0.648921	0.757739	-0.068793	-0.625892	-0.583037	-0.518004
57206	7.264714	-0.520497	-4.845507	0.830283	1.319972	0.011245	-0.424381	-0.285243	0.859382	-0.654071	0.752893	-0.073097	-0.626172	-0.593118	-0.506083
57207	7.092777	-0.497172	-4.465528	0.844389	1.640283	0.046509	-0.414371	-0.275097	0.867536	-0.659169	0.747973	-0.077663	-0.627529	-0.604034	-0.491274
57208	7.021092	-0.780685	-4.303452	0.779239	1.922763	0.063569	-0.402649	-0.262908	0.876786	-0.663812	0.743398	-0.081933	-0.630260	-0.615011	-0.473850
57209	7.003001	-1.069487	-4.367333	0.701393	2.186821	0.069766	-0.389253	-0.248844	0.886881	-0.667970	0.739231	-0.085756	-0.634270	-0.625791	-0.453968
57210	7.302937	-1.327242	-4.688678	0.597288	2.421395	0.052751	-0.374131	-0.233186	0.897580	-0.671579	0.735589	-0.088827	-0.639537	-0.636029	-0.431809
57211	7.719141	-1.753531	-5.245847	0.557924	2.629041	0.039934	-0.357474	-0.216059	0.908587	-0.675015	0.732110	-0.091484	-0.645420	-0.646013	-0.407553
57212	7.904838	-2.064881	-4.975162	0.679208	2.799226	0.007734	-0.339332	-0.197778	0.919640	-0.679399	0.727699	-0.094188	-0.650593	-0.656764	-0.381302
57213	7.966217	-1.613529	-4.316497	0.710751	2.923479	-0.043444	-0.319910	-0.178755	0.930432	-0.684180	0.722921	-0.096353	-0.655405	-0.667407	-0.353570
57214	8.384674	-1.067190	-3.980783	0.545740	3.018014	-0.096905	-0.299324	-0.159185	0.940779	-0.688085	0.719083	-0.097252	-0.661017	-0.676446	-0.324772
57215	8.562984	-1.473045	-4.141028	0.294798	3.107099	-0.131139	-0.277737	-0.139022	0.950545	-0.690417	0.716895	-0.096881	-0.667972	-0.683179	-0.295092
57216	8.805073	-1.773725	-4.215648	0.176888	3.180292	-0.151875	-0.255273	-0.118308	0.959604	-0.692024	0.715479	-0.095881	-0.675232	-0.688544	-0.264514
57217	8.957347	-1.883943	-4.094318	0.109529	3.234160	-0.152066	-0.232229	-0.097075	0.967805	-0.693130	0.714572	-0.094645	-0.682379	-0.692794	-0.233230
57218	9.126269	-1.882722	-4.111333	0.160461	3.229323	-0.142613	-0.209052	-0.075666	0.974973	-0.694555	0.713329	-0.093565	-0.688397	-0.696732	-0.201677
57219	9.596243	-1.368055	-3.624124	0.292100	3.202048	-0.119310	-0.186073	-0.054157	0.981042	-0.696798	0.711226	-0.092899	-0.692712	-0.700874	-0.170076
57220	9.928895	-0.610459	-2.831333	0.274633	3.193047	-0.063446	-0.163401	-0.032184	0.986035	-0.698828	0.709263	-0.092656	-0.696376	-0.704209	-0.138386
57221	9.820351	-0.399510	-2.605159	0.180614	3.165478	0.000751	-0.141269	-0.009873	0.989922	-0.700076	0.708007	-0.092844	-0.699955	-0.706136	-0.106931
57222	9.673931	-0.382093	-2.265236	0.145350	3.098467	0.057385	-0.119886	0.012418	0.992710	-0.701032	0.706974	-0.093505	-0.702981	-0.707131	-0.076050
57223	9.526036	-0.478468	-2.147951	0.074913	3.001044	0.091803	-0.099354	0.034269	0.994462	-0.701445	0.706441	-0.094423	-0.705765	-0.706941	-0.046150
57224	9.514981	-0.739829	-2.244166	0.013718	2.878534	0.099041	-0.079649	0.055291	0.995288	-0.701465	0.706294	-0.095372	-0.708239	-0.705756	-0.017471
57225	9.581536	-1.399075	-2.186730	0.018857	2.736369	0.100937	-0.060915	0.075276	0.995300	-0.701512	0.706116	-0.096339	-0.710049	-0.704084	0.009793
57226	9.205763	-2.341068	-2.392993	0.118703	2.577322	0.079529	-0.043122	0.093956	0.994642	-0.702326	0.705207	-0.097064	-0.710548	-0.702748	0.035578
57227	10.056144	-2.630895	-2.185483	0.514720	2.365850	0.040109	-0.026590	0.110860	0.993480	-0.705945	0.701568	-0.097181	-0.707767	-0.703927	0.059606
57228	8.206150	-1.365299	-1.396371	0.828400	2.112365	0.060490	-0.012080	0.126182	0.991934	-0.711762	0.695669	-0.097163	-0.702317	-0.707194	0.081408
57229	7.803647	-0.396686	-0.223304	0.789978	1.742772	0.074283	-0.000383	0.139031	0.990288	-0.717266	0.689994	-0.097149	-0.696800	-0.710337	0.099458
57230	7.179342	0.505638	0.438460	0.543848	1.326471	0.081087	0.008295	0.149018	0.988800	-0.721034	0.686029	-0.097340	-0.692850	-0.712151	0.113138
57231	6.977871	0.693403	0.773369	0.048065	0.873949	0.080650	0.013804	0.155773	0.987696	-0.721357	0.685588	-0.098045	-0.692425	-0.711129	0.121831
