// General information: 
//  MT Manager version: 2022.2.0 
//  XDA version: 2022.2.0 build 7381 rev 124627 built on 2023-07-19
// Device information: 
//  DeviceId: 00B4CAF0
//  ProductCode: MTW2-3A7G6
//  Firmware Version: 4.6.0
//  Hardware Version: 2.0.0
// Device settings: 
//  Filter Profile: human(46.1)
//  Option Flags: Orientation Smoother Disabled, Position/Velocity Smoother Disabled, Continuous Zero Rotation Update Disabled, AHS Disabled, ICC Disabled
// Coordinate system: ENU
PacketCounter	Acc_X	Acc_Y	Acc_Z	Gyr_X	Gyr_Y	Gyr_Z	Mat[1][1]	Mat[2][1]	Mat[3][1]	Mat[1][2]	Mat[2][2]	Mat[3][2]	Mat[1][3]	Mat[2][3]	Mat[3][3]
62452	5.994104	0.534917	8.267454	-0.003420	0.007531	0.007622	0.167800	-0.791163	0.588136	0.967656	0.246184	0.055088	-0.188373	0.559870	0.806883
62453	6.064548	0.505418	8.277193	-0.000493	0.007395	0.009370	0.167857	-0.791166	0.588116	0.967655	0.246203	0.055024	-0.188329	0.559857	0.806903
62454	6.091565	0.504558	8.257311	-0.004705	0.012206	0.006132	0.167893	-0.791204	0.588054	0.967665	0.246180	0.054951	-0.188245	0.559813	0.806953
62455	6.063661	0.456746	8.251576	-0.002907	0.018316	0.004916	0.167938	-0.791278	0.587942	0.967673	0.246162	0.054893	-0.188164	0.559717	0.807038
62456	6.068253	0.506309	8.231813	-0.001148	0.022898	0.003653	0.167971	-0.791382	0.587793	0.967681	0.246139	0.054863	-0.188096	0.559580	0.807149
62457	6.064785	0.481493	8.231911	-0.004105	0.030595	0.005188	0.168031	-0.791526	0.587582	0.967693	0.246106	0.054795	-0.187979	0.559392	0.807307
62458	6.055946	0.430858	8.254841	-0.002660	0.032036	0.006872	0.168113	-0.791673	0.587360	0.967698	0.246100	0.054734	-0.187881	0.559186	0.807473
62459	6.055709	0.478928	8.260018	-0.003827	0.036754	0.003860	0.168170	-0.791854	0.587099	0.967712	0.246056	0.054676	-0.187754	0.558949	0.807666
62460	6.034851	0.529827	8.237653	-0.003904	0.038242	0.005430	0.168249	-0.792040	0.586827	0.967722	0.246032	0.054614	-0.187634	0.558696	0.807869
62461	6.083336	0.527260	8.223451	-0.008383	0.045988	0.006850	0.168356	-0.792264	0.586492	0.967739	0.245990	0.054501	-0.187450	0.558396	0.808119
62462	5.795544	0.464540	8.277775	-0.005337	0.050439	0.008747	0.168490	-0.792510	0.586123	0.967746	0.245984	0.054408	-0.187295	0.558051	0.808393
62463	5.556785	0.484956	8.540525	0.010772	0.004255	0.000953	0.168463	-0.792515	0.586124	0.967737	0.246003	0.054483	-0.187367	0.558035	0.808388
62464	6.095767	0.475685	8.252060	0.011876	-0.024719	-0.004417	0.168328	-0.792373	0.586354	0.967733	0.245989	0.054606	-0.187505	0.558243	0.808212
62465	6.090393	0.355069	8.243495	0.010610	-0.001861	0.000758	0.168287	-0.792344	0.586404	0.967725	0.246006	0.054682	-0.187586	0.558276	0.808171
62466	6.018779	0.432491	8.260744	0.016805	-0.011100	-0.003636	0.168186	-0.792276	0.586525	0.967711	0.246026	0.054840	-0.187749	0.558363	0.808072
62467	6.077559	0.553769	8.251302	0.010926	0.001280	-0.002189	0.168124	-0.792273	0.586548	0.967706	0.246022	0.054936	-0.187828	0.558370	0.808049
62468	6.054712	0.580593	8.249135	0.010768	-0.000290	-0.000716	0.168071	-0.792258	0.586583	0.967699	0.246032	0.055028	-0.187914	0.558387	0.808017
62469	6.080783	0.556720	8.227492	0.006292	0.012002	0.002365	0.168073	-0.792303	0.586521	0.967695	0.246038	0.055059	-0.187931	0.558320	0.808060
62470	6.073715	0.507109	8.249041	0.004726	0.005974	0.000537	0.168044	-0.792320	0.586507	0.967697	0.246024	0.055096	-0.187948	0.558302	0.808068
62471	6.076548	0.508559	8.225625	0.001732	0.016690	0.003685	0.168062	-0.792390	0.586408	0.967701	0.246009	0.055083	-0.187909	0.558210	0.808141
62472	6.045800	0.484345	8.245697	0.001894	0.022807	0.003876	0.168097	-0.792493	0.586259	0.967703	0.246005	0.055077	-0.187871	0.558066	0.808250
62473	6.017371	0.509019	8.268985	0.005172	0.022794	0.001065	0.168113	-0.792599	0.586110	0.967701	0.246003	0.055106	-0.187861	0.557915	0.808355
62474	6.020492	0.534796	8.247832	0.000530	0.024425	0.002287	0.168136	-0.792715	0.585947	0.967708	0.245979	0.055098	-0.187807	0.557762	0.808474
62475	6.010838	0.460346	8.268805	0.000412	0.024384	0.003809	0.168174	-0.792825	0.585786	0.967714	0.245962	0.055073	-0.187745	0.557611	0.808592
62476	5.984807	0.461765	8.266523	0.000609	0.022937	0.000718	0.168178	-0.792937	0.585634	0.967723	0.245926	0.055075	-0.187694	0.557469	0.808702
62477	5.984214	0.486282	8.269403	0.005173	0.022795	0.001067	0.168189	-0.793045	0.585484	0.967723	0.245917	0.055105	-0.187681	0.557319	0.808809
62478	5.945703	0.459794	8.337663	0.003451	0.019743	0.002376	0.168203	-0.793134	0.585359	0.967724	0.245910	0.055120	-0.187663	0.557195	0.808898
62479	5.905036	0.490120	8.284564	0.005167	0.013702	-0.002263	0.168161	-0.793201	0.585281	0.967731	0.245870	0.055170	-0.187664	0.557118	0.808951
62480	5.785665	0.488916	8.414322	0.007404	-0.007883	0.000344	0.168104	-0.793141	0.585379	0.967728	0.245869	0.055229	-0.187731	0.557203	0.808877
62481	6.027774	0.508622	8.303816	0.016603	-0.023296	-0.005519	0.167955	-0.793011	0.585598	0.967721	0.245861	0.055391	-0.187901	0.557393	0.808707
62482	6.001470	0.438505	8.294274	0.010442	-0.017071	-0.002751	0.167851	-0.792907	0.585768	0.967718	0.245852	0.055492	-0.188013	0.557544	0.808577
62483	5.971529	0.438841	8.337421	0.016681	-0.024784	-0.007087	0.167693	-0.792771	0.585998	0.967710	0.245842	0.055663	-0.188191	0.557742	0.808398
62484	6.025132	0.616115	8.230006	0.020125	-0.014133	-0.008045	0.167543	-0.792697	0.586141	0.967697	0.245845	0.055874	-0.188391	0.557846	0.808280
62485	6.010024	0.516667	8.295113	0.013523	-0.020182	-0.004134	0.167419	-0.792578	0.586336	0.967692	0.245839	0.056002	-0.188530	0.558017	0.808130
62486	6.049733	0.640936	8.256842	0.015281	-0.020148	-0.007060	0.167268	-0.792468	0.586528	0.967686	0.245823	0.056168	-0.188694	0.558180	0.807979
62487	5.995324	0.570909	8.267948	0.010287	-0.014092	0.000387	0.167200	-0.792374	0.586675	0.967679	0.245835	0.056244	-0.188792	0.558309	0.807867
62488	6.104390	0.569692	8.209320	0.013168	-0.020302	0.000431	0.167121	-0.792244	0.586873	0.967664	0.245867	0.056349	-0.188935	0.558479	0.807716
62489	6.063682	0.446341	8.269591	0.004285	-0.006298	0.001681	0.167079	-0.792189	0.586959	0.967666	0.245854	0.056368	-0.188961	0.558563	0.807652
62490	6.091819	0.374913	8.220309	0.007762	-0.003213	-0.002559	0.167003	-0.792162	0.587017	0.967667	0.245832	0.056447	-0.189023	0.558610	0.807604
62491	6.039726	0.449324	8.265733	0.009842	0.009053	-0.005113	0.166930	-0.792209	0.586975	0.967669	0.245802	0.056551	-0.189080	0.558557	0.807628
62492	6.098529	0.594668	8.258480	0.006958	0.010716	-0.006819	0.166839	-0.792271	0.586918	0.967679	0.245742	0.056648	-0.189111	0.558496	0.807663
62493	6.044277	0.572609	8.274431	0.001884	0.013715	0.000535	0.166823	-0.792331	0.586841	0.967688	0.245705	0.056655	-0.189080	0.558427	0.807718
62494	6.020093	0.598454	8.273232	0.000405	0.019839	0.002127	0.166835	-0.792421	0.586715	0.967695	0.245679	0.056647	-0.189032	0.558310	0.807810
62495	5.996061	0.624097	8.271930	0.001330	0.010498	0.006527	0.166872	-0.792449	0.586667	0.967694	0.245688	0.056615	-0.189001	0.558267	0.807847
62496	5.996562	0.575959	8.245438	-0.008116	0.007642	0.008782	0.166926	-0.792455	0.586644	0.967706	0.245667	0.056499	-0.188892	0.558268	0.807872
62497	6.018772	0.549147	8.248144	-0.004836	0.007627	0.005971	0.166967	-0.792464	0.586620	0.967714	0.245654	0.056418	-0.188814	0.558260	0.807895
62498	6.011824	0.498396	8.269739	-0.004955	0.007588	0.007492	0.167008	-0.792473	0.586596	0.967723	0.245641	0.056335	-0.188736	0.558254	0.807918
62499	6.033953	0.471969	8.272470	-0.001516	0.009142	0.003207	0.167012	-0.792500	0.586558	0.967733	0.245609	0.056298	-0.188680	0.558229	0.807948
62500	5.935637	0.453494	8.256677	0.000202	0.007646	0.000234	0.166983	-0.792527	0.586530	0.967744	0.245566	0.056300	-0.188651	0.558209	0.807969
62501	5.839291	0.498165	8.417253	0.007763	-0.003214	-0.002555	0.166905	-0.792501	0.586588	0.967746	0.245538	0.056372	-0.188705	0.558259	0.807921
62502	5.831503	0.648709	8.373584	0.005203	-0.020188	0.004422	0.166864	-0.792362	0.586786	0.967741	0.245557	0.056390	-0.188771	0.558448	0.807776
62503	5.955628	0.522335	8.334616	0.006276	-0.041603	0.002365	0.166774	-0.792107	0.587156	0.967735	0.245574	0.056420	-0.188881	0.558802	0.807505
62504	5.961745	0.571256	8.335043	0.001789	-0.042950	0.000450	0.166652	-0.791851	0.587537	0.967742	0.245542	0.056434	-0.188952	0.559179	0.807227
62505	5.842550	0.530122	8.310965	-0.000013	-0.049058	0.001670	0.166531	-0.791557	0.587967	0.967752	0.245507	0.056418	-0.189009	0.559610	0.806915
62506	5.924333	0.421927	8.412129	0.005373	-0.084335	-0.001981	0.166307	-0.791075	0.588679	0.967756	0.245477	0.056475	-0.189183	0.560306	0.806392
62507	6.144753	0.570573	8.200670	0.002608	-0.078082	-0.003545	0.166076	-0.790631	0.589340	0.967771	0.245410	0.056512	-0.189310	0.560961	0.805906
62508	5.991605	0.326130	8.331833	-0.001835	-0.073351	-0.003746	0.165856	-0.790213	0.589962	0.967792	0.245325	0.056521	-0.189396	0.561586	0.805450
62509	5.986915	0.571302	8.338344	-0.001501	-0.082324	-0.011632	0.165548	-0.789763	0.590651	0.967825	0.245182	0.056572	-0.189495	0.562281	0.804942
62510	5.981133	0.662263	8.459515	-0.010126	-0.094556	-0.003434	0.165290	-0.789224	0.591443	0.967861	0.245053	0.056512	-0.189535	0.563094	0.804364
62511	5.998177	0.615817	8.378168	-0.030739	-0.112406	-0.000878	0.165034	-0.788575	0.592379	0.967931	0.244836	0.056264	-0.189404	0.564096	0.803692
62512	6.022433	0.631816	8.448812	-0.040261	-0.118313	0.001315	0.164778	-0.787889	0.593363	0.968016	0.244574	0.055934	-0.189191	0.565168	0.802989
62513	5.928285	0.606167	8.474239	-0.075457	-0.136975	-0.006388	0.164417	-0.787112	0.594493	0.968180	0.244053	0.055361	-0.188663	0.566474	0.802193
62514	5.438646	0.780844	9.118808	-0.132771	-0.166160	-0.051197	0.163563	-0.786279	0.595829	0.968525	0.242852	0.054603	-0.187631	0.568145	0.801253
62515	4.941808	0.213450	8.679887	-0.131465	-0.301289	-0.038261	0.162589	-0.784639	0.598253	0.968845	0.241759	0.053774	-0.186827	0.570871	0.799501
62516	4.923423	0.983988	9.563109	-0.023827	-0.440207	0.050833	0.162212	-0.781980	0.601826	0.968818	0.241976	0.053281	-0.187292	0.574417	0.796848
62517	5.368525	0.769813	8.667937	-0.003434	-0.538541	0.046209	0.161609	-0.778747	0.606165	0.968761	0.242273	0.052970	-0.188108	0.578668	0.793573
62518	4.909408	0.732930	9.576281	-0.032421	-0.737299	0.072036	0.160872	-0.774268	0.612070	0.968717	0.242599	0.052278	-0.188964	0.584512	0.789074
62519	5.262306	0.831284	9.155884	-0.062349	-0.923527	0.093734	0.159992	-0.768593	0.619409	0.968695	0.242914	0.051207	-0.189820	0.591826	0.783397
62520	4.849799	0.899375	10.230467	-0.048722	-1.161064	0.154763	0.159234	-0.761275	0.628573	0.968552	0.243762	0.049865	-0.191183	0.600866	0.776150
62521	5.054579	0.760201	9.823320	0.016279	-1.400117	0.167896	0.158124	-0.752361	0.639491	0.968267	0.245085	0.048923	-0.193538	0.611462	0.767240
62522	4.927033	1.331019	10.120642	-0.042077	-1.763858	0.245001	0.157016	-0.740838	0.653073	0.967974	0.246609	0.047024	-0.195891	0.624774	0.755833
62523	5.829116	0.653991	9.642218	-0.001431	-1.958177	0.277900	0.155799	-0.727759	0.667902	0.967553	0.248596	0.045178	-0.198916	0.639192	0.742876
62524	5.842669	1.072109	9.463086	0.060676	-2.167989	0.341295	0.154699	-0.712861	0.684031	0.966913	0.251402	0.043323	-0.202850	0.654696	0.728166
62525	6.909649	1.055326	8.266720	0.159009	-2.391675	0.407587	0.153682	-0.695955	0.701448	0.965969	0.255282	0.041646	-0.208051	0.671177	0.711503
62526	8.875966	4.856973	9.345954	0.281546	-2.365224	0.382342	0.152331	-0.678891	0.718264	0.964801	0.259777	0.040920	-0.214369	0.686748	0.694566
62527	9.203333	11.479558	10.941136	-0.538456	-1.909936	0.409933	0.152172	-0.664556	0.731579	0.965337	0.258750	0.034250	-0.212057	0.701009	0.680895
62528	9.768869	5.996748	11.267000	-1.254846	-1.397060	0.135737	0.150545	-0.654309	0.741091	0.967741	0.250726	0.024779	-0.202024	0.713454	0.670947
62529	7.001753	0.727201	11.161101	-0.846485	-0.759164	-0.427360	0.144854	-0.649900	0.746088	0.970063	0.241826	0.022310	-0.194923	0.720521	0.665473
62530	3.557267	0.037212	9.679396	-0.146570	-0.509897	-0.742750	0.136606	-0.647968	0.749317	0.971404	0.235903	0.026902	-0.194198	0.724215	0.661665
62531	2.607273	2.275268	9.337539	0.116965	-0.336914	-0.742971	0.128686	-0.647244	0.751342	0.972172	0.231897	0.033260	-0.195761	0.726153	0.659074
62532	3.177040	2.251858	9.731610	-0.017574	-0.077472	-0.564901	0.122994	-0.647958	0.751680	0.972927	0.228067	0.037401	-0.195667	0.726730	0.658467
62533	3.549222	0.063407	10.249899	-0.087410	0.262060	-0.387590	0.119690	-0.650722	0.749824	0.973577	0.224872	0.039745	-0.194478	0.725254	0.660443
62534	3.482558	-1.778361	10.466089	0.090431	0.625748	-0.249719	0.118430	-0.655784	0.745602	0.973708	0.223851	0.042223	-0.194592	0.720998	0.665053
62535	3.411311	-1.914595	10.411222	0.363867	0.984667	-0.096149	0.119380	-0.663049	0.738996	0.973120	0.225784	0.045379	-0.196942	0.713714	0.672180
62536	3.385354	-1.317785	10.223755	0.538360	1.310183	0.096238	0.122874	-0.672093	0.730201	0.971943	0.230198	0.048326	-0.200570	0.703775	0.681522
62537	3.463555	-0.969584	10.022948	0.597313	1.595004	0.291411	0.128892	-0.682529	0.719403	0.970377	0.236296	0.050327	-0.204341	0.691605	0.692767
62538	3.664520	-0.678402	9.730340	0.628826	1.841232	0.442758	0.136934	-0.694050	0.706784	0.968503	0.243604	0.051575	-0.207971	0.677459	0.705547
62539	3.844408	-0.206200	9.585415	0.633357	2.043668	0.516324	0.146172	-0.706446	0.692508	0.966455	0.251417	0.052481	-0.211183	0.661607	0.719498
62540	4.082777	0.451770	9.414989	0.598554	2.199729	0.502491	0.155650	-0.719511	0.676814	0.964437	0.258864	0.053398	-0.213624	0.644433	0.734214
62541	4.241212	1.030007	9.323935	0.509211	2.311100	0.409508	0.164507	-0.733115	0.659909	0.962702	0.265031	0.054443	-0.214809	0.626339	0.749371
62542	4.397256	1.527656	9.216763	0.379601	2.368963	0.260965	0.172056	-0.747021	0.642150	0.961460	0.269260	0.055622	-0.214456	0.607831	0.764558
62543	4.653429	1.691680	9.121123	0.226616	2.378740	0.050714	0.177582	-0.761117	0.623831	0.960899	0.270956	0.057053	-0.212455	0.589307	0.779474
62544	4.882981	1.812431	8.866545	0.090743	2.344004	-0.179733	0.180749	-0.775189	0.605319	0.961043	0.270057	0.058874	-0.209110	0.571096	0.793803
62545	5.468623	1.734021	8.721216	-0.027834	2.270652	-0.422251	0.181348	-0.789086	0.586904	0.961877	0.266555	0.061169	-0.204710	0.553437	0.807342
62546	6.355641	1.375005	8.670413	-0.098945	2.215504	-0.659266	0.179436	-0.802880	0.568494	0.963278	0.260723	0.064174	-0.199743	0.536103	0.820180
62547	7.085391	0.810712	8.545237	-0.109110	2.176946	-0.890046	0.175109	-0.816645	0.549934	0.965083	0.252897	0.068248	-0.194811	0.518781	0.832415
62548	7.608265	0.533750	8.413086	-0.094808	2.126725	-1.082248	0.168702	-0.830169	0.531375	0.967138	0.243456	0.073304	-0.190221	0.501546	0.843959
62549	7.973917	0.364589	8.214047	-0.132839	2.062494	-1.187157	0.161042	-0.843163	0.512974	0.969356	0.232825	0.078371	-0.185512	0.484633	0.854819
62550	8.066609	-0.089595	7.760857	-0.199076	1.984626	-1.215115	0.152835	-0.855367	0.494963	0.971638	0.221511	0.082780	-0.180447	0.468273	0.864962
62551	6.970892	-0.540615	6.987221	-0.274134	1.841504	-1.176147	0.144627	-0.866384	0.477976	0.973885	0.210079	0.086111	-0.175018	0.453040	0.874142
62552	5.890893	-1.051273	6.298352	-0.280281	1.559349	-1.069361	0.136847	-0.875526	0.463386	0.975884	0.199468	0.088679	-0.170071	0.440075	0.881708
62553	5.039999	-1.429893	5.491966	-0.200640	1.157366	-0.972680	0.129255	-0.882452	0.452295	0.977525	0.190000	0.091349	-0.166547	0.430323	0.887178
62554	5.949861	-0.748992	5.447989	-0.085072	0.687603	-0.905294	0.121494	-0.887062	0.445377	0.978810	0.181582	0.094650	-0.164833	0.424440	0.890326
62555	7.938581	0.375968	5.800988	-0.069280	0.364511	-0.828728	0.113936	-0.890070	0.441354	0.979909	0.173880	0.097696	-0.163699	0.421356	0.891999
62556	9.570355	0.676494	6.179050	-0.110812	0.220363	-0.730625	0.107088	-0.892230	0.438700	0.980905	0.166858	0.099915	-0.162348	0.419624	0.893062
62557	10.426200	0.431367	6.230348	-0.135655	0.182002	-0.610757	0.101347	-0.893986	0.436484	0.981770	0.160790	0.101365	-0.160801	0.418253	0.893984
62558	10.468731	-0.249747	5.845314	-0.093086	0.174570	-0.461866	0.097046	-0.895435	0.434487	0.982385	0.156223	0.102537	-0.159692	0.416882	0.894823
62559	10.516091	-0.990851	5.090485	0.022297	0.140360	-0.300547	0.094276	-0.896476	0.432947	0.982645	0.153578	0.104028	-0.159749	0.415626	0.895397
62560	10.320532	-1.184849	4.168086	0.177455	0.081121	-0.104185	0.093338	-0.896960	0.432146	0.982466	0.153335	0.106060	-0.161395	0.414669	0.895545
62561	10.076156	-0.936773	3.260943	0.291843	-0.015180	0.110564	0.094357	-0.896717	0.432430	0.981896	0.155490	0.108183	-0.164248	0.414393	0.895154
62562	9.461604	-0.305326	2.557750	0.344166	-0.187926	0.309473	0.097037	-0.895437	0.434483	0.981036	0.159646	0.109913	-0.167784	0.415578	0.893948
62563	7.375955	2.871746	1.352419	0.090440	-0.644378	0.509716	0.100907	-0.891904	0.440823	0.980389	0.164532	0.108476	-0.169280	0.421232	0.891015
62564	4.535363	2.666731	0.415373	-0.341947	-1.071037	0.678851	0.105716	-0.886194	0.451093	0.980271	0.169065	0.102403	-0.167013	0.431368	0.886583
62565	4.711450	-0.563417	1.831533	-0.638383	-1.573240	0.631411	0.109272	-0.878200	0.465643	0.980653	0.171786	0.093859	-0.162419	0.446378	0.879981
62566	6.162301	0.553277	2.927207	-0.144153	-2.109443	0.197352	0.107727	-0.868233	0.484320	0.980682	0.172807	0.091656	-0.163272	0.465090	0.870077
62567	6.553339	4.226346	5.272798	-0.113908	-2.340773	-0.149635	0.102378	-0.857349	0.504451	0.981035	0.170927	0.091402	-0.164588	0.485527	0.858589
62568	9.299673	5.288799	7.984463	-0.391371	-2.291017	-0.483843	0.093831	-0.846791	0.523585	0.982159	0.164819	0.090548	-0.162972	0.505747	0.847148
62569	10.161651	4.892324	12.444333	-0.628691	-1.940034	-0.848346	0.082329	-0.838146	0.539196	0.983925	0.154390	0.089755	-0.158474	0.523139	0.837384
62570	11.037288	5.498427	16.463985	-0.843555	-1.321498	-1.085734	0.069544	-0.832737	0.549284	0.986062	0.140808	0.088627	-0.151146	0.535465	0.830922
62571	7.681737	3.205094	18.206544	-1.137760	-0.367012	-0.965688	0.059431	-0.832034	0.551531	0.988349	0.126603	0.084491	-0.140125	0.540084	0.829864
62572	4.637678	-6.169214	10.218617	-1.001567	-0.300519	-0.505888	0.053977	-0.831003	0.553644	0.989996	0.116922	0.078979	-0.130365	0.543842	0.829000
62573	2.780454	-10.079710	9.031868	-0.569169	-0.571435	0.220373	0.055386	-0.827603	0.558575	0.990608	0.115591	0.073039	-0.125014	0.549284	0.826232
62574	11.729075	-10.005263	11.955124	-0.107534	-0.772313	0.440388	0.058742	-0.822800	0.565287	0.990496	0.118585	0.069678	-0.124365	0.555822	0.821946
62575	11.438993	2.059238	8.829223	0.156455	-0.213885	-0.028019	0.058156	-0.821622	0.567059	0.990323	0.119177	0.071113	-0.126009	0.557436	0.820602
62576	4.723686	4.690762	6.824258	-0.080265	0.075401	0.111603	0.059312	-0.821889	0.566552	0.990364	0.119600	0.069822	-0.125146	0.556951	0.821063
62577	5.605917	1.191486	9.129023	-0.140076	-0.188532	0.112811	0.060153	-0.820681	0.568212	0.990477	0.119697	0.068026	-0.123841	0.558709	0.820066
62578	6.229186	-2.084177	9.284541	-0.044918	-0.109199	0.035285	0.060324	-0.820008	0.569164	0.990517	0.119689	0.067457	-0.123438	0.559698	0.819452
62579	6.313762	0.006744	8.567006	0.104044	-0.218637	-0.046907	0.059546	-0.818817	0.570958	0.990423	0.119839	0.068570	-0.124569	0.561406	0.818111
62580	6.765302	2.364476	8.092005	0.039779	-0.092376	-0.028743	0.059103	-0.818313	0.571727	0.990396	0.119781	0.069059	-0.124994	0.562154	0.817533
62581	6.683747	1.534556	8.188843	-0.042165	-0.012529	0.012655	0.059171	-0.818205	0.571873	0.990447	0.119599	0.068636	-0.124553	0.562349	0.817466
62582	6.450978	0.448487	8.481909	0.008444	0.029285	0.001024	0.059174	-0.818349	0.571667	0.990441	0.119608	0.068699	-0.124596	0.562138	0.817604
62583	6.415450	0.860756	8.135831	0.023943	0.078564	0.003900	0.059268	-0.818764	0.571063	0.990416	0.119726	0.068866	-0.124756	0.561509	0.818012
62584	5.806022	1.199618	8.113694	0.003962	0.108450	0.033328	0.059690	-0.819312	0.570232	0.990396	0.119975	0.068709	-0.124707	0.560654	0.818605
62585	5.463877	0.915061	8.252118	-0.022577	0.094977	0.042560	0.060188	-0.819771	0.569519	0.990405	0.120149	0.068275	-0.124397	0.559946	0.819138
62586	5.396153	0.418076	8.430423	-0.015668	0.061380	0.042521	0.060642	-0.820044	0.569078	0.990405	0.120363	0.067905	-0.124181	0.559500	0.819475
62587	5.379676	-0.005844	8.449493	0.007669	0.025886	0.029914	0.060928	-0.820131	0.568922	0.990383	0.120603	0.067791	-0.124211	0.559321	0.819592
62588	5.833482	0.342699	8.621204	0.013917	-0.011728	0.020360	0.061072	-0.820021	0.569065	0.990359	0.120801	0.067789	-0.124332	0.559439	0.819493
62589	5.570702	0.227118	8.438200	0.002199	0.026282	0.021809	0.061279	-0.820120	0.568900	0.990350	0.120944	0.067676	-0.124308	0.559263	0.819617
62590	5.381960	0.507373	8.469607	0.001313	-0.015389	0.025217	0.061466	-0.819984	0.569077	0.990338	0.121112	0.067544	-0.124307	0.559427	0.819506
62591	5.720516	0.988891	8.288568	-0.026310	-0.036308	0.030792	0.061684	-0.819722	0.569431	0.990358	0.121168	0.067146	-0.124038	0.559799	0.819292
62592	5.800060	1.064925	8.260279	-0.055834	-0.038816	0.035852	0.061948	-0.819441	0.569806	0.990411	0.121103	0.066485	-0.123485	0.560223	0.819086
62593	5.824189	1.263509	8.389679	-0.075642	-0.034103	0.051392	0.062373	-0.819166	0.570155	0.990479	0.121052	0.065566	-0.122727	0.560636	0.818917
62594	5.454346	1.350029	8.239817	-0.097845	-0.058563	0.066392	0.062915	-0.818738	0.570711	0.990562	0.121000	0.064386	-0.121771	0.561273	0.818623
62595	5.606678	1.264491	8.275704	-0.136496	-0.109211	0.101345	0.063745	-0.817980	0.571704	0.990670	0.121014	0.062684	-0.120458	0.562374	0.818062
62596	6.004456	0.579073	8.442846	-0.149636	-0.107037	0.111148	0.064675	-0.817223	0.572682	0.990783	0.121034	0.060824	-0.119021	0.563469	0.817518
62597	6.373392	0.287385	8.407560	-0.119562	-0.107202	0.099773	0.065495	-0.816476	0.573653	0.990866	0.121126	0.059269	-0.117877	0.564532	0.816951
62598	6.350288	0.312565	8.278529	-0.087789	-0.054191	0.073664	0.066118	-0.816060	0.574172	0.990926	0.121186	0.058130	-0.117019	0.565119	0.816668
62599	6.202473	0.196557	8.461722	-0.058099	-0.028215	0.060929	0.066647	-0.815805	0.574474	0.990960	0.121306	0.057300	-0.116432	0.565462	0.816515
62600	6.230647	0.313169	8.282044	-0.028884	-0.020070	0.039282	0.066970	-0.815624	0.574694	0.990973	0.121416	0.056839	-0.116136	0.565699	0.816392
62601	6.146047	0.145688	8.370582	-0.014854	0.024020	0.026517	0.067219	-0.815706	0.574549	0.990979	0.121500	0.056559	-0.115943	0.565564	0.816514
62602	5.968696	0.190176	8.525436	0.011572	0.037016	0.000373	0.067223	-0.815894	0.574280	0.990971	0.121522	0.056651	-0.116009	0.565286	0.816697
62603	5.978514	0.429593	8.412945	0.021948	0.031969	-0.012941	0.067090	-0.816069	0.574048	0.990960	0.121492	0.056899	-0.116175	0.565041	0.816843
62604	5.814429	0.515458	8.475743	0.023715	0.047785	-0.019402	0.066910	-0.816342	0.573679	0.990951	0.121421	0.057204	-0.116355	0.564661	0.817080
62605	5.798238	0.879563	8.351029	0.020956	0.019943	-0.016902	0.066724	-0.816454	0.573543	0.990945	0.121353	0.057466	-0.116519	0.564515	0.817157
62606	5.888787	0.880207	8.392028	-0.000182	0.023222	-0.003054	0.066678	-0.816568	0.573385	0.990952	0.121281	0.057482	-0.116479	0.564364	0.817267
62607	5.703133	0.961896	8.449085	-0.011362	-0.002293	0.008128	0.066714	-0.816524	0.573444	0.990967	0.121234	0.057336	-0.116338	0.564439	0.817236
62608	5.899225	0.916328	8.474112	-0.021287	-0.021784	0.021351	0.066857	-0.816355	0.573668	0.990983	0.121242	0.057040	-0.116118	0.564681	0.817099
62609	5.830410	0.735056	8.485796	-0.023362	-0.045653	0.033382	0.067094	-0.816035	0.574096	0.990994	0.121334	0.056652	-0.115887	0.565124	0.816826
62610	5.902033	0.573168	8.397376	-0.021947	-0.041051	0.033808	0.067338	-0.815741	0.574484	0.991002	0.121440	0.056279	-0.115674	0.565525	0.816579
62611	5.910965	0.472566	8.381728	-0.023166	-0.059499	0.033994	0.067565	-0.815342	0.575024	0.991012	0.121537	0.055888	-0.115455	0.566080	0.816225
62612	6.027711	0.384306	8.310149	-0.024839	-0.042508	0.031942	0.067789	-0.815042	0.575423	0.991025	0.121611	0.055502	-0.115214	0.566496	0.815971
62613	6.051819	0.453833	8.321461	-0.021210	-0.035730	0.023487	0.067939	-0.814789	0.575763	0.991040	0.121633	0.055188	-0.114999	0.566855	0.815752
62614	6.008073	0.577026	8.280427	-0.021628	-0.017404	0.024700	0.068121	-0.814640	0.575952	0.991053	0.121666	0.054870	-0.114773	0.567061	0.815640
62615	6.090863	0.457809	8.251564	-0.023481	-0.008365	0.026702	0.068334	-0.814538	0.576071	0.991068	0.121702	0.054519	-0.114516	0.567200	0.815580
62616	5.929065	0.486489	8.329977	-0.012281	0.006243	0.017856	0.068475	-0.814532	0.576063	0.991076	0.121731	0.054316	-0.114367	0.567203	0.815599
62617	5.929530	0.460279	8.327307	-0.010860	0.010842	0.018284	0.068628	-0.814549	0.576021	0.991082	0.121770	0.054116	-0.114222	0.567170	0.815642
62618	5.988449	0.469830	8.264152	-0.007263	0.008246	0.012257	0.068715	-0.814561	0.575994	0.991088	0.121782	0.053987	-0.114121	0.567150	0.815670
62619	5.953661	0.409548	8.326446	-0.006028	0.026694	0.012083	0.068824	-0.814676	0.575818	0.991092	0.121798	0.053862	-0.114014	0.566982	0.815801
62620	5.811267	0.589236	8.405583	0.000514	0.017813	0.008933	0.068890	-0.814746	0.575711	0.991091	0.121827	0.053815	-0.113983	0.566875	0.815880
62621	5.778030	0.681270	8.439201	-0.006870	0.007037	0.007601	0.068932	-0.814754	0.575694	0.991100	0.121802	0.053709	-0.113881	0.566868	0.815899
62622	5.716936	0.617313	8.520231	-0.003896	-0.011677	0.012698	0.069001	-0.814653	0.575830	0.991102	0.121837	0.053605	-0.113827	0.567007	0.815810
62623	5.785948	0.734427	8.396438	-0.003081	-0.037425	0.007932	0.068996	-0.814409	0.576175	0.991106	0.121835	0.053528	-0.113792	0.567358	0.815571
62624	5.899881	0.597163	8.342631	-0.006717	-0.044202	0.016383	0.069065	-0.814118	0.576578	0.991108	0.121884	0.053380	-0.113733	0.567764	0.815296
62625	5.983754	0.503957	8.315150	-0.005327	-0.038076	0.016914	0.069148	-0.813859	0.576934	0.991109	0.121943	0.053233	-0.113677	0.568123	0.815055
62626	5.881075	0.542207	8.351370	-0.003345	-0.042321	0.012178	0.069177	-0.813583	0.577318	0.991110	0.121977	0.053136	-0.113650	0.568510	0.814788
62627	5.937030	0.445515	8.343758	-0.003498	-0.040900	0.013798	0.069226	-0.813312	0.577695	0.991110	0.122021	0.053022	-0.113614	0.568889	0.814529
62628	6.053258	0.336217	8.269176	0.001690	-0.035633	0.005364	0.069196	-0.813083	0.578021	0.991110	0.122028	0.053005	-0.113632	0.569215	0.814298
62629	6.015746	0.593970	8.172758	0.006527	-0.019784	-0.000838	0.069124	-0.812949	0.578218	0.991110	0.122010	0.053057	-0.113681	0.569410	0.814155
62630	6.150919	0.182821	8.160411	0.006118	0.004753	-0.000724	0.069079	-0.812957	0.578212	0.991109	0.121992	0.053112	-0.113715	0.569403	0.814156
62631	6.086292	0.345708	8.224196	0.018939	0.031901	-0.013192	0.068943	-0.813132	0.577982	0.991103	0.121944	0.053336	-0.113851	0.569162	0.814305
62632	6.028662	0.491918	8.238023	0.017063	0.042468	-0.011084	0.068838	-0.813367	0.577663	0.991097	0.121905	0.053540	-0.113968	0.568835	0.814517
62633	5.792825	0.480500	8.451627	0.016020	0.053775	-0.019602	0.068664	-0.813675	0.577251	0.991098	0.121788	0.053778	-0.114060	0.568420	0.814794
62634	5.651656	0.691419	8.511076	0.021194	0.026341	-0.021061	0.068442	-0.813830	0.577058	0.991094	0.121691	0.054072	-0.114229	0.568218	0.814911
62635	5.695145	0.516681	8.568250	0.029777	-0.011643	-0.024496	0.068145	-0.813772	0.577176	0.991083	0.121612	0.054450	-0.114502	0.568319	0.814802
62636	5.902172	0.582442	8.358826	0.033488	-0.025036	-0.029713	0.067778	-0.813645	0.577397	0.991070	0.121515	0.054895	-0.114828	0.568521	0.814616
62637	5.755487	0.508928	8.522252	0.027543	-0.026527	-0.031824	0.067391	-0.813511	0.577632	0.991067	0.121364	0.055298	-0.115089	0.568745	0.814422
62638	5.671332	0.774294	8.566724	0.034359	-0.069420	-0.031116	0.066960	-0.813134	0.578213	0.991054	0.121260	0.055758	-0.115453	0.569307	0.813978
62639	5.893582	0.698045	8.310291	0.023337	-0.091654	-0.022752	0.066587	-0.812617	0.578982	0.991048	0.121159	0.056073	-0.115715	0.570065	0.813410
62640	5.840135	0.562801	8.400186	0.026659	-0.103828	-0.023313	0.066192	-0.812033	0.579846	0.991038	0.121076	0.056426	-0.116025	0.570915	0.812770
62641	5.758372	0.648226	8.489979	0.028834	-0.132814	-0.025095	0.065748	-0.811282	0.580947	0.991028	0.120989	0.056800	-0.116369	0.572000	0.811957
62642	6.067617	0.788031	8.297127	0.020901	-0.145635	-0.018904	0.065348	-0.810451	0.582151	0.991021	0.120909	0.057081	-0.116648	0.573194	0.811075
62643	6.019890	0.527331	8.392808	0.009302	-0.131012	-0.011146	0.065043	-0.809690	0.583242	0.991024	0.120823	0.057215	-0.116796	0.574285	0.810281
62644	5.952866	0.747938	8.377857	0.008265	-0.147713	-0.013881	0.064689	-0.808837	0.584464	0.991029	0.120712	0.057364	-0.116950	0.575509	0.809390
62645	5.775348	0.876182	8.458028	-0.009001	-0.146804	-0.008990	0.064387	-0.807980	0.585681	0.991051	0.120539	0.057339	-0.116926	0.576748	0.808511
62646	5.714042	0.776200	8.797745	-0.034578	-0.177962	-0.008395	0.064053	-0.806942	0.587147	0.991103	0.120226	0.057110	-0.116674	0.578265	0.807463
62647	5.227109	1.427612	9.251446	-0.058264	-0.250824	-0.002783	0.063692	-0.805470	0.589205	0.991178	0.119817	0.056651	-0.116228	0.580399	0.805995
62648	5.639931	1.042753	8.865284	-0.096569	-0.358979	0.022387	0.063455	-0.803333	0.592140	0.991281	0.119389	0.055743	-0.115475	0.583440	0.803905
62649	5.255032	1.594428	8.916190	-0.133328	-0.393719	0.051140	0.063468	-0.800946	0.595363	0.991408	0.118971	0.054365	-0.114374	0.586798	0.801615
62650	2.902160	1.756459	10.466165	-0.133027	-0.410420	0.138928	0.064335	-0.798344	0.598755	0.991476	0.119253	0.052472	-0.113294	0.590276	0.799211
62651	2.169315	0.267035	11.123351	0.087609	-1.191933	0.254208	0.065454	-0.790924	0.608404	0.991217	0.121746	0.051631	-0.114907	0.599681	0.791946
62652	4.802657	0.099308	9.569526	0.124866	-1.323429	0.242695	0.066282	-0.782599	0.618988	0.990918	0.124365	0.051128	-0.116993	0.609977	0.783735
62653	3.907381	-0.276294	11.441146	0.040045	-1.904641	0.314609	0.067114	-0.770422	0.633991	0.990668	0.127007	0.049467	-0.118632	0.624755	0.771757
62654	3.262339	-0.015745	12.288550	-0.014412	-2.335469	0.262666	0.066886	-0.755263	0.652000	0.990514	0.128874	0.047672	-0.120031	0.642627	0.756719
62655	3.888064	1.164193	12.474149	-0.130744	-3.133016	0.337198	0.066414	-0.734300	0.675569	0.990453	0.130483	0.044457	-0.120795	0.666167	0.735956
62656	4.388490	0.944929	12.115295	-0.093492	-3.598190	0.400339	0.065963	-0.709306	0.701808	0.990308	0.132692	0.041031	-0.122228	0.692299	0.711184
62657	5.555704	1.306028	11.536875	-0.212309	-4.109358	0.531423	0.066151	-0.679526	0.730663	0.990223	0.134836	0.035749	-0.122812	0.721154	0.681802
62658	7.140995	1.590700	12.703556	0.006916	-4.386970	0.594754	0.066544	-0.646405	0.760087	0.989825	0.138786	0.031372	-0.125768	0.750266	0.649063
62659	9.269420	2.675213	11.397185	-0.001766	-4.644535	0.710827	0.067627	-0.609849	0.789627	0.989357	0.143194	0.025860	-0.128840	0.779474	0.613042
62660	9.025770	5.609265	11.519485	-0.126833	-4.509903	0.766523	0.069314	-0.572942	0.816659	0.989002	0.146678	0.018963	-0.130651	0.806364	0.576808
62661	9.045076	11.261686	15.657574	-0.790080	-3.913488	0.888759	0.073053	-0.539612	0.838739	0.989388	0.145118	0.007189	-0.125595	0.829313	0.544487
62662	11.852377	3.911532	16.890386	-1.626065	-3.261156	0.992418	0.078962	-0.510817	0.856056	0.990571	0.136644	-0.009833	-0.111952	0.848761	0.516790
62663	8.958698	-0.688623	19.806883	-1.102449	-1.488767	0.600971	0.083283	-0.497290	0.863578	0.991270	0.130227	-0.020607	-0.102214	0.857755	0.503794
62664	2.703563	-1.315608	16.532100	-0.134493	-0.932560	0.374455	0.086002	-0.488747	0.868176	0.991096	0.130875	-0.024501	-0.101647	0.862553	0.495651
62665	-2.691606	2.599933	14.765578	0.314877	-0.416473	0.382043	0.089318	-0.484626	0.870150	0.990441	0.135415	-0.026247	-0.105111	0.864176	0.492088
62666	-3.587224	4.005979	13.613670	0.235192	-0.119838	0.571210	0.094804	-0.482770	0.870600	0.989672	0.140170	-0.030042	-0.107528	0.864457	0.491073
62667	-2.293607	2.474512	13.772352	0.121227	0.298171	0.684382	0.101858	-0.484360	0.868919	0.988874	0.144491	-0.035376	-0.108416	0.862854	0.493689
62668	-1.463207	1.242303	13.786159	0.236775	0.842714	0.641194	0.109073	-0.490638	0.864510	0.987946	0.149613	-0.039736	-0.109846	0.858423	0.501043
62669	-1.061416	1.430272	13.318556	0.414925	1.401587	0.529636	0.115822	-0.501802	0.857193	0.986895	0.155754	-0.042169	-0.112351	0.850844	0.513266
62670	-0.609389	1.840678	12.513123	0.476855	1.905139	0.437967	0.122263	-0.517187	0.847095	0.985840	0.161976	-0.043395	-0.114765	0.840406	0.529667
62671	0.445771	1.506436	11.658539	0.459497	2.324142	0.368563	0.128544	-0.535961	0.834400	0.984853	0.167716	-0.043993	-0.116364	0.827416	0.549401
62672	1.491371	0.961187	10.829377	0.457149	2.688651	0.300521	0.134601	-0.557459	0.819220	0.983932	0.173064	-0.043898	-0.117306	0.811966	0.571796
62673	2.462610	0.635395	10.075512	0.470333	2.965891	0.225512	0.140271	-0.580887	0.801807	0.983075	0.178093	-0.042959	-0.117842	0.794262	0.596037
62674	3.413248	0.892562	9.450378	0.467314	3.174071	0.135657	0.145303	-0.605516	0.782456	0.982340	0.182520	-0.041175	-0.117882	0.774620	0.621343
62675	4.391787	1.292231	9.047690	0.404488	3.322273	0.027629	0.149440	-0.630855	0.761374	0.981831	0.185749	-0.038804	-0.116945	0.753339	0.647151
62676	5.377880	1.011544	8.766458	0.328145	3.409658	-0.113140	0.152241	-0.656345	0.738941	0.981630	0.187412	-0.035778	-0.115004	0.730813	0.672820
62677	6.694355	0.178967	8.451809	0.335374	3.446394	-0.276291	0.153424	-0.681652	0.715410	0.981676	0.187942	-0.031453	-0.113015	0.707127	0.697996
62678	7.605728	-0.257230	7.975460	0.459889	3.441411	-0.430946	0.153026	-0.706351	0.691123	0.981828	0.188101	-0.025148	-0.112238	0.682412	0.722300
62679	8.032948	0.133598	7.764731	0.578040	3.377491	-0.534437	0.151544	-0.729986	0.666449	0.981998	0.188100	-0.017264	-0.112757	0.657068	0.745351
62680	8.498561	0.522177	7.705481	0.618295	3.312011	-0.623075	0.149134	-0.752475	0.641515	0.982243	0.187419	-0.008508	-0.113830	0.631392	0.767064
62681	8.623651	0.561486	7.762555	0.614659	3.248798	-0.711494	0.145828	-0.773902	0.616287	0.982596	0.185755	0.000756	-0.115063	0.605451	0.787521
62682	8.523307	0.584519	7.918056	0.602833	3.172083	-0.815380	0.141443	-0.794182	0.590990	0.983078	0.182888	0.010486	-0.116412	0.579506	0.806611
62683	8.293748	0.232274	8.021754	0.584375	3.059949	-0.933220	0.135816	-0.813217	0.565891	0.983694	0.178662	0.020657	-0.117902	0.553857	0.824222
62684	8.415419	-0.391678	8.146263	0.589363	2.902450	-1.067595	0.128717	-0.830794	0.541492	0.984413	0.173031	0.031473	-0.119843	0.529001	0.840116
62685	8.921498	-1.115811	8.245138	0.615619	2.703983	-1.216112	0.119982	-0.846845	0.518129	0.985186	0.165975	0.043137	-0.122527	0.505278	0.854214
62686	9.525306	-1.781509	8.336677	0.649287	2.475614	-1.331350	0.109894	-0.861220	0.496209	0.985917	0.157767	0.055472	-0.126059	0.483124	0.866429
62687	11.131163	-2.527843	7.916928	0.675437	2.243453	-1.385646	0.099070	-0.873959	0.475796	0.986505	0.148900	0.068095	-0.130358	0.462629	0.876916
62688	13.128802	-2.443697	6.930259	0.704745	2.076020	-1.329031	0.088671	-0.885272	0.456543	0.986823	0.140356	0.080498	-0.135341	0.443389	0.886052
62689	14.233528	-2.581038	5.864116	0.676524	1.976331	-1.110189	0.080403	-0.895374	0.437997	0.986835	0.133368	0.091483	-0.140326	0.424875	0.894310
62690	15.377358	-2.988296	4.751530	0.684937	1.870998	-0.789410	0.075245	-0.904181	0.420470	0.986477	0.129068	0.101015	-0.145605	0.407184	0.901666
62691	17.148015	-3.368242	3.580099	0.754147	1.773214	-0.411997	0.073782	-0.911780	0.403996	0.985669	0.128292	0.109530	-0.151697	0.390125	0.908180
62692	18.692262	-3.416473	2.011794	0.854639	1.705566	-0.030827	0.076081	-0.918321	0.388457	0.984373	0.131227	0.117430	-0.158815	0.373452	0.913954
62693	18.240103	-2.779808	0.662089	0.961279	1.626366	0.296793	0.081611	-0.923862	0.373924	0.982580	0.137430	0.125098	-0.166961	0.357201	0.918984
62694	15.103804	0.947807	-2.157097	0.441605	0.829525	0.653189	0.089380	-0.925858	0.367148	0.981284	0.144985	0.126731	-0.170566	0.348949	0.921489
62695	14.104834	-0.337229	-4.144375	-0.020065	0.400177	0.888994	0.098740	-0.925919	0.364588	0.980490	0.153103	0.123281	-0.169968	0.345302	0.922972
62696	14.497215	-1.825926	-5.239318	-0.576662	-0.336547	0.942249	0.107371	-0.923267	0.368849	0.980492	0.159767	0.114494	-0.164639	0.349360	0.922411
62697	12.270718	-1.868610	-3.758193	-0.753588	-1.009064	0.786881	0.113417	-0.918408	0.379031	0.980849	0.164296	0.104599	-0.158338	0.359909	0.919454
62698	11.250172	-2.326717	-4.355902	-0.702942	-1.766841	0.420400	0.114743	-0.911192	0.395681	0.981474	0.165506	0.096520	-0.153436	0.377276	0.913302
62699	8.533949	-0.925898	-2.227493	-0.664133	-2.329265	-0.005960	0.111113	-0.902145	0.416879	0.982496	0.162827	0.090496	-0.149519	0.399526	0.904446
62700	5.952727	1.060588	11.403833	-0.473662	-2.132728	-0.158965	0.106342	-0.893656	0.435971	0.983379	0.159415	0.086903	-0.147161	0.419483	0.895755
62701	14.750307	-2.080571	14.478336	-0.315101	-1.987883	-0.331407	0.100124	-0.885645	0.453441	0.984192	0.155069	0.085557	-0.146088	0.437706	0.887170
62702	12.525952	-1.359976	14.931285	-0.073899	-1.123863	-0.474615	0.093764	-0.881381	0.463008	0.984768	0.150503	0.087073	-0.146428	0.447791	0.882067
62703	5.102961	-2.659000	9.157551	-0.091943	-0.805259	-0.228548	0.090291	-0.878072	0.469933	0.985121	0.148031	0.087319	-0.146237	0.455056	0.878373
62704	1.815190	-3.233277	5.725684	-0.036276	-1.075349	0.187201	0.090515	-0.872835	0.479548	0.985012	0.149457	0.086107	-0.146829	0.464567	0.873281
62705	1.228680	-1.812711	7.365993	0.055298	-1.376882	0.505578	0.093417	-0.865573	0.491992	0.984473	0.154064	0.084121	-0.148611	0.476494	0.866526
62706	7.206779	-0.417339	11.239036	0.169444	-1.703540	0.513730	0.095869	-0.856513	0.507144	0.983740	0.159261	0.083012	-0.151869	0.490939	0.857855
62707	12.289809	2.259235	11.699785	0.160644	-1.556239	0.243335	0.095833	-0.848364	0.520667	0.983269	0.162087	0.083122	-0.154911	0.503990	0.849704
62708	12.211139	4.236334	8.906834	-0.030429	-1.219447	0.186066	0.095724	-0.841836	0.531177	0.983146	0.163459	0.081884	-0.155758	0.514386	0.843295
62709	8.932075	2.994891	9.541967	-0.177185	-0.881574	0.245649	0.096727	-0.836846	0.538825	0.983194	0.164555	0.079071	-0.154836	0.522121	0.838699
62710	9.497402	2.653551	9.944117	-0.259282	-0.850530	0.233655	0.097671	-0.831972	0.546153	0.983373	0.165095	0.075633	-0.153091	0.529686	0.834264
62711	9.027032	1.477296	8.897090	-0.348017	-0.509458	0.222895	0.099047	-0.828874	0.550598	0.983690	0.165046	0.071505	-0.150142	0.534535	0.831703
62712	6.803825	-0.752281	8.979556	-0.273254	-0.344690	0.156546	0.100030	-0.826750	0.553605	0.983949	0.164831	0.068369	-0.147775	0.537880	0.829968
62713	6.253902	-2.080630	9.363980	-0.179738	-0.349700	0.110169	0.100557	-0.824662	0.556615	0.984112	0.164723	0.066261	-0.146330	0.541109	0.828124
62714	6.166001	-1.532033	9.322214	-0.048691	-0.355004	0.039590	0.100383	-0.822653	0.559611	0.984151	0.164739	0.065636	-0.146186	0.544153	0.826152
62715	5.853812	0.496235	8.262145	-0.004039	-0.360814	0.005143	0.099863	-0.820656	0.562629	0.984160	0.164711	0.065566	-0.146478	0.547170	0.824105
62716	6.358498	0.871866	8.218504	-0.017389	-0.298360	0.014611	0.099525	-0.818978	0.565128	0.984179	0.164689	0.065341	-0.146583	0.549684	0.822411
62717	6.306553	0.241055	8.599444	-0.018597	-0.246739	0.026211	0.099379	-0.817555	0.567210	0.984189	0.164753	0.065032	-0.146617	0.551779	0.821001
62718	5.919927	-0.062530	8.357168	0.011345	-0.223859	-0.000674	0.099000	-0.816301	0.569079	0.984180	0.164764	0.065129	-0.146929	0.553629	0.819699
62719	7.155722	3.053348	9.261212	0.000100	-0.312502	0.024697	0.098741	-0.814505	0.571692	0.984164	0.164918	0.064981	-0.147209	0.556222	0.817891
62720	6.504322	0.941875	6.764136	-0.235044	0.075466	0.109018	0.099880	-0.814728	0.571177	0.984407	0.164452	0.062435	-0.144799	0.556034	0.818449
62721	5.363560	0.914703	8.905949	-0.209134	-0.101723	0.096333	0.100639	-0.813982	0.572106	0.984620	0.164025	0.060167	-0.142814	0.557252	0.817970
62722	6.205845	-0.182767	8.466603	-0.171283	-0.005907	0.083003	0.101404	-0.813795	0.572237	0.984787	0.163699	0.058291	-0.141112	0.557620	0.818014
