// General information: 
//  MT Manager version: 2022.2.0 
//  XDA version: 2022.2.0 build 7381 rev 124627 built on 2023-07-19
// Device information: 
//  DeviceId: 00B4CBA7
//  ProductCode: MTW2-3A7G6
//  Firmware Version: 4.6.0
//  Hardware Version: 2.0.0
// Device settings: 
//  Filter Profile: human(46.1)
//  Option Flags: Orientation Smoother Disabled, Position/Velocity Smoother Disabled, Continuous Zero Rotation Update Disabled, AHS Disabled, ICC Disabled
// Coordinate system: ENU
PacketCounter	Acc_X	Acc_Y	Acc_Z	Gyr_X	Gyr_Y	Gyr_Z	Mat[1][1]	Mat[2][1]	Mat[3][1]	Mat[1][2]	Mat[2][2]	Mat[3][2]	Mat[1][3]	Mat[2][3]	Mat[3][3]
58513	9.572009	0.199170	-1.955408	0.030864	-0.056741	-0.011718	-0.082643	-0.185198	0.979220	-0.833923	0.550844	0.033800	-0.545657	-0.813801	-0.199964
58514	9.610145	0.254957	-1.973941	0.044797	-0.058913	-0.014084	-0.082834	-0.185794	0.979091	-0.834164	0.550475	0.033886	-0.545261	-0.813915	-0.200581
58515	9.595244	0.308157	-1.979801	0.053024	-0.063550	-0.013214	-0.083031	-0.186395	0.978960	-0.834454	0.550031	0.033951	-0.544786	-0.814078	-0.201207
58516	9.632254	0.397367	-2.041980	0.056366	-0.062227	-0.014243	-0.083236	-0.187020	0.978824	-0.834765	0.549554	0.034015	-0.544278	-0.814257	-0.201860
58517	9.613614	0.472058	-2.058682	0.044667	-0.060238	-0.011572	-0.083428	-0.187584	0.978699	-0.835009	0.549180	0.034081	-0.543875	-0.814379	-0.202451
58518	9.595334	0.456605	-2.090459	0.034531	-0.062417	-0.008903	-0.083678	-0.188181	0.978563	-0.835195	0.548894	0.034136	-0.543551	-0.814435	-0.203098
58519	9.570706	0.450440	-2.100742	0.041849	-0.061991	-0.004802	-0.083935	-0.188723	0.978437	-0.835417	0.548555	0.034140	-0.543170	-0.814537	-0.203706
58520	9.532848	0.406820	-2.125577	0.034437	-0.055250	-0.004928	-0.084180	-0.189238	0.978316	-0.835594	0.548285	0.034157	-0.542860	-0.814600	-0.204281
58521	9.541581	0.375002	-2.142096	0.036662	-0.061699	0.001243	-0.084486	-0.189745	0.978192	-0.835782	0.548000	0.034112	-0.542522	-0.814674	-0.204884
58522	9.559144	0.344789	-2.212540	0.058113	-0.056882	0.004848	-0.084824	-0.190219	0.978070	-0.836072	0.547567	0.033984	-0.542023	-0.814854	-0.205484
58523	9.540888	0.327500	-2.243638	0.058121	-0.053766	0.001909	-0.085092	-0.190657	0.977962	-0.836376	0.547108	0.033888	-0.541512	-0.815060	-0.206016
58524	9.500196	0.361014	-2.220569	0.039756	-0.051304	0.003740	-0.085384	-0.191096	0.977851	-0.836583	0.546796	0.033808	-0.541146	-0.815166	-0.206555
58525	9.430425	0.308412	-2.194244	0.019970	-0.043397	0.003074	-0.085605	-0.191443	0.977763	-0.836679	0.546651	0.033779	-0.540962	-0.815182	-0.206972
58526	9.413616	0.258329	-2.180899	0.025376	-0.043458	0.004816	-0.085867	-0.191811	0.977668	-0.836800	0.546469	0.033718	-0.540733	-0.815218	-0.207431
58527	9.445938	0.232096	-2.191789	0.015084	-0.043717	0.007067	-0.086123	-0.192139	0.977581	-0.836866	0.546372	0.033660	-0.540590	-0.815206	-0.207850
58528	9.499099	0.200283	-2.166266	0.014423	-0.041478	0.000894	-0.086343	-0.192511	0.977489	-0.836926	0.546280	0.033660	-0.540462	-0.815180	-0.208285
58529	9.579352	0.231444	-2.244196	0.044465	-0.036615	0.007650	-0.086566	-0.192778	0.977417	-0.837151	0.545943	0.033535	-0.540079	-0.815342	-0.208644
58530	9.591624	0.357120	-2.218580	0.065369	-0.039933	0.004030	-0.086799	-0.193121	0.977328	-0.837493	0.545427	0.033397	-0.539511	-0.815606	-0.209080
58531	9.627014	0.579129	-2.174369	0.029583	-0.034685	0.008904	-0.087021	-0.193366	0.977260	-0.837635	0.545215	0.033291	-0.539254	-0.815690	-0.209416
58532	9.595316	0.704931	-2.188610	0.000614	-0.031772	0.015075	-0.087305	-0.193582	0.977192	-0.837611	0.545259	0.033181	-0.539246	-0.815610	-0.209750
58533	9.527467	0.618594	-2.116830	-0.032146	-0.024512	0.020965	-0.087574	-0.193677	0.977149	-0.837410	0.545573	0.033086	-0.539514	-0.815377	-0.209965
58534	9.474688	0.434567	-2.134604	-0.038146	-0.023169	0.023348	-0.087879	-0.193779	0.977101	-0.837174	0.545942	0.032978	-0.539831	-0.815106	-0.210203
58535	9.586511	0.258365	-2.081417	0.017899	-0.017894	0.027279	-0.088164	-0.193786	0.977074	-0.837237	0.545860	0.032716	-0.539686	-0.815159	-0.210370
58536	9.666046	0.240978	-2.082357	0.093604	-0.021851	0.034351	-0.088552	-0.193818	0.977033	-0.837707	0.545168	0.032223	-0.538893	-0.815614	-0.210639
58537	9.747976	0.234158	-2.115845	0.106947	-0.019675	0.033097	-0.088896	-0.193809	0.977003	-0.838245	0.544371	0.031717	-0.538000	-0.816148	-0.210851
58538	9.783079	0.305242	-2.143056	0.107581	-0.027314	0.034891	-0.089318	-0.193882	0.976950	-0.838786	0.543567	0.031188	-0.537085	-0.816667	-0.211176
58539	9.710064	0.258165	-2.258350	0.102991	-0.022014	0.030935	-0.089656	-0.193904	0.976915	-0.839302	0.542797	0.030711	-0.536222	-0.817173	-0.211409
58540	9.719326	0.209537	-2.404368	0.102702	-0.018268	0.030044	-0.089991	-0.193929	0.976879	-0.839813	0.542033	0.030239	-0.535366	-0.817674	-0.211642
58541	9.663654	0.178622	-2.492916	0.087645	-0.008122	0.024943	-0.090205	-0.193870	0.976871	-0.840250	0.541377	0.029853	-0.534643	-0.818123	-0.211734
58542	9.613227	0.184258	-2.512023	0.052418	0.002238	0.019810	-0.090342	-0.193784	0.976876	-0.840505	0.540996	0.029587	-0.534219	-0.818396	-0.211751
58543	9.526199	0.237549	-2.534443	0.045806	0.011195	0.020387	-0.090415	-0.193592	0.976907	-0.840722	0.540672	0.029334	-0.533865	-0.818655	-0.211642
58544	9.454452	0.475130	-2.470084	0.007627	0.021857	0.041717	-0.090626	-0.193230	0.976959	-0.840732	0.540677	0.028950	-0.533813	-0.818737	-0.211454
58545	9.358537	0.403394	-2.241367	-0.055405	0.039009	0.048744	-0.090788	-0.192657	0.977057	-0.840383	0.541236	0.028633	-0.534335	-0.818503	-0.211044
58546	9.390163	0.194909	-2.106395	-0.044294	0.047595	0.041284	-0.090866	-0.192083	0.977163	-0.840096	0.541696	0.028363	-0.534773	-0.818333	-0.210590
58547	9.343208	0.145952	-1.901269	0.044827	0.039220	0.053051	-0.091063	-0.191485	0.977262	-0.840278	0.541443	0.027792	-0.534453	-0.818641	-0.210206
58548	9.582164	0.549455	-1.658304	0.138705	0.039229	0.074622	-0.091464	-0.190800	0.977359	-0.840941	0.540462	0.026811	-0.533340	-0.819449	-0.209884
58549	9.936047	0.470909	-1.520134	0.234843	0.111120	0.088855	-0.091581	-0.189419	0.977616	-0.842102	0.538716	0.025493	-0.531486	-0.820917	-0.208846
58550	10.142371	0.747458	-1.331942	0.291683	0.203186	0.096209	-0.091292	-0.187272	0.978057	-0.843562	0.536496	0.023986	-0.529215	-0.822862	-0.206953
58551	9.858921	0.685550	-1.206430	0.354258	0.216620	0.106717	-0.091011	-0.184926	0.978529	-0.845326	0.533787	0.022255	-0.526442	-0.825151	-0.204903
58552	9.711011	0.803697	-1.102682	0.372661	0.146126	0.109583	-0.091148	-0.183173	0.978846	-0.847182	0.530908	0.020462	-0.523425	-0.827396	-0.203572
58553	9.699687	0.947117	-0.950084	0.269865	0.076193	0.112227	-0.091662	-0.181957	0.979025	-0.848481	0.528890	0.018858	-0.521228	-0.828955	-0.202866
58554	9.755062	0.797557	-1.062160	0.193680	0.023328	0.120663	-0.092536	-0.181165	0.979089	-0.849385	0.527488	0.017326	-0.519597	-0.830021	-0.202691
58555	9.656376	0.714665	-1.424407	0.189172	-0.021229	0.131933	-0.093728	-0.180656	0.979070	-0.850236	0.526168	0.015693	-0.517991	-0.830969	-0.202917
58556	9.331384	0.691865	-1.605921	0.158738	-0.059005	0.167859	-0.095438	-0.180297	0.978971	-0.850883	0.525174	0.013770	-0.516613	-0.831676	-0.203533
58557	8.944074	1.081111	-1.732601	0.118917	-0.143345	0.199450	-0.097836	-0.180452	0.978706	-0.851296	0.524557	0.011618	-0.515483	-0.832032	-0.204938
58558	8.895234	1.455081	-1.730967	-0.041545	-0.197767	0.219425	-0.100688	-0.180984	0.978318	-0.850877	0.525277	0.009602	-0.515626	-0.831462	-0.206884
58559	8.731923	1.332219	-1.687238	-0.199497	-0.231381	0.249383	-0.103963	-0.181603	0.977861	-0.849584	0.527399	0.007620	-0.517106	-0.829983	-0.209117
58560	8.669920	1.076683	-1.607450	-0.313958	-0.267896	0.296100	-0.107836	-0.182291	0.977313	-0.847630	0.530560	0.005435	-0.519514	-0.827814	-0.211729
58561	8.745135	0.793557	-1.564192	-0.399416	-0.290251	0.343691	-0.112218	-0.182869	0.976712	-0.845163	0.534500	0.002971	-0.522596	-0.825147	-0.214535
58562	9.099451	0.431777	-1.747792	-0.449478	-0.305629	0.391132	-0.117084	-0.183327	0.976055	-0.842363	0.538910	0.000174	-0.526038	-0.822172	-0.217525
58563	9.595759	0.010823	-1.816154	-0.524927	-0.289496	0.419580	-0.122101	-0.183440	0.975418	-0.839082	0.543999	-0.002728	-0.530126	-0.818789	-0.220344
58564	10.046268	-0.480609	-2.173463	-0.584260	-0.257576	0.420418	-0.126964	-0.183279	0.974828	-0.835430	0.549570	-0.005483	-0.534731	-0.815096	-0.222893
58565	10.230063	-0.747167	-2.621988	-0.567189	-0.229733	0.398757	-0.131483	-0.182956	0.974289	-0.831861	0.554925	-0.008055	-0.539184	-0.811533	-0.225157
58566	10.083741	-0.775417	-3.066527	-0.533830	-0.219855	0.362792	-0.135654	-0.182748	0.973756	-0.828476	0.559930	-0.010331	-0.543347	-0.808135	-0.227359
58567	9.790851	-0.704873	-3.338920	-0.500152	-0.217235	0.328523	-0.139516	-0.182664	0.973226	-0.825289	0.564576	-0.012343	-0.547205	-0.804915	-0.229518
58568	9.518654	-0.502062	-3.576606	-0.450814	-0.185652	0.301636	-0.142992	-0.182481	0.972756	-0.822375	0.568769	-0.014190	-0.550684	-0.801999	-0.231397
58569	9.118202	-0.578794	-3.740337	-0.408091	-0.140002	0.284470	-0.146062	-0.181990	0.972392	-0.819703	0.572566	-0.015967	-0.553853	-0.799404	-0.232808
58570	8.755673	-0.758362	-3.845194	-0.337935	-0.115208	0.276700	-0.148938	-0.181362	0.972073	-0.817417	0.575771	-0.017819	-0.556459	-0.797243	-0.234003
58571	8.766169	-0.718519	-4.039267	-0.199282	-0.104864	0.260642	-0.151612	-0.180706	0.971781	-0.815908	0.577841	-0.019842	-0.557950	-0.795892	-0.235047
58572	8.603305	-0.563847	-4.049496	-0.132576	-0.085267	0.244798	-0.154059	-0.180011	0.971526	-0.814791	0.579342	-0.021860	-0.558910	-0.794958	-0.235924
58573	8.560322	-0.555632	-3.994154	-0.085841	-0.063662	0.226683	-0.156222	-0.179214	0.971327	-0.813953	0.580443	-0.023817	-0.559532	-0.794335	-0.236550
58574	8.682167	-0.715115	-3.990440	-0.046758	-0.041524	0.206641	-0.158112	-0.178392	0.971173	-0.813370	0.581180	-0.025665	-0.559848	-0.793981	-0.236990
58575	8.791707	-0.885478	-3.711707	-0.038914	-0.026762	0.182000	-0.159703	-0.177558	0.971065	-0.812856	0.581825	-0.027297	-0.560143	-0.793696	-0.237249
58576	9.094796	-1.181898	-3.225260	-0.044954	-0.003148	0.168664	-0.161071	-0.176648	0.971005	-0.812330	0.582487	-0.028782	-0.560514	-0.793413	-0.237318
58577	9.517937	-1.699947	-2.777526	-0.005113	0.019831	0.151834	-0.162154	-0.175618	0.971012	-0.812049	0.582807	-0.030201	-0.560609	-0.793407	-0.237115
58578	9.884563	-1.919611	-2.305894	0.102033	0.030567	0.136999	-0.163076	-0.174626	0.971037	-0.812401	0.582236	-0.031728	-0.559831	-0.794045	-0.236815
58579	10.267191	-1.568163	-1.940409	0.213256	0.028843	0.124051	-0.163884	-0.173688	0.971069	-0.813383	0.580769	-0.033395	-0.558166	-0.795324	-0.236453
58580	10.467867	-0.866667	-1.769043	0.297896	0.019590	0.116962	-0.164715	-0.172892	0.971070	-0.814835	0.578624	-0.035194	-0.555800	-0.797059	-0.236187
58581	10.489410	0.060024	-1.659993	0.287416	0.002922	0.111802	-0.165572	-0.172235	0.971041	-0.816238	0.576535	-0.036915	-0.553482	-0.798713	-0.236043
58582	10.283839	0.685277	-1.691066	0.190277	-0.008038	0.114329	-0.166529	-0.171688	0.970974	-0.817109	0.575200	-0.038433	-0.551906	-0.799792	-0.236076
58583	9.939749	0.845317	-1.765698	0.102213	-0.025484	0.119127	-0.167605	-0.171219	0.970872	-0.817468	0.574598	-0.039788	-0.551049	-0.800325	-0.236271
58584	9.661099	0.803697	-1.709876	0.078706	-0.047836	0.138571	-0.168979	-0.170848	0.970699	-0.817667	0.574210	-0.041275	-0.550333	-0.800683	-0.236726
58585	9.498247	0.628275	-1.790284	0.121838	-0.089075	0.160304	-0.170741	-0.170653	0.970425	-0.818058	0.573520	-0.043077	-0.549207	-0.801219	-0.237528
58586	9.568276	0.479538	-1.972812	0.237929	-0.103565	0.191467	-0.172853	-0.170430	0.970090	-0.819033	0.571943	-0.045456	-0.547089	-0.802393	-0.238450
58587	9.508560	0.556582	-2.043506	0.295445	-0.115477	0.217969	-0.175232	-0.170124	0.969717	-0.820260	0.569953	-0.048233	-0.544488	-0.803873	-0.239420
58588	9.422231	0.580909	-2.043865	0.281750	-0.125509	0.244533	-0.177890	-0.169789	0.969292	-0.821368	0.568093	-0.051230	-0.541950	-0.805259	-0.240517
58589	9.383768	0.291582	-2.026740	0.186724	-0.134779	0.259568	-0.180713	-0.169413	0.968835	-0.821908	0.567041	-0.054153	-0.540195	-0.806079	-0.241713
58590	9.365913	-0.224512	-2.089401	0.082902	-0.123065	0.270371	-0.183570	-0.168915	0.968385	-0.821863	0.566834	-0.056922	-0.539299	-0.806329	-0.242879
58591	9.296050	-0.691715	-2.210313	0.051321	-0.117950	0.273223	-0.186412	-0.168329	0.967944	-0.821629	0.566894	-0.059649	-0.538681	-0.806410	-0.243979
58592	9.329676	-0.986731	-2.388832	0.036742	-0.112372	0.271844	-0.189218	-0.167739	0.967502	-0.821324	0.567048	-0.062318	-0.538167	-0.806424	-0.245064
58593	9.429228	-1.104697	-2.718955	0.039403	-0.120826	0.273945	-0.192079	-0.167171	0.967036	-0.821008	0.567202	-0.065022	-0.537635	-0.806434	-0.246196
58594	9.682509	-1.167929	-2.961716	0.027553	-0.098334	0.267874	-0.194778	-0.166485	0.966615	-0.820637	0.567434	-0.067630	-0.537231	-0.806412	-0.247148
58595	9.956884	-1.151148	-3.263945	0.027671	-0.073143	0.263267	-0.197292	-0.165592	0.966258	-0.820264	0.567661	-0.070200	-0.536882	-0.806437	-0.247824
58596	10.048033	-0.953043	-3.493727	0.062801	-0.047138	0.251246	-0.199583	-0.164586	0.965960	-0.820096	0.567585	-0.072737	-0.536293	-0.806696	-0.248256
58597	9.982445	-0.765283	-3.828487	0.065521	-0.012728	0.235850	-0.201547	-0.163361	0.965760	-0.819969	0.567455	-0.075135	-0.535752	-0.807036	-0.248320
58598	9.803938	-0.648974	-3.955724	0.062983	0.026553	0.227810	-0.203250	-0.161896	0.965650	-0.819842	0.567329	-0.077444	-0.535303	-0.807420	-0.248039
58599	9.436878	-0.568991	-3.906019	0.045976	0.062775	0.222656	-0.204700	-0.160138	0.965636	-0.819629	0.567329	-0.079665	-0.535076	-0.807771	-0.247386
58600	9.130428	-0.687977	-3.719696	-0.011669	0.080583	0.224068	-0.206084	-0.158259	0.965652	-0.819101	0.567795	-0.081753	-0.535354	-0.807814	-0.246643
58601	8.851388	-0.955621	-3.400431	-0.039428	0.099920	0.226352	-0.207364	-0.156177	0.965717	-0.818417	0.568482	-0.083799	-0.535905	-0.807736	-0.245700
58602	8.850853	-1.318466	-3.035691	-0.027269	0.126306	0.225716	-0.208514	-0.153918	0.965832	-0.817795	0.569067	-0.085866	-0.536407	-0.807757	-0.244532
58603	8.795122	-1.545520	-2.771599	0.040050	0.139232	0.224737	-0.209566	-0.151525	0.965982	-0.817536	0.569100	-0.088092	-0.536392	-0.808187	-0.243141
58604	8.696296	-1.658102	-2.486748	0.119582	0.136515	0.219436	-0.210610	-0.149218	0.966115	-0.817710	0.568479	-0.090456	-0.535718	-0.809052	-0.241744
58605	8.603966	-1.539595	-2.282755	0.245213	0.139240	0.218820	-0.211617	-0.146859	0.966256	-0.818555	0.566830	-0.093119	-0.534028	-0.810639	-0.240164
58606	8.534541	-1.144579	-2.125238	0.316970	0.144147	0.224528	-0.212671	-0.144465	0.966386	-0.819766	0.564595	-0.096003	-0.531748	-0.812626	-0.238501
58607	8.811542	-0.763204	-1.758505	0.269831	0.145280	0.231547	-0.213760	-0.141989	0.966512	-0.820700	0.562745	-0.098839	-0.529866	-0.814344	-0.236823
58608	9.844659	-0.436641	-1.246791	0.221659	0.158605	0.244516	-0.214910	-0.139368	0.966639	-0.821347	0.561293	-0.101681	-0.528396	-0.815798	-0.235097
58609	9.960860	-0.172670	-1.048291	0.241762	0.126358	0.206982	-0.215905	-0.137187	0.966729	-0.822173	0.559619	-0.104206	-0.526704	-0.817317	-0.233616
58610	9.938708	-0.810440	-0.735386	0.264084	0.076051	0.205112	-0.217173	-0.135461	0.966688	-0.823112	0.557754	-0.106760	-0.524712	-0.818878	-0.232628
58611	10.084301	-1.125595	-0.664011	0.394178	0.016491	0.237740	-0.219007	-0.134014	0.966476	-0.824652	0.554856	-0.109931	-0.521523	-0.821082	-0.232032
58612	10.014507	-0.858356	-0.406848	0.423894	-0.054055	0.237035	-0.221220	-0.133187	0.966086	-0.826332	0.551698	-0.113160	-0.517916	-0.823341	-0.232104
58613	9.769557	-0.796593	-0.335271	0.304410	-0.101652	0.223239	-0.223553	-0.132806	0.965602	-0.827405	0.549500	-0.115981	-0.515195	-0.824871	-0.232727
58614	9.343991	-1.048519	-0.335146	0.251043	-0.160359	0.222116	-0.226190	-0.132947	0.964968	-0.828192	0.547738	-0.118666	-0.512773	-0.826020	-0.233999
58615	9.234041	-1.346222	-0.449768	0.179227	-0.221169	0.214612	-0.229061	-0.133611	0.964199	-0.828618	0.546557	-0.121115	-0.510807	-0.826695	-0.235907
58616	9.114237	-1.684637	-0.856090	0.166450	-0.288686	0.210174	-0.232248	-0.134882	0.963259	-0.828978	0.545478	-0.123491	-0.508780	-0.827201	-0.238501
58617	9.089571	-1.772455	-1.268731	0.144382	-0.340646	0.203484	-0.235627	-0.136602	0.962195	-0.829232	0.544573	-0.125754	-0.506808	-0.827514	-0.241590
58618	9.290345	-1.911120	-1.897640	0.126221	-0.369446	0.193643	-0.239075	-0.138634	0.961054	-0.829407	0.543811	-0.127880	-0.504903	-0.827677	-0.244995
58619	9.562899	-1.980981	-2.609493	0.147536	-0.379153	0.184183	-0.242474	-0.140782	0.959889	-0.829704	0.542861	-0.129970	-0.502789	-0.827939	-0.248437
58620	9.633869	-2.000132	-3.159591	0.186367	-0.363174	0.167267	-0.245658	-0.142910	0.958764	-0.830227	0.541571	-0.132000	-0.500375	-0.828419	-0.251689
58621	9.648183	-1.770990	-3.654240	0.192021	-0.347818	0.145928	-0.248568	-0.145013	0.957698	-0.830823	0.540203	-0.133842	-0.497943	-0.828946	-0.254757
58622	9.471843	-1.754250	-3.811174	0.159859	-0.303529	0.124830	-0.251090	-0.146883	0.956755	-0.831302	0.539076	-0.135406	-0.495875	-0.829351	-0.257461
58623	9.439662	-2.048906	-3.884977	0.167046	-0.271353	0.103765	-0.253257	-0.148586	0.955920	-0.831865	0.537857	-0.136787	-0.493824	-0.829839	-0.259819
58624	9.595548	-2.301839	-3.891674	0.195727	-0.235081	0.075166	-0.255019	-0.150162	0.955205	-0.832634	0.536360	-0.137977	-0.491615	-0.830523	-0.261812
58625	9.488696	-2.252049	-3.732307	0.244886	-0.190706	0.053501	-0.256361	-0.151470	0.954639	-0.833697	0.534419	-0.139088	-0.489110	-0.831536	-0.263285
58626	9.331740	-2.245461	-3.496373	0.255065	-0.178938	0.028772	-0.257454	-0.152835	0.954127	-0.834863	0.532357	-0.139998	-0.486539	-0.832609	-0.264654
58627	9.138684	-2.074714	-3.268253	0.242221	-0.162078	0.012499	-0.258307	-0.154129	0.953689	-0.836005	0.530371	-0.140717	-0.484120	-0.833637	-0.265851
58628	9.248423	-1.952562	-3.052111	0.207175	-0.150900	-0.003620	-0.258987	-0.155436	0.953292	-0.837012	0.528653	-0.141199	-0.482013	-0.834485	-0.267017
58629	9.390168	-1.627361	-2.830808	0.205520	-0.149221	-0.013097	-0.259557	-0.156761	0.952920	-0.838033	0.526930	-0.141581	-0.479928	-0.835327	-0.268139
58630	9.584266	-1.137420	-2.525659	0.158008	-0.147965	-0.021733	-0.260066	-0.158141	0.952553	-0.838843	0.525591	-0.141764	-0.478235	-0.835910	-0.269344
58631	9.570010	-0.942498	-2.339857	0.100582	-0.158293	-0.026751	-0.260559	-0.159614	0.952172	-0.839392	0.524721	-0.141737	-0.477001	-0.836177	-0.270700
58632	9.419212	-0.971130	-2.049141	0.069302	-0.180862	-0.032651	-0.261129	-0.161327	0.951728	-0.839803	0.524105	-0.141579	-0.475964	-0.836234	-0.272342
58633	9.268390	-1.220418	-1.804958	0.052251	-0.199332	-0.035460	-0.261740	-0.163189	0.951242	-0.840143	0.523623	-0.141341	-0.475027	-0.836175	-0.274155
58634	9.202298	-1.510628	-1.640689	0.079812	-0.230985	-0.027925	-0.262582	-0.165294	0.950646	-0.840592	0.522925	-0.141259	-0.473768	-0.836198	-0.276256
58635	9.057319	-1.711092	-1.510918	0.092067	-0.257669	-0.029228	-0.263516	-0.167611	0.949982	-0.841104	0.522120	-0.141194	-0.472339	-0.836240	-0.278565
58636	9.126115	-1.837166	-1.369102	0.089205	-0.300021	-0.029433	-0.264663	-0.170299	0.949185	-0.841599	0.521339	-0.141128	-0.470813	-0.836184	-0.281302
58637	9.126495	-1.919835	-1.348781	0.029446	-0.336040	-0.035248	-0.265908	-0.173301	0.948293	-0.841830	0.521045	-0.140834	-0.469697	-0.835751	-0.284440
58638	9.193420	-2.192604	-1.329207	-0.010104	-0.367285	-0.045717	-0.267226	-0.176630	0.947308	-0.841902	0.521063	-0.140337	-0.468820	-0.835042	-0.287947
58639	9.416531	-2.293663	-1.671881	-0.015994	-0.392924	-0.062738	-0.268499	-0.180246	0.946266	-0.841994	0.521097	-0.139653	-0.467925	-0.834248	-0.291680
58640	9.589686	-2.144611	-2.023134	-0.026237	-0.421878	-0.079079	-0.269784	-0.184195	0.945139	-0.842082	0.521185	-0.138795	-0.467027	-0.833330	-0.295715
58641	9.815297	-1.811408	-2.361683	-0.042049	-0.444886	-0.100561	-0.270975	-0.188433	0.943963	-0.842157	0.521360	-0.137677	-0.466201	-0.832272	-0.299966
58642	10.059048	-1.076040	-2.447676	-0.038329	-0.461333	-0.114013	-0.272142	-0.192883	0.942727	-0.842286	0.521474	-0.136453	-0.465288	-0.831181	-0.304378
58643	9.968326	-0.626165	-2.213555	-0.160610	-0.476625	-0.133739	-0.273195	-0.197548	0.941456	-0.841903	0.522558	-0.134657	-0.465364	-0.829402	-0.309076
58644	9.913812	-0.824922	-1.895060	-0.205441	-0.501660	-0.151223	-0.274235	-0.202511	0.940098	-0.841358	0.523969	-0.132561	-0.465737	-0.827312	-0.314075
58645	9.809499	-0.964772	-1.617228	-0.121471	-0.536269	-0.167363	-0.275285	-0.207830	0.938629	-0.841253	0.524641	-0.130561	-0.465309	-0.825566	-0.319263
58646	9.739250	-0.713986	-1.248066	-0.105005	-0.592031	-0.170342	-0.276579	-0.213622	0.936947	-0.841233	0.525159	-0.128590	-0.464576	-0.823756	-0.324954
58647	9.737745	-0.401208	-0.828570	-0.073356	-0.646042	-0.155580	-0.278230	-0.219764	0.935036	-0.841324	0.525436	-0.126850	-0.463424	-0.821961	-0.331085
58648	9.564464	0.160368	-0.286024	-0.213119	-0.702982	-0.142394	-0.280260	-0.226295	0.932869	-0.840733	0.526878	-0.124771	-0.463273	-0.819262	-0.337916
58649	9.407255	0.175717	0.132724	-0.405625	-0.773346	-0.117689	-0.282821	-0.233247	0.930381	-0.839183	0.529932	-0.122244	-0.464526	-0.815333	-0.345613
58650	9.242995	-0.339310	-0.005005	-0.498978	-0.851471	-0.097601	-0.285932	-0.240697	0.927528	-0.837138	0.533767	-0.119553	-0.466308	-0.810653	-0.354118
58651	9.503274	-1.167024	-0.821262	-0.557134	-0.929965	-0.086838	-0.289514	-0.248687	0.924303	-0.834784	0.538066	-0.116706	-0.468313	-0.805382	-0.363377
58652	9.958575	-1.399752	-1.486553	-0.526676	-1.009246	-0.098379	-0.293390	-0.257324	0.920710	-0.832601	0.542052	-0.113819	-0.469785	-0.799977	-0.373281
58653	10.724416	-0.901001	-1.707985	-0.563280	-1.097307	-0.118589	-0.297529	-0.266725	0.916697	-0.830302	0.546240	-0.110552	-0.471249	-0.794028	-0.383985
58654	11.525725	-0.180164	-1.427907	-0.628846	-1.159443	-0.126324	-0.301917	-0.276588	0.912330	-0.827712	0.550876	-0.106907	-0.473011	-0.787423	-0.395254
58655	11.880553	0.367924	-0.675484	-0.774127	-1.219179	-0.138628	-0.306517	-0.286920	0.907593	-0.824462	0.556558	-0.102495	-0.475720	-0.779692	-0.407149
58656	12.696084	0.599236	0.325158	-0.924716	-1.318919	-0.107805	-0.311884	-0.297746	0.902261	-0.820381	0.563417	-0.097653	-0.479273	-0.770655	-0.419986
58657	12.271742	0.355229	1.072140	-0.990369	-1.363484	-0.146201	-0.317211	-0.309029	0.896593	-0.816077	0.570563	-0.092068	-0.483111	-0.760893	-0.433180
58658	13.004813	1.191112	1.868402	-0.968718	-1.529549	-0.121845	-0.323579	-0.321280	0.889986	-0.811774	0.577504	-0.086668	-0.486126	-0.750512	-0.447675
58659	14.519699	2.407393	2.238321	-1.083871	-1.682540	-0.052081	-0.331327	-0.334124	0.882374	-0.806659	0.585409	-0.081224	-0.489411	-0.738687	-0.463486
58660	15.122853	2.428262	0.254291	-1.057278	-1.766732	-0.002520	-0.339914	-0.347066	0.874073	-0.801483	0.593148	-0.076164	-0.492021	-0.726444	-0.479787
58661	14.138301	2.296250	-1.241672	-1.245929	-1.802273	0.016346	-0.348909	-0.359951	0.865273	-0.795274	0.602174	-0.070180	-0.495784	-0.712616	-0.496363
58662	13.165035	2.122640	-2.179568	-1.387539	-1.863560	0.057571	-0.358573	-0.372721	0.855865	-0.788164	0.612169	-0.063615	-0.500223	-0.697373	-0.513272
58663	12.674938	1.321754	-2.888327	-1.482068	-1.859236	0.072821	-0.368453	-0.385101	0.846132	-0.780451	0.622662	-0.056459	-0.505112	-0.681167	-0.529975
58664	11.984411	-0.473389	-2.952682	-1.676001	-1.782067	0.055196	-0.377862	-0.396718	0.836561	-0.771729	0.634149	-0.047849	-0.511522	-0.663679	-0.545780
58665	10.925164	-3.269152	-2.157286	-1.797871	-1.709992	-0.000479	-0.386632	-0.407929	0.827109	-0.762471	0.645914	-0.037853	-0.518800	-0.645282	-0.560765
58666	10.139353	-6.544080	-2.370025	-1.495588	-1.721119	-0.080693	-0.394910	-0.419392	0.817409	-0.754995	0.655105	-0.028639	-0.523477	-0.628449	-0.575346
58667	9.748023	-8.980890	-3.827351	-0.713439	-1.840846	-0.146354	-0.403390	-0.431824	0.806724	-0.751855	0.658919	-0.023247	-0.521527	-0.615917	-0.590470
58668	9.748619	-9.504511	-5.457915	0.212100	-1.911742	-0.226211	-0.411496	-0.444988	0.795398	-0.753877	0.656625	-0.022664	-0.512193	-0.608958	-0.605664
58669	9.529515	-7.318275	-6.428767	1.020586	-1.927926	-0.302240	-0.418895	-0.458699	0.783659	-0.760283	0.649051	-0.026491	-0.496484	-0.606900	-0.620626
58670	9.190342	-4.008535	-6.616242	1.505391	-1.906077	-0.339040	-0.425517	-0.472418	0.771853	-0.769048	0.638323	-0.033281	-0.476969	-0.607754	-0.634929
58671	8.507619	-1.590562	-6.731065	1.399697	-1.848545	-0.320188	-0.431650	-0.485697	0.760116	-0.776972	0.628278	-0.039767	-0.458250	-0.607754	-0.648569
58672	8.244488	-0.290693	-7.086498	1.274177	-1.772047	-0.207437	-0.437936	-0.497713	0.748661	-0.783609	0.619510	-0.046526	-0.440647	-0.607033	-0.661318
58673	8.354631	0.956649	-7.581648	1.054931	-1.630227	-0.075718	-0.444362	-0.508078	0.737834	-0.788517	0.612729	-0.052957	-0.425186	-0.605326	-0.672902
58674	8.368460	2.083517	-7.343489	0.716053	-1.331999	0.051822	-0.450298	-0.515770	0.728844	-0.791298	0.608658	-0.058164	-0.413618	-0.602924	-0.682205
58675	7.777110	2.988923	-7.055640	0.298808	-1.051425	0.238689	-0.456462	-0.520653	0.721500	-0.791449	0.608093	-0.061901	-0.406510	-0.599286	-0.689642
58676	7.058154	2.011542	-8.310776	-0.147557	-0.861813	0.442352	-0.463386	-0.523062	0.715317	-0.788827	0.611271	-0.064026	-0.403763	-0.593931	-0.695860
58677	5.402562	1.376987	-6.886301	-0.646548	-0.701266	0.569346	-0.470665	-0.523717	0.710067	-0.783560	0.618060	-0.063523	-0.405596	-0.586279	-0.701263
58678	6.359903	1.030365	-5.213634	-0.951552	-0.331553	0.682322	-0.477278	-0.521369	0.707375	-0.776450	0.627157	-0.061639	-0.411499	-0.578660	-0.704146
58679	7.824246	-0.056846	-4.640443	-0.821080	0.169716	0.821987	-0.482890	-0.515216	0.708075	-0.769104	0.636145	-0.061634	-0.418683	-0.574345	-0.703443
58680	8.297340	-1.963442	-5.016876	-0.572462	0.630645	0.944209	-0.487390	-0.505520	0.711969	-0.762116	0.644241	-0.064289	-0.426180	-0.573937	-0.699261
58681	9.236540	-2.662651	-5.346843	-0.212677	0.960352	1.059495	-0.491275	-0.493148	0.717951	-0.756027	0.650750	-0.070340	-0.432518	-0.577347	-0.692530
58682	9.938750	-1.896082	-5.801788	0.064247	1.218070	1.107230	-0.494249	-0.478810	0.725575	-0.750863	0.655748	-0.078745	-0.438090	-0.583726	-0.683623
58683	9.232322	-0.529350	-5.899218	-0.261331	1.404903	1.027981	-0.495684	-0.463818	0.734282	-0.744626	0.662120	-0.084431	-0.447022	-0.588617	-0.673573
58684	9.381771	-1.332369	-5.959041	-0.831897	1.531927	0.976527	-0.495892	-0.448240	0.743755	-0.736020	0.671467	-0.086061	-0.460831	-0.590096	-0.662889
58685	8.620611	-2.722393	-6.094666	-0.951557	1.697841	0.916472	-0.494607	-0.432032	0.754130	-0.727031	0.681117	-0.086630	-0.476224	-0.591124	-0.650986
58686	7.787582	-3.427709	-6.332296	-0.755088	1.816372	0.878638	-0.492110	-0.415211	0.765132	-0.719057	0.689304	-0.088415	-0.490698	-0.593683	-0.637774
58687	7.247138	-3.855657	-6.603053	-0.545938	1.849318	0.888038	-0.489235	-0.398064	0.776012	-0.711992	0.696165	-0.091769	-0.503702	-0.597411	-0.624007
58688	6.886011	-3.732647	-6.706525	-0.220914	1.882369	0.895011	-0.485934	-0.380467	0.786837	-0.706514	0.700966	-0.097383	-0.514495	-0.603234	-0.609429
58689	6.857450	-2.893505	-6.714737	-0.037940	1.912961	0.867011	-0.482073	-0.362788	0.797490	-0.702127	0.704419	-0.103979	-0.524044	-0.610065	-0.594305
58690	6.642488	-2.239292	-6.670542	-0.093811	1.973756	0.811443	-0.477246	-0.344908	0.808254	-0.697749	0.707857	-0.109932	-0.534212	-0.616423	-0.578482
58691	6.399730	-2.225974	-6.691841	-0.221959	2.030819	0.756066	-0.471507	-0.326988	0.818999	-0.692970	0.711772	-0.114773	-0.545412	-0.621658	-0.562199
58692	6.193348	-2.862842	-6.640873	-0.174140	2.073680	0.717579	-0.464980	-0.308875	0.829692	-0.688660	0.715133	-0.119715	-0.556364	-0.627041	-0.545233
58693	5.978456	-3.017307	-6.580313	0.067301	2.092207	0.693760	-0.457977	-0.290737	0.840076	-0.685841	0.716792	-0.125823	-0.565579	-0.633783	-0.527674
58694	5.792334	-2.814885	-6.656409	0.384942	2.112789	0.650013	-0.450353	-0.272550	0.850234	-0.685088	0.716159	-0.133307	-0.572570	-0.642520	-0.509245
58695	5.459660	-1.738720	-6.639506	0.573722	2.145374	0.598926	-0.442080	-0.254397	0.860144	-0.685720	0.714028	-0.141252	-0.578233	-0.652263	-0.490102
58696	5.193551	-0.566765	-6.423957	0.461169	2.180317	0.552067	-0.433136	-0.236097	0.869857	-0.685994	0.712347	-0.148238	-0.584641	-0.660924	-0.470504
58697	5.079208	-0.305577	-6.453391	0.207821	2.245478	0.512626	-0.423396	-0.217549	0.879436	-0.685025	0.712136	-0.153635	-0.592855	-0.667484	-0.450542
58698	4.695966	-0.747301	-6.437881	-0.037724	2.298684	0.485058	-0.412922	-0.198653	0.888838	-0.682777	0.713393	-0.157752	-0.602753	-0.672017	-0.430211
58699	4.561843	-1.080070	-6.377688	-0.135793	2.313445	0.451594	-0.401900	-0.179859	0.897846	-0.680113	0.715171	-0.161172	-0.613125	-0.675411	-0.409752
58700	4.581180	-1.126108	-6.233769	-0.203887	2.331355	0.419624	-0.390284	-0.161039	0.906501	-0.677194	0.717264	-0.164137	-0.623768	-0.677938	-0.388991
58701	4.525075	-1.082805	-5.990032	-0.281457	2.341350	0.382704	-0.378102	-0.142416	0.914744	-0.673953	0.719764	-0.166513	-0.634686	-0.679453	-0.368127
58702	4.449220	-1.290994	-5.679147	-0.357537	2.340158	0.330267	-0.365298	-0.124093	0.922582	-0.670438	0.722634	-0.168263	-0.645809	-0.680001	-0.347174
58703	4.386895	-1.788658	-5.597931	-0.295879	2.319097	0.261078	-0.351914	-0.106445	0.929960	-0.667575	0.724959	-0.169642	-0.656126	-0.680517	-0.326183
58704	4.475670	-2.217348	-5.583852	-0.017959	2.281809	0.182491	-0.338033	-0.089539	0.936865	-0.666827	0.725261	-0.171284	-0.664136	-0.682626	-0.304869
58705	5.054358	-2.125915	-5.336728	0.356608	2.256447	0.114113	-0.323716	-0.073278	0.943312	-0.668824	0.722925	-0.173362	-0.669240	-0.687030	-0.283032
58706	5.508645	-1.410466	-4.901149	0.692484	2.263556	0.034605	-0.308741	-0.057375	0.949414	-0.673356	0.718170	-0.175569	-0.671767	-0.693499	-0.260362
58707	5.859354	-0.738331	-4.530979	0.871679	2.270912	-0.062673	-0.293015	-0.042009	0.955184	-0.679400	0.712075	-0.177098	-0.672724	-0.700845	-0.237190
58708	6.243975	-0.554287	-4.255639	0.951331	2.270972	-0.156069	-0.276646	-0.027088	0.960590	-0.686241	0.705322	-0.177745	-0.672711	-0.708369	-0.213713
58709	6.541255	-0.892125	-4.047447	1.047722	2.265001	-0.250597	-0.259656	-0.012730	0.965617	-0.693950	0.697825	-0.177405	-0.671574	-0.716155	-0.190029
58710	6.759311	-0.781923	-3.986740	1.254781	2.225530	-0.337367	-0.242364	0.000990	0.970185	-0.703199	0.688770	-0.176371	-0.668409	-0.724979	-0.166237
58711	7.188822	-0.538512	-4.157729	1.364244	2.178957	-0.413026	-0.224887	0.014046	0.974284	-0.713246	0.678865	-0.174421	-0.663857	-0.734129	-0.142650
58712	7.553627	-0.459285	-4.065362	1.321353	2.148360	-0.481760	-0.207195	0.026681	0.977936	-0.723020	0.669215	-0.171444	-0.659024	-0.742589	-0.119367
58713	7.851331	-0.303699	-4.091073	1.307027	2.091596	-0.541420	-0.189489	0.038684	0.981121	-0.732665	0.659652	-0.167512	-0.653679	-0.750575	-0.096654
58714	8.218602	-0.211892	-3.927498	1.208128	2.043215	-0.593173	-0.171793	0.050219	0.983852	-0.741594	0.650817	-0.162712	-0.648479	-0.757572	-0.074563
58715	8.281304	0.155324	-3.497588	1.140175	1.988449	-0.636483	-0.154165	0.061215	0.986147	-0.749987	0.642518	-0.157131	-0.643236	-0.763822	-0.053144
58716	8.408133	0.826643	-3.117446	1.074691	1.917515	-0.643503	-0.137012	0.071815	0.987963	-0.757799	0.634721	-0.151230	-0.637941	-0.769397	-0.032543
58717	8.512191	1.099353	-3.055324	0.891114	1.858239	-0.622404	-0.120423	0.082206	0.989313	-0.764256	0.628346	-0.145240	-0.633570	-0.773578	-0.012841
58718	8.729452	1.121905	-2.805052	0.624129	1.791268	-0.564920	-0.104749	0.092550	0.990183	-0.768826	0.624020	-0.139658	-0.630820	-0.775908	0.005789
58719	9.092620	0.885095	-2.506040	0.367484	1.722693	-0.489394	-0.090084	0.102860	0.990608	-0.771608	0.621668	-0.134720	-0.629687	-0.776498	0.023365
58720	9.462903	0.588276	-2.220728	0.153810	1.642139	-0.407787	-0.076574	0.113068	0.990632	-0.772905	0.620933	-0.130616	-0.629885	-0.775666	0.039843
58721	9.532013	0.479883	-2.015657	0.075970	1.546569	-0.346480	-0.064111	0.122889	0.990347	-0.773615	0.620776	-0.127111	-0.630404	-0.774297	0.055270
58722	9.765547	0.404681	-1.274135	-0.051031	1.424534	-0.264501	-0.053057	0.132253	0.989795	-0.773435	0.621528	-0.124505	-0.631652	-0.772148	0.069312
58723	9.997430	0.400560	-0.803934	-0.214300	1.295660	-0.173711	-0.043477	0.141142	0.989034	-0.772150	0.623440	-0.122912	-0.633952	-0.769026	0.081877
58724	10.009906	-0.050367	-0.522372	-0.360187	1.121052	-0.097623	-0.035580	0.149118	0.988179	-0.769885	0.626366	-0.122240	-0.637190	-0.765133	0.092517
58725	10.121495	-0.346475	-0.008907	-0.454840	0.914099	-0.029285	-0.029475	0.155895	0.987334	-0.766974	0.629905	-0.122355	-0.641001	-0.760866	0.101000
58726	11.727169	-1.328371	3.540176	-1.350184	0.748701	0.083533	-0.025254	0.162069	0.986456	-0.758210	0.640002	-0.124559	-0.651521	-0.751087	0.106719
58727	10.869838	-1.788873	1.031424	-0.245559	0.195389	0.159215	-0.025148	0.164540	0.986050	-0.756553	0.641608	-0.126358	-0.653448	-0.749177	0.108348
58728	9.799299	-1.194087	0.461252	-0.787725	-0.468208	0.068170	-0.028715	0.161466	0.986460	-0.751349	0.647403	-0.127839	-0.659280	-0.744847	0.102728
58729	10.971187	0.810228	4.287984	-0.856328	-0.875803	0.043992	-0.034807	0.155232	0.987265	-0.745649	0.653718	-0.129076	-0.665429	-0.740646	0.092995
58730	14.883371	1.750748	5.988207	-0.374963	-0.822500	-0.052246	-0.039879	0.148788	0.988065	-0.743154	0.656594	-0.128867	-0.667931	-0.739423	0.084388
58731	17.346597	-0.394328	5.150038	0.354151	-0.721189	-0.219574	-0.043013	0.141988	0.988933	-0.745592	0.654311	-0.126373	-0.665014	-0.742776	0.077721
58732	12.539601	-2.965577	2.040187	1.618105	-0.754146	-0.219073	-0.046304	0.134910	0.989775	-0.756336	0.642524	-0.122961	-0.652543	-0.754296	0.072286
58733	8.983269	0.714399	1.872963	2.348557	-1.104449	-0.099211	-0.052613	0.125845	0.990654	-0.771481	0.624768	-0.120339	-0.634073	-0.770602	0.064216
58734	9.096327	3.352311	0.530769	2.037819	-1.490760	0.148658	-0.063064	0.115157	0.991343	-0.784134	0.608761	-0.120597	-0.617378	-0.784952	0.051908
58735	11.306998	2.333018	-2.634334	1.610097	-1.916493	0.425279	-0.078079	0.102548	0.991659	-0.793651	0.595586	-0.124078	-0.603342	-0.796719	0.034885
58736	14.526249	2.348459	-4.032026	0.917028	-1.823446	0.426029	-0.092353	0.090460	0.991609	-0.798770	0.587859	-0.128021	-0.594507	-0.803890	0.017966
58737	12.970419	1.451440	-4.534843	0.287057	-1.355385	0.375084	-0.103347	0.081733	0.991282	-0.800094	0.585246	-0.131669	-0.590905	-0.806726	0.004911
58738	10.285168	-0.719760	-5.694183	-0.070976	-1.053531	0.393762	-0.112678	0.075512	0.990758	-0.799240	0.585533	-0.135524	-0.590356	-0.807124	-0.005625
58739	7.916011	-2.419088	-6.644975	-0.481500	-0.834107	0.372364	-0.120546	0.070964	0.990168	-0.795946	0.589163	-0.139125	-0.593244	-0.804892	-0.014538
58740	7.956181	-3.205651	-6.219290	-0.918212	-0.601299	0.268756	-0.126232	0.067698	0.989688	-0.790127	0.596369	-0.141572	-0.599804	-0.799850	-0.021790
58741	9.723821	-4.199974	-4.747304	-1.281097	-0.324431	0.151592	-0.129347	0.066015	0.989400	-0.782178	0.606488	-0.142722	-0.609481	-0.792347	-0.026812
58742	10.018261	-6.880994	-4.249873	-1.027870	-0.216575	0.091102	-0.131362	0.064822	0.989213	-0.775743	0.614566	-0.143286	-0.617225	-0.786198	-0.030445
58743	9.972752	-7.629092	-3.857701	-0.006810	-0.357855	0.050665	-0.133925	0.062306	0.989031	-0.775625	0.614608	-0.143746	-0.616823	-0.786368	-0.033985
58744	11.146976	-4.551261	-2.687925	0.771080	-0.474218	0.003730	-0.136852	0.058550	0.988860	-0.780338	0.608546	-0.144026	-0.610199	-0.791355	-0.037592
58745	11.713442	-1.599087	-2.124142	1.015887	-0.462774	-0.042135	-0.139288	0.054605	0.988745	-0.786543	0.600519	-0.143968	-0.601622	-0.797744	-0.040696
58746	10.192413	-0.050635	-2.377014	1.011607	-0.431066	-0.058764	-0.141391	0.050764	0.988651	-0.792657	0.592471	-0.143782	-0.593046	-0.803991	-0.043532
58747	9.492939	1.189665	-1.838612	0.743447	-0.458949	-0.047860	-0.143679	0.046769	0.988519	-0.797101	0.586521	-0.143607	-0.586503	-0.808583	-0.046991
58748	9.340823	1.148644	-1.235490	0.714625	-0.434768	-0.017944	-0.146063	0.043097	0.988336	-0.801285	0.580759	-0.143744	-0.580180	-0.812934	-0.050295
58749	8.998248	0.859300	-0.685283	0.683515	-0.400091	0.051798	-0.148750	0.040124	0.988061	-0.805145	0.575187	-0.144570	-0.574121	-0.817037	-0.053253
58750	9.154786	0.577208	-0.295228	0.628439	-0.363754	0.130542	-0.151869	0.037848	0.987676	-0.808529	0.570015	-0.146166	-0.568522	-0.820762	-0.055966
58751	9.566970	0.352088	0.102251	0.474826	-0.345622	0.192673	-0.155348	0.036090	0.987200	-0.810915	0.566060	-0.148301	-0.564167	-0.823573	-0.058671
58752	9.743889	-0.268760	0.597253	0.198728	-0.344891	0.205275	-0.158940	0.034362	0.986690	-0.811701	0.564375	-0.150407	-0.562032	-0.824803	-0.061810
58753	9.587436	-1.468026	0.965258	-0.068876	-0.359006	0.178439	-0.162367	0.032399	0.986198	-0.811020	0.564904	-0.152084	-0.562035	-0.824520	-0.065446
58754	9.495400	-2.853760	1.075117	-0.163363	-0.399111	0.150458	-0.165812	0.029917	0.985703	-0.809845	0.566229	-0.153415	-0.562723	-0.823705	-0.069660
58755	9.412532	-3.715630	0.962979	-0.047299	-0.453213	0.125885	-0.169343	0.026886	0.985190	-0.809361	0.566603	-0.154582	-0.562368	-0.823552	-0.074189
58756	9.372859	-3.339742	0.642475	0.170264	-0.532933	0.104058	-0.173159	0.023045	0.984624	-0.810129	0.565198	-0.155700	-0.560096	-0.824633	-0.079200
58757	9.264390	-2.603762	0.308873	0.254186	-0.586840	0.069461	-0.176961	0.018582	0.984042	-0.811421	0.563106	-0.156552	-0.557029	-0.826176	-0.084570
58758	9.452686	-2.317021	-0.267971	0.345166	-0.634748	0.055621	-0.180920	0.013608	0.983404	-0.813228	0.560264	-0.157365	-0.553108	-0.828202	-0.090296
58759	9.614656	-2.173603	-0.751558	0.410526	-0.644090	0.042894	-0.184779	0.008496	0.982743	-0.815405	0.556875	-0.158129	-0.548608	-0.830553	-0.095971
58760	9.589032	-2.138736	-0.833103	0.464509	-0.648964	0.031712	-0.188565	0.003239	0.982055	-0.817875	0.553031	-0.158865	-0.543621	-0.833155	-0.101633
58761	9.581406	-2.098546	-0.796526	0.493479	-0.659845	0.022826	-0.192284	-0.002152	0.981337	-0.820496	0.548932	-0.159564	-0.538344	-0.835864	-0.107316
58762	9.658213	-1.804913	-0.847928	0.461244	-0.667951	0.018202	-0.195996	-0.007677	0.980575	-0.822924	0.545093	-0.160218	-0.533274	-0.838340	-0.113153
58763	9.914758	-1.423444	-1.334091	0.410219	-0.658527	0.028031	-0.199685	-0.013062	0.979773	-0.825042	0.541671	-0.160928	-0.528613	-0.840489	-0.118940
58764	9.895008	-0.844290	-1.698118	0.266564	-0.628505	0.032903	-0.203252	-0.018202	0.978957	-0.826372	0.539456	-0.161542	-0.525164	-0.841817	-0.124687
58765	9.865796	-0.592888	-1.849758	0.058919	-0.589389	0.027641	-0.206532	-0.023025	0.978169	-0.826620	0.538984	-0.161847	-0.523491	-0.842001	-0.130350
58766	9.879677	-0.766821	-1.859935	-0.111404	-0.545164	0.028573	-0.209604	-0.027491	0.977400	-0.825970	0.539951	-0.161943	-0.523296	-0.841247	-0.135883
58767	9.733187	-1.194239	-1.537465	-0.137576	-0.524903	0.034726	-0.212599	-0.031727	0.976624	-0.825173	0.541137	-0.162051	-0.523346	-0.840336	-0.141225
58768	9.770979	-1.172329	-1.132593	-0.141687	-0.527114	0.034804	-0.215627	-0.035999	0.975812	-0.824350	0.542360	-0.162150	-0.523404	-0.839375	-0.146623
58769	9.735329	-1.263260	-0.686758	-0.180346	-0.541691	0.043005	-0.218779	-0.040319	0.974941	-0.823309	0.543907	-0.162259	-0.523735	-0.838176	-0.152190
58770	9.565698	-1.380488	-0.405808	-0.204630	-0.555426	0.043752	-0.222030	-0.044765	0.974012	-0.822134	0.545660	-0.162330	-0.524213	-0.836810	-0.157956
58771	9.421565	-1.502155	-0.233333	-0.259711	-0.593238	0.050627	-0.225520	-0.049458	0.972982	-0.820654	0.547873	-0.162364	-0.525041	-0.835098	-0.164144
58772	9.515118	-1.637795	-0.116212	-0.238668	-0.638343	0.058723	-0.229334	-0.054493	0.971821	-0.819261	0.549915	-0.162497	-0.525564	-0.833441	-0.170758
58773	9.476870	-1.409024	-0.318148	-0.207336	-0.688360	0.065648	-0.233451	-0.059873	0.970523	-0.818016	0.551696	-0.162732	-0.525691	-0.831893	-0.177771
