// General information: 
//  MT Manager version: 2022.2.0 
//  XDA version: 2022.2.0 build 7381 rev 124627 built on 2023-07-19
// Device information: 
//  DeviceId: 00B4CB9F
//  ProductCode: MTW2-3A7G6
//  Firmware Version: 4.6.0
//  Hardware Version: 2.0.0
// Device settings: 
//  Filter Profile: human(46.1)
//  Option Flags: Orientation Smoother Disabled, Position/Velocity Smoother Disabled, Continuous Zero Rotation Update Disabled, AHS Disabled, ICC Disabled
// Coordinate system: ENU
PacketCounter	Acc_X	Acc_Y	Acc_Z	Gyr_X	Gyr_Y	Gyr_Z	Mat[1][1]	Mat[2][1]	Mat[3][1]	Mat[1][2]	Mat[2][2]	Mat[3][2]	Mat[1][3]	Mat[2][3]	Mat[3][3]
19302	9.535109	-1.452150	0.162980	-0.047591	0.068639	-0.162561	-0.048028	-0.057959	0.997163	-0.976848	0.211089	-0.034780	-0.208474	-0.975747	-0.066756
19303	9.231212	-1.301812	-0.349783	0.113965	0.033067	-0.167171	-0.046367	-0.058036	0.997237	-0.977171	0.209842	-0.033222	-0.207334	-0.976011	-0.066440
19304	9.385282	-0.730462	-1.136553	0.266440	-0.044319	-0.168260	-0.044866	-0.058861	0.997257	-0.977805	0.207097	-0.031768	-0.204659	-0.976548	-0.066846
19305	9.868545	0.037559	-1.333959	0.309470	-0.105957	-0.144136	-0.043713	-0.060240	0.997226	-0.978504	0.203948	-0.030572	-0.201540	-0.977127	-0.067860
19306	9.881930	0.921177	-1.428296	0.266323	-0.141845	-0.123641	-0.042840	-0.061919	0.997161	-0.979099	0.201224	-0.029569	-0.198822	-0.977586	-0.069245
19307	10.057406	1.184558	-1.099445	0.119914	-0.150061	-0.111697	-0.042084	-0.063660	0.997084	-0.979391	0.199941	-0.028571	-0.197539	-0.977738	-0.070763
19308	10.190350	1.002685	-0.545517	-0.045658	-0.119520	-0.101855	-0.041375	-0.065075	0.997022	-0.979351	0.200276	-0.027570	-0.197886	-0.977576	-0.072018
19309	9.885809	0.821964	-0.273057	-0.176772	-0.084624	-0.108547	-0.040519	-0.066172	0.996985	-0.979052	0.201894	-0.026390	-0.199539	-0.977169	-0.072966
19310	9.785624	0.284009	-0.031977	-0.255704	-0.073111	-0.118759	-0.039556	-0.067169	0.996957	-0.978594	0.204268	-0.025065	-0.201963	-0.976608	-0.073811
19311	9.931551	-0.395398	-0.045454	-0.265396	-0.044105	-0.124160	-0.038467	-0.067903	0.996950	-0.978110	0.206739	-0.023658	-0.204502	-0.976037	-0.074370
19312	9.549579	-0.947405	-0.372056	-0.185454	-0.042195	-0.131972	-0.037316	-0.068631	0.996944	-0.977787	0.208414	-0.022251	-0.206250	-0.975630	-0.074884
19313	9.621945	-1.139701	-0.583527	-0.075981	-0.068428	-0.138642	-0.036139	-0.069637	0.996918	-0.977689	0.209020	-0.020841	-0.206924	-0.975429	-0.075637
19314	9.637651	-0.903892	-0.649289	0.029023	-0.087205	-0.136823	-0.035034	-0.070815	0.996874	-0.977807	0.208596	-0.019546	-0.206560	-0.975435	-0.076552
19315	9.581358	-0.798327	-0.931864	0.104915	-0.123352	-0.132423	-0.034033	-0.072342	0.996799	-0.978076	0.207437	-0.018339	-0.205446	-0.975570	-0.077816
19316	9.578265	-0.650292	-1.054082	0.167619	-0.154820	-0.115170	-0.033276	-0.074133	0.996693	-0.978467	0.205673	-0.017370	-0.203705	-0.975809	-0.079380
19317	9.494558	-0.578562	-1.322984	0.256235	-0.197163	-0.096909	-0.032767	-0.076304	0.996546	-0.979025	0.203059	-0.016643	-0.201088	-0.976189	-0.081357
19318	9.637076	-0.389678	-1.171840	0.316341	-0.236833	-0.071948	-0.032588	-0.078803	0.996357	-0.979688	0.199870	-0.016235	-0.197862	-0.976648	-0.083716
19319	9.524599	0.291929	-0.914012	0.321421	-0.259966	-0.058169	-0.032569	-0.081507	0.996140	-0.980345	0.196643	-0.015963	-0.194582	-0.977082	-0.086310
19320	9.511419	0.878719	-0.912214	0.270077	-0.307050	-0.056417	-0.032662	-0.084660	0.995874	-0.980893	0.193912	-0.015686	-0.191784	-0.977359	-0.089376
19321	10.000729	1.183523	-0.553761	0.140564	-0.293898	-0.058954	-0.032685	-0.087696	0.995611	-0.981188	0.192449	-0.015260	-0.190266	-0.977381	-0.092336
19322	9.857886	1.196042	-0.535228	-0.009871	-0.264799	-0.051779	-0.032733	-0.090426	0.995365	-0.981194	0.192455	-0.014783	-0.190226	-0.977131	-0.095025
19323	9.954496	0.677785	-0.839926	-0.119120	-0.251059	-0.062306	-0.032637	-0.093049	0.995126	-0.980994	0.193525	-0.014078	-0.191271	-0.976673	-0.097596
19324	9.990094	0.207918	-0.656292	-0.177832	-0.233949	-0.057065	-0.032580	-0.095486	0.994897	-0.980679	0.195163	-0.013383	-0.192890	-0.976111	-0.100000
19325	9.762280	0.032305	-0.729535	-0.189713	-0.226967	-0.056742	-0.032500	-0.097861	0.994669	-0.980337	0.196923	-0.012657	-0.194635	-0.975523	-0.102337
19326	9.671121	-0.123729	-1.024563	-0.157369	-0.257257	-0.074749	-0.032323	-0.100560	0.994406	-0.980062	0.198340	-0.011799	-0.196044	-0.974961	-0.104966
19327	9.853956	-0.144148	-0.698567	-0.128001	-0.260158	-0.069526	-0.032188	-0.103283	0.994131	-0.979840	0.199481	-0.011001	-0.197174	-0.974443	-0.107622
19328	9.535466	0.205937	-0.591973	-0.087371	-0.257126	-0.059347	-0.032167	-0.105949	0.993851	-0.979695	0.200227	-0.010364	-0.197898	-0.974004	-0.110238
19329	9.628822	0.355627	-0.715659	-0.057181	-0.275471	-0.060422	-0.032159	-0.108800	0.993543	-0.979608	0.200681	-0.009732	-0.198327	-0.973596	-0.113035
19330	9.605537	0.673594	-0.482527	-0.055762	-0.270488	-0.050807	-0.032251	-0.111577	0.993232	-0.979522	0.201125	-0.009212	-0.198736	-0.973190	-0.115779
19331	9.488627	0.877082	-0.685951	-0.088669	-0.293083	-0.040697	-0.032472	-0.114558	0.992886	-0.979367	0.201903	-0.008734	-0.199466	-0.972683	-0.118751
19332	9.883504	0.876228	-0.467722	-0.150628	-0.283665	-0.020713	-0.032889	-0.117400	0.992540	-0.979080	0.203301	-0.008396	-0.200799	-0.972052	-0.121631
19333	9.825325	0.916673	-0.418654	-0.203689	-0.250898	-0.010916	-0.033324	-0.119908	0.992226	-0.978681	0.205230	-0.008068	-0.202667	-0.971341	-0.124191
19334	9.791555	0.589305	-0.699377	-0.242459	-0.240089	-0.009689	-0.033772	-0.122300	0.991918	-0.978198	0.207530	-0.007717	-0.204909	-0.970553	-0.126643
19335	9.930103	0.195023	-0.589618	-0.282116	-0.225087	-0.004634	-0.034225	-0.124540	0.991624	-0.977625	0.210225	-0.007339	-0.207550	-0.969688	-0.128948
19336	9.946801	0.056248	-0.581801	-0.266752	-0.195611	0.002669	-0.034713	-0.126471	0.991363	-0.977076	0.212772	-0.007069	-0.210040	-0.968882	-0.130958
19337	9.925039	0.113548	-0.603521	-0.245719	-0.172343	0.001661	-0.035128	-0.128180	0.991129	-0.976564	0.215121	-0.006790	-0.212342	-0.968139	-0.132733
19338	9.857963	0.034605	-0.660532	-0.224564	-0.145185	0.003192	-0.035522	-0.129620	0.990927	-0.976092	0.217257	-0.006572	-0.214434	-0.967470	-0.134238
19339	9.650805	-0.271176	-1.161904	-0.144639	-0.159682	0.004109	-0.035940	-0.131197	0.990705	-0.975787	0.218628	-0.006446	-0.215751	-0.966948	-0.135878
19340	9.566192	-0.433080	-1.613488	-0.003287	-0.216629	0.023222	-0.036687	-0.133282	0.990399	-0.975780	0.218649	-0.006721	-0.215654	-0.966658	-0.138075
19341	9.148032	0.010789	-2.114783	0.163255	-0.294721	0.033868	-0.037686	-0.136101	0.989978	-0.976126	0.217080	-0.007315	-0.213909	-0.966619	-0.141033
19342	9.084776	0.645857	-2.440643	0.221435	-0.394067	0.057480	-0.039139	-0.139827	0.989402	-0.976584	0.214978	-0.008251	-0.211546	-0.966557	-0.144966
19343	9.709410	1.593104	-2.066997	0.149889	-0.432463	0.106324	-0.041124	-0.143823	0.988749	-0.976865	0.213644	-0.009553	-0.209866	-0.966267	-0.149281
19344	9.983284	2.304580	-1.841449	-0.017678	-0.434026	0.131796	-0.043375	-0.147774	0.988069	-0.976781	0.213966	-0.010879	-0.209806	-0.965599	-0.153624
19345	10.149563	2.256746	-1.349309	-0.249810	-0.403211	0.146386	-0.045686	-0.151397	0.987417	-0.976195	0.216563	-0.011962	-0.212027	-0.964458	-0.157687
19346	10.137208	1.699463	-0.777385	-0.472163	-0.353505	0.138317	-0.047846	-0.154541	0.986827	-0.975128	0.221284	-0.012625	-0.216418	-0.962886	-0.161285
19347	10.173750	0.820575	-0.614513	-0.581291	-0.306907	0.119858	-0.049717	-0.157271	0.986303	-0.973802	0.227034	-0.012885	-0.221898	-0.961104	-0.164438
19348	10.166220	-0.030882	-0.437114	-0.602449	-0.254768	0.107008	-0.051385	-0.159511	0.985858	-0.972402	0.232948	-0.012993	-0.227581	-0.959318	-0.167079
19349	9.966367	-0.740950	-0.277841	-0.554574	-0.213425	0.098058	-0.052858	-0.161369	0.985478	-0.971081	0.238393	-0.013049	-0.232825	-0.957668	-0.169303
19350	9.796552	-1.329778	-0.348144	-0.455050	-0.184156	0.095030	-0.054267	-0.162942	0.985142	-0.969970	0.242862	-0.013262	-0.237093	-0.956278	-0.171228
19351	9.780353	-1.707244	-0.586484	-0.301547	-0.173902	0.103587	-0.055717	-0.164390	0.984821	-0.969202	0.245882	-0.013790	-0.239883	-0.955258	-0.173027
19352	9.603487	-1.710447	-0.992757	-0.110690	-0.166334	0.106640	-0.057205	-0.165755	0.984506	-0.968885	0.247076	-0.014698	-0.240812	-0.954714	-0.174731
19353	9.302116	-1.510107	-1.853374	0.064839	-0.226537	0.089034	-0.058644	-0.167734	0.984087	-0.968996	0.246576	-0.015717	-0.240015	-0.954498	-0.176993
19354	9.348343	-0.979724	-2.268814	0.204718	-0.293570	0.095022	-0.060321	-0.170341	0.983537	-0.969438	0.244743	-0.017069	-0.237806	-0.954508	-0.179898
19355	9.309271	-0.314046	-2.672768	0.303103	-0.342827	0.101692	-0.062151	-0.173404	0.982888	-0.970099	0.241994	-0.018649	-0.234619	-0.954657	-0.183259
19356	9.423133	0.182662	-2.914724	0.327597	-0.386475	0.120461	-0.064274	-0.176843	0.982138	-0.970794	0.239038	-0.020491	-0.231145	-0.954771	-0.187042
19357	9.598152	0.631104	-2.821783	0.285625	-0.404371	0.138819	-0.066585	-0.180413	0.981335	-0.971366	0.236529	-0.022424	-0.228068	-0.954728	-0.190996
19358	9.637085	0.878614	-2.508767	0.174275	-0.409236	0.146525	-0.068991	-0.184013	0.980499	-0.971670	0.235093	-0.024249	-0.226047	-0.954395	-0.195020
19359	9.853256	0.910540	-1.944852	0.043265	-0.402327	0.145534	-0.071346	-0.187550	0.979660	-0.971672	0.234922	-0.025790	-0.225307	-0.953749	-0.198998
19360	9.951722	0.677340	-1.529025	-0.064084	-0.381884	0.153833	-0.073756	-0.190868	0.978841	-0.971424	0.235786	-0.027220	-0.225601	-0.952877	-0.202804
19361	9.953618	0.376839	-1.164863	-0.106373	-0.351916	0.161416	-0.076151	-0.193878	0.978066	-0.971068	0.237081	-0.028610	-0.226334	-0.951947	-0.206323
19362	9.929353	0.264346	-0.880913	-0.140297	-0.317134	0.172219	-0.078596	-0.196525	0.977344	-0.970625	0.238714	-0.030055	-0.227400	-0.950996	-0.209514
19363	10.077096	0.122828	-0.701163	-0.149766	-0.297252	0.181211	-0.081063	-0.198954	0.976650	-0.970144	0.240469	-0.031537	-0.228580	-0.950048	-0.212507
19364	10.068995	0.083639	-0.656080	-0.145479	-0.272133	0.171924	-0.083408	-0.201162	0.976000	-0.969677	0.242157	-0.032957	-0.229715	-0.949154	-0.215260
19365	10.034305	0.025068	-0.690475	-0.122485	-0.259318	0.159853	-0.085585	-0.203270	0.975375	-0.969266	0.243615	-0.034279	-0.230648	-0.948332	-0.217873
19366	9.821292	-0.228873	-0.725856	-0.085609	-0.255284	0.148676	-0.087670	-0.205366	0.974751	-0.968947	0.244693	-0.035594	-0.231205	-0.947602	-0.220441
19367	9.732239	-0.598293	-0.810720	-0.021305	-0.261408	0.152781	-0.089784	-0.207502	0.974106	-0.968768	0.245184	-0.037063	-0.231145	-0.947010	-0.223035
19368	9.676174	-0.957624	-0.954431	0.083938	-0.277399	0.165235	-0.092078	-0.209762	0.973407	-0.968818	0.244697	-0.038913	-0.230027	-0.946638	-0.225753
19369	9.567009	-1.127071	-1.172390	0.247779	-0.305659	0.185478	-0.094604	-0.212235	0.972629	-0.969217	0.242717	-0.041310	-0.227306	-0.946596	-0.228664
19370	9.563960	-1.034354	-1.317946	0.416150	-0.338947	0.210735	-0.097464	-0.214975	0.971744	-0.969959	0.239190	-0.044370	-0.222893	-0.946876	-0.231829
19371	9.581058	-0.889172	-1.584766	0.547746	-0.378620	0.240810	-0.100665	-0.218021	0.970739	-0.970930	0.234497	-0.048018	-0.217166	-0.947353	-0.235289
19372	9.509175	-0.683064	-1.754009	0.620413	-0.422768	0.260237	-0.104151	-0.221463	0.969591	-0.971997	0.229153	-0.052068	-0.210653	-0.947862	-0.239128
19373	9.721659	-0.456568	-1.622597	0.629898	-0.442244	0.270816	-0.107732	-0.225072	0.968368	-0.973020	0.223759	-0.056242	-0.204023	-0.948301	-0.243106
19374	9.666922	-0.229704	-1.448234	0.568304	-0.432486	0.258979	-0.111175	-0.228641	0.967142	-0.973884	0.218920	-0.060195	-0.197964	-0.948577	-0.247008
19375	10.090185	-0.088885	-0.905357	0.457097	-0.408049	0.243174	-0.114371	-0.232013	0.965966	-0.974508	0.215118	-0.063714	-0.193014	-0.948628	-0.250701
19376	10.513423	-0.061848	-0.403297	0.346305	-0.358487	0.256723	-0.117610	-0.234905	0.964877	-0.974876	0.212396	-0.067120	-0.189169	-0.948529	-0.253983
19377	10.514436	-0.272382	0.034424	0.298971	-0.294226	0.260684	-0.120732	-0.237171	0.963937	-0.975129	0.210150	-0.070428	-0.185867	-0.948466	-0.256644
19378	10.352014	-0.431920	0.356742	0.293561	-0.244050	0.279347	-0.123958	-0.238942	0.963089	-0.975332	0.207994	-0.073930	-0.182652	-0.948496	-0.258831
19379	10.269429	-0.482569	0.109185	0.351618	-0.223255	0.276687	-0.127088	-0.240511	0.962291	-0.975624	0.205297	-0.077537	-0.178906	-0.948687	-0.260739
19380	10.325433	-0.337234	-0.432501	0.434273	-0.241540	0.271264	-0.130213	-0.242291	0.961426	-0.976045	0.201795	-0.081338	-0.174303	-0.948986	-0.262763
19381	10.231136	-0.218812	-0.941607	0.483062	-0.268748	0.276059	-0.133395	-0.244309	0.960478	-0.976513	0.197856	-0.085295	-0.169198	-0.949298	-0.264964
19382	10.165597	-0.203821	-1.094525	0.475170	-0.282179	0.286525	-0.136715	-0.246468	0.959460	-0.976920	0.194012	-0.089365	-0.164121	-0.949533	-0.267304
19383	10.328223	-0.316826	-0.983437	0.429926	-0.270764	0.277616	-0.139890	-0.248523	0.958471	-0.977234	0.190591	-0.093210	-0.159512	-0.949690	-0.269527
19384	10.551393	-0.415440	-0.563494	0.347352	-0.231556	0.285714	-0.143098	-0.250222	0.957555	-0.977379	0.187969	-0.096941	-0.155734	-0.949766	-0.271460
19385	10.900697	-0.635728	0.345709	0.303984	-0.141551	0.288679	-0.146160	-0.251043	0.956878	-0.977432	0.185780	-0.100559	-0.152524	-0.949981	-0.272531
19386	10.973284	-0.992330	1.305322	0.334479	-0.026220	0.315023	-0.149329	-0.250752	0.956464	-0.977472	0.183357	-0.104540	-0.149161	-0.950528	-0.272484
19387	10.869533	-1.250672	1.750431	0.426056	0.107242	0.331626	-0.152435	-0.249139	0.956396	-0.977600	0.180108	-0.108897	-0.145124	-0.951573	-0.271013
19388	10.914650	-1.379924	1.460821	0.555818	0.192312	0.351941	-0.155652	-0.246724	0.956504	-0.977851	0.175652	-0.113817	-0.139930	-0.953034	-0.268599
19389	11.030731	-1.508805	0.711732	0.713036	0.233013	0.371536	-0.158987	-0.243863	0.956689	-0.978242	0.169735	-0.119303	-0.133290	-0.954841	-0.265543
19390	11.127419	-1.772181	-0.165388	0.856869	0.243877	0.406301	-0.162697	-0.240900	0.956816	-0.978695	0.162493	-0.125506	-0.125241	-0.956851	-0.262204
19391	11.244228	-2.116580	-0.636594	0.956043	0.245362	0.445658	-0.166783	-0.237843	0.956877	-0.979116	0.154373	-0.132288	-0.116252	-0.958958	-0.258623
19392	11.378295	-2.475246	-0.735130	0.984873	0.282306	0.498777	-0.171400	-0.234427	0.956904	-0.979371	0.146059	-0.139642	-0.107028	-0.961099	-0.254626
19393	11.437011	-2.733920	-0.168593	1.001169	0.375734	0.535527	-0.176279	-0.230050	0.957080	-0.979466	0.137639	-0.147319	-0.097840	-0.963396	-0.249589
19394	11.345138	-2.882207	1.106845	1.011225	0.530163	0.567018	-0.181386	-0.224224	0.957509	-0.979392	0.129134	-0.155291	-0.088827	-0.965944	-0.243026
19395	11.226005	-2.806130	2.458123	1.027303	0.754784	0.597690	-0.186621	-0.216170	0.958354	-0.979160	0.120478	-0.163497	-0.080118	-0.968894	-0.234149
19396	11.123637	-2.503823	3.794095	1.040773	1.027560	0.614512	-0.191902	-0.205529	0.959652	-0.978783	0.111634	-0.171820	-0.071816	-0.972263	-0.222591
19397	11.052716	-2.170445	4.831251	1.108104	1.313042	0.620478	-0.197105	-0.192060	0.961386	-0.978325	0.102035	-0.180193	-0.063487	-0.976064	-0.208009
19398	11.149042	-1.814517	5.286652	1.209876	1.571473	0.625202	-0.202336	-0.176132	0.963347	-0.977785	0.091312	-0.188674	-0.054733	-0.980122	-0.190694
19399	11.166820	-1.284069	4.921968	1.271011	1.770050	0.648141	-0.207798	-0.158167	0.965300	-0.977094	0.079869	-0.197250	-0.045899	-0.984177	-0.171141
19400	11.172120	-0.958784	3.903186	1.147780	1.904709	0.697425	-0.213848	-0.138913	0.966940	-0.976102	0.069546	-0.205884	-0.038646	-0.987860	-0.150465
19401	11.665433	-1.173622	3.157562	0.870201	1.978445	0.750222	-0.220456	-0.118810	0.968134	-0.974790	0.061856	-0.214380	-0.034414	-0.990988	-0.129451
19402	11.735061	-1.556108	2.629972	0.527005	2.108714	0.825586	-0.227820	-0.097441	0.968815	-0.973111	0.057475	-0.223050	-0.033948	-0.993580	-0.107915
19403	11.198977	-1.854006	2.553843	0.226287	2.244851	0.896048	-0.235745	-0.074565	0.968950	-0.971114	0.055944	-0.231966	-0.036910	-0.995646	-0.085600
19404	10.425274	-1.934224	2.446043	0.037901	2.313042	0.901043	-0.243617	-0.051062	0.968526	-0.968961	0.056086	-0.240769	-0.042027	-0.997119	-0.063141
19405	10.772318	-1.994671	1.972783	-0.096040	2.301812	0.850826	-0.250819	-0.027577	0.967641	-0.966813	0.057323	-0.248971	-0.048602	-0.997975	-0.041040
19406	11.537095	-2.121025	1.192197	-0.169269	2.269668	0.738184	-0.256808	-0.004542	0.966452	-0.964842	0.059083	-0.256102	-0.055938	-0.998243	-0.019555
19407	12.480246	-2.184269	0.599796	-0.109282	2.209461	0.530635	-0.260623	0.017871	0.965275	-0.963405	0.060080	-0.261230	-0.062662	-0.998034	0.001559
19408	13.486645	-1.912209	-0.697995	0.008510	2.081511	0.211329	-0.261344	0.038717	0.964469	-0.962851	0.059885	-0.263309	-0.067952	-0.997454	0.021629
19409	14.557080	-0.820991	-2.994666	0.147852	1.980233	-0.152734	-0.258498	0.058412	0.964244	-0.963353	0.058425	-0.261798	-0.071628	-0.996581	0.041169
19410	15.066675	0.484832	-4.221767	0.260901	1.969808	-0.472314	-0.252555	0.077712	0.964457	-0.964742	0.056096	-0.257150	-0.074086	-0.995396	0.060805
19411	14.568160	1.667316	-4.741733	0.279084	2.036268	-0.661815	-0.244633	0.097636	0.964687	-0.966600	0.053844	-0.250568	-0.076407	-0.993765	0.081203
19412	13.937800	2.278011	-4.744178	0.177422	2.119064	-0.749806	-0.235770	0.118223	0.964591	-0.968533	0.052839	-0.243210	-0.079721	-0.991580	0.102045
19413	12.915030	1.714938	-4.432664	0.013049	2.221361	-0.656727	-0.227572	0.139896	0.963660	-0.970071	0.053506	-0.236854	-0.084697	-0.988720	0.123532
19414	12.437480	0.722459	-3.820370	-0.180086	2.363928	-0.392670	-0.221723	0.162962	0.961396	-0.970789	0.055823	-0.233352	-0.091696	-0.985052	0.145825
19415	11.791528	0.187975	-3.308467	-0.332567	2.494082	-0.121298	-0.218139	0.187422	0.957752	-0.970743	0.059257	-0.232694	-0.100366	-0.980490	0.169013
19416	10.912843	-0.188997	-2.858251	-0.438223	2.527951	-0.002500	-0.215503	0.212093	0.953192	-0.970283	0.063491	-0.233494	-0.110042	-0.975185	0.192108
19417	10.448506	-0.309732	-2.649663	-0.512153	2.455243	-0.081197	-0.211874	0.235922	0.948393	-0.969876	0.068608	-0.233740	-0.120212	-0.969347	0.214279
19418	10.048387	-0.326040	-2.697667	-0.602081	2.351259	-0.255934	-0.206488	0.258411	0.943709	-0.969652	0.075000	-0.232702	-0.130911	-0.963119	0.235082
19419	9.662188	-0.458397	-2.108811	-0.709954	2.227355	-0.415382	-0.199402	0.279467	0.939221	-0.969535	0.082889	-0.230502	-0.142268	-0.956571	0.254425
19420	9.216550	-0.667665	-1.502072	-0.838205	2.152495	-0.533698	-0.191084	0.299470	0.934775	-0.969332	0.092364	-0.227738	-0.154540	-0.949625	0.272637
19421	8.554582	-0.910921	-1.253875	-1.014409	2.150949	-0.597261	-0.181807	0.319227	0.930076	-0.968819	0.103764	-0.224995	-0.168333	-0.941980	0.290408
19422	7.776946	-1.197113	-1.168420	-1.152676	2.124734	-0.591192	-0.172398	0.338460	0.925053	-0.967841	0.116459	-0.222982	-0.183202	-0.933746	0.307498
19423	6.975324	-1.340634	-0.940000	-1.207270	2.020417	-0.525806	-0.163444	0.356588	0.919854	-0.966434	0.129467	-0.221909	-0.198221	-0.925248	0.323458
19424	6.767892	-1.613785	-0.751155	-1.184505	1.870997	-0.431474	-0.155487	0.373194	0.914631	-0.964692	0.141891	-0.221892	-0.212587	-0.916839	0.337955
19425	6.889344	-2.003977	-0.566848	-1.072540	1.718044	-0.371449	-0.148130	0.388319	0.909542	-0.962920	0.153055	-0.222169	-0.225482	-0.908726	0.351248
19426	7.107096	-2.302360	-0.351179	-0.901127	1.593287	-0.382550	-0.140823	0.402092	0.904705	-0.961397	0.162659	-0.221941	-0.236400	-0.901035	0.363664
19427	7.188771	-2.242768	-0.028427	-0.718155	1.483705	-0.460891	-0.132811	0.414626	0.900248	-0.960312	0.170945	-0.220405	-0.245278	-0.893791	0.375467
19428	7.382981	-2.236305	0.049026	-0.588397	1.382173	-0.549723	-0.124148	0.425934	0.896196	-0.959560	0.178433	-0.217729	-0.252649	-0.886985	0.386557
19429	7.266659	-2.480812	0.232675	-0.491512	1.289865	-0.603448	-0.115053	0.436220	0.892454	-0.959040	0.185336	-0.214227	-0.258854	-0.880546	0.397029
19430	7.153643	-2.828305	0.455858	-0.381178	1.163465	-0.611386	-0.106205	0.445243	0.889089	-0.958728	0.191314	-0.210331	-0.263744	-0.874733	0.406548
19431	6.657938	-3.080706	0.827785	-0.223018	1.007300	-0.601115	-0.097766	0.452847	0.886212	-0.958765	0.195917	-0.205881	-0.266857	-0.869797	0.415019
19432	6.275278	-2.924178	1.361607	-0.056624	0.816024	-0.601130	-0.089874	0.458705	0.884032	-0.959186	0.199086	-0.200816	-0.268113	-0.865999	0.422091
19433	5.909230	-2.482569	1.769477	0.075041	0.649143	-0.631025	-0.082079	0.463034	0.882532	-0.959944	0.201302	-0.194895	-0.267899	-0.863178	0.427964
19434	5.563040	-1.848760	1.902722	0.170283	0.489384	-0.711420	-0.073994	0.465779	0.881802	-0.960964	0.203076	-0.187903	-0.266594	-0.861284	0.432571
19435	5.381206	-1.531594	1.846999	0.209376	0.332723	-0.804203	-0.065379	0.466981	0.881847	-0.962095	0.204981	-0.179876	-0.264760	-0.860181	0.435879
19436	5.495117	-1.367142	1.817431	0.197308	0.191509	-0.869518	-0.056559	0.466800	0.882553	-0.963156	0.207281	-0.171360	-0.262927	-0.859728	0.437877
19437	5.586784	-1.323208	1.953376	0.206721	0.081551	-0.900168	-0.047674	0.465602	0.883709	-0.964181	0.209657	-0.162477	-0.260926	-0.859802	0.438929
19438	5.480975	-1.481456	2.107787	0.248540	0.003847	-0.888854	-0.039144	0.463727	0.885113	-0.965223	0.211588	-0.153542	-0.258480	-0.860342	0.439318
19439	5.487544	-1.752250	2.126372	0.341050	-0.097559	-0.867697	-0.031018	0.461023	0.886846	-0.966417	0.212620	-0.144331	-0.255101	-0.861540	0.438945
19440	5.573887	-2.121884	2.370049	0.449152	-0.253165	-0.849015	-0.023503	0.456998	0.889157	-0.967795	0.212581	-0.134841	-0.250640	-0.863691	0.437285
19441	5.685251	-2.540099	2.479370	0.546027	-0.481760	-0.838788	-0.016579	0.451026	0.892357	-0.969330	0.211620	-0.124968	-0.245204	-0.867060	0.433684
19442	5.746605	-2.999707	2.245189	0.615307	-0.792631	-0.849397	-0.010312	0.442307	0.896804	-0.970945	0.210002	-0.114739	-0.239080	-0.871931	0.427290
19443	5.754034	-2.614360	1.997869	0.618781	-1.098131	-0.879162	-0.004370	0.430834	0.902421	-0.972482	0.208381	-0.104195	-0.232938	-0.878043	0.418068
19444	5.720572	-2.180061	2.351569	0.610119	-1.357102	-0.927275	0.001480	0.416908	0.908948	-0.973909	0.206872	-0.093300	-0.226933	-0.885094	0.406336
19445	6.115392	-1.835353	3.307316	0.651358	-1.504920	-0.932931	0.007193	0.401584	0.915794	-0.975337	0.204855	-0.082170	-0.220603	-0.892617	0.393153
19446	6.662667	-1.169223	4.401417	0.720588	-1.510653	-0.874893	0.012399	0.386226	0.922321	-0.976827	0.201781	-0.071365	-0.213670	-0.900063	0.379778
19447	7.515176	-0.678263	5.703085	0.766386	-1.479559	-0.781374	0.016918	0.371269	0.928371	-0.978332	0.197770	-0.061263	-0.206349	-0.907219	0.366570
19448	8.765879	0.210824	5.955979	0.732910	-1.419089	-0.694620	0.020787	0.356949	0.933892	-0.979699	0.193566	-0.052178	-0.199394	-0.913849	0.353726
19449	10.919557	0.514487	6.902736	0.536430	-1.344779	-0.624955	0.024254	0.343396	0.938877	-0.980623	0.190793	-0.044451	-0.194395	-0.919607	0.341370
19450	14.093819	0.044766	8.511495	0.334480	-1.231600	-0.540726	0.027129	0.330973	0.943250	-0.981140	0.189472	-0.038264	-0.191384	-0.924423	0.329871
19451	16.120914	0.408311	8.579956	0.093265	-1.050632	-0.453846	0.029566	0.320360	0.946835	-0.981198	0.190044	-0.033662	-0.190725	-0.928037	0.319955
19452	15.445001	0.390361	8.746769	-0.254403	-0.736436	-0.426660	0.032284	0.312660	0.949316	-0.980588	0.193699	-0.030447	-0.193401	-0.929906	0.312844
19453	11.184308	0.696711	7.498577	-0.662755	-0.494252	-0.429697	0.035516	0.307198	0.950983	-0.979148	0.201154	-0.028412	-0.200022	-0.930143	0.307936
19454	5.958702	0.957611	5.325542	-1.068746	-0.677249	-0.391670	0.037902	0.300050	0.953170	-0.976821	0.212225	-0.027964	-0.210677	-0.930017	0.301139
19455	4.772760	1.166921	2.464200	-1.244386	-1.215998	-0.348055	0.038654	0.287963	0.956861	-0.973997	0.224788	-0.028303	-0.223241	-0.930885	0.289164
19456	8.962758	0.918114	1.765237	-1.513116	-1.531318	-0.351910	0.038485	0.272846	0.961288	-0.970380	0.239809	-0.029217	-0.238497	-0.931690	0.273993
19457	13.807031	0.037015	3.101980	-2.103663	-1.293487	-0.258253	0.037760	0.260150	0.964830	-0.965056	0.260041	-0.032347	-0.259310	-0.929893	0.260878
19458	13.755818	-2.151164	3.856597	-2.795738	-0.807393	-0.037864	0.035864	0.252524	0.966926	-0.957427	0.286003	-0.039181	-0.286438	-0.924356	0.252030
19459	11.922446	-6.520605	4.302023	-3.117456	-0.531747	0.186623	0.032475	0.248182	0.968169	-0.948107	0.314193	-0.048739	-0.316288	-0.916345	0.245506
19460	11.754561	-11.204977	5.090486	-2.825784	-0.516328	0.340741	0.027499	0.244550	0.969247	-0.938910	0.339081	-0.058915	-0.343061	-0.908416	0.238935
19461	12.334999	-13.997371	4.589804	-2.052919	-0.598190	0.423847	0.021402	0.240608	0.970386	-0.931788	0.356602	-0.067870	-0.362372	-0.902742	0.231828
19462	11.575263	-12.881271	1.735890	-0.949919	-0.749597	0.249545	0.016271	0.234716	0.971928	-0.928369	0.364522	-0.072488	-0.371304	-0.901128	0.223834
19463	9.278209	-7.815096	-2.065190	0.597678	-1.127292	-0.284115	0.014715	0.223511	0.974590	-0.930545	0.359722	-0.068448	-0.365881	-0.905893	0.213280
19464	8.311977	-1.840141	-4.768848	1.969629	-1.475336	-0.761772	0.016507	0.207360	0.978125	-0.937472	0.343366	-0.056972	-0.347669	-0.916025	0.200062
19465	8.613767	2.178156	-5.404782	2.380239	-1.522661	-0.709907	0.018015	0.190964	0.981432	-0.945378	0.322792	-0.045455	-0.325478	-0.927005	0.186349
19466	8.291473	4.398339	-4.162638	2.006747	-1.374420	-0.366697	0.017092	0.176977	0.984067	-0.951673	0.304720	-0.038273	-0.306638	-0.935855	0.173632
19467	8.450252	6.269822	-1.573406	1.257398	-1.363835	-0.125507	0.014140	0.163785	0.986395	-0.955449	0.293078	-0.034968	-0.294817	-0.941955	0.160632
19468	10.371419	7.508685	-0.098865	0.370411	-1.412728	-0.082275	0.010729	0.150178	0.988601	-0.956539	0.289659	-0.033621	-0.291406	-0.945275	0.146759
19469	11.859088	6.189136	-0.459344	-0.603575	-1.350551	-0.090525	0.007582	0.137128	0.990524	-0.954767	0.295450	-0.033594	-0.297257	-0.945466	0.133165
19470	11.139196	2.985374	-1.094091	-1.388206	-1.256080	-0.070208	0.004376	0.125019	0.992145	-0.950560	0.308598	-0.034693	-0.310511	-0.942941	0.120189
19471	10.080687	0.287820	-0.729712	-1.739334	-1.168712	-0.061482	0.001201	0.113806	0.993502	-0.945027	0.324996	-0.036086	-0.326991	-0.938843	0.107940
19472	9.662391	-1.312788	-0.133166	-1.692838	-1.084388	-0.068137	-0.001847	0.103388	0.994639	-0.939373	0.340876	-0.037177	-0.342892	-0.934406	0.096490
19473	9.489913	-2.176910	0.248728	-1.389185	-1.064891	-0.094115	-0.004720	0.093108	0.995645	-0.934537	0.353883	-0.037524	-0.355836	-0.930644	0.085343
19474	9.568375	-1.936517	0.824563	-1.010545	-1.068298	-0.130328	-0.007415	0.082680	0.996549	-0.930919	0.363340	-0.037072	-0.365151	-0.927981	0.074274
19475	9.522907	-0.670859	1.537525	-0.705457	-1.061783	-0.164514	-0.009835	0.072212	0.997341	-0.928349	0.369967	-0.035942	-0.371579	-0.926234	0.063400
19476	9.652537	0.356052	1.846126	-0.539496	-1.055286	-0.198522	-0.012001	0.061673	0.998024	-0.926371	0.375046	-0.034315	-0.376421	-0.924953	0.052631
19477	9.820069	0.600800	1.849172	-0.481481	-1.044185	-0.213686	-0.014014	0.051197	0.998590	-0.924591	0.379578	-0.032436	-0.380704	-0.923742	0.042017
19478	9.542409	0.703575	1.548037	-0.452496	-1.018459	-0.182375	-0.016287	0.041067	0.999024	-0.922905	0.383792	-0.030822	-0.384683	-0.922506	0.031650
19479	9.542255	0.870328	1.376741	-0.481514	-0.976388	-0.138937	-0.018819	0.031514	0.999326	-0.921081	0.388244	-0.029589	-0.388915	-0.921018	0.021721
19480	9.761202	0.985571	1.294923	-0.622750	-0.925406	-0.091565	-0.021661	0.022612	0.999510	-0.918679	0.393952	-0.028822	-0.394410	-0.918853	0.012240
19481	10.037377	0.621771	0.943875	-0.828605	-0.866762	-0.070192	-0.024503	0.014367	0.999597	-0.915411	0.401530	-0.028211	-0.401774	-0.915733	0.003313
19482	9.935755	-0.539707	0.244131	-0.980228	-0.824607	-0.066805	-0.027303	0.006530	0.999606	-0.911466	0.410449	-0.027577	-0.410468	-0.911860	-0.005254
19483	9.690647	-1.539909	-0.207509	-0.929856	-0.808036	-0.092096	-0.029850	-0.001218	0.999554	-0.907652	0.418879	-0.026595	-0.418660	-0.908041	-0.013609
19484	9.296047	-1.934460	-0.670419	-0.739734	-0.802737	-0.110278	-0.032299	-0.008989	0.999438	-0.904585	0.425535	-0.025406	-0.425068	-0.904897	-0.021876
19485	9.249180	-1.860992	-0.748941	-0.524596	-0.838513	-0.119245	-0.034842	-0.017090	0.999247	-0.902399	0.430227	-0.024107	-0.429491	-0.902559	-0.030411
19486	9.758683	-1.734459	-0.537802	-0.341016	-0.811409	-0.103421	-0.037467	-0.024881	0.998988	-0.900987	0.433237	-0.023001	-0.432226	-0.900937	-0.038650
19487	9.738330	-1.580311	-0.847550	-0.143071	-0.804336	-0.099416	-0.040093	-0.032567	0.998665	-0.900422	0.434462	-0.021980	-0.433167	-0.900101	-0.046743
19488	9.798575	-0.925402	-1.191957	0.049089	-0.821593	-0.101956	-0.042792	-0.040433	0.998266	-0.900696	0.433941	-0.021033	-0.432338	-0.900034	-0.054987
19489	9.449178	-0.078960	-1.695105	0.189197	-0.825243	-0.080725	-0.045666	-0.048223	0.997792	-0.901563	0.432168	-0.020375	-0.430231	-0.900503	-0.063212
19490	9.686114	0.630880	-1.962106	0.212357	-0.819920	-0.041320	-0.048873	-0.055815	0.997244	-0.902513	0.430192	-0.020152	-0.427881	-0.901010	-0.071398
19491	9.773967	1.254631	-1.864371	0.127410	-0.794201	-0.003710	-0.052274	-0.063001	0.996644	-0.903074	0.429008	-0.020247	-0.426292	-0.901101	-0.079320
19492	9.942348	1.481235	-1.849936	0.002990	-0.777062	0.013386	-0.055767	-0.069972	0.995989	-0.903098	0.428948	-0.020430	-0.425798	-0.900615	-0.087113
19493	9.732841	1.350244	-1.983633	-0.103809	-0.777602	0.009138	-0.059204	-0.076948	0.995276	-0.902665	0.429857	-0.020461	-0.426252	-0.899612	-0.094908
19494	10.002868	0.999316	-1.707230	-0.223702	-0.765337	0.021976	-0.062732	-0.083761	0.994509	-0.901715	0.431845	-0.020507	-0.427756	-0.898050	-0.102619
19495	9.848963	0.692723	-1.605802	-0.315907	-0.735514	0.028473	-0.066184	-0.090253	0.993717	-0.900355	0.434673	-0.020487	-0.430093	-0.896055	-0.110028
19496	9.932129	0.082321	-1.701621	-0.399105	-0.725116	0.045065	-0.069780	-0.096573	0.992877	-0.898620	0.438247	-0.020530	-0.433142	-0.893652	-0.117363
19497	9.917069	-0.931361	-1.870417	-0.449242	-0.691790	0.069995	-0.073458	-0.102456	0.992022	-0.896631	0.442295	-0.020715	-0.436644	-0.890998	-0.124355
19498	9.749473	-2.078837	-2.107576	-0.402279	-0.670943	0.077265	-0.077152	-0.108110	0.991141	-0.894828	0.445916	-0.021016	-0.439694	-0.888522	-0.131143
19499	9.349525	-2.904111	-2.362791	-0.190526	-0.697137	0.051470	-0.080725	-0.114086	0.990186	-0.893963	0.447635	-0.021305	-0.440811	-0.886909	-0.138124
19500	9.205640	-3.016621	-2.066825	0.111167	-0.737123	0.030242	-0.084300	-0.120514	0.989126	-0.894445	0.446646	-0.021812	-0.439160	-0.886557	-0.145446
19501	9.073715	-2.210778	-1.839979	0.452788	-0.802190	-0.016161	-0.087707	-0.127720	0.987925	-0.896451	0.442578	-0.022369	-0.434376	-0.887588	-0.153311
19502	9.403015	-0.874606	-1.275135	0.699140	-0.888180	-0.066140	-0.091001	-0.135929	0.986530	-0.899539	0.436240	-0.022869	-0.427256	-0.889504	-0.161972
19503	9.831500	0.579795	-0.421006	0.785074	-0.908531	-0.070169	-0.094263	-0.144342	0.985028	-0.902942	0.429118	-0.023526	-0.419298	-0.891641	-0.170782
19504	9.860811	1.468694	0.184506	0.707930	-0.872554	-0.086315	-0.097170	-0.152525	0.983511	-0.905983	0.422635	-0.023967	-0.412010	-0.893373	-0.179252
19505	9.860903	1.483552	0.180108	0.596327	-0.871167	-0.084811	-0.100009	-0.160686	0.981926	-0.908518	0.417141	-0.024270	-0.405701	-0.894524	-0.187704
19506	10.461536	1.319087	0.283510	0.480901	-0.820711	-0.044940	-0.102968	-0.168245	0.980352	-0.910517	0.412727	-0.024802	-0.400445	-0.895182	-0.195688
19507	10.391809	0.943860	0.244840	0.358011	-0.721480	-0.018785	-0.105715	-0.174798	0.978913	-0.911975	0.409461	-0.025371	-0.396392	-0.895426	-0.202697
19508	10.383162	0.516401	0.437445	0.292098	-0.657516	0.013349	-0.108492	-0.180660	0.977544	-0.913128	0.406833	-0.026156	-0.392972	-0.895460	-0.209104
19509	10.519147	0.380274	0.345199	0.231645	-0.578936	0.053941	-0.111292	-0.185638	0.976295	-0.913987	0.404831	-0.027213	-0.390183	-0.895349	-0.214725
19510	10.649651	-0.185494	0.209629	0.164689	-0.485332	0.070725	-0.113887	-0.189726	0.975210	-0.914562	0.403454	-0.028313	-0.388080	-0.895114	-0.219465
19511	10.236600	-1.268395	-0.174408	0.176204	-0.420169	0.076210	-0.116250	-0.193191	0.974250	-0.915166	0.401997	-0.029485	-0.385949	-0.895029	-0.223534
19512	10.023852	-2.247441	-0.419013	0.303113	-0.401033	0.086179	-0.118640	-0.196465	0.973307	-0.916244	0.399416	-0.031061	-0.382651	-0.895471	-0.227396
19513	10.014561	-2.705655	-0.568996	0.542713	-0.416849	0.111918	-0.121290	-0.199763	0.972308	-0.918181	0.394748	-0.033436	-0.377137	-0.896810	-0.231298
19514	9.636380	-2.394464	-0.650557	0.866294	-0.465972	0.135840	-0.124336	-0.203447	0.971159	-0.921257	0.387207	-0.036832	-0.368546	-0.899267	-0.235570
19515	9.410611	-1.672985	-1.028340	1.141787	-0.548867	0.158941	-0.127836	-0.207789	0.969784	-0.925210	0.377220	-0.041136	-0.357274	-0.902512	-0.240471
19516	9.549771	-1.016654	-1.467769	1.294284	-0.618590	0.195025	-0.131874	-0.212689	0.968180	-0.929509	0.365891	-0.046228	-0.344416	-0.906028	-0.245948
19517	9.573023	-0.336207	-1.589924	1.299316	-0.639341	0.234468	-0.136260	-0.217653	0.966468	-0.933594	0.354574	-0.051773	-0.331416	-0.909343	-0.251513
19518	9.964979	0.102717	-1.191553	1.200508	-0.640313	0.256189	-0.140797	-0.222621	0.964684	-0.937154	0.344169	-0.057354	-0.319246	-0.912133	-0.257089
19519	10.557557	0.255113	-0.447074	1.084781	-0.593201	0.262206	-0.145158	-0.227154	0.962980	-0.940189	0.334824	-0.062742	-0.308177	-0.914491	-0.262170
19520	11.036509	0.196247	0.326582	0.956591	-0.548569	0.258506	-0.149312	-0.231354	0.961343	-0.942718	0.326625	-0.067815	-0.298309	-0.916401	-0.266871
19521	11.532090	0.028216	1.462082	0.886983	-0.474191	0.259693	-0.153193	-0.234868	0.959880	-0.944937	0.319067	-0.072737	-0.289183	-0.918168	-0.270815
19522	11.845256	-0.819599	2.380829	0.968824	-0.346257	0.270744	-0.156795	-0.237233	0.958716	-0.947279	0.310765	-0.078026	-0.279425	-0.920405	-0.273452
19523	12.408889	-1.854908	2.964077	1.215602	-0.203643	0.292959	-0.160165	-0.238213	0.957915	-0.950144	0.300227	-0.084205	-0.267534	-0.923644	-0.274422
19524	12.336606	-1.998626	3.204095	1.472409	-0.068556	0.325726	-0.163499	-0.237926	0.957423	-0.953457	0.287337	-0.091416	-0.253353	-0.927808	-0.273832
19525	11.848375	-2.197466	3.171436	1.639097	0.048289	0.350762	-0.166762	-0.236484	0.957218	-0.956906	0.272895	-0.099288	-0.237740	-0.932525	-0.271802
19526	11.697534	-2.757129	3.127041	1.719230	0.112592	0.379265	-0.170193	-0.234463	0.957111	-0.960218	0.257679	-0.107622	-0.221394	-0.937352	-0.268991
19527	11.860924	-3.744512	3.285916	1.735448	0.182234	0.448379	-0.174147	-0.231612	0.957094	-0.963149	0.242385	-0.116592	-0.204981	-0.942128	-0.265288
19528	11.932397	-4.461359	4.157532	1.741759	0.291045	0.564781	-0.179073	-0.227576	0.957153	-0.965581	0.227194	-0.126631	-0.188641	-0.946885	-0.260428
19529	12.170588	-4.821275	5.707386	1.761678	0.436318	0.715177	-0.185228	-0.221839	0.957329	-0.967460	0.212043	-0.138052	-0.172370	-0.951748	-0.253897
19530	12.734727	-4.629863	7.704369	1.895407	0.682268	0.883646	-0.192716	-0.213566	0.957732	-0.968895	0.195839	-0.151292	-0.155250	-0.957098	-0.244664
19531	14.771397	-3.927191	9.634874	2.177854	1.054605	0.968235	-0.200597	-0.201598	0.958707	-0.970165	0.176896	-0.165796	-0.136167	-0.963362	-0.231068
19532	16.533439	-3.222009	10.617744	2.569351	1.601674	0.966715	-0.208024	-0.184552	0.960555	-0.971406	0.153875	-0.180810	-0.114436	-0.970702	-0.211285
19533	15.991140	-1.791109	9.390093	2.801758	2.138641	1.013901	-0.215699	-0.162226	0.962890	-0.972145	0.128279	-0.196161	-0.091696	-0.978380	-0.185377
19534	14.192495	-0.379513	6.834813	2.502358	2.624122	1.143086	-0.224695	-0.135170	0.965009	-0.971684	0.105366	-0.211490	-0.073092	-0.985204	-0.155017
19535	12.640139	-0.330833	4.790862	1.834456	3.038959	1.242554	-0.234723	-0.103874	0.966496	-0.970069	0.088672	-0.226061	-0.062219	-0.990630	-0.121578
19536	11.167953	-0.325181	2.688307	1.139898	3.292599	1.228202	-0.244674	-0.070212	0.967060	-0.967808	0.078381	-0.239173	-0.059007	-0.994448	-0.087130
19537	11.046349	-0.763098	1.226167	0.602286	3.360207	1.140807	-0.253692	-0.035822	0.966621	-0.965327	0.072929	-0.250650	-0.061516	-0.996694	-0.053081
19538	12.249895	-1.132585	-0.009314	0.286100	3.283148	0.987117	-0.261143	-0.002424	0.965297	-0.962962	0.070217	-0.260335	-0.067149	-0.997529	-0.020671
19539	14.353072	-1.242606	-1.402190	0.187637	3.050505	0.691816	-0.265668	0.028553	0.963642	-0.961271	0.068191	-0.267035	-0.073336	-0.997264	0.009331
19540	17.990766	-0.417204	-2.581994	0.208530	2.737749	0.265175	-0.266183	0.055973	0.962296	-0.960716	0.065949	-0.269582	-0.078552	-0.996252	0.036219
19541	20.409066	1.458199	-3.012698	0.204481	2.447812	-0.213855	-0.262157	0.080269	0.961681	-0.961448	0.063995	-0.267435	-0.083010	-0.994717	0.060398
19542	20.881929	3.837091	-3.306401	0.105760	2.352927	-0.602495	-0.254393	0.103218	0.961577	-0.963088	0.063445	-0.261603	-0.088009	-0.992633	0.083268
19543	19.017077	6.069786	-4.510988	-0.127163	2.464617	-0.803110	-0.244386	0.127190	0.961300	-0.964979	0.065573	-0.253998	-0.095341	-0.989708	0.106711
19544	17.330902	6.478704	-5.258018	-0.451740	2.717400	-0.714219	-0.234799	0.153495	0.959848	-0.966230	0.070983	-0.247711	-0.106155	-0.985597	0.131644
19545	16.364403	4.726147	-5.486404	-0.883615	3.094790	-0.417883	-0.227214	0.183643	0.956373	-0.966197	0.080323	-0.244971	-0.121806	-0.979706	0.159185
19546	14.919961	2.040004	-4.756696	-1.357965	3.502387	-0.121858	-0.221453	0.217664	0.950569	-0.964671	0.093761	-0.246208	-0.142717	-0.971510	0.189210
19547	12.983885	-1.218632	-4.058973	-1.647076	3.670246	0.006576	-0.215812	0.253184	0.943039	-0.962122	0.109620	-0.249609	-0.166573	-0.961188	0.219936
19548	11.533605	-3.574406	-3.762038	-1.572937	3.519862	-0.046883	-0.209152	0.286722	0.934904	-0.959423	0.124720	-0.252887	-0.189109	-0.949861	0.249002
19549	11.127537	-5.802306	-3.643950	-1.222088	3.270784	-0.158097	-0.201124	0.317431	0.926708	-0.957339	0.136692	-0.254594	-0.207490	-0.938378	0.276396
19550	10.802694	-6.729404	-3.831768	-0.756399	3.109626	-0.291650	-0.191727	0.345984	0.918442	-0.956294	0.144655	-0.254121	-0.220779	-0.927022	0.303128
19551	9.755982	-6.289017	-3.600854	-0.367426	3.042671	-0.446781	-0.180579	0.373384	0.909932	-0.956312	0.149601	-0.251171	-0.229910	-0.915535	0.330056
19552	8.730853	-4.872229	-3.142617	-0.092644	2.912794	-0.558721	-0.168503	0.399003	0.901334	-0.957075	0.152541	-0.246451	-0.235825	-0.904173	0.356172
19553	8.099095	-2.967454	-2.682679	-0.000602	2.756804	-0.634488	-0.155854	0.422813	0.892714	-0.958117	0.155106	-0.240735	-0.240251	-0.892844	0.380931
19554	7.449289	-1.360553	-2.548196	-0.098180	2.643227	-0.678521	-0.142989	0.445157	0.883962	-0.958898	0.158859	-0.235111	-0.245087	-0.881248	0.404145
19555	6.735462	-0.344548	-2.384028	-0.243124	2.517450	-0.703372	-0.129993	0.466066	0.875148	-0.959271	0.164145	-0.229905	-0.250802	-0.869390	0.425745
19556	6.003572	0.198275	-1.985908	-0.401788	2.373567	-0.702610	-0.117275	0.485346	0.866421	-0.959125	0.170894	-0.225554	-0.257538	-0.857458	0.445466
19557	5.490920	0.354304	-1.711320	-0.600006	2.225404	-0.680567	-0.104921	0.503105	0.857833	-0.958327	0.179321	-0.222381	-0.265708	-0.845417	0.463324
19558	5.191669	0.216416	-1.556994	-0.821180	2.074098	-0.637246	-0.093261	0.519305	0.849485	-0.956745	0.189408	-0.220825	-0.275575	-0.833335	0.479178
19559	5.161446	-0.305302	-1.494441	-0.998096	1.921424	-0.590772	-0.082206	0.534046	0.841449	-0.954474	0.200733	-0.220648	-0.286743	-0.821280	0.493232
19560	5.200370	-0.603531	-1.656611	-1.020374	1.750288	-0.538170	-0.072017	0.547177	0.833913	-0.951918	0.211901	-0.221248	-0.297769	-0.809750	0.505607
19561	5.426552	-1.642765	-1.564201	-1.076626	1.621004	-0.594324	-0.061446	0.558911	0.826948	-0.949066	0.223801	-0.221781	-0.309027	-0.798456	0.516691
19562	5.794036	-1.603030	-1.586795	-0.933067	1.432496	-0.624021	-0.051093	0.568814	0.820878	-0.946502	0.234659	-0.221516	-0.318628	-0.788280	0.526394
