// General information: 
//  MT Manager version: 2022.2.0 
//  XDA version: 2022.2.0 build 7381 rev 124627 built on 2023-07-19
// Device information: 
//  DeviceId: 00B4CB9F
//  ProductCode: MTW2-3A7G6
//  Firmware Version: 4.6.0
//  Hardware Version: 2.0.0
// Device settings: 
//  Filter Profile: human(46.1)
//  Option Flags: Orientation Smoother Disabled, Position/Velocity Smoother Disabled, Continuous Zero Rotation Update Disabled, AHS Disabled, ICC Disabled
// Coordinate system: ENU
PacketCounter	Acc_X	Acc_Y	Acc_Z	Gyr_X	Gyr_Y	Gyr_Z	Mat[1][1]	Mat[2][1]	Mat[3][1]	Mat[1][2]	Mat[2][2]	Mat[3][2]	Mat[1][3]	Mat[2][3]	Mat[3][3]
22489	9.859093	0.519936	0.354674	-0.015908	0.002015	0.001721	-0.062613	0.007712	0.998008	0.521998	-0.852039	0.039333	0.850645	0.523421	0.049323
22490	9.859067	0.519966	0.355332	-0.028747	0.008972	-0.003949	-0.062641	0.007720	0.998006	0.521801	-0.852160	0.039343	0.850764	0.523225	0.049352
22491	9.818235	0.447180	0.448800	-0.038695	0.016435	-0.007769	-0.062750	0.007691	0.998000	0.521512	-0.852335	0.039359	0.850933	0.522939	0.049473
22492	9.758429	0.412090	0.473286	-0.035528	0.015241	-0.010418	-0.062865	0.007721	0.997992	0.521251	-0.852492	0.039430	0.851085	0.522683	0.049567
22493	9.741208	0.384722	0.464355	-0.022178	0.015003	-0.006953	-0.062958	0.007693	0.997987	0.521104	-0.852581	0.039446	0.851168	0.522538	0.049668
22494	9.806400	0.388747	0.406731	-0.024302	0.010419	-0.004609	-0.063001	0.007699	0.997984	0.520937	-0.852682	0.039464	0.851267	0.522373	0.049709
22495	9.797973	0.437577	0.461958	-0.009060	0.006343	-0.005784	-0.063014	0.007706	0.997983	0.520902	-0.852703	0.039475	0.851287	0.522339	0.049718
22496	9.738659	0.460291	0.499702	-0.007106	0.011038	-0.004337	-0.063061	0.007707	0.997980	0.520883	-0.852714	0.039499	0.851296	0.522321	0.049759
22497	9.724296	0.416444	0.471804	-0.003053	0.004163	-0.003506	-0.063043	0.007705	0.997981	0.520900	-0.852704	0.039489	0.851286	0.522338	0.049744
22498	9.783398	0.461158	0.540585	0.005687	0.007146	-0.001037	-0.063040	0.007699	0.997981	0.520985	-0.852652	0.039487	0.851235	0.522423	0.049740
22499	9.842472	0.505645	0.609878	0.014878	0.015370	0.002310	-0.063087	0.007590	0.997979	0.521159	-0.852548	0.039429	0.851125	0.522593	0.049830
22500	9.785901	0.511666	0.630379	0.018280	0.022595	0.001958	-0.063201	0.007477	0.997973	0.521358	-0.852428	0.039404	0.850995	0.522791	0.049976
22501	9.751994	0.513628	0.625654	0.012273	0.024777	-0.000320	-0.063342	0.007341	0.997965	0.521508	-0.852338	0.039370	0.850892	0.522940	0.050161
22502	9.701002	0.487519	0.610263	-0.002483	0.019418	0.000375	-0.063437	0.007256	0.997959	0.521532	-0.852324	0.039349	0.850870	0.522964	0.050284
22503	9.741363	0.502615	0.505782	-0.000712	0.012619	0.001894	-0.063463	0.007165	0.997958	0.521573	-0.852302	0.039288	0.850843	0.523001	0.050353
22504	9.812694	0.532108	0.426292	-0.008158	0.016827	-0.004036	-0.063560	0.007132	0.997953	0.521548	-0.852316	0.039309	0.850851	0.522979	0.050453
22505	9.820796	0.550970	0.478891	-0.023123	0.019206	-0.007370	-0.063690	0.007085	0.997945	0.521393	-0.852410	0.039328	0.850937	0.522826	0.050596
22506	9.760908	0.516015	0.503774	-0.024616	0.024312	-0.013385	-0.063899	0.007092	0.997931	0.521227	-0.852507	0.039434	0.851023	0.522668	0.050778
22507	9.738722	0.512375	0.440744	-0.020237	0.019712	-0.005517	-0.064025	0.007027	0.997924	0.521097	-0.852586	0.039436	0.851093	0.522540	0.050925
22508	9.741473	0.496365	0.424339	-0.015745	0.013517	0.001640	-0.064064	0.006961	0.997922	0.521027	-0.852630	0.039396	0.851133	0.522468	0.050996
22509	9.794689	0.447939	0.411140	-0.012965	0.015609	0.004203	-0.064104	0.006834	0.997920	0.520965	-0.852672	0.039305	0.851167	0.522401	0.051099
22510	9.794645	0.447591	0.412561	-0.017919	0.012005	0.001612	-0.064130	0.006778	0.997919	0.520859	-0.852740	0.039265	0.851231	0.522292	0.051155
22511	9.766916	0.475435	0.384837	-0.022252	0.013539	-0.003888	-0.064194	0.006732	0.997915	0.520712	-0.852829	0.039249	0.851315	0.522146	0.051242
22512	9.730259	0.493704	0.397316	-0.028993	0.012180	-0.002551	-0.064243	0.006711	0.997912	0.520504	-0.852957	0.039245	0.851439	0.521939	0.051303
22513	9.785553	0.437945	0.456457	-0.028896	0.006028	0.002180	-0.064212	0.006652	0.997914	0.520305	-0.853082	0.039166	0.851563	0.521735	0.051317
22514	9.846923	0.407848	0.493668	-0.038246	0.014084	0.000895	-0.064259	0.006591	0.997912	0.520029	-0.853252	0.039122	0.851728	0.521456	0.051401
22515	9.786712	0.313689	0.503412	-0.035183	0.014481	-0.001039	-0.064316	0.006515	0.997908	0.519774	-0.853410	0.039071	0.851879	0.521200	0.051502
22516	9.767087	0.359865	0.526927	-0.030779	0.019001	-0.004054	-0.064431	0.006468	0.997901	0.519567	-0.853535	0.039079	0.851997	0.520995	0.051633
22517	9.747061	0.348207	0.536174	-0.026770	0.015198	-0.005591	-0.064518	0.006427	0.997896	0.519381	-0.853649	0.039079	0.852103	0.520810	0.051738
22518	9.772983	0.386384	0.508222	-0.009625	0.014318	-0.002219	-0.064584	0.006390	0.997892	0.519351	-0.853667	0.039079	0.852117	0.520780	0.051814
22519	9.782221	0.454939	0.483673	-0.006766	0.010857	-0.011905	-0.064667	0.006426	0.997886	0.519332	-0.853675	0.039152	0.852122	0.520766	0.051867
22520	9.737076	0.397602	0.430477	-0.004494	0.006212	-0.007149	-0.064688	0.006474	0.997885	0.519332	-0.853673	0.039205	0.852121	0.520769	0.051860
22521	9.749239	0.450263	0.386300	0.009209	-0.010423	-0.009544	-0.064578	0.006601	0.997891	0.519450	-0.853599	0.039262	0.852057	0.520890	0.051695
22522	9.823176	0.531319	0.391369	0.004306	-0.017103	-0.009780	-0.064415	0.006791	0.997900	0.519538	-0.853541	0.039345	0.852016	0.520981	0.051453
22523	9.884573	0.502514	0.426314	-0.010450	-0.006284	-0.010808	-0.064347	0.006907	0.997904	0.519487	-0.853569	0.039405	0.852052	0.520934	0.051336
22524	9.783300	0.509442	0.404775	-0.020249	-0.003470	-0.012976	-0.064316	0.007055	0.997905	0.519351	-0.853647	0.039508	0.852137	0.520804	0.051239
22525	9.757294	0.472292	0.433752	-0.018151	-0.008015	-0.004432	-0.064199	0.007125	0.997912	0.519239	-0.853716	0.039500	0.852214	0.520691	0.051108
22526	9.748036	0.404211	0.459156	-0.018951	-0.001452	0.006000	-0.064087	0.007102	0.997919	0.519125	-0.853789	0.039415	0.852292	0.520571	0.051030
22527	9.752976	0.379734	0.513444	-0.010430	-0.006899	0.006170	-0.063925	0.007076	0.997930	0.519086	-0.853818	0.039305	0.852328	0.520524	0.050908
22528	9.767211	0.423238	0.541811	-0.011263	-0.004289	0.005061	-0.063793	0.007076	0.997938	0.519022	-0.853860	0.039233	0.852377	0.520454	0.050798
22529	9.756126	0.545372	0.628686	-0.017040	-0.000706	-0.004081	-0.063737	0.007105	0.997941	0.518920	-0.853923	0.039223	0.852443	0.520352	0.050740
22530	9.777849	0.674499	0.814463	-0.041316	0.011244	-0.011767	-0.063826	0.007165	0.997935	0.518613	-0.854105	0.039302	0.852624	0.520051	0.050798
22531	9.794989	0.761725	0.841458	-0.075016	0.018173	-0.021395	-0.064021	0.007244	0.997922	0.518005	-0.854468	0.039435	0.852978	0.519454	0.050951
22532	9.788539	0.737451	0.866227	-0.094695	0.026918	-0.028075	-0.064328	0.007365	0.997902	0.517216	-0.854936	0.039651	0.853434	0.518681	0.051188
22533	9.832441	0.681593	0.895252	-0.117462	0.035286	-0.032812	-0.064728	0.007453	0.997875	0.516238	-0.855516	0.039876	0.853996	0.517722	0.051529
22534	9.710871	0.495690	0.751271	-0.115609	0.043109	-0.033685	-0.065204	0.007537	0.997843	0.515273	-0.856086	0.040137	0.854542	0.516779	0.051937
22535	9.699758	0.313786	0.587894	-0.082873	0.035800	-0.019009	-0.065537	0.007505	0.997822	0.514599	-0.856486	0.040241	0.854923	0.516115	0.052269
22536	9.652284	0.148960	0.434126	-0.036766	0.019670	-0.006984	-0.065675	0.007481	0.997813	0.514328	-0.856647	0.040275	0.855075	0.515848	0.052413
22537	9.698904	0.133129	0.293077	0.014971	0.004582	0.012536	-0.065579	0.007340	0.997820	0.514510	-0.856545	0.040116	0.854973	0.516020	0.052395
22538	9.821540	0.246223	0.245152	0.060489	-0.007533	0.016601	-0.065362	0.007254	0.997835	0.515084	-0.856207	0.039964	0.854644	0.516581	0.052227
22539	9.879918	0.405255	0.178378	0.066298	-0.013555	0.011118	-0.065118	0.007219	0.997851	0.515704	-0.855840	0.039846	0.854289	0.517191	0.052008
22540	9.911055	0.476631	0.216884	0.047677	-0.010592	0.004108	-0.064939	0.007254	0.997863	0.516170	-0.855560	0.039811	0.854021	0.517653	0.051815
22541	9.847714	0.522389	0.362100	0.031677	-0.000882	-0.001969	-0.064871	0.007266	0.997867	0.516486	-0.855370	0.039805	0.853835	0.517966	0.051736
22542	9.782403	0.576459	0.435529	0.004179	0.007703	-0.001568	-0.064877	0.007257	0.997867	0.516565	-0.855322	0.039805	0.853786	0.518046	0.051742
22543	9.744473	0.544313	0.523790	-0.009433	0.006570	0.001806	-0.064853	0.007198	0.997869	0.516532	-0.855345	0.039740	0.853808	0.518008	0.051753
22544	9.752423	0.562227	0.575663	-0.031228	0.010711	-0.002560	-0.064890	0.007180	0.997867	0.516322	-0.855472	0.039731	0.853933	0.517799	0.051804
22545	9.741417	0.560530	0.544356	-0.043154	0.013527	-0.007831	-0.064975	0.007167	0.997861	0.515994	-0.855669	0.039745	0.854124	0.517473	0.051899
22546	9.757005	0.539113	0.633228	-0.058042	0.014363	-0.011885	-0.065092	0.007212	0.997853	0.515537	-0.855942	0.039816	0.854391	0.517022	0.051996
22547	9.714920	0.465866	0.562093	-0.059504	0.011835	-0.010098	-0.065174	0.007228	0.997848	0.515068	-0.856223	0.039843	0.854668	0.516556	0.052080
22548	9.857708	0.476543	0.642882	-0.062586	0.011447	-0.008163	-0.065246	0.007258	0.997843	0.514559	-0.856527	0.039876	0.854969	0.516051	0.052150
22549	9.883322	0.457410	0.601026	-0.061481	0.023358	-0.013203	-0.065443	0.007241	0.997830	0.514071	-0.856818	0.039933	0.855248	0.515569	0.052350
22550	9.764932	0.436655	0.571427	-0.057394	0.025664	-0.023238	-0.065715	0.007326	0.997812	0.513607	-0.857087	0.040118	0.855505	0.515120	0.052561
22551	9.718458	0.504824	0.476079	-0.040658	0.019514	-0.020769	-0.065918	0.007393	0.997798	0.513292	-0.857269	0.040262	0.855679	0.514815	0.052714
22552	9.710230	0.430312	0.411702	-0.036828	0.006598	-0.007700	-0.065947	0.007442	0.997795	0.513020	-0.857430	0.040302	0.855840	0.514547	0.052727
22553	9.758704	0.349240	0.327624	-0.017014	-0.003762	-0.001750	-0.065853	0.007466	0.997801	0.512919	-0.857492	0.040268	0.855907	0.514443	0.052639
22554	9.784363	0.271460	0.268316	0.001731	-0.008330	0.004541	-0.065692	0.007486	0.997812	0.512990	-0.857453	0.040206	0.855877	0.514509	0.052487
22555	9.831957	0.254791	0.289000	0.019521	-0.008693	0.010456	-0.065493	0.007431	0.997825	0.513210	-0.857327	0.040070	0.855761	0.514718	0.052335
22556	9.809518	0.373562	0.343851	0.022076	0.001157	0.009061	-0.065388	0.007366	0.997833	0.513439	-0.857195	0.039973	0.855632	0.514940	0.052268
22557	9.814911	0.522407	0.442875	0.013876	0.001856	0.006748	-0.065298	0.007289	0.997839	0.513608	-0.857098	0.039871	0.855537	0.515101	0.052223
22558	9.830942	0.615716	0.560202	-0.008601	0.008558	-0.002500	-0.065316	0.007284	0.997838	0.513571	-0.857120	0.039874	0.855557	0.515065	0.052243
22559	9.877071	0.549697	0.659340	-0.041143	0.016679	-0.007053	-0.065424	0.007249	0.997831	0.513261	-0.857306	0.039880	0.855735	0.514757	0.052368
22560	9.875492	0.499955	0.738613	-0.067630	0.040304	-0.014016	-0.065773	0.007178	0.997809	0.512715	-0.857628	0.039967	0.856036	0.514220	0.052729
22561	9.730982	0.440493	0.739559	-0.058713	0.043192	-0.015291	-0.066151	0.007077	0.997785	0.512248	-0.857903	0.040046	0.856286	0.513762	0.053125
22562	9.689043	0.425836	0.685493	-0.038891	0.037434	-0.014751	-0.066480	0.007027	0.997763	0.511958	-0.858071	0.040154	0.856434	0.513483	0.053447
22563	9.728568	0.451303	0.674490	-0.020569	0.032224	-0.014779	-0.066760	0.006978	0.997745	0.511819	-0.858150	0.040248	0.856496	0.513351	0.053719
22564	9.746404	0.415197	0.582355	-0.006773	0.024063	-0.011104	-0.066957	0.006965	0.997732	0.511805	-0.858154	0.040338	0.856488	0.513345	0.053895
22565	9.724515	0.354570	0.504101	0.017230	0.021396	-0.006687	-0.067104	0.006902	0.997722	0.511995	-0.858039	0.040371	0.856364	0.513537	0.054044
22566	9.745674	0.359495	0.407261	0.035302	0.010142	0.005553	-0.067095	0.006820	0.997723	0.512336	-0.857838	0.040318	0.856160	0.513874	0.054063
22567	9.717971	0.328741	0.364082	0.049280	0.005799	0.017007	-0.066987	0.006634	0.997732	0.512815	-0.857560	0.040132	0.855882	0.514340	0.054043
22568	9.713478	0.409600	0.324556	0.062529	-0.001400	0.015087	-0.066830	0.006527	0.997743	0.513410	-0.857211	0.039996	0.855537	0.514925	0.053937
22569	9.827218	0.570620	0.332128	0.052632	-0.000056	0.015987	-0.066677	0.006380	0.997754	0.513917	-0.856915	0.039823	0.855244	0.515419	0.053857
22570	9.852148	0.673517	0.408658	0.032251	-0.001845	0.003683	-0.066574	0.006374	0.997761	0.514237	-0.856725	0.039785	0.855061	0.515734	0.053758
22571	9.856959	0.707305	0.477703	0.003980	-0.000712	-0.003896	-0.066517	0.006401	0.997765	0.514314	-0.856679	0.039783	0.855018	0.515811	0.053692
22572	9.839843	0.621769	0.452273	-0.026452	0.007414	-0.005377	-0.066541	0.006424	0.997763	0.514140	-0.856782	0.039804	0.855121	0.515639	0.053709
22573	9.784650	0.561439	0.529917	-0.043624	0.016843	-0.002630	-0.066628	0.006349	0.997758	0.513812	-0.856981	0.039765	0.855312	0.515309	0.053836
22574	9.801325	0.531736	0.527982	-0.058403	0.016108	-0.007424	-0.066737	0.006347	0.997750	0.513345	-0.857259	0.039790	0.855583	0.514846	0.053952
22575	9.799681	0.481555	0.606454	-0.076978	0.024516	-0.005961	-0.066906	0.006262	0.997740	0.512728	-0.857629	0.039765	0.855940	0.514230	0.054170
22576	9.779452	0.411819	0.601523	-0.080610	0.025086	-0.009635	-0.067103	0.006234	0.997727	0.512064	-0.858025	0.039801	0.856322	0.513570	0.054384
22577	9.739509	0.446150	0.633677	-0.074349	0.024320	-0.014203	-0.067313	0.006221	0.997712	0.511463	-0.858380	0.039860	0.856664	0.512977	0.054598
22578	9.733144	0.420893	0.657990	-0.064587	0.024585	-0.014370	-0.067531	0.006235	0.997698	0.510947	-0.858683	0.039950	0.856956	0.512468	0.054802
22579	9.739011	0.390191	0.623627	-0.045534	0.018334	-0.012569	-0.067681	0.006238	0.997687	0.510594	-0.858890	0.040008	0.857154	0.512121	0.054946
22580	9.717327	0.329533	0.544559	-0.023643	0.011036	-0.005844	-0.067740	0.006249	0.997683	0.510422	-0.858991	0.040037	0.857252	0.511952	0.054998
22581	9.680475	0.289678	0.541124	0.002295	-0.000076	-0.000678	-0.067672	0.006246	0.997688	0.510488	-0.858954	0.040003	0.857218	0.512015	0.054938
22582	9.729606	0.382032	0.501674	0.018760	-0.004603	0.006309	-0.067533	0.006229	0.997698	0.510700	-0.858831	0.039931	0.857102	0.512221	0.054818
22583	9.817070	0.447838	0.523233	0.021533	-0.011032	0.002735	-0.067353	0.006252	0.997710	0.510933	-0.858695	0.039873	0.856978	0.512448	0.054642
22584	9.849326	0.512360	0.472213	0.003802	-0.000632	-0.000108	-0.067282	0.006271	0.997714	0.511007	-0.858652	0.039858	0.856939	0.512521	0.054567
22585	9.797220	0.493745	0.545377	-0.004871	0.011050	-0.004940	-0.067331	0.006247	0.997711	0.511008	-0.858651	0.039862	0.856935	0.512523	0.054621
22586	9.788005	0.541616	0.601817	-0.023216	0.016279	-0.004921	-0.067429	0.006220	0.997705	0.510858	-0.858740	0.039879	0.857016	0.512375	0.054727
22587	9.804696	0.512102	0.599606	-0.028408	0.015882	-0.006106	-0.067525	0.006181	0.997698	0.510657	-0.858859	0.039882	0.857129	0.512175	0.054839
22588	9.770816	0.456576	0.578832	-0.029077	0.013816	-0.005582	-0.067606	0.006175	0.997693	0.510434	-0.858990	0.039905	0.857255	0.511955	0.054921
22589	9.787532	0.427059	0.576378	-0.029080	0.013819	-0.005581	-0.067682	0.006142	0.997688	0.510228	-0.859113	0.039902	0.857372	0.511749	0.055013
22590	9.773603	0.383622	0.548403	-0.025520	0.016366	-0.004238	-0.067778	0.006108	0.997682	0.510058	-0.859214	0.039911	0.857466	0.511580	0.055120
22591	9.747436	0.403270	0.594333	-0.026727	0.023759	-0.003152	-0.067927	0.006003	0.997672	0.509873	-0.859325	0.039886	0.857564	0.511395	0.055310
22592	9.739682	0.444200	0.560419	-0.017664	0.016552	-0.011303	-0.068060	0.006030	0.997663	0.509762	-0.859386	0.039970	0.857619	0.511291	0.055416
22593	9.705917	0.504727	0.569503	-0.009105	0.006448	-0.005754	-0.068074	0.006036	0.997662	0.509727	-0.859407	0.039980	0.857639	0.511256	0.055426
22594	9.765615	0.483992	0.533399	-0.012546	0.002317	-0.007823	-0.068067	0.006106	0.997662	0.509652	-0.859449	0.040032	0.857684	0.511186	0.055388
22595	9.790014	0.414449	0.565574	-0.010917	0.000173	-0.007979	-0.068039	0.006164	0.997664	0.509600	-0.859478	0.040064	0.857717	0.511135	0.055337
22596	9.776204	0.371059	0.536097	-0.001630	0.002145	0.000156	-0.067990	0.006165	0.997667	0.509630	-0.859462	0.040042	0.857703	0.511163	0.055292
22597	9.745599	0.414856	0.525787	0.013279	0.001270	0.004241	-0.067908	0.006112	0.997673	0.509793	-0.859369	0.039964	0.857613	0.511320	0.055242
22598	9.762472	0.442168	0.537263	0.018040	0.004915	0.010669	-0.067830	0.006010	0.997679	0.509998	-0.859252	0.039849	0.857497	0.511517	0.055218
22599	9.823725	0.469201	0.589060	0.013701	0.006517	0.005172	-0.067789	0.005922	0.997682	0.510165	-0.859157	0.039763	0.857401	0.511678	0.055220
22600	9.851219	0.498675	0.634174	0.005141	0.016623	-0.000378	-0.067867	0.005853	0.997677	0.510256	-0.859103	0.039750	0.857340	0.511769	0.055318
22601	9.852525	0.490001	0.708838	0.001039	0.023541	-0.001157	-0.068004	0.005732	0.997669	0.510311	-0.859072	0.039720	0.857297	0.511822	0.055495
22602	9.731332	0.483938	0.696482	0.005574	0.026498	-0.004845	-0.068190	0.005653	0.997656	0.510390	-0.859024	0.039753	0.857235	0.511905	0.055691
22603	9.662374	0.439135	0.595984	0.015829	0.015766	-0.002508	-0.068267	0.005584	0.997651	0.510570	-0.858917	0.039744	0.857122	0.512084	0.055785
22604	9.725188	0.460214	0.557232	0.020174	0.005672	-0.003178	-0.068266	0.005593	0.997651	0.510802	-0.858778	0.039767	0.856984	0.512317	0.055769
22605	9.804878	0.393337	0.498906	0.019196	0.005263	0.001856	-0.068231	0.005540	0.997654	0.511014	-0.858654	0.039717	0.856860	0.512525	0.055756
22606	9.780438	0.347576	0.437118	0.023353	0.008362	0.005744	-0.068208	0.005460	0.997656	0.511265	-0.858508	0.039653	0.856712	0.512771	0.055765
22607	9.716156	0.335183	0.404429	0.037354	0.000108	0.005645	-0.068109	0.005401	0.997663	0.511635	-0.858291	0.039575	0.856499	0.513135	0.055694
22608	9.776024	0.428961	0.397705	0.042049	-0.006251	0.008973	-0.067943	0.005369	0.997675	0.512046	-0.858050	0.039489	0.856267	0.513538	0.055549
22609	9.860297	0.510830	0.438071	0.030365	-0.001947	-0.003170	-0.067872	0.005396	0.997679	0.512350	-0.857868	0.039495	0.856090	0.513842	0.055460
22610	9.824902	0.578380	0.536816	0.009913	0.003282	-0.006286	-0.067866	0.005448	0.997680	0.512468	-0.857795	0.039544	0.856020	0.513963	0.055423
22611	9.737506	0.571015	0.529876	-0.017832	0.008109	-0.013706	-0.067934	0.005514	0.997675	0.512352	-0.857861	0.039628	0.856084	0.513853	0.055453
22612	9.751153	0.557942	0.545149	-0.028466	0.005863	-0.009238	-0.067966	0.005577	0.997672	0.512142	-0.857983	0.039686	0.856207	0.513647	0.055458
22613	9.781681	0.456580	0.541357	-0.039225	0.005208	-0.004046	-0.067961	0.005575	0.997672	0.511850	-0.858159	0.039662	0.856383	0.513354	0.055467
22614	9.819784	0.372436	0.588814	-0.040982	0.008947	-0.003166	-0.067987	0.005572	0.997671	0.511528	-0.858351	0.039652	0.856572	0.513033	0.055507
22615	9.756800	0.352057	0.629622	-0.030350	0.011199	-0.007631	-0.068051	0.005570	0.997666	0.511310	-0.858481	0.039669	0.856698	0.512816	0.055573
22616	9.781095	0.340362	0.678047	-0.015979	0.011300	-0.009137	-0.068129	0.005606	0.997661	0.511195	-0.858546	0.039733	0.856760	0.512706	0.055627
22617	9.780951	0.399186	0.694436	-0.006131	0.013069	-0.012356	-0.068233	0.005635	0.997653	0.511180	-0.858551	0.039810	0.856761	0.512697	0.055702
22618	9.730335	0.374218	0.676734	0.008476	0.005363	-0.009913	-0.068264	0.005705	0.997651	0.511291	-0.858481	0.039894	0.856692	0.512813	0.055687
22619	9.739568	0.385647	0.637192	0.016804	0.003063	-0.008304	-0.068262	0.005750	0.997651	0.511475	-0.858369	0.039944	0.856582	0.513001	0.055653
22620	9.739464	0.444483	0.652657	0.027248	0.005386	-0.008979	-0.068288	0.005813	0.997649	0.511735	-0.858210	0.040029	0.856425	0.513266	0.055631
22621	9.777926	0.478713	0.565862	0.031418	-0.000010	-0.011256	-0.068275	0.005900	0.997649	0.512043	-0.858023	0.040116	0.856242	0.513578	0.055561
22622	9.767210	0.535818	0.547755	0.032913	-0.005188	-0.005283	-0.068192	0.005982	0.997654	0.512373	-0.857823	0.040166	0.856051	0.513910	0.055432
22623	9.768982	0.529548	0.455776	0.022904	-0.010761	-0.009842	-0.068080	0.006112	0.997661	0.512609	-0.857679	0.040235	0.855919	0.514149	0.055257
22624	9.776556	0.490323	0.490881	0.004675	-0.007131	-0.010574	-0.068007	0.006249	0.997665	0.512697	-0.857622	0.040321	0.855872	0.514242	0.055120
22625	9.759690	0.520903	0.493865	-0.011212	-0.011308	-0.004239	-0.067861	0.006334	0.997675	0.512645	-0.857654	0.040315	0.855915	0.514188	0.054954
22626	9.813335	0.531549	0.493008	-0.017188	-0.012193	-0.004185	-0.067713	0.006445	0.997684	0.512536	-0.857718	0.040326	0.855992	0.514079	0.054775
22627	9.804056	0.521897	0.532225	-0.023934	-0.004309	-0.013688	-0.067675	0.006574	0.997686	0.512368	-0.857815	0.040407	0.856095	0.513917	0.054684
22628	9.754892	0.488288	0.586193	-0.033052	-0.002492	-0.014050	-0.067660	0.006719	0.997686	0.512124	-0.857956	0.040509	0.856242	0.513680	0.054608
22629	9.738034	0.461377	0.575003	-0.031793	0.000133	-0.012029	-0.067652	0.006812	0.997686	0.511890	-0.858093	0.040569	0.856383	0.513450	0.054565
22630	9.759288	0.465695	0.640712	-0.025884	-0.000498	-0.009020	-0.067629	0.006901	0.997687	0.511727	-0.858187	0.040624	0.856482	0.513291	0.054507
22631	9.785436	0.446919	0.596561	-0.021054	-0.008449	-0.006421	-0.067519	0.006989	0.997694	0.511589	-0.858269	0.040634	0.856574	0.513152	0.054374
22632	9.748753	0.407611	0.591324	-0.006788	-0.015244	-0.013373	-0.067391	0.007195	0.997701	0.511560	-0.858281	0.040743	0.856601	0.513129	0.054160
22633	9.730496	0.447279	0.520997	-0.000154	-0.016916	-0.008550	-0.067219	0.007345	0.997711	0.511599	-0.858256	0.040786	0.856591	0.513169	0.053933
22634	9.750476	0.460245	0.511896	0.009145	-0.023425	-0.006579	-0.066986	0.007534	0.997725	0.511707	-0.858189	0.040836	0.856545	0.513279	0.053632
22635	9.739906	0.459011	0.476646	0.012098	-0.026054	-0.002377	-0.066705	0.007678	0.997743	0.511855	-0.858101	0.040824	0.856478	0.513423	0.053309
22636	9.749253	0.469832	0.433773	0.013309	-0.033441	-0.003461	-0.066371	0.007892	0.997764	0.512008	-0.858009	0.040845	0.856413	0.513574	0.052906
22637	9.850598	0.406623	0.436804	0.002256	-0.040943	0.000083	-0.065949	0.008091	0.997790	0.512073	-0.857972	0.040803	0.856406	0.513633	0.052439
22638	9.887545	0.388903	0.422328	-0.000049	-0.027750	0.001528	-0.065638	0.008231	0.997810	0.512128	-0.857941	0.040766	0.856398	0.513682	0.052098
22639	9.797156	0.454065	0.446328	-0.003554	-0.015662	-0.002109	-0.065444	0.008320	0.997822	0.512142	-0.857934	0.040743	0.856404	0.513693	0.051886
22640	9.734275	0.549343	0.514618	0.001522	-0.022157	-0.006363	-0.065222	0.008499	0.997835	0.512196	-0.857900	0.040786	0.856389	0.513747	0.051600
22641	9.768056	0.548290	0.519609	-0.013932	-0.024955	-0.010644	-0.064991	0.008709	0.997848	0.512115	-0.857945	0.040843	0.856454	0.513668	0.051299
22642	9.857020	0.548983	0.597283	-0.023716	-0.025210	-0.010472	-0.064764	0.008941	0.997861	0.511937	-0.858048	0.040914	0.856578	0.513492	0.050993
22643	9.913839	0.542673	0.741475	-0.048122	-0.004664	-0.011949	-0.064714	0.009058	0.997863	0.511563	-0.858268	0.040967	0.856805	0.513121	0.050908
22644	9.791222	0.543977	0.818752	-0.068428	0.013609	-0.018040	-0.064858	0.009150	0.997853	0.511032	-0.858579	0.041089	0.857111	0.512599	0.051009
22645	9.676407	0.391606	0.738437	-0.069526	0.010942	-0.023843	-0.065002	0.009289	0.997842	0.510466	-0.858908	0.041249	0.857437	0.512046	0.051089
22646	9.683853	0.412661	0.626543	-0.050319	-0.001519	-0.017391	-0.065014	0.009456	0.997840	0.510078	-0.859133	0.041375	0.857668	0.511666	0.051032
22647	9.775856	0.342404	0.508546	-0.036057	-0.012928	-0.018976	-0.064929	0.009675	0.997843	0.509802	-0.859290	0.041504	0.857838	0.511397	0.050861
22648	9.751443	0.298640	0.444679	-0.009592	-0.017266	-0.015968	-0.064798	0.009911	0.997849	0.509750	-0.859315	0.041637	0.857879	0.511351	0.050629
22649	9.726902	0.312323	0.395719	0.018869	-0.020030	-0.009127	-0.064602	0.010082	0.997860	0.509952	-0.859192	0.041695	0.857774	0.511554	0.050364
22650	9.763478	0.411177	0.412673	0.038027	-0.029388	-0.005021	-0.064311	0.010285	0.997877	0.510326	-0.858968	0.041742	0.857573	0.511927	0.049992
22651	9.789310	0.508234	0.396378	0.046175	-0.026981	-0.005036	-0.064034	0.010456	0.997893	0.510764	-0.858705	0.041773	0.857333	0.512363	0.049646
22652	9.810781	0.570006	0.474535	0.030823	-0.022881	-0.003858	-0.063793	0.010615	0.997907	0.511077	-0.858518	0.041804	0.857165	0.512674	0.049342
22653	9.798693	0.575754	0.530655	0.014870	-0.019331	-0.005220	-0.063583	0.010749	0.997919	0.511247	-0.858416	0.041821	0.857079	0.512842	0.049085
22654	9.781971	0.548374	0.517564	0.000551	-0.017926	-0.006740	-0.063399	0.010910	0.997929	0.511288	-0.858389	0.041867	0.857068	0.512883	0.048843
22655	9.815727	0.547145	0.523505	-0.006100	-0.007777	-0.005377	-0.063289	0.010986	0.997935	0.511278	-0.858394	0.041875	0.857082	0.512873	0.048710
22656	9.918604	0.533505	0.617333	-0.025800	-0.002083	-0.009683	-0.063256	0.011093	0.997936	0.511072	-0.858514	0.041939	0.857207	0.512669	0.048637
22657	9.895560	0.538105	0.643704	-0.036211	0.014849	-0.016658	-0.063397	0.011150	0.997926	0.510797	-0.858673	0.042045	0.857361	0.512403	0.048742
22658	9.720905	0.464754	0.616016	-0.028798	0.022928	-0.023884	-0.063652	0.011247	0.997909	0.510585	-0.858789	0.042247	0.857468	0.512206	0.048921
22659	9.673315	0.424595	0.580859	-0.012650	0.010057	-0.015525	-0.063746	0.011319	0.997902	0.510512	-0.858827	0.042353	0.857504	0.512141	0.048969
22660	9.682506	0.378622	0.526208	0.007905	0.001737	-0.010132	-0.063750	0.011406	0.997901	0.510624	-0.858756	0.042436	0.857438	0.512257	0.048921
22661	9.695076	0.258413	0.436992	0.031182	-0.006046	0.000908	-0.063622	0.011419	0.997909	0.510938	-0.858571	0.042400	0.857260	0.512567	0.048790
22662	9.757783	0.279473	0.395797	0.060372	-0.018293	0.003378	-0.063384	0.011492	0.997923	0.511513	-0.858230	0.042372	0.856935	0.513136	0.048520
22663	9.800255	0.404002	0.391686	0.076179	-0.015601	0.000075	-0.063179	0.011561	0.997935	0.512211	-0.857814	0.042366	0.856532	0.513831	0.048274
22664	9.780083	0.507856	0.427186	0.078823	-0.020410	-0.002776	-0.062954	0.011698	0.997948	0.512938	-0.857378	0.042408	0.856114	0.514555	0.047975
22665	9.824287	0.624207	0.495132	0.057010	-0.019343	-0.004791	-0.062742	0.011829	0.997960	0.513469	-0.857058	0.042441	0.855811	0.515084	0.047700
22666	9.833383	0.635581	0.452981	0.036110	-0.019391	-0.008781	-0.062557	0.012014	0.997969	0.513809	-0.856850	0.042523	0.855621	0.515426	0.047429
22667	9.821493	0.584087	0.494182	0.012018	-0.018274	-0.010118	-0.062381	0.012185	0.997978	0.513952	-0.856761	0.042587	0.855548	0.515569	0.047183
22668	9.810899	0.525398	0.444778	-0.001147	-0.012684	-0.008898	-0.062254	0.012335	0.997984	0.513991	-0.856734	0.042652	0.855533	0.515610	0.046995
22669	9.852579	0.484139	0.486919	-0.008997	-0.008268	-0.007223	-0.062150	0.012430	0.997989	0.513956	-0.856754	0.042677	0.855562	0.515575	0.046859
22670	9.799202	0.416660	0.471264	-0.013475	-0.005091	-0.011986	-0.062103	0.012568	0.997991	0.513874	-0.856799	0.042768	0.855615	0.515497	0.046751
22671	9.799356	0.360280	0.456110	-0.017362	0.003262	-0.019610	-0.062161	0.012710	0.997985	0.513759	-0.856861	0.042913	0.855680	0.515392	0.046733
22672	9.796426	0.319913	0.459613	-0.006126	0.001465	-0.016165	-0.062191	0.012852	0.997981	0.513728	-0.856873	0.043049	0.855696	0.515368	0.046688
22673	9.759550	0.339015	0.470989	0.011139	0.002084	-0.015852	-0.062220	0.012967	0.997978	0.513859	-0.856788	0.043169	0.855615	0.515506	0.046646
22674	9.736331	0.402003	0.511726	0.031546	0.000017	-0.015128	-0.062233	0.013102	0.997976	0.514188	-0.856583	0.043310	0.855417	0.515842	0.046571
22675	9.781588	0.512566	0.490547	0.049102	-0.001005	-0.019323	-0.062253	0.013262	0.997972	0.514642	-0.856302	0.043483	0.855142	0.516305	0.046482
22676	9.767329	0.586648	0.490571	0.054774	-0.006923	-0.021037	-0.062238	0.013485	0.997970	0.515155	-0.855983	0.043694	0.854834	0.516829	0.046328
22677	9.809989	0.597487	0.456768	0.044817	-0.007131	-0.017065	-0.062194	0.013658	0.997971	0.515573	-0.855723	0.043842	0.854585	0.517254	0.046179
22678	9.770278	0.574564	0.470644	0.029966	-0.000934	-0.012629	-0.062187	0.013780	0.997969	0.515866	-0.855540	0.043959	0.854409	0.517552	0.046095
22679	9.763002	0.556837	0.583755	0.023068	0.012370	-0.009842	-0.062272	0.013790	0.997964	0.516103	-0.855394	0.044025	0.854260	0.517794	0.046150
22680	9.773683	0.559739	0.617733	0.007858	0.014837	-0.009392	-0.062383	0.013801	0.997957	0.516224	-0.855318	0.044098	0.854179	0.517920	0.046233
22681	9.809321	0.492509	0.684907	0.002276	0.032280	-0.007659	-0.062628	0.013689	0.997943	0.516284	-0.855279	0.044133	0.854124	0.517986	0.046497
22682	9.766260	0.484733	0.721351	0.015337	0.042923	-0.010465	-0.062984	0.013568	0.997922	0.516431	-0.855186	0.044222	0.854009	0.518144	0.046856
22683	9.699510	0.539785	0.634898	0.024446	0.041148	-0.010115	-0.063317	0.013432	0.997903	0.516680	-0.855032	0.044292	0.853834	0.518401	0.047198
22684	9.600916	0.531405	0.433917	0.049161	0.019047	-0.013109	-0.063483	0.013451	0.997892	0.517150	-0.854741	0.044421	0.853537	0.518880	0.047306
22685	9.743061	0.544706	0.351029	0.052511	0.007058	-0.005663	-0.063502	0.013453	0.997891	0.517641	-0.854442	0.044460	0.853238	0.519372	0.047295
22686	9.709036	0.547915	0.179842	0.050850	-0.005424	-0.003181	-0.063408	0.013517	0.997896	0.518115	-0.854153	0.044492	0.852957	0.519846	0.047157
22687	9.758099	0.524987	0.109524	0.053029	-0.008512	0.002273	-0.063253	0.013533	0.997906	0.518614	-0.853852	0.044452	0.852665	0.520340	0.046990
22688	9.848169	0.576126	0.111586	0.046410	-0.019977	-0.003271	-0.063035	0.013671	0.997918	0.519068	-0.853575	0.044482	0.852405	0.520791	0.046709
22689	9.886773	0.550467	0.171311	0.021923	-0.015677	0.000594	-0.062828	0.013738	0.997930	0.519301	-0.853435	0.044443	0.852279	0.521018	0.046485
22690	9.938946	0.568805	0.261154	-0.003307	-0.005737	-0.002771	-0.062729	0.013802	0.997935	0.519310	-0.853429	0.044447	0.852280	0.521026	0.046367
22691	9.812371	0.535046	0.432108	-0.020691	-0.000196	-0.007790	-0.062697	0.013860	0.997936	0.519175	-0.853510	0.044472	0.852365	0.520892	0.046316
22692	9.800159	0.541098	0.490820	-0.040719	0.005559	-0.004560	-0.062703	0.013879	0.997936	0.518873	-0.853694	0.044476	0.852549	0.520590	0.046328
22693	9.802183	0.475287	0.549637	-0.052679	0.008362	-0.009834	-0.062754	0.013910	0.997932	0.518463	-0.853941	0.044507	0.852794	0.520184	0.046377
22694	9.788173	0.490236	0.536041	-0.051360	0.004022	-0.017026	-0.062813	0.014045	0.997927	0.518056	-0.854181	0.044630	0.853037	0.519785	0.046377
22695	9.800948	0.427210	0.627318	-0.041720	0.005912	-0.016478	-0.062877	0.014145	0.997921	0.517736	-0.854370	0.044732	0.853227	0.519472	0.046397
22696	9.808824	0.388569	0.664587	-0.029326	0.014496	-0.018756	-0.063033	0.014241	0.997910	0.517501	-0.854505	0.044883	0.853358	0.519248	0.046492
22697	9.701604	0.368627	0.665914	-0.003065	0.010343	-0.011949	-0.063112	0.014280	0.997904	0.517513	-0.854494	0.044958	0.853345	0.519266	0.046539
22698	9.679994	0.365959	0.600984	0.027423	0.002337	-0.010478	-0.063122	0.014365	0.997902	0.517789	-0.854321	0.045051	0.853176	0.519547	0.046488
22699	9.725477	0.417703	0.564771	0.048368	-0.000647	-0.004128	-0.063067	0.014394	0.997905	0.518245	-0.854044	0.045072	0.852904	0.520002	0.046402
22700	9.754334	0.440840	0.517170	0.057299	-0.002342	0.000012	-0.062983	0.014414	0.997910	0.518783	-0.853717	0.045074	0.852583	0.520538	0.046292
22701	9.782780	0.521873	0.484254	0.061266	-0.003014	-0.003878	-0.062906	0.014454	0.997915	0.519348	-0.853372	0.045099	0.852244	0.521102	0.046176
22702	9.720780	0.609945	0.462533	0.061059	0.001686	-0.005499	-0.062886	0.014500	0.997915	0.519909	-0.853027	0.045158	0.851904	0.521665	0.046104
22703	9.712742	0.650728	0.425494	0.054220	-0.011224	-0.004188	-0.062741	0.014585	0.997923	0.520414	-0.852718	0.045182	0.851606	0.522168	0.045910
22704	9.764610	0.669921	0.350680	0.046304	-0.022959	0.002878	-0.062466	0.014687	0.997939	0.520865	-0.852444	0.045149	0.851350	0.522612	0.045599
22705	9.833969	0.600996	0.256868	0.026044	-0.022539	0.001409	-0.062196	0.014783	0.997954	0.521134	-0.852282	0.045104	0.851206	0.522873	0.045304
22706	9.855992	0.547276	0.305564	0.008660	-0.017015	-0.003615	-0.062006	0.014911	0.997964	0.521254	-0.852208	0.045120	0.851146	0.522990	0.045069
22707	9.830340	0.509236	0.333242	-0.011185	-0.011356	-0.004175	-0.061860	0.014997	0.997972	0.521202	-0.852240	0.045114	0.851189	0.522935	0.044903
22708	9.848762	0.529950	0.416473	-0.027988	-0.000664	-0.012075	-0.061853	0.015113	0.997971	0.520992	-0.852364	0.045198	0.851318	0.522730	0.044847
22709	9.779859	0.541951	0.493432	-0.035663	0.003656	-0.014204	-0.061887	0.015206	0.997967	0.520725	-0.852523	0.045281	0.851478	0.522469	0.044842
22710	9.801298	0.547490	0.559960	-0.041980	0.013634	-0.020456	-0.062045	0.015317	0.997956	0.520406	-0.852709	0.045443	0.851662	0.522162	0.044936
22711	9.697229	0.511827	0.543090	-0.034966	0.007250	-0.017797	-0.062129	0.015421	0.997949	0.520143	-0.852863	0.045562	0.851816	0.521907	0.044966
22712	9.737172	0.479871	0.514225	-0.017453	0.000140	-0.013498	-0.062136	0.015545	0.997947	0.520027	-0.852928	0.045665	0.851887	0.521796	0.044914
22713	9.824832	0.432084	0.506734	-0.014075	0.002777	-0.008382	-0.062133	0.015593	0.997946	0.519947	-0.852975	0.045700	0.851936	0.521719	0.044890
22714	9.787893	0.450184	0.518174	0.003773	0.004010	-0.005518	-0.062132	0.015626	0.997946	0.520028	-0.852924	0.045732	0.851887	0.521801	0.044868
22715	9.838207	0.477417	0.536778	0.012028	0.004865	-0.006263	-0.062135	0.015645	0.997945	0.520172	-0.852835	0.045757	0.851798	0.521946	0.044853
22716	9.773851	0.465178	0.504672	0.008709	0.007616	-0.002898	-0.062150	0.015639	0.997944	0.520275	-0.852772	0.045766	0.851734	0.522050	0.044863
22717	9.735154	0.491429	0.443341	0.022772	0.000971	-0.006059	-0.062119	0.015677	0.997946	0.520511	-0.852626	0.045794	0.851593	0.522286	0.044804
22718	9.744154	0.502083	0.403272	0.035988	0.000819	0.001228	-0.062055	0.015672	0.997950	0.520849	-0.852421	0.045774	0.851390	0.522622	0.044734
22719	9.767125	0.498384	0.377519	0.039736	-0.001299	0.004187	-0.061951	0.015634	0.997957	0.521236	-0.852188	0.045707	0.851161	0.523002	0.044645
22720	9.755894	0.554087	0.359333	0.038877	0.001322	0.003089	-0.061883	0.015606	0.997961	0.521631	-0.851948	0.045668	0.850924	0.523393	0.044581
22721	9.775716	0.566235	0.351469	0.033484	-0.009043	0.002630	-0.061721	0.015621	0.997971	0.521963	-0.851748	0.045614	0.850732	0.523719	0.044417
22722	9.795542	0.578587	0.343146	0.014912	-0.009257	-0.002054	-0.061589	0.015697	0.997978	0.522118	-0.851653	0.045618	0.850647	0.523872	0.044256
22723	9.831050	0.569250	0.422380	-0.001743	-0.004775	-0.005261	-0.061504	0.015758	0.997982	0.522145	-0.851635	0.045626	0.850636	0.523898	0.044151
22724	9.812528	0.607452	0.516938	-0.013821	-0.000415	-0.009823	-0.061488	0.015855	0.997982	0.522050	-0.851690	0.045695	0.850695	0.523806	0.044092
22725	9.740051	0.635589	0.448283	-0.019985	0.003354	-0.011385	-0.061505	0.015925	0.997980	0.521919	-0.851767	0.045757	0.850775	0.523679	0.044076
22726	9.726526	0.592657	0.418857	-0.020548	-0.010309	-0.014636	-0.061429	0.016115	0.997981	0.521760	-0.851858	0.045871	0.850878	0.523524	0.043921
22727	9.797625	0.516706	0.399500	-0.024039	-0.007484	-0.007488	-0.061334	0.016208	0.997986	0.521596	-0.851957	0.045893	0.850985	0.523360	0.043799
22728	9.819692	0.463129	0.449885	-0.030675	-0.001983	-0.000761	-0.061256	0.016234	0.997990	0.521371	-0.852097	0.045863	0.851129	0.523132	0.043732
22729	9.928479	0.476603	0.523055	-0.027483	0.011478	-0.005751	-0.061313	0.016214	0.997987	0.521179	-0.852214	0.045865	0.851242	0.522942	0.043801
22730	9.833356	0.507309	0.645527	-0.028996	0.026648	-0.008663	-0.061521	0.016157	0.997975	0.520964	-0.852343	0.045915	0.851359	0.522734	0.044019
22731	9.767406	0.502963	0.706840	-0.022334	0.031160	-0.012321	-0.061779	0.016090	0.997960	0.520812	-0.852432	0.045985	0.851433	0.522591	0.044283
22732	9.653477	0.514712	0.582516	-0.003430	0.025097	-0.006729	-0.061964	0.016022	0.997950	0.520836	-0.852415	0.046025	0.851405	0.522620	0.044474
22733	9.629182	0.469016	0.522304	0.021768	0.013675	-0.000295	-0.062011	0.015944	0.997948	0.521067	-0.852276	0.045995	0.851260	0.522850	0.044543
22734	9.709784	0.510441	0.402962	0.039969	0.004025	0.008894	-0.061935	0.015855	0.997954	0.521453	-0.852045	0.045899	0.851029	0.523229	0.044504
22735	9.755253	0.560739	0.366340	0.046028	-0.006643	0.005044	-0.061781	0.015837	0.997964	0.521893	-0.851779	0.045826	0.850771	0.523662	0.044359
22736	9.789972	0.609298	0.296370	0.030472	-0.007947	0.001496	-0.061643	0.015873	0.997972	0.522202	-0.851591	0.045800	0.850591	0.523966	0.044205
22737	9.835430	0.660060	0.258971	0.003724	-0.012128	-0.000105	-0.061469	0.015928	0.997982	0.522279	-0.851546	0.045760	0.850556	0.524038	0.044025
22738	9.806623	0.637674	0.305468	-0.023553	-0.005344	-0.004243	-0.061382	0.015997	0.997986	0.522142	-0.851630	0.045766	0.850647	0.523899	0.043922
22739	9.808860	0.571904	0.363272	-0.043159	-0.002870	-0.006244	-0.061319	0.016056	0.997989	0.521816	-0.851829	0.045766	0.850851	0.523573	0.043855
22740	9.822767	0.558556	0.377959	-0.053131	0.001511	-0.007697	-0.061309	0.016120	0.997989	0.521411	-0.852076	0.045795	0.851100	0.523170	0.043834
22741	9.850605	0.531494	0.407291	-0.059710	0.000045	-0.010166	-0.061291	0.016198	0.997989	0.520943	-0.852361	0.045827	0.851388	0.522704	0.043804
22742	9.788531	0.453319	0.433151	-0.060780	0.007364	-0.012884	-0.061357	0.016277	0.997983	0.520463	-0.852649	0.045905	0.851677	0.522230	0.043845
22743	9.730582	0.409818	0.364141	-0.050236	-0.006456	-0.011970	-0.061293	0.016403	0.997985	0.520073	-0.852884	0.045960	0.851919	0.521843	0.043745
22744	9.771321	0.484556	0.436984	-0.043235	-0.004359	-0.003175	-0.061209	0.016462	0.997989	0.519734	-0.853091	0.045949	0.852132	0.521502	0.043661
22745	9.849533	0.483677	0.484116	-0.037350	-0.000331	-0.005580	-0.061164	0.016502	0.997991	0.519458	-0.853260	0.045945	0.852304	0.521225	0.043616
22746	9.864614	0.519507	0.587007	-0.035896	0.012233	-0.004269	-0.061227	0.016484	0.997988	0.519183	-0.853427	0.045949	0.852467	0.520952	0.043694
22747	9.885977	0.523934	0.654398	-0.037648	0.022106	-0.011859	-0.061406	0.016461	0.997977	0.518901	-0.853595	0.046008	0.852626	0.520676	0.043874
22748	9.724112	0.442917	0.569045	-0.037047	0.022662	-0.009319	-0.061584	0.016431	0.997967	0.518620	-0.853763	0.046060	0.852784	0.520402	0.044057
22749	9.652197	0.413114	0.486998	-0.009484	0.012676	-0.006647	-0.061656	0.016412	0.997963	0.518581	-0.853786	0.046080	0.852803	0.520366	0.044130
22750	9.747832	0.491007	0.470270	0.002566	0.006769	0.000966	-0.061644	0.016377	0.997964	0.518636	-0.853754	0.046047	0.852770	0.520418	0.044136
22751	9.801327	0.501720	0.470670	0.016349	0.001775	0.002303	-0.061577	0.016339	0.997969	0.518822	-0.853644	0.045988	0.852662	0.520600	0.044088
22752	9.793206	0.541644	0.435196	0.017148	0.012264	0.004145	-0.061596	0.016248	0.997969	0.519006	-0.853536	0.045930	0.852549	0.520781	0.044142
22753	9.745538	0.556759	0.413953	0.018718	-0.001393	0.003967	-0.061493	0.016212	0.997976	0.519213	-0.853414	0.045856	0.852430	0.520982	0.044062
22754	9.782499	0.539008	0.402760	0.012495	0.000863	0.005474	-0.061408	0.016169	0.997982	0.519359	-0.853329	0.045783	0.852347	0.521122	0.044004
22755	9.795897	0.582429	0.432192	0.001943	0.000067	0.006891	-0.061302	0.016100	0.997989	0.519426	-0.853294	0.045672	0.852314	0.521181	0.043946
22756	9.846215	0.608520	0.450875	-0.012570	0.006096	0.003735	-0.061271	0.016042	0.997992	0.519371	-0.853331	0.045603	0.852350	0.521122	0.043953
22757	9.810406	0.509940	0.432598	-0.028743	0.004258	-0.002353	-0.061248	0.016031	0.997994	0.519170	-0.853455	0.045571	0.852474	0.520919	0.043950
22758	9.844077	0.508477	0.440940	-0.027165	0.015238	-0.001757	-0.061324	0.015975	0.997990	0.518971	-0.853577	0.045553	0.852589	0.520722	0.044054
22759	9.808733	0.517209	0.526185	-0.015802	0.011889	0.000982	-0.061349	0.015895	0.997990	0.518883	-0.853634	0.045493	0.852641	0.520631	0.044122
