// General information: 
//  MT Manager version: 2022.2.0 
//  XDA version: 2022.2.0 build 7381 rev 124627 built on 2023-07-19
// Device information: 
//  DeviceId: 00B4CAF0
//  ProductCode: MTW2-3A7G6
//  Firmware Version: 4.6.0
//  Hardware Version: 2.0.0
// Device settings: 
//  Filter Profile: human(46.1)
//  Option Flags: Orientation Smoother Disabled, Position/Velocity Smoother Disabled, Continuous Zero Rotation Update Disabled, AHS Disabled, ICC Disabled
// Coordinate system: ENU
PacketCounter	Acc_X	Acc_Y	Acc_Z	Gyr_X	Gyr_Y	Gyr_Z	Mat[1][1]	Mat[2][1]	Mat[3][1]	Mat[1][2]	Mat[2][2]	Mat[3][2]	Mat[1][3]	Mat[2][3]	Mat[3][3]
09139	4.657540	1.488366	9.045968	0.003688	0.001127	0.005464	0.754158	-0.479602	0.448584	0.464672	0.872420	0.151538	-0.464032	0.094161	0.880800
09140	4.659002	1.488266	9.080483	0.000905	0.001200	0.006667	0.754141	-0.479590	0.448626	0.464677	0.872421	0.151513	-0.464055	0.094204	0.880783
09141	4.673881	1.487796	9.028028	0.009604	0.003283	0.002290	0.754124	-0.479605	0.448638	0.464656	0.872419	0.151590	-0.464104	0.094145	0.880763
09142	4.675007	1.487953	9.062675	-0.001178	0.005876	0.006334	0.754150	-0.479564	0.448638	0.464633	0.872440	0.151543	-0.464084	0.094166	0.880772
09143	4.658944	1.537336	9.046280	0.002855	0.002297	0.004697	0.754139	-0.479557	0.448663	0.464625	0.872443	0.151549	-0.464109	0.094170	0.880758
09144	4.653830	1.464143	9.012068	0.000772	0.006973	0.004364	0.754160	-0.479538	0.448650	0.464611	0.872454	0.151529	-0.464090	0.094171	0.880768
09145	4.673922	1.487475	9.063313	-0.000344	0.004707	0.007099	0.754172	-0.479512	0.448657	0.464600	0.872466	0.151496	-0.464082	0.094192	0.880770
09146	4.622677	1.489617	9.082941	0.002021	0.003467	0.003930	0.754159	-0.479517	0.448674	0.464610	0.872461	0.151491	-0.464093	0.094210	0.880762
09147	4.655472	1.488102	9.047076	0.002855	0.002297	0.004697	0.754148	-0.479510	0.448699	0.464602	0.872464	0.151497	-0.464118	0.094215	0.880749
09148	4.671831	1.487372	9.029159	0.002855	0.002297	0.004696	0.754154	-0.479474	0.448728	0.464566	0.872484	0.151493	-0.464145	0.094214	0.880735
09149	4.673036	1.487506	9.063764	0.003971	0.004563	0.001961	0.754141	-0.479493	0.448728	0.464573	0.872475	0.151522	-0.464158	0.094198	0.880729
09150	4.636792	1.489219	9.030875	0.002021	0.003467	0.003930	0.754132	-0.479492	0.448746	0.464577	0.872474	0.151516	-0.464170	0.094213	0.880721
09151	4.639170	1.513457	9.065456	0.000072	0.002371	0.005898	0.754127	-0.479475	0.448771	0.464572	0.872481	0.151493	-0.464181	0.094242	0.880712
09152	4.620327	1.465341	9.083591	0.002855	0.002297	0.004696	0.754122	-0.479455	0.448801	0.464554	0.872491	0.151493	-0.464209	0.094248	0.880697
09153	4.637780	1.489077	9.065635	0.003621	0.002262	0.002729	0.754102	-0.479466	0.448823	0.464557	0.872485	0.151515	-0.464238	0.094246	0.880682
09154	4.655282	1.512911	9.047638	0.004454	0.001092	0.003495	0.754064	-0.479493	0.448859	0.464583	0.872468	0.151532	-0.464274	0.094268	0.880661
09155	4.637342	1.514035	9.031053	0.007305	-0.000115	0.005026	0.754044	-0.479480	0.448906	0.464552	0.872477	0.151576	-0.464337	0.094245	0.880630
09156	4.655382	1.513598	9.047472	0.005288	-0.000077	0.004261	0.754031	-0.479455	0.448955	0.464518	0.872492	0.151596	-0.464393	0.094240	0.880601
09157	4.674422	1.537583	9.063900	0.007657	0.002186	0.004257	0.754018	-0.479452	0.448980	0.464491	0.872497	0.151647	-0.464441	0.094203	0.880580
09158	4.651912	1.441267	9.047529	0.005220	0.001056	0.001527	0.753968	-0.479499	0.449013	0.464531	0.872470	0.151681	-0.464481	0.094218	0.880557
09159	4.638664	1.515432	9.065385	0.004108	0.002297	0.007426	0.753970	-0.479468	0.449042	0.464497	0.872487	0.151686	-0.464512	0.094212	0.880541
09160	4.670449	1.489650	9.029499	0.006891	0.002223	0.006223	0.753970	-0.479440	0.449073	0.464455	0.872505	0.151711	-0.464555	0.094189	0.880521
09161	4.653752	1.490458	9.047573	-0.002013	0.003544	0.002399	0.753955	-0.479455	0.449083	0.464487	0.872493	0.151685	-0.464548	0.094230	0.880520
09162	4.636987	1.491174	9.065696	0.004040	0.003430	0.004692	0.753948	-0.479449	0.449101	0.464478	0.872496	0.151692	-0.464568	0.094230	0.880510
09163	4.670920	1.514076	9.029780	0.002856	0.002299	0.004694	0.753937	-0.479442	0.449126	0.464470	0.872500	0.151699	-0.464593	0.094234	0.880496
09164	4.670687	1.514068	9.029902	0.002442	0.004637	0.005891	0.753956	-0.479401	0.449138	0.464429	0.872523	0.151689	-0.464603	0.094226	0.880492
09165	4.651209	1.490478	9.013634	0.002374	0.005769	0.003158	0.753955	-0.479411	0.449129	0.464435	0.872518	0.151698	-0.464599	0.094218	0.880494
09166	4.653676	1.490307	9.082879	0.000077	0.005880	0.009057	0.753987	-0.479357	0.449134	0.464396	0.872547	0.151654	-0.464587	0.094231	0.880500
09167	4.651722	1.490648	9.048586	0.011911	0.006676	-0.000452	0.753973	-0.479399	0.449112	0.464384	0.872534	0.151763	-0.464621	0.094136	0.880492
09168	4.649693	1.490972	9.014335	-0.002008	0.007051	0.005559	0.753980	-0.479399	0.449100	0.464408	0.872529	0.151714	-0.464584	0.094176	0.880507
09169	4.652258	1.491004	9.083491	0.008909	0.002185	0.006986	0.753980	-0.479372	0.449129	0.464355	0.872549	0.151764	-0.464638	0.094128	0.880483
09170	4.631562	1.467644	9.032570	0.002023	0.003469	0.003926	0.753958	-0.479392	0.449144	0.464383	0.872535	0.151756	-0.464645	0.094157	0.880477
09171	4.650496	1.491433	9.049086	0.006473	0.001055	0.004257	0.753940	-0.479387	0.449179	0.464362	0.872540	0.151796	-0.464696	0.094136	0.880452
09172	4.649270	1.467339	9.049143	0.003622	0.002262	0.002726	0.753915	-0.479403	0.449205	0.464375	0.872530	0.151810	-0.464723	0.094147	0.880437
09173	4.667724	1.515518	9.031191	0.004393	0.005732	0.003920	0.753917	-0.479406	0.449198	0.464366	0.872531	0.151834	-0.464729	0.094122	0.880436
09174	4.685189	1.515100	9.047908	0.005926	0.005658	-0.000013	0.753891	-0.479457	0.449188	0.464400	0.872505	0.151878	-0.464738	0.094103	0.880433
09175	4.616160	1.494015	9.085533	-0.000342	0.004714	0.007090	0.753903	-0.479431	0.449195	0.464389	0.872517	0.151846	-0.464730	0.094124	0.880435
09176	4.684243	1.515193	9.048382	0.007183	0.009165	0.005877	0.753917	-0.479439	0.449163	0.464377	0.872518	0.151875	-0.464718	0.094080	0.880447
09177	4.646391	1.492453	9.015792	-0.001721	0.010486	0.002052	0.753932	-0.479462	0.449112	0.464410	0.872504	0.151853	-0.464660	0.094085	0.880477
09178	4.663544	1.491522	9.032758	0.001963	0.008110	0.004350	0.753958	-0.479442	0.449090	0.464388	0.872517	0.151845	-0.464640	0.094067	0.880489
09179	4.630930	1.517408	9.069007	0.000364	0.009317	0.005548	0.753984	-0.479435	0.449054	0.464385	0.872522	0.151826	-0.464601	0.094060	0.880511
09180	4.646632	1.516578	9.051469	0.004334	0.010373	0.004344	0.754007	-0.479440	0.449011	0.464379	0.872523	0.151840	-0.464571	0.094023	0.880530
09181	4.661205	1.491205	9.034017	-0.002420	0.009393	0.006748	0.754039	-0.479422	0.448977	0.464380	0.872531	0.151791	-0.464518	0.094040	0.880556
09182	4.679346	1.514511	9.051030	0.000652	0.012751	0.002043	0.754045	-0.479476	0.448908	0.464438	0.872502	0.151783	-0.464450	0.094039	0.880593
09183	4.660373	1.515131	9.035051	-0.000048	0.011657	0.006741	0.754087	-0.479461	0.448854	0.464428	0.872512	0.151755	-0.464391	0.094024	0.880625
09184	4.658163	1.490386	9.035721	-0.001712	0.013997	0.005205	0.754121	-0.479477	0.448780	0.464460	0.872502	0.151713	-0.464304	0.094030	0.880670
09185	4.674603	1.513458	9.018432	-0.003311	0.015205	0.006401	0.754179	-0.479467	0.448694	0.464467	0.872508	0.151657	-0.464203	0.094027	0.880724
09186	4.658191	1.513694	9.071637	-0.003310	0.015206	0.006400	0.754236	-0.479454	0.448611	0.464476	0.872515	0.151592	-0.464101	0.094033	0.880777
09187	4.670554	1.512283	8.985506	-0.002955	0.017507	0.005628	0.754301	-0.479453	0.448503	0.464488	0.872517	0.151543	-0.463984	0.094015	0.880840
09188	4.655080	1.512513	9.073431	-0.005030	0.022188	0.005284	0.754375	-0.479475	0.448356	0.464534	0.872505	0.151468	-0.463818	0.094013	0.880928
09189	4.667289	1.486480	9.022114	-0.006151	0.019925	0.008017	0.754462	-0.479455	0.448230	0.464543	0.872516	0.151380	-0.463668	0.094012	0.881007
09190	4.666418	1.510121	9.023229	-0.004318	0.026793	0.003736	0.754554	-0.479487	0.448041	0.464587	0.872503	0.151319	-0.463473	0.093975	0.881114
09191	4.665500	1.509423	9.059024	-0.005021	0.025700	0.008431	0.754670	-0.479469	0.447865	0.464587	0.872517	0.151240	-0.463285	0.093936	0.881217
09192	4.646326	1.533843	9.043775	-0.004309	0.030305	0.006884	0.754790	-0.479480	0.447650	0.464612	0.872516	0.151166	-0.463063	0.093885	0.881339
09193	4.641466	1.484219	9.045324	-0.005013	0.029213	0.011577	0.754936	-0.479438	0.447448	0.464588	0.872545	0.151072	-0.462849	0.093829	0.881458
09194	4.640140	1.507696	9.046701	-0.004243	0.029177	0.009608	0.755069	-0.479418	0.447246	0.464586	0.872562	0.150984	-0.462634	0.093781	0.881575
09195	4.638943	1.506874	9.082630	-0.005489	0.029180	0.006872	0.755193	-0.479417	0.447037	0.464600	0.872567	0.150907	-0.462417	0.093729	0.881694
09196	4.636160	1.530472	9.049562	-0.003882	0.031482	0.008827	0.755308	-0.479444	0.446814	0.464643	0.872558	0.150833	-0.462187	0.093684	0.881820
09197	4.648864	1.504503	9.033223	-0.003880	0.031484	0.008822	0.755452	-0.479428	0.446588	0.464634	0.872574	0.150761	-0.461960	0.093607	0.881947
09198	4.649701	1.552303	9.069238	-0.005829	0.033904	0.013933	0.755643	-0.479346	0.446353	0.464573	0.872628	0.150642	-0.461709	0.093532	0.882086
09199	4.607614	1.455380	9.072351	-0.005116	0.035001	0.009230	0.755805	-0.479330	0.446096	0.464567	0.872645	0.150557	-0.461450	0.093449	0.882231
09200	4.624769	1.502127	9.090640	-0.011931	0.035162	0.008878	0.755954	-0.479333	0.445840	0.464617	0.872644	0.150408	-0.461156	0.093444	0.882385
09201	4.619271	1.476568	9.057929	-0.006356	0.035008	0.006486	0.756103	-0.479341	0.445579	0.464638	0.872648	0.150325	-0.460891	0.093372	0.882531
09202	4.560644	1.404948	9.044204	-0.009921	0.028104	0.003336	0.756185	-0.479398	0.445377	0.464735	0.872614	0.150218	-0.460657	0.093389	0.882651
09203	4.581964	1.500989	9.096570	-0.002747	0.026739	-0.000240	0.756265	-0.479457	0.445179	0.464790	0.872589	0.150197	-0.460471	0.093326	0.882755
09204	4.568889	1.354280	8.994484	-0.005475	0.025685	0.003681	0.756347	-0.479495	0.444999	0.464849	0.872570	0.150127	-0.460277	0.093309	0.882858
09205	4.613059	1.523019	9.097734	0.002526	0.023147	0.000880	0.756415	-0.479541	0.444834	0.464871	0.872554	0.150148	-0.460143	0.093216	0.882938
09206	4.625338	1.473775	9.080889	0.008629	0.021893	0.005925	0.756470	-0.479588	0.444689	0.464883	0.872540	0.150194	-0.460040	0.093112	0.883002
09207	4.729928	1.567014	9.043753	0.008412	0.029941	-0.001868	0.756556	-0.479664	0.444460	0.464899	0.872517	0.150278	-0.459882	0.092935	0.883103
09208	4.677849	1.643400	9.029788	0.008731	0.043918	0.004056	0.756729	-0.479707	0.444121	0.464878	0.872518	0.150333	-0.459619	0.092701	0.883265
09209	4.582411	1.500906	9.086754	-0.010059	0.045568	0.007674	0.756931	-0.479714	0.443768	0.464907	0.872524	0.150212	-0.459257	0.092610	0.883463
09210	4.593667	1.450497	9.105734	-0.000916	0.048810	0.005282	0.757141	-0.479735	0.443386	0.464905	0.872532	0.150174	-0.458913	0.092429	0.883661
09211	4.532539	1.354881	9.092468	-0.008093	0.043157	0.002545	0.757309	-0.479785	0.443047	0.464963	0.872514	0.150093	-0.458577	0.092333	0.883845
09212	4.528059	1.354492	9.059693	0.001252	0.031321	0.001671	0.757408	-0.479843	0.442814	0.465003	0.872493	0.150092	-0.458373	0.092229	0.883961
09213	4.584693	1.474061	9.110955	0.004506	0.027767	0.002031	0.757502	-0.479883	0.442610	0.465007	0.872485	0.150125	-0.458213	0.092097	0.884058
09214	4.508637	1.404157	9.079987	-0.005511	0.026837	0.000893	0.757577	-0.479943	0.442416	0.465084	0.872455	0.150067	-0.458011	0.092073	0.884165
09215	4.561399	1.474767	9.061985	0.005019	0.016130	0.000031	0.757608	-0.479990	0.442311	0.465101	0.872437	0.150114	-0.457942	0.091992	0.884210
09216	4.650118	1.544438	9.077100	0.011424	0.018314	0.001576	0.757658	-0.480020	0.442194	0.465075	0.872436	0.150202	-0.457886	0.091852	0.884253
09217	4.650470	1.618679	9.043402	0.013291	0.028705	0.000421	0.757749	-0.480074	0.441979	0.465052	0.872428	0.150320	-0.457759	0.091639	0.884341
09218	4.554915	1.452770	9.099341	0.001262	0.031330	0.001644	0.757845	-0.480135	0.441747	0.465093	0.872406	0.150322	-0.457558	0.091533	0.884456
09219	4.532130	1.405549	9.083895	0.016134	0.027496	0.001966	0.757938	-0.480175	0.441545	0.465045	0.872408	0.150458	-0.457454	0.091301	0.884534
09220	4.517679	1.480844	9.137046	0.012108	0.024063	-0.002728	0.757962	-0.480298	0.441369	0.465105	0.872356	0.150574	-0.457352	0.091153	0.884602
09221	4.511439	1.408995	9.103253	0.014679	0.011247	-0.001203	0.757965	-0.480351	0.441306	0.465088	0.872341	0.150711	-0.457364	0.091012	0.884610
09222	4.548559	1.482166	9.102266	0.019483	0.007612	-0.004752	0.757929	-0.480439	0.441273	0.465087	0.872309	0.150900	-0.457425	0.090859	0.884594
09223	4.617007	1.480457	9.100168	0.012762	0.001988	-0.002783	0.757883	-0.480497	0.441290	0.465090	0.872285	0.151027	-0.457499	0.090779	0.884564
09224	4.616712	1.506026	9.065633	0.010701	0.006678	-0.003158	0.757848	-0.480570	0.441269	0.465117	0.872253	0.151133	-0.457529	0.090706	0.884556
09225	4.530475	1.510893	9.085657	0.003155	0.005743	0.001173	0.757837	-0.480597	0.441258	0.465134	0.872239	0.151158	-0.457529	0.090691	0.884558
09226	4.564310	1.510103	9.084796	0.014681	0.007732	-0.004347	0.757813	-0.480664	0.441226	0.465133	0.872215	0.151302	-0.457570	0.090570	0.884549
09227	4.493476	1.465792	9.121582	0.005121	0.003320	-0.003928	0.757768	-0.480734	0.441229	0.465180	0.872179	0.151367	-0.457598	0.090550	0.884537
09228	4.558938	1.389963	9.119560	0.005217	-0.005980	-0.004726	0.757676	-0.480797	0.441318	0.465230	0.872141	0.151430	-0.457699	0.090579	0.884481
09229	4.577381	1.389848	9.135847	0.005265	-0.010630	-0.005125	0.757561	-0.480864	0.441442	0.465285	0.872099	0.151501	-0.457833	0.090625	0.884407
09230	4.562626	1.415990	9.153029	0.008420	-0.008403	-0.007092	0.757415	-0.480997	0.441547	0.465396	0.872022	0.151606	-0.457961	0.090666	0.884337
09231	4.670395	1.533941	9.080125	0.005121	-0.007231	-0.013340	0.757278	-0.481139	0.441629	0.465514	0.871940	0.151712	-0.458069	0.090696	0.884278
09232	4.600658	1.513296	9.082004	-0.006453	-0.004573	-0.007419	0.757191	-0.481208	0.441702	0.465619	0.871890	0.151682	-0.458106	0.090812	0.884247
09233	4.564146	1.466089	9.083033	-0.003663	-0.004651	-0.008605	0.757087	-0.481311	0.441768	0.465741	0.871823	0.151690	-0.458154	0.090907	0.884212
09234	4.545648	1.418105	9.100665	-0.006815	-0.010394	-0.009778	0.756956	-0.481406	0.441888	0.465876	0.871755	0.151668	-0.458232	0.091059	0.884156
09235	4.546561	1.418049	9.100218	-0.004388	-0.012777	-0.010184	0.756808	-0.481515	0.442024	0.466014	0.871680	0.151676	-0.458337	0.091200	0.884087
09236	4.532512	1.467842	9.082645	-0.001084	-0.020981	-0.010215	0.756598	-0.481652	0.442235	0.466180	0.871586	0.151707	-0.458515	0.091379	0.883976
09237	4.553454	1.491518	9.098290	-0.007025	-0.026645	-0.010205	0.756385	-0.481748	0.442493	0.466330	0.871508	0.151692	-0.458713	0.091610	0.883849
09238	4.556940	1.540475	9.062505	-0.000667	-0.026837	-0.014544	0.756154	-0.481875	0.442750	0.466479	0.871419	0.151744	-0.458942	0.091791	0.883712
09239	4.613833	1.587262	9.076770	0.001086	-0.027930	-0.004378	0.755963	-0.481919	0.443028	0.466548	0.871377	0.151775	-0.459188	0.091957	0.883567
09240	4.471672	1.447869	9.080078	0.000676	-0.032615	-0.009482	0.755715	-0.482019	0.443343	0.466679	0.871299	0.151817	-0.459463	0.092168	0.883402
09241	4.562954	1.469230	9.092668	0.011633	-0.045654	-0.011534	0.755408	-0.482109	0.443766	0.466753	0.871233	0.151973	-0.459891	0.092327	0.883162
09242	4.530297	1.448135	9.057018	0.014066	-0.048031	-0.011956	0.755090	-0.482195	0.444214	0.466816	0.871169	0.152145	-0.460349	0.092483	0.882907
09243	4.570607	1.447907	9.087818	0.004211	-0.059395	-0.011169	0.754722	-0.482269	0.444760	0.466921	0.871097	0.152234	-0.460846	0.092774	0.882618
09244	4.609203	1.423587	9.083808	0.018992	-0.060941	-0.016368	0.754301	-0.482417	0.445313	0.467037	0.870994	0.152469	-0.461418	0.092970	0.882298
09245	4.602429	1.524214	9.098299	0.015438	-0.060818	-0.013232	0.753916	-0.482508	0.445867	0.467106	0.870922	0.152666	-0.461978	0.093169	0.881984
09246	4.642158	1.549067	9.059454	0.014562	-0.062021	-0.019911	0.753509	-0.482626	0.446426	0.467200	0.870835	0.152876	-0.462545	0.093377	0.881665
09247	4.662974	1.525744	9.038619	0.011895	-0.060687	-0.010114	0.753138	-0.482689	0.446983	0.467262	0.870775	0.153028	-0.463087	0.093607	0.881356
09248	4.742140	1.646643	9.032958	0.024483	-0.044744	-0.011723	0.752835	-0.482775	0.447402	0.467274	0.870722	0.153291	-0.463568	0.093656	0.881098
09249	4.707644	1.577388	9.032314	0.016364	-0.032923	-0.008097	0.752601	-0.482847	0.447717	0.467300	0.870676	0.153474	-0.463921	0.093714	0.880906
09250	4.657032	1.532905	9.049927	0.017138	-0.029446	-0.006919	0.752396	-0.482897	0.448007	0.467302	0.870644	0.153648	-0.464251	0.093751	0.880728
09251	4.696119	1.581791	9.046936	0.015539	-0.024722	-0.002582	0.752226	-0.482929	0.448259	0.467290	0.870624	0.153799	-0.464539	0.093775	0.880573
09252	4.645845	1.585544	9.030285	0.011863	-0.022346	-0.004896	0.752048	-0.482993	0.448489	0.467330	0.870582	0.153918	-0.464787	0.093838	0.880436
09253	4.699712	1.608536	9.009939	0.007415	-0.016419	-0.002093	0.751919	-0.483028	0.448668	0.467351	0.870556	0.153995	-0.464974	0.093894	0.880331
09254	4.645474	1.538352	8.994078	0.002966	-0.017518	-0.005588	0.751777	-0.483074	0.448855	0.467404	0.870520	0.154040	-0.465150	0.093993	0.880228
09255	4.701813	1.536663	9.077596	0.004214	-0.014001	0.000293	0.751670	-0.483090	0.449017	0.467423	0.870503	0.154078	-0.465304	0.094065	0.880138
09256	4.628297	1.442579	9.045465	-0.000774	-0.014014	-0.010637	0.751507	-0.483206	0.449164	0.467558	0.870425	0.154111	-0.465431	0.094194	0.880057
09257	4.687290	1.562633	9.059578	0.003323	-0.011702	-0.003218	0.751395	-0.483255	0.449300	0.467607	0.870390	0.154157	-0.465564	0.094263	0.879980
09258	4.630186	1.466954	9.009768	-0.015542	-0.012471	-0.005408	0.751258	-0.483334	0.449443	0.467779	0.870319	0.154040	-0.465611	0.094516	0.879928
09259	4.579279	1.444374	9.028564	-0.005101	-0.017373	-0.008660	0.751094	-0.483425	0.449620	0.467908	0.870250	0.154036	-0.465747	0.094685	0.879838
09260	4.705414	1.512331	9.040047	0.002554	-0.018686	-0.007560	0.750943	-0.483479	0.449815	0.467968	0.870209	0.154086	-0.465931	0.094789	0.879729
09261	4.581515	1.396629	9.061553	0.002908	-0.019896	-0.011491	0.750753	-0.483591	0.450010	0.468081	0.870134	0.154166	-0.466123	0.094901	0.879616
09262	4.621265	1.469526	9.058683	0.014244	-0.027093	-0.011241	0.750523	-0.483705	0.450271	0.468156	0.870064	0.154334	-0.466417	0.094966	0.879452
09263	4.644559	1.592444	9.004051	0.018407	-0.032933	-0.007396	0.750292	-0.483770	0.450587	0.468166	0.870023	0.154532	-0.466779	0.095006	0.879256
09264	4.666555	1.593641	9.053398	0.012709	-0.030524	-0.010471	0.750057	-0.483861	0.450880	0.468228	0.869963	0.154682	-0.467093	0.095094	0.879080
09265	4.753115	1.591368	8.996640	0.017517	-0.027118	-0.007762	0.749851	-0.483934	0.451144	0.468245	0.869920	0.154873	-0.467407	0.095114	0.878910
09266	4.685479	1.547226	9.032790	0.005827	-0.022224	-0.007232	0.749664	-0.484014	0.451369	0.468324	0.869864	0.154951	-0.467628	0.095225	0.878781
09267	4.687385	1.548619	9.031562	0.017457	-0.022473	-0.007354	0.749482	-0.484088	0.451593	0.468338	0.869822	0.155140	-0.467907	0.095223	0.878633
09268	4.653366	1.551531	8.997244	0.010700	-0.019946	-0.001786	0.749330	-0.484123	0.451806	0.468354	0.869797	0.155237	-0.468134	0.095281	0.878506
09269	4.674371	1.552104	9.047231	0.013072	-0.017679	-0.001801	0.749196	-0.484154	0.451996	0.468346	0.869778	0.155363	-0.468356	0.095294	0.878386
09270	4.605030	1.507407	9.049239	0.006313	-0.022177	-0.002540	0.749028	-0.484198	0.452228	0.468394	0.869742	0.155424	-0.468577	0.095404	0.878256
09271	4.697172	1.577636	9.061367	0.008684	-0.023422	-0.005712	0.748848	-0.484257	0.452462	0.468437	0.869700	0.155528	-0.468822	0.095483	0.878117
09272	4.713446	1.552634	9.007808	-0.003164	-0.027729	0.000663	0.748676	-0.484256	0.452748	0.468491	0.869677	0.155491	-0.469042	0.095696	0.877976
09273	4.730396	1.453995	9.058484	-0.011502	-0.016056	-0.007023	0.748524	-0.484334	0.452915	0.468638	0.869610	0.155425	-0.469137	0.095914	0.877901
09274	4.591520	1.435394	9.029127	-0.002660	-0.019742	-0.009104	0.748336	-0.484438	0.453115	0.468778	0.869532	0.155436	-0.469297	0.096092	0.877796
09275	4.647030	1.457720	9.043020	-0.003361	-0.027853	-0.010716	0.748112	-0.484536	0.453380	0.468914	0.869455	0.155458	-0.469518	0.096297	0.877656
09276	4.707095	1.602259	9.021320	0.006803	-0.032659	-0.007336	0.747873	-0.484610	0.453696	0.468995	0.869396	0.155544	-0.469820	0.096454	0.877477
09277	4.761762	1.625295	9.000179	0.008758	-0.028052	-0.006158	0.747669	-0.484668	0.453970	0.469040	0.869353	0.155651	-0.470099	0.096554	0.877316
09278	4.619824	1.485923	9.005527	0.004373	-0.026772	-0.003750	0.747479	-0.484709	0.454239	0.469096	0.869314	0.155699	-0.470345	0.096700	0.877169
09279	4.678794	1.606627	8.983784	0.016907	-0.032821	-0.003550	0.747264	-0.484739	0.454559	0.469083	0.869291	0.155866	-0.470698	0.096753	0.876973
09280	4.714022	1.557685	8.980821	0.012593	-0.032669	0.001595	0.747088	-0.484700	0.454890	0.469028	0.869303	0.155963	-0.471033	0.096838	0.876784
09281	4.701632	1.584073	8.996889	0.014196	-0.033872	0.000385	0.746887	-0.484696	0.455225	0.468999	0.869297	0.156088	-0.471381	0.096920	0.876588
09282	4.651166	1.562860	8.980307	0.008628	-0.033725	0.002802	0.746701	-0.484662	0.455567	0.468972	0.869301	0.156145	-0.471702	0.097054	0.876400
09283	4.672013	1.514302	9.029672	0.009532	-0.043036	-0.000025	0.746454	-0.484652	0.455981	0.468968	0.869288	0.156231	-0.472097	0.097221	0.876169
09284	4.676117	1.515096	9.027414	0.008841	-0.047630	0.001510	0.746191	-0.484623	0.456441	0.468960	0.869280	0.156295	-0.472520	0.097427	0.875918
09285	4.713799	1.490361	9.023587	0.017199	-0.047843	-0.002143	0.745912	-0.484627	0.456894	0.468935	0.869264	0.156458	-0.472986	0.097550	0.875653
09286	4.682863	1.469139	9.022665	0.016927	-0.054773	-0.001811	0.745603	-0.484613	0.457412	0.468905	0.869253	0.156608	-0.473502	0.097715	0.875356
09287	4.710067	1.568068	9.035544	0.025707	-0.053812	-0.003512	0.745288	-0.484623	0.457915	0.468850	0.869239	0.156852	-0.474052	0.097794	0.875049
09288	4.690529	1.497479	8.947684	0.019720	-0.058343	-0.006223	0.744947	-0.484635	0.458457	0.468830	0.869215	0.157045	-0.474607	0.097948	0.874731
09289	4.721596	1.596913	9.029123	0.023919	-0.064160	-0.002428	0.744588	-0.484625	0.459051	0.468775	0.869205	0.157268	-0.475225	0.098092	0.874379
09290	4.773870	1.571814	8.937182	0.019538	-0.066384	-0.003187	0.744217	-0.484609	0.459667	0.468741	0.869191	0.157447	-0.475839	0.098290	0.874023
09291	4.744742	1.477884	9.005010	0.014047	-0.074375	-0.004368	0.743799	-0.484606	0.460348	0.468746	0.869161	0.157592	-0.476487	0.098569	0.873639
09292	4.770959	1.552336	8.982442	0.028476	-0.074675	-0.005807	0.743379	-0.484601	0.461031	0.468685	0.869146	0.157860	-0.477203	0.098729	0.873230
09293	4.775992	1.554479	8.943946	0.019374	-0.077916	-0.003363	0.742947	-0.484585	0.461744	0.468658	0.869126	0.158047	-0.477901	0.098979	0.872819
09294	4.752367	1.607065	8.975703	0.022169	-0.077977	-0.004619	0.742498	-0.484594	0.462457	0.468648	0.869094	0.158257	-0.478609	0.099224	0.872404
09295	4.845037	1.653477	8.914967	0.016359	-0.081238	0.001304	0.742071	-0.484533	0.463205	0.468600	0.869094	0.158397	-0.479317	0.099516	0.871982
09296	4.799318	1.608307	8.931264	0.013174	-0.078818	0.003706	0.741666	-0.484452	0.463938	0.468553	0.869103	0.158487	-0.479989	0.099835	0.871575
09297	4.825570	1.633070	8.943382	0.016064	-0.076491	0.008353	0.741294	-0.484334	0.464655	0.468454	0.869137	0.158592	-0.480660	0.100106	0.871174
09298	4.810916	1.512861	8.958810	0.009574	-0.077561	0.004121	0.740913	-0.484222	0.465378	0.468390	0.869162	0.158648	-0.481310	0.100434	0.870778
09299	4.788709	1.637689	8.955578	0.024770	-0.074392	0.003830	0.740529	-0.484146	0.466069	0.468282	0.869183	0.158849	-0.482005	0.100619	0.870372
09300	4.860578	1.636372	8.878700	0.032547	-0.076797	0.007541	0.740164	-0.484008	0.466791	0.468084	0.869245	0.159091	-0.482757	0.100744	0.869941
09301	4.874864	1.688565	8.977689	0.035966	-0.060627	0.011540	0.739881	-0.483878	0.467373	0.467865	0.869315	0.159353	-0.483402	0.100766	0.869580
09302	4.766004	1.572217	8.878022	0.018010	-0.063702	0.013034	0.739586	-0.483734	0.467988	0.467730	0.869371	0.159443	-0.483984	0.100970	0.869232
09303	4.896776	1.593744	8.918804	0.045523	-0.069972	0.016273	0.739280	-0.483553	0.468659	0.467430	0.869474	0.159766	-0.484742	0.100954	0.868811
09304	4.813422	1.672492	8.798242	0.039751	-0.069714	0.025386	0.739011	-0.483298	0.469346	0.467099	0.869611	0.159987	-0.485469	0.100999	0.868400
09305	4.851943	1.576098	8.827889	0.039575	-0.067467	0.019894	0.738732	-0.483088	0.470000	0.466800	0.869724	0.160241	-0.486181	0.101021	0.867999
09306	4.846500	1.677852	8.840845	0.059873	-0.067753	0.027231	0.738482	-0.482818	0.470672	0.466357	0.869891	0.160626	-0.486986	0.100882	0.867564
09307	4.906376	1.655640	8.885583	0.060996	-0.061982	0.027622	0.738264	-0.482546	0.471291	0.465896	0.870064	0.161029	-0.487756	0.100691	0.867153
09308	4.910121	1.659530	8.847086	0.069151	-0.058573	0.033694	0.738085	-0.482232	0.471892	0.465363	0.870268	0.161464	-0.488536	0.100427	0.866745
09309	4.912080	1.639286	8.809234	0.070101	-0.047065	0.031802	0.737959	-0.481939	0.472388	0.464826	0.870470	0.161924	-0.489237	0.100085	0.866389
09310	4.898875	1.620982	8.824697	0.083256	-0.032220	0.037474	0.737932	-0.481608	0.472769	0.464182	0.870713	0.162463	-0.489889	0.099564	0.866081
09311	5.010648	1.598478	8.919301	0.079037	-0.026412	0.033688	0.737915	-0.481320	0.473089	0.463586	0.870931	0.162992	-0.490479	0.099043	0.865806
09312	4.925167	1.535358	8.940486	0.087179	-0.026511	0.036564	0.737906	-0.481010	0.473418	0.462938	0.871168	0.163569	-0.491105	0.098465	0.865518
09313	4.802793	1.570933	8.858974	0.102258	-0.014095	0.037022	0.737963	-0.480705	0.473637	0.462202	0.871424	0.164282	-0.491710	0.097682	0.865262
09314	4.761345	1.728957	8.873872	0.141932	-0.019396	0.041673	0.738013	-0.480356	0.473914	0.461243	0.871739	0.165308	-0.492536	0.096590	0.864916
09315	4.938063	1.586262	9.000454	0.122966	-0.029286	0.045540	0.738035	-0.479963	0.474279	0.460341	0.872054	0.166159	-0.493347	0.095699	0.864552
09316	4.834889	1.577053	8.969260	0.164944	-0.031205	0.047326	0.738047	-0.479559	0.474668	0.459230	0.872410	0.167356	-0.494362	0.094465	0.864108
09317	4.771576	1.665473	8.932982	0.166944	-0.043810	0.050533	0.738018	-0.479109	0.475167	0.458071	0.872787	0.168562	-0.495480	0.093259	0.863599
09318	4.748321	1.657500	9.033796	0.165899	-0.063233	0.055342	0.737909	-0.478602	0.475847	0.456889	0.873181	0.169727	-0.496732	0.092166	0.862996
09319	4.767765	1.762901	8.868783	0.175928	-0.080387	0.067622	0.737774	-0.477970	0.476691	0.455555	0.873644	0.170927	-0.498156	0.091054	0.862293
09320	4.758197	1.855298	9.033294	0.196607	-0.108129	0.078637	0.737540	-0.477226	0.477797	0.454049	0.874170	0.172242	-0.499874	0.089908	0.861419
09321	4.536775	1.764824	9.215079	0.199214	-0.165202	0.099368	0.737119	-0.476241	0.479427	0.452359	0.874800	0.173485	-0.502024	0.088994	0.860263
09322	4.248963	1.852467	9.446626	0.220520	-0.240877	0.124619	0.736420	-0.474973	0.481754	0.450380	0.875563	0.174778	-0.504821	0.088262	0.858700
09323	4.489817	1.872167	9.224301	0.200801	-0.337442	0.150630	0.735343	-0.473388	0.484948	0.448295	0.876433	0.175776	-0.508235	0.088144	0.856696
09324	4.623662	1.731588	9.200738	0.209074	-0.440234	0.172348	0.733818	-0.471525	0.489056	0.446012	0.877407	0.176722	-0.512430	0.088443	0.854163
09325	4.575410	1.681256	9.323141	0.222185	-0.531713	0.181647	0.731844	-0.469490	0.493947	0.443577	0.878437	0.177729	-0.517343	0.089034	0.851134
09326	4.624872	1.760066	9.152241	0.195142	-0.631379	0.187066	0.729339	-0.467316	0.499681	0.441245	0.879464	0.178454	-0.522845	0.090328	0.847628
09327	4.560080	1.494939	9.382577	0.192588	-0.766473	0.202078	0.726151	-0.464870	0.506558	0.438802	0.880560	0.179071	-0.529299	0.092246	0.843406
09328	4.631913	1.815859	9.207646	0.180148	-0.916400	0.195824	0.722075	-0.462322	0.514652	0.436472	0.881613	0.179584	-0.536749	0.094958	0.838381
09329	4.567504	2.527037	9.337932	0.176129	-1.029990	0.232821	0.717472	-0.459305	0.523711	0.433885	0.882835	0.179853	-0.544957	0.098191	0.832695
09330	4.357469	2.267292	9.525995	0.087626	-1.203490	0.275869	0.712004	-0.455692	0.534224	0.431479	0.884162	0.179119	-0.553963	0.102973	0.826148
09331	4.634887	2.287151	9.636725	0.109862	-1.398894	0.321539	0.705518	-0.451400	0.546335	0.428627	0.885715	0.178293	-0.564378	0.108385	0.818370
09332	4.587349	2.462773	10.006710	0.025850	-1.589480	0.386352	0.698060	-0.446229	0.559993	0.425815	0.887455	0.176366	-0.575668	0.115339	0.809508
09333	4.599306	2.434773	10.079984	-0.110450	-1.808588	0.482338	0.689539	-0.439807	0.575418	0.423151	0.889439	0.172748	-0.587774	0.124372	0.799408
09334	4.828638	2.472769	10.180120	-0.266503	-2.015446	0.587754	0.679997	-0.431984	0.592448	0.420755	0.891632	0.167203	-0.600475	0.135578	0.788066
09335	5.014417	2.387628	10.200015	-0.502473	-2.280894	0.705087	0.669061	-0.422464	0.611459	0.419089	0.893907	0.159042	-0.613777	0.149847	0.775128
09336	4.757679	2.797653	10.003860	-0.667378	-2.568117	0.839496	0.656579	-0.410915	0.632497	0.417712	0.896328	0.148701	-0.628029	0.166568	0.760154
09337	4.505176	3.078475	9.959352	-0.846864	-2.882055	0.978935	0.642294	-0.397077	0.655583	0.416777	0.898771	0.136044	-0.643239	0.185851	0.742767
09338	6.582307	2.665447	10.022319	-0.886286	-3.200838	1.107759	0.625999	-0.380855	0.680496	0.415568	0.901322	0.122158	-0.659870	0.206321	0.722498
09339	8.090425	2.857187	9.988536	-0.887817	-3.112149	1.260029	0.610393	-0.362779	0.704139	0.413744	0.904069	0.107125	-0.675452	0.225945	0.701935
09340	8.179454	2.766894	10.112030	-1.134394	-3.203501	1.359946	0.594095	-0.342907	0.727644	0.413338	0.906163	0.089560	-0.690075	0.247555	0.680083
09341	8.566623	2.086890	9.919265	-1.202032	-3.270310	1.422991	0.577123	-0.321571	0.750680	0.413423	0.907765	0.071023	-0.704280	0.269359	0.656837
09342	10.352050	1.651169	9.817815	-1.155712	-3.221610	1.340248	0.559711	-0.300409	0.772320	0.414058	0.908684	0.053377	-0.717830	0.289910	0.632987
09343	10.310946	0.950916	9.126676	-1.016396	-3.084699	1.210100	0.542330	-0.280207	0.792062	0.414789	0.909140	0.037618	-0.730636	0.308137	0.609280
09344	10.069677	0.173803	8.413562	-0.799832	-2.974335	1.057921	0.524750	-0.261211	0.810189	0.415072	0.909462	0.024380	-0.743204	0.323494	0.585662
09345	9.107347	0.427117	8.079695	-0.390724	-2.757663	0.928249	0.507869	-0.243719	0.826239	0.413244	0.910504	0.014563	-0.755843	0.334042	0.563132
09346	8.649876	1.030220	8.333414	-0.235654	-2.666284	0.892222	0.491176	-0.226587	0.841074	0.410615	0.911790	0.005844	-0.768207	0.342487	0.540889
09347	8.135620	1.013499	7.944207	-0.170739	-2.586330	0.906549	0.474806	-0.209383	0.854820	0.407593	0.913160	-0.002723	-0.780017	0.349712	0.518917
09348	7.178538	1.005955	7.540216	-0.072504	-2.508463	0.939139	0.458856	-0.191972	0.867524	0.403808	0.914776	-0.011157	-0.791448	0.355433	0.497270
09349	6.417154	1.251500	7.288291	0.036078	-2.474409	1.018091	0.443161	-0.173820	0.879429	0.398963	0.916752	-0.019848	-0.802768	0.359655	0.475617
09350	4.602608	2.158526	6.631422	0.164849	-2.407501	1.154549	0.428220	-0.154549	0.890361	0.392626	0.919232	-0.029273	-0.813924	0.362114	0.454314
09351	1.718869	3.172622	7.469175	0.174880	-2.533328	1.268921	0.412338	-0.133688	0.901169	0.385892	0.921683	-0.039837	-0.825266	0.364180	0.431634
09352	4.054776	5.374924	10.455256	-0.051623	-2.212077	0.969340	0.397661	-0.116673	0.910084	0.382416	0.922701	-0.048805	-0.834041	0.367438	0.411539
09353	12.009445	6.005187	12.804946	-0.601526	-0.788235	0.289802	0.392139	-0.111100	0.913172	0.386323	0.920789	-0.053870	-0.834854	0.373904	0.403998
09354	2.925999	4.558145	13.622307	-0.618536	0.638708	-0.172198	0.396740	-0.115105	0.910686	0.392165	0.918262	-0.054784	-0.829942	0.378874	0.409451
09355	-0.297736	3.333096	9.942621	-0.655746	1.101056	-0.396357	0.404213	-0.122956	0.906363	0.399204	0.915278	-0.053869	-0.822951	0.383598	0.419052
09356	-2.118799	2.667702	8.753381	-0.345254	1.266059	-0.453175	0.412730	-0.131981	0.901241	0.403891	0.913373	-0.051207	-0.816410	0.385138	0.430283
09357	-0.888649	2.869153	9.104976	-0.155712	1.468897	-0.455402	0.422769	-0.141810	0.895074	0.407093	0.912137	-0.047768	-0.809656	0.384573	0.443353
09358	0.064709	2.856162	9.493788	0.018125	1.792942	-0.475833	0.435239	-0.153034	0.887213	0.408988	0.911506	-0.043413	-0.802057	0.381755	0.459312
09359	0.592930	2.734860	9.473372	0.198315	2.197353	-0.548368	0.450464	-0.166382	0.877154	0.409869	0.911368	-0.037617	-0.793152	0.376463	0.478733
09360	0.716555	2.776387	9.288730	0.374231	2.587508	-0.631621	0.468234	-0.181792	0.864702	0.409817	0.911666	-0.030250	-0.782820	0.368533	0.501374
09361	0.908264	2.812793	9.008606	0.508296	2.881215	-0.702179	0.487690	-0.198689	0.850107	0.409258	0.912163	-0.021591	-0.771146	0.358443	0.526168
09362	1.435838	2.907525	9.071582	0.594253	3.100909	-0.756791	0.508283	-0.216538	0.833523	0.408474	0.912691	-0.011983	-0.758154	0.346563	0.552355
09363	2.335120	2.658932	9.322751	0.668082	3.297859	-0.820245	0.529648	-0.235255	0.814940	0.407750	0.913093	-0.001417	-0.743783	0.333042	0.579543
09364	3.153877	2.501204	9.758945	0.775926	3.494350	-0.928336	0.551564	-0.255108	0.794164	0.407046	0.913345	0.010690	-0.728073	0.317366	0.607609
09365	3.878133	2.541607	10.192178	0.879933	3.675312	-1.076125	0.573580	-0.276299	0.771145	0.406806	0.913183	0.024607	-0.710996	0.299593	0.636183
09366	4.252682	2.652449	10.527164	0.917230	3.799349	-1.206983	0.595317	-0.298341	0.746050	0.407409	0.912380	0.039759	-0.692543	0.280278	0.664702
09367	4.546053	2.623049	10.821826	0.899552	3.858458	-1.335492	0.616156	-0.320968	0.719257	0.409396	0.910657	0.055669	-0.672864	0.260161	0.692510
09368	5.078633	2.524393	11.209606	0.888911	3.880651	-1.454185	0.635884	-0.343887	0.690936	0.412595	0.908047	0.072225	-0.652239	0.239150	0.719299
09369	5.663280	2.619931	11.714601	0.872807	3.884306	-1.569438	0.654245	-0.367008	0.661262	0.417160	0.904441	0.089242	-0.630826	0.217465	0.744827
09370	6.405241	2.804213	12.446712	0.869325	3.879346	-1.670556	0.671272	-0.390083	0.630262	0.422828	0.899914	0.106636	-0.608778	0.194911	0.769025
09371	7.048803	2.936022	12.801586	0.828637	3.871932	-1.767903	0.686820	-0.413077	0.598035	0.429923	0.894313	0.123974	-0.586042	0.171962	0.791823
09372	7.130514	2.824699	12.641054	0.773452	3.840421	-1.829805	0.700939	-0.435541	0.564791	0.438163	0.887794	0.140841	-0.562759	0.148750	0.813127
09373	6.789782	2.704624	12.469399	0.742999	3.696023	-1.830628	0.713170	-0.456834	0.531688	0.447051	0.880623	0.156999	-0.539939	0.125725	0.832262
09374	8.671398	2.510158	13.597928	0.771862	3.512401	-1.804778	0.723609	-0.476666	0.499179	0.455920	0.873084	0.172807	-0.518197	0.102541	0.849092
09375	12.558843	3.067814	15.747814	0.850877	3.606385	-1.806175	0.733536	-0.495647	0.465037	0.464806	0.865046	0.188813	-0.495863	0.077651	0.864922
09376	14.428767	3.280873	16.267255	0.766204	4.048420	-1.767316	0.744786	-0.513455	0.426214	0.474161	0.856623	0.203392	-0.469537	0.050611	0.881461
09377	13.155814	2.458323	14.886535	0.731363	4.476398	-1.666662	0.757110	-0.529303	0.382913	0.483395	0.848171	0.216645	-0.439446	0.021074	0.898022
09378	10.492588	1.324632	12.801845	0.749832	4.596187	-1.482392	0.769364	-0.542074	0.337986	0.491528	0.840273	0.228784	-0.408018	-0.009889	0.912920
09379	9.055000	-0.091734	11.210652	0.853001	4.341247	-1.199831	0.780467	-0.551054	0.295313	0.497512	0.833475	0.240419	-0.378620	-0.040717	0.924656
09380	4.917717	3.462813	15.163698	1.326270	2.692734	-0.450770	0.788228	-0.553358	0.269242	0.496121	0.830275	0.253983	-0.364089	-0.066620	0.928979
09381	13.664495	-5.311838	7.043866	-3.458821	1.839225	0.409710	0.796645	-0.548932	0.253044	0.504957	0.834492	0.220545	-0.332227	-0.047920	0.941981
09382	18.582495	-14.958230	3.880553	-0.444002	2.260608	0.493684	0.806410	-0.543625	0.232757	0.502433	0.837421	0.215144	-0.311874	-0.056549	0.948439
09383	19.320602	-8.352743	4.766923	4.189370	3.258716	0.006304	0.816478	-0.540910	0.201941	0.489471	0.833962	0.254807	-0.306238	-0.109200	0.945671
09384	17.062968	0.969233	7.367351	3.874368	3.927693	0.053760	0.828490	-0.535140	0.165013	0.477441	0.828980	0.291277	-0.292667	-0.162536	0.942299
09385	11.427494	2.088838	4.045066	0.797838	2.808048	1.278434	0.842421	-0.519685	0.142318	0.464543	0.834322	0.296828	-0.272996	-0.183941	0.944266
09386	13.133001	-1.260640	-2.283311	-1.690424	1.452476	1.909842	0.854984	-0.501029	0.134060	0.452803	0.847113	0.278152	-0.252927	-0.177113	0.951136
09387	11.799022	-6.484302	-9.392920	-1.291716	1.007253	1.057150	0.862184	-0.490325	0.127360	0.446941	0.854585	0.264440	-0.238501	-0.171073	0.955955
09388	12.778829	-2.853966	-7.556786	1.871936	-0.408199	0.001087	0.861169	-0.491075	0.131278	0.442387	0.851246	0.282265	-0.250363	-0.185002	0.950312
09389	15.867142	1.419016	-2.647614	1.397983	-1.648432	-0.330437	0.855382	-0.497006	0.145972	0.441622	0.846984	0.295952	-0.270726	-0.188688	0.943983
09390	14.690082	-1.932457	-1.135030	-2.427998	-2.575152	0.282656	0.849490	-0.499072	0.171154	0.445961	0.852552	0.272532	-0.281931	-0.155186	0.946801
09391	-0.140266	-8.875687	0.591217	-1.243369	-1.945569	0.384318	0.845580	-0.498652	0.190633	0.446318	0.856254	0.260055	-0.292908	-0.134814	0.946589
09392	3.033216	-1.454143	10.471973	5.368246	-2.442233	-0.454455	0.835851	-0.506266	0.212246	0.433270	0.845817	0.311241	-0.337092	-0.168192	0.926326
09393	0.215622	22.343775	27.466760	1.279186	-1.730476	0.032853	0.829950	-0.508960	0.228345	0.428598	0.843801	0.322960	-0.357052	-0.170173	0.918453
09394	3.787879	4.019171	8.885431	-4.955022	-2.541104	2.573649	0.831827	-0.490648	0.259476	0.424947	0.863722	0.270934	-0.357048	-0.115107	0.926967
09395	5.264552	-6.105421	5.761291	-3.702819	-2.412188	2.952786	0.835506	-0.467167	0.289283	0.413676	0.881298	0.228444	-0.361666	-0.071197	0.929585
09396	2.007031	-4.704203	4.155981	-0.595954	-2.004077	1.969067	0.836084	-0.451042	0.312288	0.399460	0.890702	0.216984	-0.376025	-0.056670	0.924875
09397	4.615679	3.255621	10.418004	2.446371	-1.976090	0.508633	0.830356	-0.447797	0.331642	0.385745	0.891426	0.237824	-0.402131	-0.069549	0.912937
09398	4.415003	9.213829	16.882251	-1.063592	-2.693736	0.654977	0.821765	-0.443571	0.357697	0.384755	0.894953	0.225882	-0.420317	-0.047996	0.906107
09399	18.282376	-1.193592	18.101115	-2.475773	-2.671903	0.884059	0.813748	-0.436505	0.383768	0.388127	0.899593	0.200224	-0.432634	-0.013981	0.901461
09400	16.932879	-3.794889	13.167231	-1.879892	-1.136811	0.967328	0.812535	-0.427857	0.395886	0.388461	0.903812	0.179506	-0.434610	0.007932	0.900584
09401	4.086529	1.394285	5.471978	0.262062	-0.566667	0.214212	0.810847	-0.425912	0.401406	0.385618	0.904729	0.181008	-0.440257	0.008019	0.897836
09402	7.233870	7.802114	14.741663	0.464678	-0.766342	0.247868	0.808350	-0.423653	0.408764	0.381600	0.905797	0.184158	-0.448276	0.007121	0.893867
09403	6.114156	0.525323	9.923917	-2.160438	-0.708442	0.448260	0.806869	-0.419496	0.415916	0.387680	0.907270	0.162988	-0.445721	0.029732	0.894678
09404	4.632328	-1.149596	6.106337	-0.341267	-0.520407	0.191725	0.805242	-0.417629	0.420918	0.387713	0.907941	0.159128	-0.448625	0.035059	0.893032
09405	5.431933	2.642036	10.933913	0.686697	-0.355895	0.062708	0.803838	-0.416979	0.424231	0.384151	0.908409	0.164987	-0.454172	0.030346	0.890397
09406	5.004550	1.491198	10.361949	-0.631149	-0.448112	0.123159	0.802230	-0.415749	0.428461	0.386086	0.908685	0.158837	-0.455372	0.037999	0.889490
09407	4.926966	-0.255904	8.371162	-0.102991	-0.351925	0.064826	0.800835	-0.415058	0.431729	0.386079	0.908896	0.157644	-0.457828	0.040435	0.888121
09408	4.544168	1.454847	9.967581	0.187180	-0.294797	0.028498	0.799546	-0.414723	0.434433	0.385045	0.909068	0.159173	-0.460942	0.040010	0.886528
09409	4.536235	1.275120	9.079771	-0.040443	-0.338744	0.037897	0.798086	-0.414276	0.437531	0.384971	0.909190	0.158651	-0.463525	0.041820	0.885097
09410	4.796728	1.304482	9.251487	0.101755	-0.317716	0.027988	0.796672	-0.413929	0.440428	0.384329	0.909327	0.159420	-0.466482	0.042264	0.883521
