// General information: 
//  MT Manager version: 2022.2.0 
//  XDA version: 2022.2.0 build 7381 rev 124627 built on 2023-07-19
// Device information: 
//  DeviceId: 00B4CAF0
//  ProductCode: MTW2-3A7G6
//  Firmware Version: 4.6.0
//  Hardware Version: 2.0.0
// Device settings: 
//  Filter Profile: human(46.1)
//  Option Flags: Orientation Smoother Disabled, Position/Velocity Smoother Disabled, Continuous Zero Rotation Update Disabled, AHS Disabled, ICC Disabled
// Coordinate system: ENU
PacketCounter	Acc_X	Acc_Y	Acc_Z	Gyr_X	Gyr_Y	Gyr_Z	Mat[1][1]	Mat[2][1]	Mat[3][1]	Mat[1][2]	Mat[2][2]	Mat[3][2]	Mat[1][3]	Mat[2][3]	Mat[3][3]
29196	4.872021	0.439190	9.031817	0.001222	0.002824	0.006306	-0.384309	0.791121	0.475851	-0.889617	-0.455110	0.038161	0.246754	-0.408659	0.878698
29197	4.875424	0.402238	9.078963	0.000768	0.002497	0.004752	-0.384312	0.791106	0.475873	-0.889618	-0.455110	0.038140	0.246747	-0.408688	0.878687
29198	4.888179	0.426050	8.995430	0.001511	0.004519	0.004290	-0.384357	0.791092	0.475860	-0.889596	-0.455154	0.038135	0.246759	-0.408666	0.878694
29199	4.845300	0.405657	9.097283	-0.000560	0.007376	0.006576	-0.384387	0.791089	0.475841	-0.889593	-0.455163	0.038094	0.246721	-0.408662	0.878706
29200	4.878045	0.380059	9.024249	0.006405	0.006210	0.000528	-0.384406	0.791098	0.475811	-0.889571	-0.455201	0.038149	0.246769	-0.408603	0.878720
29201	4.860673	0.398162	9.027194	0.004053	0.012754	0.006101	-0.384446	0.791119	0.475744	-0.889559	-0.455225	0.038150	0.246751	-0.408536	0.878756
29202	4.846497	0.379234	9.077387	0.001957	0.015135	0.003173	-0.384509	0.791153	0.475637	-0.889539	-0.455263	0.038153	0.246724	-0.408427	0.878814
29203	4.870747	0.407563	9.047371	0.008065	0.014267	0.004445	-0.384537	0.791188	0.475556	-0.889523	-0.455290	0.038197	0.246737	-0.408330	0.878856
29204	4.856445	0.394126	9.063513	0.008503	0.019499	0.002055	-0.384599	0.791245	0.475410	-0.889493	-0.455343	0.038262	0.246750	-0.408158	0.878932
29205	4.825525	0.398695	9.082176	0.012530	0.016104	0.004342	-0.384631	0.791288	0.475312	-0.889467	-0.455388	0.038347	0.246795	-0.408025	0.878981
29206	4.803794	0.444240	9.106611	0.009089	0.012598	0.000694	-0.384669	0.791321	0.475226	-0.889438	-0.455439	0.038422	0.246841	-0.407904	0.879024
29207	4.802675	0.444853	9.107171	0.007321	0.012243	0.004904	-0.384697	0.791346	0.475163	-0.889422	-0.455467	0.038458	0.246855	-0.407826	0.879057
29208	4.844098	0.460397	9.040266	0.004928	0.007547	0.002722	-0.384739	0.791349	0.475124	-0.889395	-0.455517	0.038491	0.246886	-0.407764	0.879077
29209	4.843028	0.455430	9.074914	-0.001007	0.012431	0.006286	-0.384779	0.791368	0.475060	-0.889394	-0.455521	0.038447	0.246825	-0.407722	0.879113
29210	4.862524	0.410720	9.051650	0.007625	0.009031	0.006832	-0.384856	0.791362	0.475008	-0.889348	-0.455608	0.038482	0.246870	-0.407637	0.879140
29211	4.878104	0.397895	9.015617	0.000934	0.016799	0.006913	-0.384913	0.791396	0.474905	-0.889341	-0.455625	0.038452	0.246810	-0.407552	0.879196
29212	4.850638	0.359868	9.115445	0.002865	0.015785	0.006272	-0.385001	0.791419	0.474794	-0.889309	-0.455688	0.038449	0.246787	-0.407436	0.879257
29213	4.895173	0.343273	9.061813	0.004947	0.018308	0.005257	-0.385047	0.791467	0.474678	-0.889298	-0.455708	0.038462	0.246756	-0.407321	0.879319
29214	4.911104	0.430766	9.040617	0.015659	0.027717	0.002113	-0.385134	0.791554	0.474462	-0.889246	-0.455799	0.038593	0.246807	-0.407050	0.879430
29215	4.879043	0.435912	9.059819	0.018505	0.032736	0.005845	-0.385220	0.791658	0.474219	-0.889199	-0.455879	0.038722	0.246841	-0.406758	0.879555
29216	4.875977	0.437263	9.061405	0.016866	0.035440	0.004464	-0.385338	0.791770	0.473935	-0.889140	-0.455982	0.038852	0.246868	-0.406423	0.879702
29217	4.843674	0.446869	9.046675	0.008537	0.035628	0.005838	-0.385432	0.791885	0.473666	-0.889118	-0.456022	0.038894	0.246802	-0.406154	0.879845
29218	4.781959	0.459754	9.049740	0.007058	0.036966	0.008027	-0.385601	0.791980	0.473371	-0.889061	-0.456131	0.038921	0.246743	-0.405848	0.880003
29219	4.794899	0.432126	9.117275	0.000651	0.030762	0.007496	-0.385697	0.792068	0.473146	-0.889052	-0.456152	0.038885	0.246626	-0.405653	0.880126
29220	4.801624	0.482351	9.056327	-0.001123	0.030408	0.011703	-0.385864	0.792128	0.472908	-0.889012	-0.456235	0.038820	0.246507	-0.405441	0.880256
29221	4.815244	0.458679	9.089523	-0.006477	0.028395	0.013902	-0.386012	0.792177	0.472706	-0.888996	-0.456278	0.038692	0.246336	-0.405298	0.880370
29222	4.887552	0.427131	9.087320	-0.003039	0.031895	0.017548	-0.386242	0.792212	0.472458	-0.888933	-0.456409	0.038585	0.246202	-0.405081	0.880508
29223	4.909441	0.449010	9.092830	-0.003458	0.047700	0.019778	-0.386489	0.792312	0.472089	-0.888886	-0.456511	0.038455	0.245982	-0.404770	0.880712
29224	4.904982	0.447890	9.095292	-0.000625	0.052235	0.018296	-0.386784	0.792422	0.471662	-0.888811	-0.456666	0.038364	0.245792	-0.404380	0.880945
29225	4.929190	0.448461	9.046461	0.012517	0.072166	0.023807	-0.387127	0.792602	0.471078	-0.888709	-0.456864	0.038356	0.245620	-0.403803	0.881257
29226	4.884326	0.411664	9.061693	0.017878	0.074162	0.021599	-0.387506	0.792784	0.470460	-0.888573	-0.457123	0.038414	0.245512	-0.403152	0.881585
29227	4.802342	0.442260	9.068910	0.009266	0.082930	0.022269	-0.387862	0.793013	0.469780	-0.888486	-0.457296	0.038385	0.245269	-0.402504	0.881949
29228	4.786740	0.406079	9.032541	0.009849	0.076026	0.020913	-0.388228	0.793211	0.469144	-0.888379	-0.457504	0.038376	0.245076	-0.401879	0.882287
29229	4.712804	0.377675	9.031046	0.006563	0.070678	0.015613	-0.388493	0.793420	0.468569	-0.888324	-0.457614	0.038355	0.244855	-0.401341	0.882594
29230	4.348943	0.270819	9.100739	-0.003304	0.050716	0.014115	-0.388746	0.793541	0.468155	-0.888270	-0.457725	0.038262	0.244648	-0.400974	0.882818
29231	4.648917	0.437611	9.200282	0.007625	0.014855	0.013302	-0.388854	0.793537	0.468071	-0.888221	-0.457820	0.038261	0.244654	-0.400873	0.882862
29232	4.808271	0.431876	9.097770	-0.000130	0.008167	0.013310	-0.388992	0.793493	0.468032	-0.888165	-0.457935	0.038200	0.244639	-0.400830	0.882886
29233	4.756034	0.380344	9.125063	0.002854	0.011335	0.015406	-0.389111	0.793465	0.467980	-0.888119	-0.458028	0.038147	0.244616	-0.400779	0.882915
29234	4.857027	0.472120	9.140202	0.003143	0.007652	0.012132	-0.389226	0.793430	0.467944	-0.888066	-0.458133	0.038121	0.244628	-0.400728	0.882935
29235	5.011404	0.489101	9.093380	0.021051	0.025704	0.014294	-0.389370	0.793465	0.467766	-0.887980	-0.458290	0.038235	0.244710	-0.400479	0.883025
29236	4.991387	0.509809	9.097451	0.065927	0.054292	0.029917	-0.389771	0.793528	0.467324	-0.887696	-0.458803	0.038676	0.245100	-0.399767	0.883240
29237	4.961319	0.498269	9.062055	0.123105	0.063610	0.047941	-0.390307	0.793559	0.466824	-0.887228	-0.459634	0.039533	0.245940	-0.398749	0.883466
29238	4.830378	0.266649	9.011442	0.146983	0.075744	0.036103	-0.390822	0.793674	0.466198	-0.886715	-0.460525	0.040667	0.246972	-0.397491	0.883745
29239	4.694720	0.379696	9.113299	0.131483	0.060901	0.020474	-0.391108	0.793819	0.465711	-0.886331	-0.461168	0.041728	0.247895	-0.396454	0.883953
29240	4.596353	0.334005	9.140826	0.107191	0.046448	0.009864	-0.391293	0.793950	0.465331	-0.886031	-0.461661	0.042632	0.248673	-0.395617	0.884109
29241	4.676246	0.352838	9.145501	0.088131	0.041700	0.005153	-0.391397	0.794088	0.465008	-0.885813	-0.462010	0.043381	0.249287	-0.394931	0.884243
29242	4.675193	0.464140	9.126220	0.067846	0.029740	0.003346	-0.391500	0.794175	0.464774	-0.885626	-0.462312	0.043966	0.249788	-0.394403	0.884337
29243	4.701912	0.464995	9.110019	0.044480	0.032588	0.004783	-0.391577	0.794279	0.464530	-0.885518	-0.462485	0.044332	0.250050	-0.393991	0.884447
29244	4.711462	0.477449	9.130229	0.030778	0.030336	0.003106	-0.391683	0.794367	0.464291	-0.885423	-0.462642	0.044590	0.250222	-0.393629	0.884559
29245	4.684823	0.556297	9.141327	0.019308	0.029242	0.003985	-0.391745	0.794461	0.464077	-0.885381	-0.462709	0.044737	0.250274	-0.393359	0.884664
29246	4.730715	0.408411	9.088831	0.007691	0.029995	0.006491	-0.391869	0.794537	0.463843	-0.885335	-0.462792	0.044778	0.250240	-0.393109	0.884785
29247	4.831561	0.460098	9.186507	0.011283	0.037014	0.009721	-0.392001	0.794635	0.463562	-0.885291	-0.462873	0.044827	0.250191	-0.392815	0.884930
29248	5.191211	0.545999	9.067959	0.079859	0.057974	0.010138	-0.392231	0.794802	0.463082	-0.885048	-0.463271	0.045490	0.250688	-0.392007	0.885147
29249	4.769859	0.473737	9.034084	0.059409	0.075085	0.002082	-0.392391	0.795084	0.462461	-0.884913	-0.463480	0.046000	0.250915	-0.391187	0.885446
29250	4.565290	0.457939	9.082206	0.053135	0.067063	-0.000067	-0.392549	0.795335	0.461896	-0.884780	-0.463686	0.046475	0.251138	-0.390432	0.885716
29251	4.591774	0.421980	9.115098	0.042826	0.057566	-0.000565	-0.392642	0.795560	0.461428	-0.884696	-0.463808	0.046851	0.251287	-0.389828	0.885940
29252	4.587265	0.425757	9.117193	0.037713	0.041151	-0.004058	-0.392706	0.795724	0.461091	-0.884613	-0.463930	0.047209	0.251479	-0.389348	0.886096
29253	4.495781	0.446257	9.136266	0.033685	0.033795	-0.008838	-0.392666	0.795895	0.460830	-0.884585	-0.463950	0.047542	0.251640	-0.388975	0.886214
29254	4.620794	0.474289	9.073933	0.034414	0.019183	-0.018161	-0.392550	0.796039	0.460680	-0.884566	-0.463945	0.047932	0.251886	-0.388686	0.886271
29255	4.688084	0.465730	9.161779	0.030844	0.017530	-0.020173	-0.392370	0.796199	0.460557	-0.884590	-0.463863	0.048293	0.252086	-0.388456	0.886315
29256	4.670563	0.491552	9.130257	0.023568	0.021446	-0.021361	-0.392217	0.796374	0.460384	-0.884619	-0.463775	0.048601	0.252219	-0.388202	0.886388
29257	4.767361	0.478592	9.200990	0.033662	0.017168	-0.017691	-0.392058	0.796521	0.460266	-0.884625	-0.463724	0.048975	0.252446	-0.387962	0.886429
29258	5.180652	0.617485	9.055600	0.087065	0.042572	-0.015566	-0.392023	0.796744	0.459910	-0.884463	-0.463943	0.049822	0.253067	-0.387242	0.886567
29259	4.629122	0.644863	9.150905	0.069589	0.068704	-0.015214	-0.392016	0.797079	0.459336	-0.884368	-0.464050	0.050503	0.253410	-0.386424	0.886826
29260	4.674157	0.462561	9.182564	0.075309	0.050529	-0.010281	-0.392057	0.797303	0.458911	-0.884210	-0.464273	0.051220	0.253898	-0.385693	0.887004
29261	4.780641	0.512990	9.123185	0.094385	0.049343	-0.012007	-0.392030	0.797547	0.458510	-0.884039	-0.464500	0.052106	0.254535	-0.384914	0.887160
29262	4.565551	0.491395	9.150325	0.082912	0.048248	-0.011161	-0.392043	0.797773	0.458105	-0.883872	-0.464728	0.052895	0.255092	-0.384169	0.887323
29263	4.614864	0.413970	9.159866	0.076306	0.027820	-0.013635	-0.391947	0.797942	0.457893	-0.883753	-0.464871	0.053628	0.255653	-0.383645	0.887388
29264	4.538657	0.455295	9.128155	0.047427	0.018807	-0.021251	-0.391807	0.798097	0.457743	-0.883710	-0.464892	0.054146	0.256015	-0.383297	0.887434
29265	4.435532	0.458963	9.194972	0.030720	-0.002716	-0.028583	-0.391501	0.798218	0.457794	-0.883765	-0.464741	0.054543	0.256293	-0.383229	0.887384
29266	4.570106	0.327248	9.112029	0.009185	-0.010553	-0.019798	-0.391291	0.798257	0.457905	-0.883818	-0.464619	0.054717	0.256430	-0.383295	0.887315
29267	4.396906	0.461500	9.157606	-0.016776	-0.031988	-0.023700	-0.390953	0.798243	0.458219	-0.883976	-0.464325	0.054671	0.256403	-0.383681	0.887157
29268	4.687892	0.564409	9.107178	-0.031554	-0.043279	-0.024056	-0.390626	0.798173	0.458619	-0.884147	-0.464019	0.054504	0.256311	-0.384196	0.886960
29269	4.885603	0.706510	9.128634	-0.034075	-0.035373	-0.022193	-0.390292	0.798138	0.458963	-0.884343	-0.463670	0.054298	0.256144	-0.384688	0.886795
29270	5.091044	0.654686	9.178827	-0.017192	-0.016217	-0.021686	-0.390045	0.798167	0.459123	-0.884474	-0.463425	0.054246	0.256066	-0.384924	0.886715
29271	4.955565	0.978011	9.042185	0.004487	0.039179	-0.010937	-0.390002	0.798367	0.458812	-0.884527	-0.463314	0.054330	0.255949	-0.384643	0.886871
29272	4.622363	0.632753	9.114188	-0.015489	0.045553	-0.005936	-0.390053	0.798560	0.458433	-0.884593	-0.463201	0.054220	0.255644	-0.384378	0.887074
29273	4.656319	0.663784	9.138643	-0.020038	0.034040	0.002176	-0.390112	0.798679	0.458174	-0.884658	-0.463101	0.054026	0.255330	-0.384251	0.887219
29274	4.498979	0.558324	9.070787	-0.034933	0.024073	-0.001777	-0.390136	0.798775	0.457987	-0.884762	-0.462937	0.053724	0.254932	-0.384250	0.887334
29275	4.334919	0.462107	9.159855	-0.039181	0.003486	0.001905	-0.390115	0.798778	0.458000	-0.884876	-0.462761	0.053361	0.254568	-0.384456	0.887349
29276	4.422769	0.577596	9.107347	-0.036275	-0.025049	0.002001	-0.390058	0.798662	0.458251	-0.884962	-0.462634	0.053030	0.254355	-0.384850	0.887239
29277	4.249122	0.507230	9.127335	-0.048727	-0.058001	0.002977	-0.389891	0.798423	0.458810	-0.885096	-0.462429	0.052578	0.254146	-0.385591	0.886978
29278	4.677030	0.424138	9.143146	-0.041937	-0.083224	0.003017	-0.389701	0.798074	0.459577	-0.885190	-0.462294	0.052190	0.254111	-0.386474	0.886603
29279	4.774726	0.602914	9.147863	-0.047709	-0.075318	0.000840	-0.389471	0.797777	0.460288	-0.885329	-0.462075	0.051757	0.253978	-0.387348	0.886260
29280	4.783098	0.462326	9.179410	-0.056338	-0.077290	-0.001023	-0.389254	0.797472	0.461000	-0.885479	-0.461844	0.051262	0.253790	-0.388251	0.885918
29281	4.894593	0.422739	9.156769	-0.056301	-0.072448	-0.005041	-0.388979	0.797211	0.461681	-0.885663	-0.461544	0.050780	0.253569	-0.389141	0.885591
29282	4.799907	0.420436	9.186348	-0.066684	-0.070390	-0.011904	-0.388680	0.796983	0.462327	-0.885881	-0.461183	0.050246	0.253262	-0.390037	0.885285
29283	5.055904	0.343233	9.214300	-0.047742	-0.070205	-0.017235	-0.388303	0.796786	0.462982	-0.886091	-0.460818	0.049897	0.253108	-0.390869	0.884962
29284	4.945925	0.619200	9.054229	-0.029032	-0.023833	-0.014823	-0.388107	0.796746	0.463215	-0.886219	-0.460591	0.049710	0.252959	-0.391218	0.884851
29285	4.609451	0.461924	9.129828	-0.029920	-0.029879	-0.019146	-0.387815	0.796715	0.463513	-0.886391	-0.460281	0.049528	0.252805	-0.391646	0.884705
29286	4.724091	0.602005	9.079938	-0.038881	-0.033012	-0.013753	-0.387601	0.796637	0.463826	-0.886544	-0.460017	0.049245	0.252598	-0.392114	0.884557
29287	4.520464	0.440579	9.070565	-0.055125	-0.048874	-0.018393	-0.387268	0.796528	0.464292	-0.886776	-0.459613	0.048837	0.252295	-0.392810	0.884335
29288	4.582494	0.414713	9.136294	-0.058568	-0.062636	-0.019268	-0.386926	0.796360	0.464865	-0.887001	-0.459224	0.048409	0.252028	-0.393605	0.884057
29289	4.662143	0.755495	9.041321	-0.073479	-0.077514	-0.019269	-0.386513	0.796140	0.465584	-0.887282	-0.458740	0.047844	0.251672	-0.394611	0.883710
29290	4.513737	0.641150	9.003420	-0.101206	-0.088138	-0.011415	-0.386181	0.795832	0.466386	-0.887581	-0.458248	0.047003	0.251127	-0.395803	0.883332
29291	4.537883	0.700155	9.113848	-0.111344	-0.099043	-0.008363	-0.385812	0.795475	0.467299	-0.887914	-0.457699	0.046053	0.250516	-0.397154	0.882899
29292	4.716877	0.815031	9.094986	-0.124038	-0.111310	0.009773	-0.385620	0.794971	0.468315	-0.888182	-0.457292	0.044912	0.249860	-0.398630	0.882419
29293	4.777528	0.758691	9.015988	-0.130577	-0.104456	0.018514	-0.385477	0.794466	0.469287	-0.888458	-0.456876	0.043668	0.249099	-0.400109	0.881965
29294	4.884654	0.625208	9.101308	-0.120590	-0.101543	0.024955	-0.385440	0.793931	0.470223	-0.888660	-0.456593	0.042488	0.248433	-0.401492	0.881525
29295	4.910639	0.600999	9.060802	-0.094070	-0.091808	0.031579	-0.385446	0.793415	0.471088	-0.888793	-0.456425	0.041504	0.247946	-0.402702	0.881109
29296	4.972529	0.265200	9.116376	-0.092577	-0.093672	0.024147	-0.385422	0.792913	0.471951	-0.888929	-0.456244	0.040574	0.247496	-0.403893	0.880691
29297	4.949355	0.397443	9.096666	-0.055045	-0.083606	0.023118	-0.385375	0.792467	0.472739	-0.888998	-0.456164	0.039974	0.247325	-0.404859	0.880295
29298	4.881944	0.180704	9.149427	-0.063969	-0.077496	0.015373	-0.385311	0.792070	0.473456	-0.889097	-0.456025	0.039338	0.247066	-0.405791	0.879938
29299	4.971232	0.081762	9.168123	-0.032575	-0.077775	0.005329	-0.385120	0.791727	0.474185	-0.889179	-0.455894	0.039021	0.247072	-0.406608	0.879560
29300	4.877255	0.237333	9.028765	-0.026348	-0.081465	-0.005457	-0.384862	0.791407	0.474928	-0.889266	-0.455741	0.038811	0.247160	-0.407400	0.879169
29301	4.804961	-0.048970	9.088144	-0.061537	-0.089291	-0.028323	-0.384343	0.791169	0.475744	-0.889548	-0.455225	0.038400	0.246951	-0.408438	0.878745
29302	4.627535	-0.085430	9.286684	-0.067581	-0.098055	-0.058597	-0.383567	0.791023	0.476612	-0.889943	-0.454480	0.038083	0.246735	-0.409550	0.878289
29303	4.416859	0.286029	9.438323	-0.081255	-0.141331	-0.086425	-0.382403	0.790832	0.477862	-0.890495	-0.453422	0.037777	0.246548	-0.411088	0.877622
29304	4.366658	0.207731	9.542755	-0.059162	-0.158900	-0.070470	-0.381371	0.790486	0.479258	-0.890914	-0.452614	0.037593	0.246635	-0.412641	0.876869
29305	4.545561	0.768799	9.474488	0.082257	-0.292692	-0.061394	-0.380053	0.789550	0.481841	-0.890965	-0.452428	0.038603	0.248478	-0.414632	0.875408
29306	4.478824	0.631302	9.404696	0.060151	-0.288923	-0.032421	-0.379042	0.788480	0.484383	-0.890936	-0.452427	0.039283	0.250122	-0.416665	0.873973
29307	4.952095	0.627084	9.316750	0.094066	-0.351813	-0.025983	-0.377880	0.787123	0.487487	-0.890819	-0.452575	0.040225	0.252287	-0.419062	0.872203
29308	4.903730	0.395537	9.281465	0.098134	-0.382457	-0.030410	-0.376618	0.785647	0.490833	-0.890693	-0.452732	0.041228	0.254606	-0.421654	0.870278
29309	4.989052	0.254419	9.239170	0.113947	-0.418553	-0.051309	-0.375044	0.784105	0.494492	-0.890615	-0.452770	0.042467	0.257189	-0.424475	0.868144
29310	4.908280	0.318409	9.469948	0.124494	-0.453723	-0.075659	-0.373181	0.782506	0.498417	-0.890582	-0.452696	0.043917	0.259997	-0.427493	0.865824
29311	4.791348	0.494249	9.610374	0.147501	-0.516131	-0.106203	-0.370838	0.780767	0.502873	-0.890613	-0.452458	0.045720	0.263226	-0.430911	0.863150
29312	4.549731	0.950565	9.963237	0.173191	-0.629329	-0.121297	-0.368087	0.778576	0.508263	-0.890601	-0.452265	0.047819	0.267101	-0.435058	0.859873
29313	4.411731	1.185478	10.330790	0.191823	-0.776771	-0.123979	-0.364843	0.775733	0.514907	-0.890559	-0.452100	0.050096	0.271650	-0.440278	0.855781
29314	4.213471	0.978782	10.654560	0.167967	-0.976712	-0.107318	-0.361208	0.771869	0.523209	-0.890485	-0.452021	0.052084	0.276703	-0.447097	0.850611
29315	4.013259	1.012992	11.338664	0.226579	-1.228446	-0.069562	-0.357102	0.766633	0.533621	-0.890122	-0.452467	0.054369	0.283127	-0.455573	0.843974
29316	3.820089	2.702346	13.017932	0.243389	-1.567348	0.058699	-0.353132	0.759123	0.546836	-0.889206	-0.454055	0.056098	0.290879	-0.466440	0.835358
29317	2.907743	2.863001	13.173640	-0.293966	-1.988032	0.285433	-0.349795	0.748383	0.563530	-0.889085	-0.454770	0.052073	0.295247	-0.482811	0.824453
29318	3.741456	1.634880	12.511526	-0.128861	-2.489483	0.438034	-0.346254	0.734109	0.584116	-0.887932	-0.457409	0.048514	0.302794	-0.501858	0.810219
29319	4.638773	1.653748	12.694216	-0.174311	-2.866223	0.595720	-0.342692	0.716670	0.607409	-0.886436	-0.460795	0.043568	0.311115	-0.523499	0.793193
29320	2.660152	4.857954	11.731880	-0.151468	-3.174190	0.949498	-0.341058	0.695275	0.632671	-0.883667	-0.466690	0.036506	0.320643	-0.546619	0.773560
29321	2.386328	4.565513	11.826574	-0.882740	-4.090525	1.330034	-0.339509	0.666011	0.664201	-0.882020	-0.470736	0.021172	0.326764	-0.578651	0.747254
29322	3.569899	3.462939	11.607500	-0.760318	-4.692013	1.668144	-0.338634	0.630148	0.698742	-0.878879	-0.477025	0.004262	0.336003	-0.612666	0.715361
29323	5.613939	2.934690	10.827905	-0.555566	-5.153566	1.877947	-0.337407	0.588638	0.734616	-0.874454	-0.484933	-0.013064	0.348549	-0.646796	0.678357
29324	9.232735	4.045835	11.615927	-0.480687	-5.471451	1.908175	-0.334567	0.543004	0.770202	-0.869749	-0.492547	-0.030556	0.362768	-0.680106	0.637068
29325	17.171836	3.552163	13.886305	-0.604082	-5.310985	2.093488	-0.333076	0.495661	0.802110	-0.865011	-0.499182	-0.050728	0.375255	-0.710731	0.595017
29326	14.057421	8.688998	14.952231	-1.083363	-4.244257	2.536246	-0.338902	0.452238	0.825001	-0.860577	-0.503377	-0.077581	0.380202	-0.736269	0.559781
29327	10.795849	5.693909	11.968375	-2.438315	-4.194844	2.753757	-0.346737	0.406915	0.845100	-0.860349	-0.496847	-0.113762	0.373594	-0.766526	0.522365
29328	9.400557	4.119815	10.511982	-2.666480	-3.935408	2.854853	-0.356742	0.362148	0.861153	-0.860141	-0.487035	-0.151506	0.364544	-0.794762	0.485244
29329	9.116003	3.799295	9.462303	-2.789053	-3.646054	2.926040	-0.368759	0.318600	0.873219	-0.859568	-0.474430	-0.189895	0.353781	-0.820616	0.448808
29330	7.225898	4.809157	8.591828	-2.640004	-3.324659	2.907669	-0.382099	0.277346	0.881521	-0.857849	-0.461176	-0.226742	0.343651	-0.842850	0.414136
29331	2.036149	6.558226	7.154161	-2.490903	-3.275393	2.991049	-0.396549	0.235791	0.887216	-0.854680	-0.447574	-0.263057	0.335069	-0.862601	0.379011
29332	-0.316829	4.089963	5.456358	-2.592630	-3.644663	3.012903	-0.410127	0.190760	0.891856	-0.851111	-0.431445	-0.299107	0.327729	-0.881740	0.339305
29333	0.061189	5.679605	7.204608	-2.564592	-3.672957	2.294295	-0.417677	0.148342	0.896404	-0.849959	-0.412469	-0.327779	0.321116	-0.898813	0.298364
29334	25.194179	3.673437	7.657919	-2.446020	-2.066395	-0.227858	-0.409171	0.130562	0.903068	-0.858599	-0.390087	-0.332625	0.308847	-0.911474	0.271713
29335	15.110759	9.047528	13.923994	-0.650207	1.353124	-1.876599	-0.397025	0.150109	0.905449	-0.868159	-0.381495	-0.317428	0.297776	-0.912101	0.281782
29336	9.434213	11.156278	10.242358	-0.975399	2.925141	-2.930366	-0.379739	0.187771	0.905837	-0.882342	-0.367744	-0.293661	0.277975	-0.910772	0.305325
29337	2.244658	10.857338	7.671764	-1.609802	3.447585	-3.270592	-0.359679	0.230798	0.904082	-0.898715	-0.346212	-0.269161	0.250882	-0.909324	0.331947
29338	-0.230885	7.377501	4.855776	-2.057557	3.376946	-3.324430	-0.337433	0.272574	0.901023	-0.915146	-0.319251	-0.246143	0.220560	-0.907625	0.357171
29339	-0.899993	3.449199	3.315244	-2.229830	3.133489	-3.237842	-0.313935	0.310808	0.897130	-0.930287	-0.289552	-0.225223	0.189765	-0.905294	0.380042
29340	-1.635028	0.052198	2.524079	-1.830587	2.851952	-3.138846	-0.289536	0.345274	0.892723	-0.942990	-0.262825	-0.204188	0.164130	-0.900949	0.401687
29341	-0.939807	-1.234436	2.698436	-1.120199	2.542780	-3.013567	-0.264868	0.375676	0.888095	-0.953099	-0.241865	-0.181943	0.146447	-0.894633	0.422119
29342	0.768261	-0.256794	4.000722	-0.414902	2.353001	-2.869678	-0.240703	0.403401	0.882797	-0.960932	-0.227095	-0.158234	0.136646	-0.886395	0.442303
29343	2.471799	1.471718	5.532327	-0.085875	2.257938	-2.724854	-0.217404	0.429301	0.876605	-0.967301	-0.214952	-0.134628	0.130632	-0.877209	0.461995
29344	4.282458	2.484718	6.785585	-0.050314	2.311189	-2.543702	-0.195668	0.454827	0.868819	-0.972608	-0.203370	-0.112578	0.125489	-0.867048	0.482161
29345	6.207975	2.631886	7.774774	-0.124122	2.490748	-2.378302	-0.175489	0.480939	0.859012	-0.977185	-0.191132	-0.092621	0.119639	-0.855667	0.503508
29346	7.653527	1.944516	8.485975	-0.199187	2.824485	-2.258548	-0.156646	0.509143	0.846307	-0.981156	-0.178362	-0.074303	0.113118	-0.841998	0.527488
29347	7.787522	0.050583	8.508583	-0.228185	3.155883	-2.214006	-0.138300	0.539228	0.830726	-0.984680	-0.164810	-0.056952	0.106202	-0.825876	0.553760
29348	7.798448	-1.435706	8.314914	-0.027953	3.447993	-2.178564	-0.120395	0.570892	0.812150	-0.987515	-0.152589	-0.039131	0.101586	-0.806721	0.582135
29349	7.923111	-2.455002	7.857501	0.254296	3.661865	-2.078807	-0.103491	0.603069	0.790947	-0.989593	-0.142366	-0.020933	0.099979	-0.784882	0.611527
29350	8.090440	-2.813982	7.652711	0.646402	3.818361	-1.916855	-0.088391	0.635296	0.767193	-0.990764	-0.135586	-0.001873	0.102831	-0.760273	0.641413
29351	8.108722	-2.344794	7.775837	0.954210	3.892338	-1.685253	-0.075770	0.666596	0.741558	-0.991142	-0.131699	0.017114	0.109071	-0.733693	0.670670
29352	8.254483	-2.064345	8.020742	1.111014	3.876159	-1.397535	-0.066332	0.696385	0.714596	-0.990863	-0.130261	0.034965	0.117433	-0.705748	0.698663
29353	8.555487	-1.947822	8.360785	1.212804	3.808913	-1.090701	-0.060139	0.724120	0.687047	-0.990076	-0.130854	0.051251	0.127015	-0.677146	0.724803
29354	8.856799	-1.974461	8.550562	1.267654	3.715334	-0.771474	-0.057451	0.749814	0.659150	-0.988838	-0.133651	0.065847	0.137469	-0.648009	0.749123
29355	9.406962	-1.698845	8.767868	1.348410	3.582717	-0.466422	-0.057925	0.773121	0.631608	-0.987184	-0.138596	0.079114	0.148703	-0.618931	0.771240
29356	10.003509	-0.872527	8.992472	1.356457	3.476280	-0.195148	-0.061407	0.794455	0.604211	-0.985190	-0.145340	0.090975	0.160092	-0.589676	0.791614
29357	10.093467	-0.133608	9.004106	1.326143	3.382016	-0.021196	-0.066751	0.813916	0.577135	-0.983015	-0.152751	0.101725	0.170953	-0.560543	0.810288
29358	10.017125	0.566244	8.908478	1.242761	3.274923	0.053921	-0.073086	0.831757	0.550308	-0.980774	-0.160050	0.111649	0.180941	-0.531568	0.827463
29359	10.275494	0.928469	8.890647	1.155647	3.149993	0.040968	-0.079281	0.847970	0.524081	-0.978608	-0.166328	0.121080	0.189842	-0.503270	0.843018
29360	10.859443	0.581795	8.843064	1.146167	3.072045	-0.047686	-0.084825	0.863112	0.497838	-0.976405	-0.171587	0.131117	0.198592	-0.474969	0.857301
29361	11.543346	0.133453	8.586254	1.226244	3.060466	-0.198677	-0.089061	0.877538	0.471163	-0.974094	-0.175461	0.142670	0.207869	-0.446251	0.870431
29362	12.048421	0.093213	8.227857	1.359379	3.093028	-0.388600	-0.091913	0.891594	0.443410	-0.971532	-0.177939	0.156407	0.218351	-0.416411	0.882567
29363	12.533179	0.175904	7.969406	1.448613	3.132780	-0.561195	-0.093435	0.905147	0.414703	-0.968818	-0.178662	0.171674	0.229482	-0.385731	0.893616
29364	12.775446	-0.101068	7.676576	1.457350	3.134720	-0.700505	-0.094064	0.918018	0.385220	-0.966034	-0.177710	0.187612	0.240688	-0.354488	0.903553
29365	12.211780	-0.733271	7.056127	1.435160	3.084568	-0.773811	-0.094143	0.929832	0.355738	-0.963239	-0.175381	0.203500	0.251610	-0.323503	0.912161
29366	11.288183	-1.319626	6.363663	1.364168	2.929041	-0.739091	-0.094585	0.940172	0.327309	-0.960421	-0.172707	0.218549	0.262003	-0.293683	0.919296
29367	10.848387	-1.693765	5.617105	1.366310	2.671303	-0.597307	-0.095947	0.948668	0.301368	-0.957349	-0.170847	0.233012	0.272539	-0.266157	0.924599
29368	11.207715	-2.277707	5.007048	1.265817	2.307756	-0.388758	-0.098655	0.955204	0.279019	-0.954205	-0.170379	0.245893	0.282417	-0.241983	0.928270
29369	12.665931	-2.760258	4.008449	1.232007	1.950723	-0.168033	-0.102609	0.960005	0.260503	-0.950846	-0.171581	0.257782	0.292170	-0.221248	0.930423
29370	13.306258	-2.712017	3.133822	1.139584	1.609867	0.090119	-0.108250	0.963276	0.245727	-0.947363	-0.174874	0.268182	0.301305	-0.203762	0.931502
29371	13.763884	-3.181615	2.130737	1.075924	1.238146	0.309549	-0.114910	0.965161	0.235074	-0.943741	-0.179935	0.277445	0.310077	-0.189968	0.931539
29372	14.439052	-2.383501	2.077278	1.037941	0.882999	0.451355	-0.121931	0.965969	0.228115	-0.939941	-0.186203	0.286077	0.318817	-0.179532	0.930658
29373	15.476039	-2.045704	2.354742	0.892132	0.588607	0.481801	-0.128299	0.966091	0.224072	-0.936473	-0.192385	0.293269	0.326432	-0.172211	0.929401
29374	15.965718	-1.123332	2.739153	0.662471	0.447544	0.379494	-0.133297	0.966111	0.221044	-0.933797	-0.197154	0.298586	0.332047	-0.166610	0.928432
29375	14.357854	-0.370989	2.171836	0.355133	0.337967	0.185256	-0.136100	0.966300	0.218498	-0.932377	-0.199488	0.301459	0.334888	-0.162694	0.928106
29376	1.150713	21.020139	16.915518	0.123306	0.295241	-0.306395	-0.134192	0.967383	0.214855	-0.932383	-0.196694	0.303272	0.335641	-0.159631	0.928366
29377	9.382124	-2.302379	-0.824222	-8.050102	-1.921066	-0.062893	-0.127802	0.964106	0.232734	-0.956550	-0.181823	0.227931	0.262067	-0.193492	0.945453
29378	-7.329758	-6.074515	11.812640	-1.431006	0.612480	-0.698094	-0.122628	0.966515	0.225411	-0.961074	-0.172309	0.215980	0.247588	-0.190152	0.950022
29379	-1.892857	5.635196	16.167507	-3.242962	-1.235636	-1.628310	-0.103977	0.966680	0.233918	-0.970474	-0.150079	0.188830	0.217645	-0.207378	0.953743
29380	-2.492498	0.380793	4.739943	-1.196113	-0.789878	-1.809110	-0.084673	0.967536	0.238125	-0.974721	-0.130021	0.181698	0.206761	-0.216720	0.954087
29381	-4.170894	-0.780007	6.673027	-1.233695	-1.671669	-1.586718	-0.065764	0.965678	0.251280	-0.978407	-0.111857	0.173806	0.195948	-0.234424	0.952182
29382	1.332081	-10.095703	9.346396	-0.864726	-2.341307	-1.268638	-0.048805	0.961239	0.271364	-0.980798	-0.097483	0.168914	0.188820	-0.257909	0.947539
29383	10.577026	-10.880228	14.619026	0.173186	-2.215052	-0.937004	-0.035355	0.956155	0.290719	-0.980870	-0.088921	0.173169	0.191427	-0.279035	0.941007
29384	10.988974	-10.777413	15.387635	0.248203	-1.430584	-0.407921	-0.028566	0.952417	0.303455	-0.980525	-0.085710	0.176705	0.194306	-0.292497	0.936317
29385	6.510049	-8.692491	14.028843	0.315878	-1.137711	0.148193	-0.027742	0.948889	0.314388	-0.979870	-0.088016	0.179185	0.197698	-0.303089	0.932230
29386	8.186202	-2.533301	13.352342	0.618906	-1.182439	0.401666	-0.029267	0.944869	0.326137	-0.978519	-0.093694	0.183635	0.204068	-0.313757	0.927315
29387	9.535607	5.689113	12.678455	0.499609	-0.853844	0.325404	-0.030637	0.941833	0.334682	-0.977396	-0.098306	0.187171	0.209185	-0.321382	0.923556
29388	5.399357	7.724652	9.783738	0.196680	-0.571136	0.068356	-0.030067	0.939905	0.340109	-0.976969	-0.099548	0.188735	0.211250	-0.326601	0.921252
29389	1.513616	6.246934	7.803758	0.085998	-0.735426	-0.139253	-0.027102	0.937603	0.346650	-0.976834	-0.098480	0.189993	0.212276	-0.333470	0.918551
29390	2.502620	3.726580	8.840732	-0.085512	-1.078896	-0.137481	-0.023433	0.934074	0.356309	-0.977056	-0.096866	0.189680	0.211689	-0.343689	0.914913
29391	5.097864	1.921365	10.335685	-0.357572	-1.106168	0.104309	-0.022081	0.930099	0.366646	-0.977790	-0.096545	0.186026	0.208421	-0.354395	0.911573
29392	6.560826	0.221256	10.698402	-0.530932	-0.925986	0.291768	-0.022990	0.926481	0.375640	-0.978823	-0.097310	0.180099	0.203412	-0.363544	0.909098
29393	6.305512	0.681239	10.408716	-0.452997	-0.689002	0.306914	-0.024561	0.923637	0.382481	-0.979668	-0.098441	0.174812	0.199115	-0.370410	0.907276
29394	5.764101	1.087131	10.216145	-0.448593	-0.531031	0.253453	-0.025959	0.921393	0.387764	-0.980494	-0.099066	0.169756	0.194826	-0.375794	0.905992
29395	5.763650	0.882387	10.093761	-0.360619	-0.419144	0.187700	-0.026944	0.919607	0.391914	-0.981147	-0.099385	0.165750	0.191376	-0.380059	0.904948
29396	5.193420	1.493432	9.910232	-0.268041	-0.274411	0.148642	-0.027840	0.918399	0.394675	-0.981622	-0.099687	0.162728	0.188793	-0.382891	0.904296
29397	4.747305	1.417342	9.686363	-0.279320	-0.232247	0.124248	-0.028578	0.917368	0.397014	-0.982117	-0.099710	0.159702	0.186091	-0.385350	0.903812
29398	4.974663	0.883222	9.752872	-0.240991	-0.152725	0.103843	-0.029274	0.916660	0.398594	-0.982539	-0.099689	0.157097	0.183740	-0.387035	0.903573
29399	4.367632	1.305250	9.600881	-0.161396	-0.096307	0.092130	-0.029956	0.916179	0.399647	-0.982813	-0.099862	0.155263	0.182158	-0.388127	0.903424
29400	4.567094	1.547673	9.491418	-0.129272	-0.069413	0.092054	-0.030693	0.915803	0.400453	-0.983026	-0.100160	0.153713	0.180880	-0.388937	0.903333
29401	4.490345	1.546694	9.424942	-0.102114	-0.009542	0.090693	-0.031521	0.915659	0.400717	-0.983188	-0.100548	0.152418	0.179854	-0.389176	0.903435
29402	3.886207	1.973830	9.191324	-0.096667	0.010909	0.100985	-0.032492	0.915586	0.400808	-0.983336	-0.101053	0.151126	0.178872	-0.389219	0.903611
29403	4.159364	1.734262	9.160933	-0.154273	-0.013492	0.114998	-0.033552	0.915401	0.401143	-0.983579	-0.101460	0.149262	0.177334	-0.389547	0.903773
29404	4.339785	1.202804	9.512625	-0.179121	0.023107	0.123769	-0.034769	0.915351	0.401154	-0.983859	-0.101852	0.147132	0.175536	-0.389563	0.904117
29405	4.167993	1.042916	9.542327	-0.191252	0.047646	0.124169	-0.036028	0.915394	0.400944	-0.984155	-0.102199	0.144896	0.173613	-0.389371	0.904571
29406	4.028092	0.977416	9.237823	-0.154171	0.036610	0.105187	-0.037084	0.915414	0.400801	-0.984389	-0.102518	0.143065	0.172053	-0.389239	0.904926
29407	2.703844	2.189804	8.478344	-0.126116	-0.022567	0.084943	-0.037836	0.915223	0.401167	-0.984580	-0.102759	0.141575	0.170796	-0.389624	0.904998
29408	3.278336	2.054190	9.100108	-0.275260	-0.264137	0.096475	-0.038297	0.914077	0.403728	-0.985016	-0.102522	0.138682	0.168158	-0.392367	0.904307
29409	4.487284	0.588799	9.452074	-0.336796	-0.247842	0.120523	-0.039026	0.912962	0.406173	-0.985536	-0.102252	0.135141	0.164911	-0.395025	0.903748
29410	3.940333	1.159326	9.324466	-0.316019	-0.211806	0.132585	-0.039947	0.911973	0.408300	-0.986006	-0.102167	0.131732	0.161851	-0.397325	0.903293
29411	4.335654	1.457003	9.281297	-0.323505	-0.260812	0.133679	-0.040801	0.910781	0.410870	-0.986477	-0.102051	0.128255	0.158742	-0.400080	0.902628
29412	4.445161	1.472540	9.125159	-0.282154	-0.221665	0.111686	-0.041514	0.909763	0.413048	-0.986881	-0.101892	0.125235	0.156021	-0.402430	0.902057
29413	3.785196	1.935050	9.179370	-0.264219	-0.244644	0.125255	-0.042327	0.908631	0.415450	-0.987243	-0.101919	0.122326	0.153491	-0.404972	0.901353
29414	4.134587	2.048137	8.846759	-0.317492	-0.247597	0.153055	-0.043422	0.907454	0.417902	-0.987666	-0.101977	0.118815	0.150435	-0.407588	0.900689
29415	3.031555	2.624687	8.614143	-0.385566	-0.290398	0.200379	-0.044925	0.906045	0.420791	-0.988156	-0.102171	0.114495	0.146730	-0.410663	0.899903
29416	3.717969	2.335183	8.802661	-0.552569	-0.413989	0.260693	-0.046866	0.904054	0.424841	-0.988838	-0.102207	0.108412	0.141432	-0.415018	0.898753
29417	4.729896	1.431047	9.196437	-0.655768	-0.414847	0.284977	-0.049067	0.902015	0.428907	-0.989614	-0.101999	0.101298	0.135120	-0.419481	0.897651
29418	4.794403	0.698323	9.461238	-0.676276	-0.366002	0.272855	-0.051246	0.900180	0.432494	-0.990374	-0.101565	0.094046	0.128584	-0.423511	0.896719
29419	4.452224	1.228041	9.212461	-0.560173	-0.353040	0.246551	-0.053200	0.898410	0.435923	-0.990955	-0.101354	0.087948	0.123196	-0.427302	0.895676
29420	4.356261	1.379827	9.090741	-0.681280	-0.363701	0.255250	-0.055256	0.896575	0.439432	-0.991639	-0.100678	0.080722	0.116615	-0.431297	0.894642
29421	4.504105	0.590293	9.506722	-0.754352	-0.368454	0.259569	-0.057371	0.894700	0.442967	-0.992350	-0.099688	0.072825	0.109316	-0.435401	0.893575
29422	4.781302	0.141697	9.537850	-0.729602	-0.367940	0.248546	-0.059411	0.892828	0.446462	-0.992982	-0.098677	0.065196	0.102264	-0.439455	0.892424
29423	4.949198	0.254209	9.428116	-0.741362	-0.338540	0.230511	-0.061324	0.891089	0.449665	-0.993579	-0.097415	0.057544	0.095081	-0.443249	0.891342
29424	6.854794	-0.130409	9.941790	-0.795492	-0.261568	0.179484	-0.062832	0.889736	0.452130	-0.994198	-0.095433	0.049638	0.087313	-0.446388	0.890570
29425	4.028982	0.593650	8.945552	-0.485471	-0.075123	0.180775	-0.064523	0.889210	0.452927	-0.994499	-0.094825	0.044490	0.082510	-0.447565	0.890437
29426	5.676096	-0.207558	9.358472	-0.688956	-0.102044	0.133102	-0.065729	0.888610	0.453930	-0.994962	-0.092876	0.037743	0.075698	-0.449162	0.890238
29427	4.638403	-0.894406	9.351550	-0.321995	-0.069061	0.064376	-0.066277	0.888221	0.454611	-0.995163	-0.091955	0.034578	0.072517	-0.450120	0.890019
29428	4.845800	1.165916	9.255622	-0.219766	-0.125147	0.073276	-0.066880	0.887572	0.455789	-0.995275	-0.091571	0.032278	0.070387	-0.451477	0.889502
29429	4.523244	0.317040	9.128959	-0.317154	-0.060312	0.067338	-0.067467	0.887218	0.456390	-0.995453	-0.090690	0.029144	0.067247	-0.452348	0.889303
29430	4.501247	0.176890	9.016919	-0.153397	-0.063389	0.069042	-0.068076	0.886851	0.457013	-0.995512	-0.090565	0.027455	0.065738	-0.453093	0.889036
29431	4.575545	0.648880	9.319028	-0.119743	-0.113309	0.072210	-0.068680	0.886252	0.458083	-0.995545	-0.090616	0.026054	0.064600	-0.454253	0.888527
29432	4.683570	0.344956	8.936619	-0.038753	-0.075395	0.076575	-0.069356	0.885822	0.458813	-0.995521	-0.091075	0.025349	0.064241	-0.455000	0.888171
29433	4.494502	0.357657	9.243762	-0.045335	-0.094543	0.081844	-0.070070	0.885297	0.459716	-0.995498	-0.091548	0.024564	0.063833	-0.455925	0.887726
29434	4.723553	0.175416	9.129460	0.011077	-0.097719	0.080016	-0.070767	0.884760	0.460643	-0.995438	-0.092263	0.024285	0.063987	-0.456823	0.887253
29435	4.579838	0.064926	9.298485	-0.001636	-0.121886	0.068695	-0.071332	0.884119	0.461784	-0.995395	-0.092818	0.023947	0.064034	-0.457950	0.886669
29436	4.656703	-0.139891	9.292686	0.019618	-0.145029	0.053377	-0.071733	0.883387	0.463122	-0.995349	-0.093336	0.023865	0.064308	-0.459256	0.885973
29437	4.557522	0.012528	9.416546	0.042919	-0.198891	0.041065	-0.071973	0.882414	0.464937	-0.995296	-0.093851	0.024049	0.064855	-0.461019	0.885017
29438	4.383098	0.510415	9.513543	0.027191	-0.269126	0.022042	-0.071981	0.881131	0.467362	-0.995267	-0.094128	0.024176	0.065294	-0.463409	0.883735
29439	4.533251	0.263807	9.261898	0.042226	-0.309417	0.011440	-0.071850	0.879662	0.470140	-0.995235	-0.094379	0.024490	0.065914	-0.466140	0.882252
29440	4.492371	0.776180	9.495240	0.103234	-0.351574	0.009638	-0.071676	0.877991	0.473280	-0.995164	-0.094904	0.025345	0.067169	-0.469175	0.880547
29441	4.678522	0.697443	9.473167	0.096580	-0.391326	0.025162	-0.071620	0.876104	0.476772	-0.995085	-0.095534	0.026070	0.068388	-0.472561	0.878640
29442	4.426200	0.409846	9.578400	0.137590	-0.424003	0.021647	-0.071506	0.874054	0.480537	-0.994978	-0.096334	0.027165	0.070036	-0.476181	0.876554
29443	3.693363	-0.639776	10.437750	0.254596	-0.500118	0.023917	-0.071346	0.871619	0.484964	-0.994784	-0.097715	0.029274	0.072903	-0.480346	0.874044
29444	5.092397	0.705754	9.902695	0.475734	-0.705260	-0.014302	-0.070636	0.868208	0.491147	-0.994439	-0.099848	0.033485	0.078112	-0.486051	0.870433
29445	4.449261	0.016043	10.115516	0.418843	-0.702631	-0.030493	-0.069726	0.864783	0.497282	-0.994128	-0.101586	0.037269	0.082747	-0.491764	0.866788
29446	4.654337	0.276703	10.243845	0.502553	-0.839089	-0.077080	-0.068208	0.860689	0.504541	-0.993756	-0.103369	0.041993	0.088297	-0.498526	0.862366
29447	4.400515	0.083864	10.142600	0.555687	-0.993208	-0.133941	-0.065927	0.855816	0.513061	-0.993343	-0.104966	0.047448	0.094461	-0.506518	0.857040
29448	4.171990	0.252274	10.497300	0.505321	-1.192854	-0.183202	-0.062913	0.849893	0.523187	-0.992974	-0.105949	0.052705	0.100225	-0.516195	0.850587
29449	3.832491	0.923969	10.926786	0.607105	-1.435743	-0.185407	-0.059541	0.842574	0.535279	-0.992463	-0.107503	0.058824	0.107107	-0.527743	0.842624
29450	3.906118	2.307366	11.700602	0.552871	-1.746935	-0.069578	-0.056890	0.833290	0.549901	-0.991898	-0.109839	0.063827	0.113587	-0.541814	0.832788
29451	2.974187	3.812208	14.071870	0.229231	-2.229884	0.185171	-0.056111	0.820775	0.568489	-0.991534	-0.112588	0.064686	0.117097	-0.560046	0.820144
29452	2.896722	1.391403	13.258365	-0.103520	-2.870739	0.378219	-0.056461	0.803915	0.592059	-0.991446	-0.115036	0.061650	0.117669	-0.583514	0.803533
29453	2.721742	2.691750	12.429606	0.328144	-3.506208	0.582880	-0.057977	0.782256	0.620253	-0.990724	-0.121573	0.060720	0.122905	-0.610979	0.782048
29454	0.815595	4.948332	13.393432	-0.463855	-4.545000	1.091056	-0.063217	0.752307	0.655772	-0.990631	-0.127003	0.050201	0.121051	-0.646455	0.753288
29455	1.495704	3.551886	12.940338	-0.500393	-5.394100	1.517313	-0.071710	0.714327	0.696129	-0.990216	-0.134750	0.036269	0.119711	-0.686717	0.717000
29456	3.110938	3.624487	12.274537	-0.288558	-6.280580	1.899753	-0.082909	0.667132	0.740311	-0.989097	-0.145815	0.020630	0.121711	-0.730529	0.671948
29457	6.710061	5.159328	12.588190	0.004506	-7.024871	2.240089	-0.096234	0.610751	0.785953	-0.987090	-0.160124	0.003568	0.128029	-0.775464	0.618276
29458	9.898957	4.171657	12.194584	0.316856	-7.565371	2.360151	-0.109378	0.546442	0.830324	-0.984241	-0.176308	-0.013624	0.138947	-0.818729	0.557114
29459	26.061022	6.350984	17.563917	1.260270	-7.352267	2.502498	-0.122927	0.480171	0.868519	-0.979457	-0.199665	-0.028242	0.159852	-0.854149	0.494851
29460	21.112061	9.804966	18.253008	0.422441	-5.706168	3.071750	-0.143454	0.424299	0.894087	-0.974665	-0.217226	-0.053295	0.171606	-0.879081	0.444712
29461	15.170443	6.931963	16.694762	-0.487710	-5.387520	3.364647	-0.166794	0.368818	0.914414	-0.970301	-0.226191	-0.085757	0.175203	-0.901560	0.395592
29462	11.168110	4.670755	15.300081	-0.772085	-4.814946	3.429406	-0.191484	0.317124	0.928852	-0.965515	-0.230942	-0.120194	0.176395	-0.919836	0.350410
