// General information: 
//  MT Manager version: 2022.2.0 
//  XDA version: 2022.2.0 build 7381 rev 124627 built on 2023-07-19
// Device information: 
//  DeviceId: 00B4CBA7
//  ProductCode: MTW2-3A7G6
//  Firmware Version: 4.6.0
//  Hardware Version: 2.0.0
// Device settings: 
//  Filter Profile: human(46.1)
//  Option Flags: Orientation Smoother Disabled, Position/Velocity Smoother Disabled, Continuous Zero Rotation Update Disabled, AHS Disabled, ICC Disabled
// Coordinate system: ENU
PacketCounter	Acc_X	Acc_Y	Acc_Z	Gyr_X	Gyr_Y	Gyr_Z	Mat[1][1]	Mat[2][1]	Mat[3][1]	Mat[1][2]	Mat[2][2]	Mat[3][2]	Mat[1][3]	Mat[2][3]	Mat[3][3]
43076	9.673453	0.155141	-1.151262	-0.001030	-0.075596	-0.017869	-0.025921	-0.125539	0.991750	-0.934180	0.356202	0.020673	-0.355859	-0.925937	-0.126509
43077	9.689853	0.131426	-1.203813	0.010714	-0.077475	-0.017225	-0.025991	-0.126322	0.991649	-0.934216	0.356096	0.020876	-0.355759	-0.925872	-0.127267
43078	9.694686	0.154426	-1.221210	0.035408	-0.076752	-0.018347	-0.026054	-0.127119	0.991545	-0.934338	0.355766	0.021059	-0.355435	-0.925890	-0.128041
43079	9.716387	0.166754	-1.252683	0.036553	-0.082033	-0.025018	-0.026067	-0.127971	0.991435	-0.934467	0.355411	0.021306	-0.355093	-0.925909	-0.128850
43080	9.726176	0.150702	-1.233323	0.030218	-0.082866	-0.022471	-0.026114	-0.128838	0.991322	-0.934566	0.355139	0.021537	-0.354831	-0.925893	-0.129681
43081	9.719985	0.191985	-1.278700	0.052220	-0.080757	-0.025209	-0.026120	-0.129679	0.991212	-0.934751	0.354637	0.021765	-0.354343	-0.925967	-0.130481
43082	9.680152	0.240378	-1.327728	0.054931	-0.082101	-0.023621	-0.026150	-0.130543	0.991098	-0.934942	0.354120	0.021975	-0.353837	-0.926044	-0.131311
43083	9.679232	0.227387	-1.367118	0.054946	-0.082078	-0.023620	-0.026175	-0.131391	0.990985	-0.935135	0.353596	0.022182	-0.353322	-0.926124	-0.132124
43084	9.700444	0.254156	-1.367701	0.047962	-0.081803	-0.023381	-0.026205	-0.132251	0.990870	-0.935300	0.353146	0.022399	-0.352884	-0.926174	-0.132949
43085	9.710640	0.208868	-1.410847	0.041775	-0.080293	-0.024844	-0.026212	-0.133087	0.990758	-0.935447	0.352741	0.022635	-0.352493	-0.926208	-0.133742
43086	9.715172	0.232027	-1.428519	0.041853	-0.075746	-0.020879	-0.026245	-0.133881	0.990650	-0.935588	0.352355	0.022833	-0.352118	-0.926240	-0.134505
43087	9.702677	0.280642	-1.400973	0.046949	-0.078628	-0.024703	-0.026246	-0.134701	0.990539	-0.935753	0.351902	0.023060	-0.351679	-0.926294	-0.135283
43088	9.701969	0.238252	-1.501984	0.044589	-0.066571	-0.018714	-0.026268	-0.135402	0.990443	-0.935899	0.351503	0.023232	-0.351289	-0.926344	-0.135955
43089	9.667547	0.307499	-1.559453	0.054638	-0.064197	-0.021763	-0.026245	-0.136077	0.990351	-0.936089	0.350982	0.023419	-0.350782	-0.926442	-0.136592
43090	9.649889	0.290102	-1.614056	0.055972	-0.055894	-0.016548	-0.026246	-0.136673	0.990269	-0.936280	0.350464	0.023554	-0.350273	-0.926550	-0.137162
43091	9.738744	0.272365	-1.667528	0.054332	-0.047139	-0.016233	-0.026215	-0.137170	0.990201	-0.936468	0.349953	0.023686	-0.349773	-0.926670	-0.137630
43092	9.698791	0.334205	-1.681582	0.053285	-0.038772	-0.017272	-0.026151	-0.137610	0.990141	-0.936646	0.349466	0.023831	-0.349300	-0.926789	-0.138030
43093	9.658892	0.335369	-1.647110	0.037044	-0.029159	-0.015095	-0.026066	-0.137937	0.990098	-0.936773	0.349117	0.023975	-0.348967	-0.926872	-0.138315
43094	9.703244	0.296701	-1.650051	0.026744	-0.021930	-0.014783	-0.025967	-0.138211	0.990062	-0.936856	0.348882	0.024132	-0.348750	-0.926919	-0.138543
43095	9.714055	0.294492	-1.593077	0.021265	-0.011780	-0.009678	-0.025873	-0.138358	0.990044	-0.936926	0.348686	0.024244	-0.348569	-0.926971	-0.138653
43096	9.685782	0.277949	-1.528756	0.015847	-0.009073	-0.012838	-0.025748	-0.138505	0.990027	-0.936965	0.348570	0.024397	-0.348473	-0.926992	-0.138750
43097	9.640772	0.272233	-1.450056	0.018426	-0.002268	-0.006668	-0.025649	-0.138554	0.990023	-0.937024	0.348405	0.024483	-0.348321	-0.927047	-0.138764
43098	9.679933	0.226469	-1.409180	0.013007	0.000437	-0.009828	-0.025519	-0.138603	0.990019	-0.937056	0.348312	0.024610	-0.348246	-0.927075	-0.138767
43099	9.674337	0.205621	-1.398948	0.021067	0.002343	-0.008481	-0.025387	-0.138615	0.990021	-0.937125	0.348119	0.024710	-0.348070	-0.927146	-0.138737
43100	9.679893	0.242393	-1.377691	0.041412	0.002741	-0.011579	-0.025231	-0.138650	0.990020	-0.937261	0.347744	0.024815	-0.347714	-0.927281	-0.138725
43101	9.668600	0.290056	-1.342631	0.040624	0.001511	-0.009869	-0.025088	-0.138674	0.990020	-0.937398	0.347368	0.024902	-0.347355	-0.927418	-0.138708
43102	9.657468	0.293228	-1.401249	0.039438	0.002287	-0.007165	-0.024976	-0.138697	0.990020	-0.937522	0.347030	0.024966	-0.347029	-0.927542	-0.138699
43103	9.629589	0.231924	-1.429286	0.040826	0.003138	-0.010227	-0.024825	-0.138707	0.990022	-0.937659	0.346652	0.025056	-0.346668	-0.927681	-0.138666
43104	9.652024	0.242535	-1.453232	0.045061	0.001218	-0.004361	-0.024743	-0.138730	0.990021	-0.937801	0.346267	0.025084	-0.346291	-0.927822	-0.138669
43105	9.646580	0.251692	-1.553090	0.061119	0.005759	-0.005344	-0.024628	-0.138699	0.990028	-0.938007	0.345707	0.025098	-0.345741	-0.928035	-0.138615
43106	9.668969	0.352005	-1.562056	0.056164	0.010991	-0.005554	-0.024500	-0.138637	0.990040	-0.938192	0.345202	0.025123	-0.345247	-0.928232	-0.138525
43107	9.686034	0.340753	-1.574586	0.044003	0.020077	-0.004878	-0.024340	-0.138471	0.990067	-0.938338	0.344802	0.025156	-0.344860	-0.928406	-0.138325
43108	9.658425	0.293634	-1.569500	0.031910	0.023205	-0.000800	-0.024216	-0.138277	0.990098	-0.938430	0.344551	0.025167	-0.344619	-0.928528	-0.138107
43109	9.658878	0.293105	-1.566811	0.029262	0.034342	0.001827	-0.024070	-0.137955	0.990146	-0.938524	0.344296	0.025155	-0.344374	-0.928670	-0.137762
43110	9.665043	0.313955	-1.573624	0.024108	0.037950	0.001971	-0.023922	-0.137615	0.990197	-0.938586	0.344126	0.025151	-0.344214	-0.928784	-0.137395
43111	9.693471	0.314622	-1.493763	0.011351	0.042173	0.003718	-0.023767	-0.137214	0.990256	-0.938618	0.344041	0.025144	-0.344138	-0.928875	-0.136968
43112	9.722129	0.285580	-1.475843	0.002495	0.044275	0.004347	-0.023619	-0.136807	0.990316	-0.938609	0.344065	0.025145	-0.344173	-0.928926	-0.136535
43113	9.671990	0.272425	-1.350742	-0.000347	0.048547	0.007063	-0.023473	-0.136335	0.990385	-0.938599	0.344093	0.025122	-0.344209	-0.928985	-0.136041
43114	9.706277	0.264620	-1.342406	0.001308	0.050311	0.007315	-0.023329	-0.135863	0.990453	-0.938590	0.344122	0.025096	-0.344246	-0.929043	-0.135548
43115	9.678645	0.246839	-1.272405	0.006269	0.045090	0.007539	-0.023200	-0.135422	0.990516	-0.938603	0.344088	0.025059	-0.344219	-0.929120	-0.135091
43116	9.656683	0.235640	-1.244338	0.010372	0.039341	0.005800	-0.023082	-0.135056	0.990569	-0.938622	0.344038	0.025035	-0.344175	-0.929192	-0.134708
43117	9.673866	0.238873	-1.223364	0.010574	0.035714	0.005173	-0.022963	-0.134710	0.990619	-0.938650	0.343962	0.025015	-0.344105	-0.929270	-0.134344
43118	9.635047	0.223985	-1.213600	0.011172	0.030076	0.003557	-0.022856	-0.134438	0.990658	-0.938673	0.343901	0.025012	-0.344051	-0.929333	-0.134053
43119	9.601797	0.230646	-1.214593	0.007668	0.024940	0.003413	-0.022758	-0.134198	0.990693	-0.938692	0.343849	0.025014	-0.344005	-0.929386	-0.133796
43120	9.607698	0.251492	-1.222893	0.009379	0.015490	0.006810	-0.022730	-0.134050	0.990714	-0.938712	0.343797	0.024981	-0.343953	-0.929427	-0.133649
43121	9.596633	0.283364	-1.217988	-0.001590	0.013294	0.004217	-0.022680	-0.133916	0.990733	-0.938699	0.343832	0.024987	-0.343992	-0.929433	-0.133505
43122	9.591535	0.231668	-1.269221	-0.009796	0.003795	0.006625	-0.022692	-0.133876	0.990738	-0.938645	0.343978	0.024982	-0.344137	-0.929385	-0.133468
43123	9.619964	0.172626	-1.317326	-0.004183	0.002725	0.009446	-0.022727	-0.133822	0.990745	-0.938622	0.344045	0.024940	-0.344198	-0.929368	-0.133427
43124	9.653867	0.225068	-1.361540	-0.004383	0.001104	0.009807	-0.022777	-0.133797	0.990747	-0.938593	0.344128	0.024896	-0.344275	-0.929341	-0.133419
43125	9.659638	0.321066	-1.388426	-0.016147	0.002931	0.009190	-0.022808	-0.133742	0.990754	-0.938528	0.344305	0.024872	-0.344448	-0.929283	-0.133373
43126	9.659922	0.305412	-1.419258	-0.024548	0.002319	0.012489	-0.022878	-0.133696	0.990758	-0.938425	0.344588	0.024830	-0.344723	-0.929185	-0.133347
43127	9.665395	0.265544	-1.380890	-0.028048	0.007689	0.012876	-0.022928	-0.133584	0.990772	-0.938319	0.344881	0.024786	-0.345010	-0.929092	-0.133252
43128	9.665738	0.249898	-1.411290	-0.019845	0.006682	0.009938	-0.022961	-0.133506	0.990782	-0.938230	0.345126	0.024762	-0.345250	-0.929013	-0.133183
43129	9.665861	0.249079	-1.410590	-0.011982	0.006977	0.011664	-0.023002	-0.133404	0.990795	-0.938179	0.345268	0.024708	-0.345386	-0.928974	-0.133099
43130	9.654582	0.295347	-1.374934	-0.018329	0.011368	0.014496	-0.023057	-0.133269	0.990812	-0.938103	0.345479	0.024638	-0.345588	-0.928915	-0.132986
43131	9.665108	0.321115	-1.252942	-0.033740	0.005740	0.017763	-0.023159	-0.133158	0.990824	-0.937976	0.345831	0.024553	-0.345927	-0.928800	-0.132908
43132	9.620062	0.298846	-1.204586	-0.041943	0.001503	0.020430	-0.023308	-0.133092	0.990830	-0.937811	0.346284	0.024454	-0.346363	-0.928641	-0.132886
43133	9.541192	0.208171	-1.143819	-0.039642	-0.008338	0.022469	-0.023503	-0.133095	0.990825	-0.937662	0.346697	0.024329	-0.346754	-0.928486	-0.132947
43134	9.551661	0.218448	-1.055271	-0.033048	-0.022319	0.022405	-0.023751	-0.133244	0.990799	-0.937527	0.347069	0.024200	-0.347100	-0.928326	-0.133163
43135	9.568333	0.205798	-1.071304	-0.037209	-0.026350	0.019928	-0.023985	-0.133423	0.990769	-0.937387	0.347456	0.024098	-0.347463	-0.928156	-0.133402
43136	9.624339	0.192679	-1.125929	-0.034715	-0.039822	0.021329	-0.024286	-0.133736	0.990719	-0.937247	0.347841	0.023980	-0.347820	-0.927966	-0.133792
43137	9.657518	0.273888	-1.111841	-0.034061	-0.046165	0.023378	-0.024621	-0.134087	0.990664	-0.937116	0.348204	0.023840	-0.348149	-0.927780	-0.134228
43138	9.702175	0.188127	-1.210404	-0.049529	-0.056306	0.022700	-0.024990	-0.134549	0.990592	-0.936926	0.348721	0.023730	-0.348633	-0.927518	-0.134777
43139	9.808320	0.142158	-1.308836	-0.031875	-0.054571	0.018055	-0.025305	-0.134996	0.990523	-0.936804	0.349056	0.023640	-0.348939	-0.927328	-0.135298
43140	9.786006	0.222121	-1.447791	-0.028160	-0.047814	0.017852	-0.025600	-0.135395	0.990461	-0.936688	0.349371	0.023549	-0.349227	-0.927150	-0.135767
43141	9.797029	0.324526	-1.520469	-0.021418	-0.048962	0.014287	-0.025860	-0.135803	0.990398	-0.936603	0.349604	0.023482	-0.349436	-0.927003	-0.136234
43142	9.818758	0.363557	-1.486346	-0.040162	-0.041602	0.014224	-0.026102	-0.136156	0.990344	-0.936441	0.350041	0.023444	-0.349853	-0.926786	-0.136638
43143	9.779184	0.289614	-1.608307	-0.056993	-0.036826	0.017457	-0.026349	-0.136440	0.990298	-0.936230	0.350608	0.023395	-0.350398	-0.926530	-0.136977
43144	9.784150	0.235008	-1.604980	-0.051689	-0.027608	0.013837	-0.026536	-0.136666	0.990262	-0.936035	0.351131	0.023377	-0.350906	-0.926299	-0.137241
43145	9.784139	0.280416	-1.685955	-0.039714	-0.017351	0.014633	-0.026689	-0.136779	0.990242	-0.935885	0.351533	0.023332	-0.351294	-0.926130	-0.137392
43146	9.722514	0.315706	-1.703977	-0.046692	-0.006601	0.015456	-0.026816	-0.136806	0.990235	-0.935712	0.351996	0.023291	-0.351745	-0.925950	-0.137450
43147	9.666476	0.311985	-1.683354	-0.072027	0.004268	0.014958	-0.026896	-0.136718	0.990245	-0.935447	0.352698	0.023288	-0.352441	-0.925696	-0.137379
43148	9.632506	0.182666	-1.621896	-0.079791	0.013796	0.017496	-0.026972	-0.136548	0.990266	-0.935154	0.353478	0.023270	-0.353214	-0.925423	-0.137228
43149	9.615625	0.176305	-1.464703	-0.080028	0.023403	0.014758	-0.026983	-0.136284	0.990302	-0.934860	0.354253	0.023279	-0.353990	-0.925166	-0.136965
43150	9.632007	0.086682	-1.287443	-0.066943	0.024576	0.020271	-0.027047	-0.136004	0.990339	-0.934606	0.354926	0.023217	-0.354654	-0.924949	-0.136710
43151	9.648938	0.147258	-1.142611	-0.045491	0.021082	0.022181	-0.027135	-0.135734	0.990374	-0.934432	0.355391	0.023105	-0.355106	-0.924810	-0.136478
43152	9.644159	0.275159	-1.163048	-0.047355	0.012472	0.021980	-0.027257	-0.135560	0.990394	-0.934245	0.355889	0.023000	-0.355588	-0.924644	-0.136347
43153	9.683596	0.302208	-1.137129	-0.054092	0.008392	0.025257	-0.027419	-0.135397	0.990412	-0.934039	0.356438	0.022869	-0.356117	-0.924456	-0.136239
43154	9.672646	0.332681	-1.132701	-0.059591	-0.002426	0.029202	-0.027662	-0.135333	0.990414	-0.933806	0.357059	0.022708	-0.356709	-0.924226	-0.136252
43155	9.790194	0.282885	-1.167969	-0.068573	-0.007861	0.033568	-0.027959	-0.135290	0.990411	-0.933545	0.357752	0.022515	-0.357368	-0.923964	-0.136302
43156	9.700040	0.223462	-1.104615	-0.066738	-0.014976	0.032880	-0.028280	-0.135331	0.990397	-0.933291	0.358427	0.022327	-0.358006	-0.923697	-0.136439
43157	9.661043	0.282445	-1.115793	-0.073957	-0.026806	0.032882	-0.028638	-0.135465	0.990368	-0.933010	0.359169	0.022149	-0.358710	-0.923389	-0.136676
43158	9.616208	0.247669	-1.274626	-0.075349	-0.032887	0.035637	-0.029051	-0.135657	0.990330	-0.932712	0.359954	0.021946	-0.359450	-0.923055	-0.136986
43159	9.655071	0.187651	-1.441058	-0.084912	-0.034118	0.029996	-0.029409	-0.135868	0.990290	-0.932391	0.360793	0.021811	-0.360253	-0.922696	-0.137293
43160	9.671809	0.207463	-1.568055	-0.091231	-0.034932	0.032571	-0.029798	-0.136091	0.990248	-0.932042	0.361703	0.021663	-0.361124	-0.922307	-0.137621
43161	9.744581	0.216570	-1.746441	-0.103182	-0.023390	0.029301	-0.030111	-0.136206	0.990223	-0.931653	0.362709	0.021561	-0.362100	-0.921895	-0.137818
43162	9.788803	0.147101	-1.811302	-0.105016	-0.005015	0.026968	-0.030341	-0.136173	0.990220	-0.931253	0.363738	0.021487	-0.363107	-0.921494	-0.137847
43163	9.788916	0.160908	-1.779624	-0.100153	0.006944	0.020746	-0.030464	-0.136038	0.990235	-0.930876	0.364704	0.021465	-0.364062	-0.921132	-0.137745
43164	9.811400	0.167139	-1.629474	-0.090935	0.019262	0.016366	-0.030508	-0.135819	0.990264	-0.930526	0.365596	0.021475	-0.364953	-0.920811	-0.137537
43165	9.766461	0.155239	-1.375269	-0.077183	0.028308	0.013165	-0.030483	-0.135515	0.990306	-0.930233	0.366339	0.021497	-0.365701	-0.920560	-0.137228
43166	9.749654	0.146708	-1.217479	-0.054520	0.023208	0.015998	-0.030508	-0.135262	0.990340	-0.930016	0.366891	0.021460	-0.366250	-0.920378	-0.136989
43167	9.699842	0.235156	-1.047404	-0.045127	0.015412	0.013661	-0.030534	-0.135075	0.990365	-0.929840	0.367339	0.021433	-0.366695	-0.920226	-0.136814
43168	9.626625	0.208682	-0.902094	-0.056234	0.005748	0.014754	-0.030612	-0.134986	0.990375	-0.929617	0.367905	0.021411	-0.367253	-0.920014	-0.136748
43169	9.609331	0.185390	-0.778878	-0.069246	-0.017760	0.015264	-0.030774	-0.135098	0.990354	-0.929351	0.368577	0.021400	-0.367913	-0.919728	-0.136896
43170	9.680902	0.096232	-0.628452	-0.069332	-0.038726	0.013950	-0.031007	-0.135421	0.990303	-0.929078	0.369263	0.021406	-0.368581	-0.919405	-0.137266
43171	9.697096	0.093510	-0.443518	-0.073135	-0.066401	0.012772	-0.031326	-0.135989	0.990215	-0.928798	0.369967	0.021426	-0.369261	-0.919038	-0.137896
43172	9.606102	-0.012196	-0.310103	-0.062043	-0.107526	0.008022	-0.031759	-0.136963	0.990067	-0.928550	0.370585	0.021480	-0.369846	-0.918645	-0.138947
43173	9.515841	-0.061166	-0.054523	-0.037256	-0.150099	-0.000605	-0.032265	-0.138349	0.989858	-0.928406	0.370941	0.021584	-0.370165	-0.918293	-0.140412
43174	9.465466	-0.109847	0.158714	-0.019710	-0.202302	-0.001304	-0.032962	-0.140227	0.989571	-0.928320	0.371150	0.021672	-0.370318	-0.917924	-0.142409
43175	9.460347	-0.116935	0.177969	0.019687	-0.262202	-0.009237	-0.033802	-0.142672	0.989193	-0.928389	0.370970	0.021781	-0.370068	-0.917620	-0.144995
43176	9.667375	0.003236	-0.074772	0.072739	-0.308004	-0.008094	-0.034823	-0.145542	0.988739	-0.928651	0.370314	0.021803	-0.369317	-0.917434	-0.148053
43177	9.856812	0.271264	-0.380392	0.106487	-0.350326	-0.009512	-0.035982	-0.148796	0.988213	-0.929040	0.369337	0.021784	-0.368225	-0.917306	-0.151527
43178	10.002243	0.330742	-0.748615	0.100096	-0.378592	-0.008174	-0.037258	-0.152311	0.987630	-0.929401	0.368429	0.021757	-0.367186	-0.917094	-0.155285
43179	10.055946	0.469270	-1.116691	0.123538	-0.399397	-0.007868	-0.038604	-0.156007	0.987001	-0.929850	0.367298	0.021687	-0.365907	-0.916926	-0.159242
43180	10.228320	0.720210	-1.352119	0.094087	-0.412369	-0.003371	-0.040041	-0.159811	0.986335	-0.930185	0.366453	0.021613	-0.364900	-0.916609	-0.163327
43181	10.455047	0.912772	-1.565184	0.062017	-0.411188	-0.003717	-0.041461	-0.163597	0.985656	-0.930407	0.365892	0.021593	-0.364176	-0.916165	-0.167382
43182	10.439638	0.772006	-1.677500	0.035335	-0.409903	0.003393	-0.042943	-0.167349	0.984962	-0.930521	0.365605	0.021548	-0.363713	-0.915602	-0.171422
43183	10.433418	0.896640	-1.568783	0.015561	-0.411050	0.002178	-0.044414	-0.171108	0.984251	-0.930570	0.365479	0.021546	-0.363410	-0.914957	-0.175460
43184	10.367423	0.880990	-1.261953	-0.019871	-0.436467	0.004314	-0.045997	-0.175096	0.983476	-0.930491	0.365679	0.021586	-0.363417	-0.914122	-0.179745
43185	10.448213	0.880176	-0.610277	-0.071307	-0.465638	0.016169	-0.047796	-0.179296	0.982633	-0.930218	0.366372	0.021603	-0.363883	-0.913030	-0.184295
43186	10.264097	0.911718	0.678378	-0.049295	-0.546423	0.045183	-0.050162	-0.184126	0.981622	-0.930009	0.366920	0.021300	-0.364098	-0.911848	-0.189645
43187	10.113952	0.722020	1.620999	0.036671	-0.634246	0.071746	-0.053092	-0.189648	0.980416	-0.930099	0.366732	0.020572	-0.363451	-0.910792	-0.195862
43188	9.908072	0.562365	2.698995	0.132138	-0.732602	0.070771	-0.056366	-0.196062	0.978970	-0.930526	0.365698	0.019663	-0.361863	-0.909849	-0.203054
43189	10.059586	0.463184	3.527208	0.282848	-0.884919	0.085932	-0.060310	-0.203802	0.977153	-0.931489	0.363309	0.018283	-0.358734	-0.909105	-0.211751
43190	10.674683	0.642468	3.849159	0.403403	-1.067276	0.108555	-0.065083	-0.213105	0.974859	-0.932844	0.359906	0.016398	-0.354352	-0.908325	-0.222218
43191	11.206668	0.836930	3.603871	0.539006	-1.265707	0.154740	-0.070931	-0.224048	0.971993	-0.934628	0.355362	0.013708	-0.348480	-0.907480	-0.234608
43192	11.814877	1.506379	2.698352	0.619766	-1.490095	0.218607	-0.078073	-0.236779	0.968421	-0.936592	0.350275	0.010135	-0.341613	-0.906225	-0.249113
43193	12.002134	2.295432	2.059150	0.582281	-1.641808	0.281896	-0.086225	-0.250665	0.964226	-0.938326	0.345700	0.005961	-0.334827	-0.904245	-0.265013
43194	12.132537	3.012605	1.426259	0.396450	-1.768573	0.333077	-0.095177	-0.265464	0.959411	-0.939330	0.343011	0.001725	-0.329546	-0.901040	-0.282005
43195	11.888358	2.869090	1.099916	0.228362	-1.870432	0.382190	-0.104850	-0.280972	0.953971	-0.939693	0.342011	-0.002548	-0.325552	-0.896707	-0.299887
43196	11.432875	1.862528	-0.164038	0.082979	-1.934314	0.405111	-0.114878	-0.296850	0.947989	-0.939496	0.342497	-0.006601	-0.322724	-0.891390	-0.318235
43197	10.910946	0.763808	-2.109191	0.023946	-1.989071	0.397614	-0.124962	-0.313162	0.941442	-0.939094	0.343503	-0.010387	-0.320136	-0.885401	-0.337014
43198	10.110916	0.098301	-3.885503	0.040526	-1.956396	0.390640	-0.134816	-0.329057	0.934637	-0.938700	0.344445	-0.014133	-0.317281	-0.879249	-0.355323
43199	9.453929	-0.020743	-5.080586	0.085650	-1.892707	0.408479	-0.144578	-0.344238	0.927684	-0.938399	0.345075	-0.018200	-0.313855	-0.873169	-0.372923
43200	9.109005	0.390344	-5.433401	0.046151	-1.796117	0.443714	-0.154303	-0.358310	0.920763	-0.937864	0.346278	-0.022416	-0.310808	-0.867009	-0.389478
43201	8.713411	-0.050552	-6.099163	-0.090908	-1.694286	0.468963	-0.163905	-0.371320	0.913924	-0.936836	0.348777	-0.026309	-0.308987	-0.860509	-0.405033
43202	8.395348	-0.653644	-6.466890	-0.178078	-1.587541	0.475170	-0.173217	-0.383238	0.907262	-0.935461	0.352168	-0.029840	-0.308073	-0.853877	-0.419505
43203	8.150058	-1.047558	-6.338502	-0.277638	-1.426644	0.455314	-0.181824	-0.393765	0.901049	-0.933798	0.356301	-0.032726	-0.308158	-0.847348	-0.432481
43204	7.694890	-0.687950	-5.836181	-0.368250	-1.208988	0.426119	-0.189496	-0.402423	0.895627	-0.931849	0.361165	-0.034881	-0.309433	-0.841199	-0.443437
43205	7.265119	-0.232669	-5.199546	-0.532394	-0.889004	0.373328	-0.195692	-0.408523	0.891523	-0.929475	0.367144	-0.035786	-0.312698	-0.835652	-0.451559
43206	6.764847	0.090645	-4.558677	-0.785524	-0.492237	0.320944	-0.200198	-0.411409	0.889192	-0.926330	0.375081	-0.035018	-0.319112	-0.830697	-0.456191
43207	6.418059	0.281887	-4.103593	-1.083773	-0.054957	0.259982	-0.202736	-0.410883	0.888861	-0.922296	0.385130	-0.032333	-0.329042	-0.826348	-0.457035
43208	6.326308	0.227129	-3.707785	-1.398325	0.404090	0.190164	-0.203100	-0.406785	0.890661	-0.917183	0.397508	-0.027596	-0.342819	-0.822504	-0.453831
43209	6.604651	-0.180981	-3.439983	-1.646249	0.839218	0.105362	-0.201072	-0.399478	0.894420	-0.911190	0.411448	-0.021075	-0.359588	-0.819224	-0.446731
43210	7.122101	-1.115483	-3.722942	-1.793756	1.260657	0.008431	-0.196467	-0.389111	0.899996	-0.904521	0.426226	-0.013177	-0.378475	-0.816654	-0.435698
43211	7.769651	-2.496288	-4.085760	-1.737018	1.611140	-0.077015	-0.189480	-0.376307	0.906913	-0.897931	0.440107	-0.004989	-0.397262	-0.815291	-0.421289
43212	8.837919	-3.257439	-3.564665	-1.452372	1.933993	-0.161308	-0.180157	-0.361236	0.914905	-0.892309	0.451419	0.002528	-0.413919	-0.815922	-0.403660
43213	9.818762	-3.393410	-2.906677	-1.046316	2.236960	-0.268784	-0.168313	-0.344182	0.923694	-0.888375	0.459028	0.009163	-0.427155	-0.819044	-0.383023
43214	10.209027	-3.374897	-2.508164	-0.566668	2.462535	-0.388625	-0.154191	-0.325721	0.932808	-0.886533	0.462424	0.014929	-0.436215	-0.824663	-0.360065
43215	10.205954	-3.022154	-2.211954	-0.049805	2.618193	-0.493358	-0.138295	-0.306312	0.941832	-0.887033	0.461282	0.019775	-0.440507	-0.832701	-0.335502
43216	10.269990	-2.338138	-1.815487	0.444218	2.702602	-0.578050	-0.121217	-0.286308	0.950439	-0.889717	0.455888	0.023858	-0.440125	-0.842730	-0.309995
43217	10.227245	-1.156642	-1.343861	0.827046	2.724831	-0.623593	-0.103676	-0.266015	0.958377	-0.894036	0.447156	0.027401	-0.435834	-0.853983	-0.284187
43218	10.211135	0.009004	-1.041129	1.008548	2.709504	-0.611670	-0.086423	-0.245411	0.965559	-0.898965	0.436950	0.030595	-0.429409	-0.865360	-0.258378
43219	9.984878	0.958335	-0.665239	1.039783	2.651241	-0.544150	-0.070185	-0.224682	0.971901	-0.903813	0.426626	0.033359	-0.422133	-0.876075	-0.233013
43220	9.776204	1.607508	-0.700727	0.982842	2.579484	-0.437645	-0.055372	-0.203789	0.977448	-0.908191	0.417048	0.035503	-0.414878	-0.885743	-0.208172
43221	9.541774	2.088843	-0.890533	0.877727	2.483167	-0.302441	-0.042356	-0.182944	0.982210	-0.911943	0.408663	0.036791	-0.408124	-0.894162	-0.184144
43222	9.265154	2.566754	-1.296685	0.696629	2.390902	-0.133907	-0.031382	-0.162009	0.986290	-0.914814	0.402182	0.036955	-0.402655	-0.901112	-0.160830
43223	8.742783	2.960087	-1.584095	0.434695	2.295570	0.050854	-0.022598	-0.141066	0.989742	-0.916535	0.398344	0.035848	-0.399315	-0.906324	-0.138294
43224	8.254794	2.745056	-2.082668	0.097686	2.217258	0.234096	-0.015836	-0.119986	0.992649	-0.916875	0.397771	0.033453	-0.398861	-0.909605	-0.116312
43225	7.549200	2.045861	-2.336385	-0.232797	2.140051	0.393317	-0.010834	-0.098941	0.995034	-0.915882	0.400336	0.029835	-0.401300	-0.911011	-0.094956
43226	7.020042	1.073617	-2.725668	-0.531610	2.089652	0.494109	-0.006855	-0.077903	0.996937	-0.913682	0.405635	0.025414	-0.406373	-0.910709	-0.073959
43227	6.825708	0.397668	-3.073318	-0.746336	2.029203	0.543225	-0.003449	-0.057223	0.998355	-0.910586	0.412810	0.020515	-0.413305	-0.909018	-0.053530
43228	6.812270	-0.069992	-3.132786	-0.948235	1.972758	0.548811	-0.000137	-0.037021	0.999314	-0.906619	0.421666	0.015497	-0.421950	-0.905995	-0.033622
43229	6.558508	-0.736593	-3.096972	-1.120235	1.880119	0.515170	0.003278	-0.017836	0.999836	-0.901834	0.431952	0.010662	-0.432071	-0.901720	-0.014669
43230	6.363207	-1.197458	-3.251050	-1.143422	1.751232	0.446594	0.006974	-0.000130	0.999976	-0.896860	0.442269	0.006312	-0.442259	-0.896883	0.002968
43231	6.393341	-1.422165	-3.666398	-1.006992	1.620527	0.349224	0.011133	0.015919	0.999811	-0.892383	0.451270	0.002752	-0.451141	-0.892246	0.019229
43232	8.882592	-1.728887	-1.259949	-0.963490	1.555805	0.243917	0.016099	0.030875	0.999394	-0.888023	0.459800	0.000100	-0.459518	-0.887486	0.034820
43233	7.781351	-3.057839	-2.276896	-0.491045	1.310152	0.145462	0.020900	0.043148	0.998850	-0.885772	0.464119	-0.001515	-0.463650	-0.884722	0.047919
43234	8.233239	-4.112156	-2.989541	0.366437	0.678519	0.089279	0.023292	0.049568	0.998499	-0.887477	0.460848	-0.002175	-0.460264	-0.886094	0.054724
43235	10.593701	-1.741182	-1.275816	1.087889	-0.229813	0.023427	0.022081	0.047623	0.998621	-0.892426	0.451191	-0.001784	-0.450654	-0.891156	0.052463
43236	17.555858	-0.266063	6.814318	0.751780	-0.992779	0.016072	0.017541	0.038828	0.999092	-0.895785	0.444485	-0.001547	-0.444142	-0.894944	0.042578
43237	16.140141	1.852289	4.749050	1.102469	-1.460319	0.073368	0.010510	0.026034	0.999606	-0.900628	0.434587	-0.001849	-0.434464	-0.900254	0.028015
43238	13.813304	5.460304	0.436724	1.832343	-2.059914	0.166891	0.000269	0.008121	0.999967	-0.908443	0.417998	-0.003150	-0.418009	-0.908412	0.007490
43239	11.322864	6.964455	-1.023740	1.494275	-2.129934	0.295297	-0.011136	-0.010087	0.999887	-0.914562	0.404400	-0.006106	-0.404293	-0.914527	-0.013728
43240	7.180500	5.140986	-2.918599	0.649535	-1.908406	0.427968	-0.022656	-0.025842	0.999409	-0.917099	0.398523	-0.010485	-0.398016	-0.916794	-0.032729
43241	6.007232	0.815251	-6.213339	-0.215560	-1.776026	0.560813	-0.034834	-0.039878	0.998597	-0.916070	0.400701	-0.015954	-0.399502	-0.915341	-0.050489
43242	7.340041	-1.807579	-8.647992	-0.459306	-1.548830	0.601440	-0.046496	-0.051616	0.997584	-0.913979	0.405184	-0.021635	-0.403088	-0.912777	-0.066016
43243	10.045468	-2.119231	-9.217500	-0.102060	-1.294264	0.615218	-0.057292	-0.060933	0.996496	-0.913242	0.406479	-0.027650	-0.403370	-0.911626	-0.078934
43244	11.551697	1.399559	-6.800776	-0.005717	-0.976223	0.569982	-0.066380	-0.067524	0.995507	-0.912862	0.406911	-0.033269	-0.402836	-0.910969	-0.088651
43245	11.349672	1.121169	-4.721314	-0.571936	-0.853392	0.548354	-0.074792	-0.073046	0.994520	-0.910152	0.412515	-0.038149	-0.407468	-0.908017	-0.097335
43246	10.833657	-1.809411	-4.409208	-0.926609	-0.756578	0.479380	-0.082208	-0.077918	0.993565	-0.905955	0.421293	-0.041920	-0.415315	-0.903571	-0.105224
43247	10.428294	-3.609023	-4.244668	-0.617233	-0.623946	0.394956	-0.088343	-0.081878	0.992719	-0.903034	0.427193	-0.045128	-0.420387	-0.900446	-0.111679
43248	10.086371	-2.628783	-3.292362	-0.032749	-0.497156	0.349077	-0.093539	-0.084881	0.991991	-0.902568	0.427806	-0.048501	-0.420263	-0.899876	-0.116628
43249	9.770575	-1.048373	-2.586305	0.207252	-0.417101	0.324545	-0.098174	-0.087258	0.991336	-0.903121	0.426236	-0.051920	-0.418013	-0.900394	-0.120649
43250	9.773885	-0.359368	-2.108521	0.137549	-0.372795	0.316945	-0.102549	-0.089285	0.990713	-0.903364	0.425309	-0.055178	-0.416433	-0.900633	-0.124273
43251	9.803364	-0.382945	-1.944601	0.077939	-0.351162	0.324889	-0.106901	-0.091075	0.990090	-0.903344	0.424917	-0.058448	-0.415382	-0.900639	-0.127696
43252	9.901087	-0.317731	-1.982706	0.045321	-0.333935	0.325197	-0.111182	-0.092721	0.989465	-0.903166	0.424839	-0.061674	-0.414644	-0.900508	-0.130977
43253	9.783283	0.058443	-1.725368	-0.062706	-0.321101	0.328457	-0.115435	-0.094223	0.988836	-0.902529	0.425726	-0.064794	-0.414868	-0.899933	-0.134182
43254	9.804065	0.115391	-1.310621	-0.191786	-0.336801	0.338990	-0.119850	-0.095826	0.988157	-0.901321	0.427808	-0.067832	-0.416241	-0.898776	-0.137643
43255	9.867724	-0.119809	-1.231685	-0.239254	-0.347559	0.376509	-0.124647	-0.097340	0.987415	-0.899858	0.430336	-0.071171	-0.417993	-0.897405	-0.141232
43256	9.820799	-0.340578	-1.766214	-0.269929	-0.336048	0.399997	-0.129608	-0.098648	0.986646	-0.898208	0.433181	-0.074680	-0.420029	-0.895892	-0.144750
43257	9.706190	-0.485390	-1.622146	-0.315130	-0.327704	0.392613	-0.134467	-0.099882	0.985871	-0.896358	0.436407	-0.078045	-0.422445	-0.894188	-0.148212
43258	9.599446	-0.898109	-1.376764	-0.406006	-0.314584	0.385493	-0.139209	-0.101024	0.985096	-0.894100	0.440449	-0.081181	-0.425683	-0.892076	-0.151640
43259	9.600407	-1.616036	-1.378459	-0.444751	-0.321925	0.371499	-0.143859	-0.102256	0.984301	-0.891669	0.444804	-0.084111	-0.429220	-0.889771	-0.155168
43260	9.642231	-1.852983	-1.398785	-0.384248	-0.321365	0.342012	-0.148247	-0.103605	0.983508	-0.889499	0.448612	-0.086820	-0.432219	-0.887701	-0.158662
43261	9.627167	-1.583897	-1.395488	-0.278888	-0.320785	0.318874	-0.152427	-0.105023	0.982719	-0.887809	0.451434	-0.089461	-0.434237	-0.886103	-0.162052
43262	9.675841	-1.570882	-1.559392	-0.240233	-0.323013	0.291117	-0.156373	-0.106588	0.981930	-0.886306	0.453896	-0.091875	-0.435901	-0.884657	-0.165446
43263	9.748079	-1.589262	-1.712672	-0.163072	-0.320456	0.265775	-0.160082	-0.108221	0.981153	-0.885171	0.455638	-0.094165	-0.436860	-0.883562	-0.168734
43264	9.640875	-1.348939	-1.885117	-0.107011	-0.303094	0.250071	-0.163578	-0.109780	0.980403	-0.884292	0.456879	-0.096383	-0.437344	-0.882729	-0.171813
43265	9.614699	-1.242169	-2.105964	-0.109648	-0.292846	0.234598	-0.166889	-0.111300	0.979674	-0.883422	0.458120	-0.098446	-0.437851	-0.881895	-0.174780
43266	9.591888	-1.292582	-2.086148	-0.139333	-0.283102	0.218649	-0.170021	-0.112811	0.978962	-0.882428	0.459633	-0.100290	-0.438649	-0.880915	-0.177695
43267	9.696096	-1.472178	-2.343780	-0.105390	-0.264638	0.198663	-0.172892	-0.114236	0.978294	-0.881623	0.460801	-0.101999	-0.439147	-0.880121	-0.180382
43268	9.697861	-1.439235	-2.662665	-0.069771	-0.227575	0.179623	-0.175435	-0.115431	0.977700	-0.880994	0.461650	-0.103578	-0.439399	-0.879520	-0.182684
43269	9.617934	-1.408152	-2.784519	-0.075093	-0.196367	0.159452	-0.177659	-0.116430	0.977180	-0.880381	0.462509	-0.104952	-0.439735	-0.878936	-0.184672
43270	9.614590	-1.225532	-2.871647	-0.069075	-0.173686	0.150989	-0.179713	-0.117280	0.976703	-0.879798	0.463321	-0.106248	-0.440067	-0.878395	-0.186448
43271	9.580233	-1.114465	-2.816893	-0.095050	-0.137363	0.141764	-0.181522	-0.117838	0.976301	-0.879121	0.464337	-0.107408	-0.440676	-0.877784	-0.187881
43272	9.611484	-1.112842	-2.617928	-0.115577	-0.114247	0.136363	-0.183186	-0.118229	0.975943	-0.878353	0.465543	-0.108471	-0.441519	-0.877093	-0.189128
43273	9.702010	-0.974524	-2.579752	-0.104797	-0.076182	0.137670	-0.184688	-0.118265	0.975656	-0.877635	0.466639	-0.109569	-0.442321	-0.876505	-0.189976
43274	9.625392	-1.023185	-2.474358	-0.111350	-0.061286	0.133053	-0.186090	-0.118202	0.975397	-0.876882	0.467809	-0.110604	-0.443226	-0.875890	-0.190704
43275	9.585955	-0.187628	-2.433974	-0.113633	-0.040165	0.114987	-0.187233	-0.118025	0.975199	-0.876161	0.468954	-0.111462	-0.444168	-0.875301	-0.191212
43276	10.143276	-2.208916	-2.642673	-0.222030	-0.007490	0.125636	-0.188329	-0.117522	0.975049	-0.874922	0.471083	-0.112211	-0.446142	-0.874225	-0.191541
43277	9.356854	-0.885887	-1.903770	-0.015735	0.047151	0.112214	-0.189058	-0.116591	0.975020	-0.874639	0.471367	-0.113228	-0.446390	-0.874197	-0.191090
43278	9.474033	-0.924089	-1.850578	-0.114454	0.008535	0.119284	-0.190025	-0.115977	0.974905	-0.873891	0.472537	-0.114122	-0.447443	-0.873647	-0.191146
43279	9.515279	-0.956142	-1.646896	-0.146505	0.001804	0.117057	-0.190996	-0.115418	0.974782	-0.873010	0.473966	-0.114936	-0.448748	-0.872946	-0.191287
43280	9.436292	-1.350147	-0.908693	-0.189855	-0.034425	0.112825	-0.192099	-0.115204	0.974590	-0.871926	0.475791	-0.115621	-0.450382	-0.871981	-0.191849
43281	9.437695	-1.479173	-0.711963	-0.159634	-0.068917	0.111199	-0.193336	-0.115285	0.974336	-0.870990	0.477325	-0.116351	-0.451662	-0.871131	-0.192696
43282	9.293089	-1.500285	-0.318488	-0.201954	-0.111426	0.102184	-0.194692	-0.115790	0.974006	-0.869868	0.479231	-0.116905	-0.453237	-0.870017	-0.194024
43283	9.081718	-1.746585	-0.305541	-0.196395	-0.178619	0.092410	-0.196263	-0.116909	0.973557	-0.868795	0.481060	-0.117376	-0.454617	-0.868857	-0.195985
43284	9.066026	-1.644277	-0.125575	-0.194008	-0.265123	0.084502	-0.198166	-0.118826	0.972939	-0.867736	0.482873	-0.117765	-0.455812	-0.867591	-0.198798
43285	8.931008	-1.610218	-0.043943	-0.185355	-0.354467	0.081349	-0.200446	-0.121516	0.972140	-0.866726	0.484591	-0.118137	-0.456735	-0.866259	-0.202455
43286	8.781105	-2.111831	0.221759	-0.245369	-0.456991	0.063847	-0.203051	-0.125178	0.971134	-0.865462	0.486829	-0.118205	-0.457979	-0.864481	-0.207188
43287	9.018074	-1.904598	0.256806	-0.146404	-0.545483	0.053973	-0.205974	-0.129637	0.969932	-0.864680	0.488176	-0.118375	-0.458152	-0.863063	-0.212646
43288	9.011193	-1.701333	0.227197	-0.153358	-0.634461	0.048224	-0.209260	-0.134888	0.968512	-0.863866	0.489594	-0.118463	-0.458199	-0.861454	-0.218977
43289	9.370915	-1.237587	0.017632	-0.146224	-0.726016	0.058460	-0.213048	-0.140860	0.966835	-0.863072	0.490946	-0.118656	-0.457950	-0.859727	-0.226167
43290	9.492700	-0.614453	-0.327241	-0.194074	-0.802434	0.073491	-0.217317	-0.147405	0.964907	-0.862019	0.492740	-0.118871	-0.457926	-0.857601	-0.234146
43291	9.344239	-0.758951	-0.780745	-0.238003	-0.876177	0.079471	-0.221972	-0.154527	0.962731	-0.860754	0.494910	-0.119022	-0.458073	-0.855094	-0.242865
43292	9.213187	-1.080262	-1.096888	-0.225300	-0.953322	0.071490	-0.226913	-0.162325	0.960292	-0.859555	0.496971	-0.119102	-0.457904	-0.852450	-0.252296
43293	9.515592	-1.432839	-1.341484	-0.150598	-1.014494	0.049559	-0.231936	-0.170725	0.957632	-0.858752	0.498347	-0.119143	-0.456892	-0.850002	-0.262195
43294	9.981746	-1.555639	-1.625924	-0.071851	-1.041957	0.037222	-0.236968	-0.179396	0.954811	-0.858328	0.499049	-0.119258	-0.455103	-0.847801	-0.272239
43295	10.152687	-1.196239	-1.972597	-0.046914	-1.041724	0.036259	-0.241966	-0.188047	0.951888	-0.858029	0.499524	-0.119426	-0.453033	-0.845644	-0.282218
43296	9.951332	-0.878763	-2.010868	-0.191362	-1.069507	0.040614	-0.247117	-0.196879	0.948774	-0.857051	0.501251	-0.119213	-0.452103	-0.842607	-0.292603
43297	9.736065	-1.257405	-2.073679	-0.366998	-1.121899	0.036650	-0.252463	-0.206137	0.945394	-0.855300	0.504420	-0.118418	-0.452465	-0.838492	-0.303656
43298	9.926513	-1.319376	-1.869745	-0.412611	-1.163743	0.029682	-0.257948	-0.215724	0.941767	-0.853343	0.507965	-0.117372	-0.453065	-0.833927	-0.315115
43299	9.924959	-1.236550	-1.632512	-0.441535	-1.212879	0.020065	-0.263575	-0.225719	0.937859	-0.851290	0.511690	-0.116095	-0.453688	-0.828990	-0.327021
43300	9.782461	-1.016645	-1.253020	-0.396671	-1.267286	0.009682	-0.269372	-0.236146	0.933635	-0.849448	0.515029	-0.114815	-0.453736	-0.824002	-0.339328
43301	9.664956	-1.213161	-1.001006	-0.370846	-1.350877	-0.003096	-0.275430	-0.247271	0.928976	-0.847777	0.518076	-0.113456	-0.453225	-0.818813	-0.352324
43302	9.909804	-1.610223	-0.522913	-0.292627	-1.459817	-0.030964	-0.281737	-0.259346	0.923777	-0.846521	0.520426	-0.112068	-0.451693	-0.813570	-0.366165
43303	10.203322	-1.365767	-0.014024	-0.103103	-1.576944	-0.057102	-0.288307	-0.272449	0.917960	-0.846222	0.521117	-0.111109	-0.448093	-0.808832	-0.380793
43304	10.495767	-0.732715	0.049548	0.047291	-1.716464	-0.062292	-0.295388	-0.286615	0.911371	-0.846601	0.520595	-0.110674	-0.442734	-0.804259	-0.396426
43305	10.655432	0.017203	-0.143079	0.094293	-1.842760	-0.056443	-0.302969	-0.301697	0.903985	-0.847187	0.519678	-0.110495	-0.436445	-0.799321	-0.413040
43306	10.777941	0.565116	-0.533605	0.051852	-1.973046	-0.035161	-0.311186	-0.317581	0.895715	-0.847498	0.519202	-0.110348	-0.430012	-0.793456	-0.430717
43307	10.851182	0.660795	-0.794093	-0.066449	-2.082021	-0.013944	-0.319917	-0.334113	0.886579	-0.847262	0.519685	-0.109883	-0.424028	-0.786318	-0.449337
43308	10.906435	0.321919	-0.799963	-0.202828	-2.195681	0.005600	-0.329186	-0.351235	0.876511	-0.846362	0.521345	-0.108950	-0.418697	-0.777710	-0.468891
43309	11.372500	0.056332	-0.751046	-0.230465	-2.312953	0.025930	-0.338982	-0.368991	0.865411	-0.845322	0.523222	-0.108024	-0.412942	-0.768170	-0.489279
43310	12.059436	0.713653	-0.484256	-0.207869	-2.432875	0.094726	-0.349719	-0.387034	0.853171	-0.844118	0.525220	-0.107747	-0.406401	-0.757858	-0.510382
43311	12.395469	1.226023	-0.356148	-0.255805	-2.534315	0.206033	-0.361629	-0.405026	0.839749	-0.842360	0.527960	-0.108109	-0.399566	-0.746467	-0.532103
43312	12.399069	1.548915	-0.483428	-0.250022	-2.645139	0.337829	-0.374922	-0.422779	0.825040	-0.840085	0.531286	-0.109510	-0.392034	-0.734161	-0.554361
43313	12.429563	1.451935	-1.456081	-0.422948	-2.719307	0.440591	-0.389144	-0.440216	0.809182	-0.836766	0.536261	-0.110669	-0.385214	-0.720162	-0.577041
43314	12.194900	0.355089	-2.404986	-0.632672	-2.782895	0.485292	-0.403831	-0.457360	0.792302	-0.832366	0.543043	-0.110778	-0.379589	-0.704220	-0.599988
43315	11.914063	-1.955656	-3.772444	-0.681816	-2.805320	0.460351	-0.418180	-0.474381	0.774654	-0.827915	0.549927	-0.110168	-0.373742	-0.687418	-0.622715
43316	11.182440	-3.463423	-4.866703	-0.340049	-2.821011	0.394200	-0.431869	-0.491299	0.756383	-0.824908	0.554265	-0.110979	-0.364713	-0.671875	-0.644646
43317	10.941496	-3.269159	-5.888120	-0.038517	-2.809435	0.280991	-0.444224	-0.508432	0.737674	-0.823550	0.555919	-0.112779	-0.352747	-0.657610	-0.665672
43318	10.068782	-2.716545	-6.632312	0.081401	-2.868550	0.171814	-0.455607	-0.526030	0.718132	-0.822963	0.556430	-0.114531	-0.339344	-0.643177	-0.686417
43319	9.950587	-2.329530	-6.942190	0.184634	-2.874091	0.093322	-0.465878	-0.543808	0.698019	-0.823158	0.555746	-0.116432	-0.324605	-0.628823	-0.706550
43320	9.959349	-1.522909	-6.596198	0.304868	-2.799118	0.024321	-0.475009	-0.560964	0.678001	-0.823904	0.554151	-0.118737	-0.309108	-0.615009	-0.725408
43321	8.942783	-1.317527	-5.846310	0.364166	-2.636713	-0.051208	-0.482493	-0.577310	0.658722	-0.825261	0.551632	-0.121022	-0.293505	-0.602010	-0.742590
43322	7.954890	-1.338259	-6.637140	0.425251	-2.462008	-0.131169	-0.488554	-0.592551	0.640468	-0.826976	0.548546	-0.123318	-0.278254	-0.589899	-0.758020
43323	7.102430	-1.064104	-6.557504	0.417175	-2.188180	-0.175139	-0.492998	-0.606315	0.623967	-0.828982	0.545045	-0.125356	-0.264084	-0.579058	-0.771331
43324	6.575074	-0.613680	-6.599922	0.387022	-1.893181	-0.206822	-0.496085	-0.618322	0.609572	-0.831040	0.541511	-0.127038	-0.251540	-0.569600	-0.782486
43325	6.300468	-0.545744	-7.568631	0.282117	-1.568525	-0.237592	-0.497936	-0.628491	0.597544	-0.832932	0.538420	-0.127780	-0.241421	-0.561340	-0.791589
43326	6.113307	-1.851991	-8.466621	0.296574	-1.286709	-0.239424	-0.498911	-0.636968	0.587673	-0.834865	0.535205	-0.128669	-0.232567	-0.554822	-0.798802
43327	7.505947	-1.192204	-6.138360	0.477680	-0.860137	-0.267831	-0.498598	-0.643171	0.581146	-0.837309	0.530832	-0.130887	-0.224308	-0.551859	-0.803205
43328	8.903461	-0.408340	-4.875402	0.679155	-0.328030	-0.376576	-0.496084	-0.646982	0.579064	-0.840718	0.524602	-0.134111	-0.217011	-0.553360	-0.804176
43329	8.621014	-0.767136	-5.281983	0.907563	0.169275	-0.494808	-0.491512	-0.648631	0.581114	-0.845117	0.516332	-0.138486	-0.210221	-0.559176	-0.801953
43330	7.868374	-0.740175	-5.922742	1.157285	0.585769	-0.630653	-0.484872	-0.648559	0.586746	-0.850628	0.505663	-0.144003	-0.203302	-0.568926	-0.796864
43331	7.616679	-0.607557	-6.038977	1.262880	0.968265	-0.784781	-0.476193	-0.646924	0.595592	-0.856944	0.493300	-0.149336	-0.197197	-0.581502	-0.789284
43332	7.748850	-0.071620	-5.583969	1.255370	1.365773	-0.919286	-0.465534	-0.643358	0.607756	-0.863761	0.479923	-0.153595	-0.192860	-0.596460	-0.779128
43333	7.797660	0.343061	-5.078350	1.132458	1.774764	-1.006458	-0.453358	-0.637400	0.623047	-0.870576	0.466613	-0.156109	-0.191218	-0.613183	-0.766448
43334	7.686662	0.614908	-4.939975	0.918901	2.160930	-1.052627	-0.439920	-0.628803	0.641153	-0.877081	0.454178	-0.156370	-0.192872	-0.631133	-0.751313
43335	7.544316	1.168199	-5.010353	0.564864	2.512020	-1.079799	-0.425458	-0.617580	0.661499	-0.882874	0.443819	-0.153487	-0.198795	-0.649323	-0.734071
43336	7.311523	1.249247	-5.172819	0.093602	2.822890	-1.085683	-0.409985	-0.603775	0.683643	-0.887637	0.436520	-0.146800	-0.209790	-0.667013	-0.714900
