// General information: 
//  MT Manager version: 2022.2.0 
//  XDA version: 2022.2.0 build 7381 rev 124627 built on 2023-07-19
// Device information: 
//  DeviceId: 00B4CB9F
//  ProductCode: MTW2-3A7G6
//  Firmware Version: 4.6.0
//  Hardware Version: 2.0.0
// Device settings: 
//  Filter Profile: human(46.1)
//  Option Flags: Orientation Smoother Disabled, Position/Velocity Smoother Disabled, Continuous Zero Rotation Update Disabled, AHS Disabled, ICC Disabled
// Coordinate system: ENU
PacketCounter	Acc_X	Acc_Y	Acc_Z	Gyr_X	Gyr_Y	Gyr_Z	Mat[1][1]	Mat[2][1]	Mat[3][1]	Mat[1][2]	Mat[2][2]	Mat[3][2]	Mat[1][3]	Mat[2][3]	Mat[3][3]
09139	9.568419	1.089931	1.892640	-0.008222	0.003589	0.001352	0.212688	0.015582	0.976996	-0.558297	0.822527	0.108421	-0.801916	-0.568513	0.183641
09140	9.533820	1.029433	1.851077	-0.019112	0.002508	0.004184	0.212624	0.015645	0.977009	-0.558203	0.822605	0.108308	-0.801998	-0.568398	0.183638
09141	9.571477	0.967622	1.821881	-0.019927	0.001088	0.013603	0.212488	0.015767	0.977036	-0.558120	0.822688	0.108105	-0.802092	-0.568274	0.183612
09142	9.536342	1.021618	1.885565	-0.006351	-0.002208	0.008201	0.212364	0.015838	0.977062	-0.558132	0.822697	0.107974	-0.802116	-0.568259	0.183551
09143	9.536472	1.020869	1.885315	-0.006716	-0.004422	0.004940	0.212233	0.015857	0.977090	-0.558136	0.822707	0.107880	-0.802148	-0.568245	0.183456
09144	9.533647	0.968370	1.947304	-0.015433	-0.001178	0.004732	0.212137	0.015902	0.977111	-0.558065	0.822769	0.107770	-0.802223	-0.568153	0.183414
09145	9.554292	0.924455	1.921313	-0.019768	-0.007375	-0.003737	0.212031	0.015833	0.977135	-0.557946	0.822854	0.107737	-0.802334	-0.568032	0.183304
09146	9.570223	0.928282	1.973040	-0.006531	-0.002703	0.002934	0.211933	0.015857	0.977156	-0.557948	0.822863	0.107658	-0.802358	-0.568018	0.183239
09147	9.545093	0.981862	1.930469	-0.001992	-0.003832	0.008304	0.211787	0.015908	0.977186	-0.557997	0.822845	0.107541	-0.802363	-0.568042	0.183145
09148	9.580492	0.925766	1.866369	0.006595	-0.005208	0.010212	0.211626	0.015978	0.977220	-0.558119	0.822779	0.107413	-0.802320	-0.568137	0.183039
09149	9.554889	0.921943	1.919554	0.024451	-0.005897	0.013581	0.211435	0.016060	0.977260	-0.558392	0.822610	0.107292	-0.802181	-0.568379	0.182896
09150	9.536944	0.959273	1.978569	0.045286	-0.003296	0.019034	0.211242	0.016214	0.977299	-0.558844	0.822321	0.107150	-0.801917	-0.568793	0.182770
09151	9.508374	1.075999	2.103741	0.034881	0.006239	0.017242	0.211127	0.016395	0.977321	-0.559208	0.822092	0.107013	-0.801693	-0.569119	0.182734
09152	9.512486	1.142965	2.131956	0.019328	0.009385	0.009133	0.211090	0.016537	0.977327	-0.559431	0.821952	0.106922	-0.801547	-0.569317	0.182757
09153	9.487703	1.118463	2.130691	-0.004559	0.008951	0.002991	0.211077	0.016616	0.977328	-0.559448	0.821949	0.106851	-0.801539	-0.569319	0.182790
09154	9.557331	1.122677	2.110226	-0.021733	0.011710	-0.000824	0.211117	0.016692	0.977318	-0.559319	0.822046	0.106782	-0.801619	-0.569176	0.182884
09155	9.521809	1.140862	2.029593	-0.028640	0.017065	-0.007332	0.211226	0.016733	0.977294	-0.559121	0.822183	0.106768	-0.801728	-0.568978	0.183022
09156	9.482669	1.185894	1.971217	-0.039524	0.017212	-0.011777	0.211366	0.016754	0.977263	-0.558834	0.822377	0.106768	-0.801891	-0.568696	0.183186
09157	9.513917	1.157189	1.931656	-0.058374	0.015983	-0.011007	0.211488	0.016758	0.977237	-0.558390	0.822683	0.106735	-0.802168	-0.568253	0.183345
09158	9.586326	1.040957	1.840690	-0.063858	0.017548	-0.005269	0.211599	0.016829	0.977212	-0.557914	0.823020	0.106634	-0.802470	-0.567764	0.183539
09159	9.574740	0.853079	1.849492	-0.059702	0.023239	-0.002072	0.211729	0.016948	0.977181	-0.557478	0.823331	0.106511	-0.802739	-0.567308	0.183771
09160	9.535636	0.724467	1.782226	-0.038011	0.028391	0.008223	0.211851	0.017193	0.977151	-0.557237	0.823519	0.106321	-0.802874	-0.567028	0.184044
09161	9.533003	0.728758	1.750466	-0.015338	0.015029	0.005210	0.211874	0.017325	0.977143	-0.557172	0.823577	0.106209	-0.802913	-0.566940	0.184148
09162	9.591066	0.796548	1.705727	0.009631	0.002897	0.004738	0.211809	0.017399	0.977156	-0.557311	0.823492	0.106140	-0.802834	-0.567061	0.184119
09163	9.631556	0.996765	1.769665	0.021526	-0.004373	0.003943	0.211684	0.017410	0.977183	-0.557539	0.823341	0.106108	-0.802708	-0.567279	0.183995
09164	9.611638	1.134559	1.844590	0.009106	-0.008841	-0.004891	0.211577	0.017333	0.977208	-0.557653	0.823261	0.106136	-0.802657	-0.567398	0.183849
09165	9.410448	1.219756	1.818427	-0.015342	-0.004172	-0.011227	0.211538	0.017221	0.977218	-0.557553	0.823322	0.106184	-0.802737	-0.567313	0.183766
09166	9.720830	1.189427	1.931792	-0.051207	-0.023839	-0.010936	0.211347	0.017009	0.977263	-0.557166	0.823587	0.106161	-0.803056	-0.566934	0.183539
09167	9.661800	1.105277	1.886604	-0.064556	-0.006214	-0.006758	0.211267	0.016922	0.977282	-0.556680	0.823927	0.106076	-0.803414	-0.566444	0.183488
09168	9.573094	1.043966	1.918670	-0.069554	0.005960	-0.005627	0.211286	0.016925	0.977278	-0.556157	0.824294	0.105965	-0.803771	-0.565909	0.183575
09169	9.545195	0.967261	1.979930	-0.078258	0.010426	-0.013123	0.211375	0.016880	0.977259	-0.555547	0.824711	0.105916	-0.804169	-0.565302	0.183701
09170	9.510296	0.906981	1.939515	-0.081754	0.014577	-0.008418	0.211478	0.016910	0.977236	-0.554921	0.825147	0.105808	-0.804575	-0.564665	0.183884
09171	9.564098	0.734768	1.857674	-0.070323	0.018347	-0.002704	0.211573	0.016996	0.977214	-0.554396	0.825517	0.105672	-0.804911	-0.564122	0.184079
09172	9.493896	0.728982	1.881243	-0.041277	0.017384	0.001454	0.211645	0.017120	0.977197	-0.554113	0.825723	0.105546	-0.805087	-0.563815	0.184246
09173	9.520003	0.825529	1.879403	-0.012959	0.012023	-0.000915	0.211678	0.017184	0.977188	-0.554054	0.825769	0.105498	-0.805119	-0.563747	0.184318
09174	9.506207	0.989064	1.872972	-0.001983	0.008927	-0.012398	0.211760	0.017147	0.977171	-0.554055	0.825758	0.105578	-0.805097	-0.563764	0.184363
09175	9.535799	1.233143	1.858856	-0.006584	0.005229	-0.010214	0.211791	0.017096	0.977165	-0.554028	0.825769	0.105633	-0.805107	-0.563749	0.184362
09176	9.601792	1.265197	1.860421	-0.028600	0.009238	-0.015740	0.211891	0.017037	0.977145	-0.553813	0.825905	0.105693	-0.805228	-0.563551	0.184438
09177	9.569172	1.200739	1.853499	-0.054173	0.013811	-0.016256	0.212025	0.016985	0.977117	-0.553390	0.826186	0.105719	-0.805484	-0.563142	0.184571
09178	9.614486	1.103369	1.871732	-0.078932	0.018577	-0.018927	0.212217	0.016946	0.977076	-0.552764	0.826604	0.105722	-0.805863	-0.562529	0.184787
09179	9.557093	1.014396	1.863616	-0.085032	0.022877	-0.020329	0.212446	0.016911	0.977027	-0.552083	0.827058	0.105730	-0.806270	-0.561862	0.185041
09180	9.550272	0.952762	1.804317	-0.083682	0.025736	-0.013948	0.212667	0.016957	0.976978	-0.551432	0.827500	0.105672	-0.806657	-0.561209	0.185333
09181	9.527056	0.829083	1.788356	-0.074112	0.025037	-0.008902	0.212850	0.017029	0.976936	-0.550862	0.827890	0.105588	-0.806998	-0.560632	0.185597
09182	9.530199	0.802579	1.768928	-0.058426	0.021293	-0.009732	0.213015	0.017081	0.976900	-0.550419	0.828191	0.105539	-0.807257	-0.560185	0.185819
09183	9.559724	0.873619	1.745802	-0.043968	0.011564	-0.011399	0.213104	0.017056	0.976881	-0.550087	0.828412	0.105536	-0.807460	-0.559859	0.185920
09184	9.614507	0.890376	1.763815	-0.032640	0.009440	-0.012331	0.213188	0.017021	0.976863	-0.549845	0.828569	0.105560	-0.807602	-0.559628	0.186000
09185	9.631505	0.967437	1.811983	-0.033266	0.010957	-0.012188	0.213276	0.016986	0.976844	-0.549598	0.828730	0.105584	-0.807747	-0.559391	0.186084
09186	9.599310	0.996371	1.855121	-0.039833	0.005894	-0.016285	0.213353	0.016900	0.976829	-0.549289	0.828929	0.105631	-0.807937	-0.559098	0.186138
09187	9.614629	1.000530	1.908530	-0.045442	0.010535	-0.016111	0.213458	0.016831	0.976807	-0.548935	0.829159	0.105670	-0.808150	-0.558760	0.186230
09188	9.612630	0.927952	1.915436	-0.047643	0.015212	-0.011968	0.213588	0.016832	0.976779	-0.548569	0.829402	0.105661	-0.808364	-0.558398	0.186384
09189	9.512438	0.851873	1.963685	-0.042383	0.019718	-0.007296	0.213720	0.016886	0.976749	-0.548258	0.829613	0.105620	-0.808540	-0.558084	0.186563
09190	9.494904	0.868988	1.969855	-0.027137	0.019253	-0.009951	0.213870	0.016926	0.976715	-0.548064	0.829740	0.105630	-0.808632	-0.557894	0.186733
09191	9.483369	0.947912	2.038658	-0.016436	0.018662	-0.010724	0.214012	0.016946	0.976684	-0.547956	0.829806	0.105671	-0.808668	-0.557795	0.186874
09192	9.502190	1.020041	2.121519	-0.019718	0.015730	-0.030667	0.214246	0.016793	0.976635	-0.547780	0.829894	0.105897	-0.808725	-0.557669	0.187000
09193	9.503049	1.095659	2.118316	-0.042894	0.017286	-0.037394	0.214522	0.016584	0.976578	-0.547400	0.830112	0.106149	-0.808909	-0.557351	0.187155
09194	9.537976	1.137451	2.107405	-0.068053	0.016212	-0.043127	0.214829	0.016333	0.976515	-0.546803	0.830473	0.106404	-0.809231	-0.556820	0.187341
09195	9.523774	1.130796	2.091581	-0.091739	0.016130	-0.044175	0.215134	0.016061	0.976453	-0.546013	0.830963	0.106631	-0.809683	-0.556096	0.187537
09196	9.539969	1.116230	2.090431	-0.112434	0.020601	-0.050377	0.215516	0.015767	0.976373	-0.545043	0.831568	0.106879	-0.810235	-0.555199	0.187810
09197	9.522568	1.056569	2.136680	-0.121635	0.023422	-0.052224	0.215922	0.015468	0.976288	-0.543992	0.832224	0.107128	-0.810833	-0.554224	0.188110
09198	9.493415	0.968117	2.108255	-0.132515	0.021196	-0.063789	0.216378	0.015073	0.976193	-0.542831	0.832939	0.107460	-0.811490	-0.553160	0.188411
09199	9.468689	0.867978	2.147480	-0.127123	0.023816	-0.060849	0.216833	0.014702	0.976098	-0.541715	0.833623	0.107782	-0.812113	-0.552137	0.188722
09200	9.479235	0.793182	2.083123	-0.116161	0.018236	-0.057810	0.217235	0.014334	0.976014	-0.540692	0.834247	0.108092	-0.812687	-0.551205	0.188978
09201	9.507655	0.715328	2.104292	-0.093478	0.016377	-0.052630	0.217585	0.013990	0.975941	-0.539866	0.834742	0.108397	-0.813143	-0.550463	0.189180
09202	9.569612	0.683097	2.078443	-0.070610	0.016277	-0.049422	0.217928	0.013680	0.975869	-0.539226	0.835115	0.108711	-0.813475	-0.549905	0.189372
09203	9.557741	0.671439	2.096209	-0.050428	0.021812	-0.050873	0.218312	0.013381	0.975787	-0.538753	0.835372	0.109079	-0.813686	-0.549522	0.189581
09204	9.509286	0.700238	2.088340	-0.034407	0.018072	-0.055360	0.218697	0.013036	0.975706	-0.538401	0.835542	0.109515	-0.813815	-0.549272	0.189749
09205	9.508567	0.704709	2.090109	-0.022285	0.014946	-0.051124	0.219026	0.012696	0.975636	-0.538156	0.835644	0.109939	-0.813889	-0.549124	0.189860
09206	9.493524	0.779391	2.035153	-0.009937	0.017154	-0.049138	0.219373	0.012395	0.975562	-0.538013	0.835680	0.110364	-0.813890	-0.549076	0.189995
09207	9.499978	0.825227	2.043619	0.003478	0.012315	-0.052476	0.219688	0.012030	0.975496	-0.537975	0.835641	0.110850	-0.813831	-0.549145	0.190052
09208	9.470889	0.984313	2.021460	0.007276	0.003229	-0.053399	0.219940	0.011620	0.975444	-0.537968	0.835579	0.111346	-0.813767	-0.549247	0.190029
09209	9.459202	1.140645	2.085151	-0.013287	0.003495	-0.068374	0.220269	0.011073	0.975376	-0.537757	0.835633	0.111955	-0.813817	-0.549176	0.190019
09210	9.488827	1.139113	2.099977	-0.062440	-0.000108	-0.078634	0.220629	0.010434	0.975302	-0.537126	0.835958	0.112564	-0.814137	-0.548695	0.190041
09211	9.503293	0.968326	2.014497	-0.104672	-0.006799	-0.075373	0.220911	0.009772	0.975245	-0.536155	0.836513	0.113067	-0.814700	-0.547861	0.190034
09212	9.480166	0.703577	2.001461	-0.102789	-0.012673	-0.068594	0.221115	0.009146	0.975205	-0.535215	0.837056	0.113502	-0.815263	-0.547041	0.189980
09213	9.583021	0.534311	1.979446	-0.072043	-0.017354	-0.055675	0.221203	0.008591	0.975190	-0.534553	0.837428	0.113876	-0.815673	-0.546480	0.189834
09214	9.557595	0.607001	2.027686	-0.031636	-0.015116	-0.059703	0.221340	0.008025	0.975164	-0.534210	0.837581	0.114360	-0.815861	-0.546255	0.189677
09215	9.541805	0.788796	2.113081	-0.004026	-0.011862	-0.067569	0.221536	0.007400	0.975124	-0.534076	0.837582	0.114979	-0.815895	-0.546262	0.189507
09216	9.477004	0.910098	2.101617	0.002390	-0.024368	-0.083702	0.221723	0.006584	0.975087	-0.533959	0.837548	0.115760	-0.815920	-0.546324	0.189219
09217	9.410138	1.051861	2.146125	0.001113	-0.023641	-0.090434	0.221945	0.005703	0.975042	-0.533816	0.837521	0.116612	-0.815954	-0.546375	0.188928
09218	9.382580	1.161278	2.340052	-0.031531	-0.034319	-0.103386	0.222156	0.004664	0.975000	-0.533381	0.837671	0.117525	-0.816181	-0.546155	0.188582
09219	9.588960	1.063274	2.339024	-0.054183	-0.029090	-0.108929	0.222432	0.003599	0.974942	-0.532745	0.837945	0.118452	-0.816521	-0.545743	0.188303
09220	9.511094	0.937930	2.264841	-0.069837	-0.016145	-0.101679	0.222785	0.002673	0.974864	-0.531993	0.838306	0.119277	-0.816915	-0.545194	0.188184
09221	9.440165	0.792656	2.293082	-0.068507	-0.009739	-0.095501	0.223145	0.001825	0.974783	-0.531269	0.838655	0.120047	-0.817288	-0.544660	0.188111
09222	9.378333	0.815555	2.264623	-0.044309	-0.004184	-0.100369	0.223583	0.000979	0.974684	-0.530734	0.838871	0.120902	-0.817516	-0.544330	0.188077
09223	9.355323	0.840752	2.110146	-0.025870	-0.015579	-0.103531	0.223937	0.000032	0.974604	-0.530340	0.838986	0.121830	-0.817675	-0.544153	0.187897
09224	9.393703	0.852202	1.982453	0.008617	-0.030548	-0.111188	0.224215	-0.001050	0.974539	-0.530214	0.838911	0.122892	-0.817680	-0.544268	0.187540
09225	9.386712	0.968403	1.964077	0.030325	-0.038709	-0.115911	0.224446	-0.002227	0.974484	-0.530250	0.838718	0.124046	-0.817593	-0.544562	0.187065
09226	9.217817	1.173293	1.919036	0.015024	-0.064631	-0.125933	0.224522	-0.003616	0.974462	-0.530144	0.838604	0.125260	-0.817641	-0.544729	0.186369
09227	9.446365	1.244347	1.782519	-0.030476	-0.115399	-0.132728	0.224214	-0.005351	0.974525	-0.529646	0.838738	0.126464	-0.818048	-0.544508	0.185223
09228	9.775066	1.143445	1.462188	-0.066653	-0.135660	-0.125626	0.223709	-0.007125	0.974630	-0.528869	0.839067	0.127527	-0.818689	-0.543981	0.183939
09229	9.792140	0.953026	1.180800	-0.085618	-0.151206	-0.115083	0.223011	-0.008907	0.974775	-0.527960	0.839498	0.128459	-0.819466	-0.543290	0.182515
09230	9.889833	0.756356	1.101973	-0.087375	-0.165595	-0.100860	0.222126	-0.010637	0.974960	-0.527072	0.839935	0.129247	-0.820278	-0.542583	0.180965
09231	9.842446	0.747645	1.227536	-0.069203	-0.166100	-0.101185	0.221229	-0.012381	0.975143	-0.526328	0.840273	0.130076	-0.820997	-0.542022	0.179376
09232	9.729877	0.865073	1.435616	-0.054475	-0.158179	-0.113303	0.220463	-0.014174	0.975292	-0.525682	0.840527	0.131044	-0.821617	-0.541584	0.177854
09233	9.566574	0.885585	1.664872	-0.052194	-0.166487	-0.117409	0.219644	-0.016056	0.975448	-0.525043	0.840767	0.132064	-0.822245	-0.541159	0.176239
09234	9.578836	0.847065	1.992317	-0.046498	-0.158027	-0.111385	0.218866	-0.017829	0.975592	-0.524469	0.840973	0.133029	-0.822818	-0.540783	0.174709
09235	9.465627	0.842500	2.232055	-0.029428	-0.149125	-0.099238	0.218091	-0.019463	0.975734	-0.524059	0.841088	0.133912	-0.823285	-0.540547	0.173234
09236	9.318415	0.978336	2.361718	0.002182	-0.141092	-0.096688	0.217379	-0.021022	0.975861	-0.523912	0.841035	0.134823	-0.823567	-0.540573	0.171810
09237	9.329826	1.022704	2.389698	0.027103	-0.138688	-0.103678	0.216712	-0.022638	0.975973	-0.523958	0.840841	0.135847	-0.823713	-0.540809	0.170359
09238	9.318012	1.183281	2.441797	0.061903	-0.133259	-0.109582	0.216129	-0.024260	0.976063	-0.524281	0.840456	0.136981	-0.823661	-0.541337	0.168927
09239	9.297746	1.291498	2.396419	0.092928	-0.120622	-0.116232	0.215677	-0.025884	0.976122	-0.524844	0.839898	0.138238	-0.823421	-0.542126	0.167562
09240	9.231044	1.277361	2.349627	0.122788	-0.120673	-0.114341	0.215227	-0.027480	0.976177	-0.525656	0.839178	0.139520	-0.823021	-0.543161	0.166169
09241	9.509255	1.130212	2.280648	0.157270	-0.115859	-0.100235	0.214734	-0.028944	0.976244	-0.526782	0.838270	0.140724	-0.822429	-0.544486	0.164757
09242	9.510791	0.897947	2.099429	0.214019	-0.092986	-0.085898	0.214362	-0.030152	0.976289	-0.528409	0.837052	0.141874	-0.821482	-0.546292	0.163499
09243	9.260213	0.724718	1.778821	0.266582	-0.093858	-0.070092	0.213895	-0.031247	0.976357	-0.530496	0.835546	0.142958	-0.820258	-0.548531	0.162143
09244	9.443958	0.702344	1.548944	0.333261	-0.123711	-0.045653	0.213069	-0.032290	0.976504	-0.533175	0.833676	0.143903	-0.818734	-0.551309	0.160414
09245	9.711037	0.956501	1.304233	0.428642	-0.138688	-0.031046	0.212033	-0.033310	0.976695	-0.536662	0.831270	0.144855	-0.816722	-0.554869	0.158381
09246	9.734189	1.410379	1.095986	0.496593	-0.150249	-0.034369	0.210931	-0.034410	0.976895	-0.540693	0.828466	0.145928	-0.814346	-0.558981	0.156144
09247	9.821001	1.852918	1.173969	0.471480	-0.136306	-0.043451	0.209990	-0.035529	0.977058	-0.544483	0.825781	0.147049	-0.812060	-0.562870	0.154061
09248	9.814849	2.122897	1.249433	0.405498	-0.109161	-0.052175	0.209330	-0.036558	0.977161	-0.547714	0.823446	0.148140	-0.810056	-0.566215	0.152348
09249	9.684437	2.366493	1.335574	0.320669	-0.083544	-0.059691	0.208913	-0.037519	0.977214	-0.550232	0.821579	0.149175	-0.808455	-0.568859	0.150995
09250	9.556721	2.344420	1.471320	0.224549	-0.054145	-0.067869	0.208790	-0.038367	0.977208	-0.551953	0.820248	0.150134	-0.807313	-0.570719	0.150083
09251	9.425320	2.187058	1.556180	0.145126	-0.033387	-0.080652	0.208899	-0.039215	0.977151	-0.553003	0.819362	0.151105	-0.806566	-0.571933	0.149478
09252	9.326154	1.981718	1.545780	0.101652	-0.024610	-0.095302	0.209170	-0.040118	0.977056	-0.553669	0.818720	0.152147	-0.806039	-0.572790	0.149039
09253	9.344352	1.783682	1.578033	0.086634	-0.027090	-0.103179	0.209455	-0.041114	0.976954	-0.554199	0.818156	0.153250	-0.805601	-0.573525	0.148581
09254	9.325150	1.580740	1.473120	0.063452	-0.039832	-0.099301	0.209623	-0.042137	0.976874	-0.554553	0.817723	0.154272	-0.805313	-0.574068	0.148046
09255	9.405303	1.311009	1.329314	0.042548	-0.060174	-0.090274	0.209571	-0.043217	0.976838	-0.554754	0.817415	0.155181	-0.805188	-0.574426	0.147332
09256	9.559968	1.111475	1.221778	0.053571	-0.076160	-0.082816	0.209359	-0.044314	0.976834	-0.555058	0.817047	0.156028	-0.805034	-0.574865	0.146459
09257	9.679211	1.174128	1.226125	0.082248	-0.080371	-0.080471	0.209091	-0.045430	0.976840	-0.555599	0.816512	0.156899	-0.804730	-0.575538	0.145485
09258	9.711335	1.168694	1.404933	0.081838	-0.076249	-0.093498	0.208940	-0.046619	0.976817	-0.556108	0.815974	0.157894	-0.804418	-0.576206	0.144565
09259	9.716633	1.046331	1.640398	0.087968	-0.061491	-0.104850	0.208961	-0.047826	0.976754	-0.556644	0.815392	0.159010	-0.804042	-0.576931	0.143763
09260	9.623849	0.969332	1.859422	0.110514	-0.050889	-0.108464	0.209093	-0.048985	0.976668	-0.557358	0.814674	0.160184	-0.803512	-0.577847	0.143040
09261	9.558960	1.003002	2.197749	0.126167	-0.037423	-0.103815	0.209304	-0.050044	0.976569	-0.558202	0.813867	0.161343	-0.802872	-0.578892	0.142411
09262	9.578121	1.268697	2.437954	0.133691	-0.023239	-0.108473	0.209663	-0.051040	0.976441	-0.559098	0.813011	0.162548	-0.802154	-0.580006	0.141922
09263	9.554455	1.512822	2.452386	0.175190	0.002212	-0.110911	0.210234	-0.051925	0.976271	-0.560317	0.811911	0.163844	-0.801153	-0.581467	0.141597
09264	9.467637	1.747893	2.384452	0.235249	0.005620	-0.112346	0.210851	-0.052782	0.976092	-0.562010	0.810459	0.165228	-0.799804	-0.583412	0.141222
09265	9.570198	1.794433	2.144476	0.292629	0.000831	-0.108268	0.211399	-0.053651	0.975926	-0.564167	0.808665	0.166662	-0.798139	-0.585817	0.140683
09266	9.675187	1.698727	1.884384	0.346716	0.006956	-0.087336	0.211889	-0.054300	0.975784	-0.566796	0.806556	0.167961	-0.796144	-0.588659	0.140123
09267	9.704836	1.616911	1.811505	0.383467	0.030317	-0.065938	0.212436	-0.054650	0.975646	-0.569751	0.804231	0.169105	-0.793886	-0.591799	0.139711
09268	9.537267	1.710429	1.784245	0.424610	0.034492	-0.055780	0.212969	-0.054877	0.975517	-0.573049	0.801652	0.170201	-0.791365	-0.595266	0.139280
09269	9.475815	1.876081	1.489172	0.475598	0.018695	-0.053675	0.213357	-0.055193	0.975414	-0.576738	0.798757	0.171350	-0.788576	-0.599117	0.138588
09270	8.811529	2.050487	0.961381	0.514834	-0.008201	-0.048932	0.213516	-0.055616	0.975355	-0.580737	0.795607	0.172496	-0.785593	-0.603255	0.137576
09271	9.890968	2.066399	0.685587	0.520306	-0.096042	-0.029922	0.212869	-0.056434	0.975450	-0.584800	0.792414	0.173463	-0.782749	-0.607368	0.135678
09272	9.668510	2.063754	0.427734	0.505757	-0.098581	-0.016368	0.212134	-0.057150	0.975568	-0.588767	0.789294	0.174263	-0.779970	-0.611349	0.133788
09273	9.572054	2.177663	0.585958	0.442253	-0.133490	-0.015493	0.211117	-0.058090	0.975733	-0.592225	0.786547	0.174965	-0.777624	-0.614792	0.131652
09274	9.577468	2.319383	0.960821	0.311554	-0.151474	-0.018617	0.209992	-0.059155	0.975912	-0.594654	0.784590	0.175513	-0.776074	-0.617186	0.129581
09275	9.034386	2.375014	1.306936	0.166310	-0.137802	-0.023783	0.208997	-0.060193	0.976062	-0.595940	0.783522	0.175924	-0.775355	-0.618442	0.127882
09276	9.939938	2.341838	1.825220	0.054651	-0.169287	-0.035285	0.207836	-0.061505	0.976228	-0.596337	0.783136	0.176298	-0.775362	-0.618802	0.126086
09277	9.699525	2.168325	1.736082	0.041185	-0.101922	-0.049749	0.207274	-0.062526	0.976283	-0.596599	0.782823	0.176800	-0.775311	-0.619095	0.124956
09278	9.501819	2.029446	1.876345	0.043853	-0.092911	-0.046512	0.206774	-0.063451	0.976329	-0.596888	0.782497	0.177268	-0.775222	-0.619413	0.123927
09279	9.470416	1.717406	1.965264	0.075028	-0.061109	-0.029544	0.206409	-0.064062	0.976367	-0.597454	0.781986	0.177613	-0.774883	-0.619995	0.123135
09280	9.259622	1.541208	2.038392	0.146509	-0.038128	-0.002572	0.206065	-0.064306	0.976423	-0.598635	0.781045	0.177775	-0.774063	-0.621154	0.122450
09281	9.237004	1.424703	1.954594	0.259238	-0.032207	0.023744	0.205605	-0.064322	0.976519	-0.600734	0.779421	0.177824	-0.772557	-0.623190	0.121613
09282	9.153481	1.550179	1.967477	0.354170	-0.045053	0.043681	0.204935	-0.064252	0.976664	-0.603603	0.777210	0.177786	-0.770496	-0.625952	0.120495
09283	9.173300	1.762712	1.761501	0.410254	-0.071649	0.060967	0.203947	-0.064230	0.976873	-0.606930	0.774647	0.177645	-0.768142	-0.629123	0.119004
09284	9.225402	1.918395	1.455053	0.426085	-0.104665	0.064477	0.202694	-0.064377	0.977124	-0.610375	0.771974	0.177476	-0.765740	-0.632385	0.117180
09285	9.416050	1.975571	1.276778	0.410616	-0.138012	0.067939	0.201154	-0.064730	0.977419	-0.613697	0.769388	0.177253	-0.763487	-0.635494	0.115041
09286	9.526739	2.151088	1.149023	0.372572	-0.155873	0.074688	0.199445	-0.065136	0.977742	-0.616736	0.767034	0.176905	-0.761484	-0.638292	0.112809
09287	9.725923	2.206883	1.174244	0.319004	-0.173429	0.068555	0.197634	-0.065723	0.978070	-0.619344	0.765011	0.176554	-0.759838	-0.640655	0.110488
09288	9.589161	2.244431	1.277189	0.258185	-0.158547	0.052720	0.196042	-0.066324	0.978350	-0.621455	0.763361	0.176276	-0.758526	-0.642558	0.108434
09289	9.650096	2.182388	1.507684	0.208225	-0.146118	0.034029	0.194654	-0.067007	0.978581	-0.623144	0.762017	0.176130	-0.757497	-0.644081	0.106575
09290	9.536242	1.974783	1.703297	0.170462	-0.124450	0.026956	0.193484	-0.067593	0.978772	-0.624534	0.760907	0.176005	-0.756651	-0.645331	0.105009
09291	9.487982	1.651418	1.747618	0.163935	-0.099851	0.041650	0.192400	-0.067924	0.978963	-0.625899	0.759848	0.175732	-0.755800	-0.646542	0.103681
09292	9.422466	1.404107	1.678800	0.223871	-0.091239	0.074644	0.191183	-0.067938	0.979201	-0.627778	0.758422	0.175190	-0.754549	-0.648214	0.102347
09293	9.485669	1.268337	1.564256	0.322568	-0.085628	0.100334	0.189838	-0.067737	0.979476	-0.630444	0.756367	0.174498	-0.752663	-0.650631	0.100883
09294	9.433561	1.421472	1.741314	0.410199	-0.081681	0.112773	0.188454	-0.067411	0.979766	-0.633785	0.753739	0.173766	-0.750201	-0.653707	0.099321
09295	9.312221	1.762618	1.689675	0.475014	-0.088520	0.113304	0.187003	-0.067143	0.980062	-0.637598	0.750673	0.173086	-0.747328	-0.657253	0.097568
09296	9.149626	2.084454	1.498211	0.523313	-0.110739	0.114425	0.185384	-0.067005	0.980379	-0.641760	0.747271	0.172426	-0.744162	-0.661133	0.095531
09297	9.390636	2.291250	1.519188	0.509295	-0.154522	0.119104	0.183401	-0.067146	0.980742	-0.645805	0.743945	0.171701	-0.741147	-0.664859	0.093077
09298	9.503488	2.385512	1.585443	0.466658	-0.163151	0.125694	0.181314	-0.067289	0.981121	-0.649536	0.740887	0.170849	-0.738396	-0.668250	0.090626
09299	9.339270	2.616045	1.642309	0.407114	-0.161752	0.126417	0.179230	-0.067443	0.981493	-0.652808	0.738217	0.169935	-0.736015	-0.671184	0.088283
09300	9.392752	2.774316	1.788235	0.335546	-0.172041	0.121965	0.177105	-0.067693	0.981861	-0.655538	0.736012	0.168987	-0.734101	-0.673576	0.085976
09301	9.704478	2.741134	1.928151	0.275511	-0.162298	0.114755	0.175093	-0.067950	0.982204	-0.657803	0.734202	0.168056	-0.732556	-0.675522	0.083856
09302	9.521695	2.504896	1.878213	0.231944	-0.140577	0.110807	0.173274	-0.068083	0.982518	-0.659739	0.732677	0.167120	-0.731246	-0.677163	0.082037
09303	9.495820	2.247419	2.088635	0.212437	-0.108977	0.123265	0.171595	-0.067925	0.982823	-0.661546	0.731291	0.166044	-0.730008	-0.678675	0.080550
09304	9.404348	2.068224	2.069276	0.220308	-0.087417	0.132783	0.170020	-0.067546	0.983123	-0.663424	0.729852	0.164877	-0.728671	-0.680260	0.079278
09305	9.255729	1.881447	1.955907	0.263279	-0.069681	0.145652	0.168477	-0.066965	0.983428	-0.665629	0.728127	0.163614	-0.727017	-0.682164	0.078098
09306	9.085703	1.884868	2.057983	0.317391	-0.067600	0.169947	0.166796	-0.066184	0.983768	-0.668260	0.726042	0.162148	-0.724988	-0.684458	0.076873
09307	8.801536	2.087315	1.950420	0.356275	-0.078789	0.177681	0.164967	-0.065443	0.984125	-0.671175	0.723686	0.160632	-0.722710	-0.687020	0.075461
09308	8.666409	2.176205	1.518503	0.388680	-0.132657	0.181860	0.162731	-0.065034	0.984525	-0.674318	0.721101	0.159090	-0.720288	-0.689771	0.073492
09309	9.136160	2.131134	1.161379	0.431465	-0.197089	0.197128	0.159913	-0.064985	0.984990	-0.677779	0.718216	0.157422	-0.717665	-0.692779	0.070807
09310	9.150410	2.134972	0.833770	0.449692	-0.238230	0.232442	0.156567	-0.064965	0.985528	-0.681409	0.715215	0.155399	-0.714960	-0.695879	0.067712
09311	9.380175	2.138357	0.763856	0.428499	-0.300761	0.244581	0.152681	-0.065324	0.986114	-0.684887	0.712356	0.153231	-0.712474	-0.698772	0.064024
09312	9.759349	2.081217	0.911166	0.362985	-0.315699	0.259394	0.148597	-0.065684	0.986714	-0.687901	0.709954	0.150857	-0.710431	-0.701178	0.060313
09313	9.727600	2.227812	1.332544	0.274628	-0.318797	0.258425	0.144485	-0.066098	0.987297	-0.690268	0.708166	0.148427	-0.708981	-0.702945	0.056695
09314	9.721996	2.360327	1.787544	0.172911	-0.301067	0.235477	0.140665	-0.066545	0.987818	-0.691871	0.707074	0.146155	-0.708187	-0.704002	0.053420
09315	9.511861	2.379628	2.108838	0.090144	-0.284518	0.208732	0.137137	-0.067082	0.988278	-0.692839	0.706548	0.144099	-0.707932	-0.704479	0.050417
09316	9.011347	2.322704	2.188243	0.045382	-0.291209	0.199363	0.133640	-0.067723	0.988713	-0.693468	0.706332	0.142114	-0.707984	-0.704634	0.047430
09317	9.655672	2.036607	2.351497	0.025349	-0.284820	0.216131	0.130055	-0.068212	0.989158	-0.693972	0.706270	0.139948	-0.708158	-0.704649	0.044517
09318	9.652331	1.820378	2.384897	0.046072	-0.231353	0.239841	0.126698	-0.068146	0.989598	-0.694644	0.706079	0.137557	-0.708108	-0.704847	0.042121
09319	9.328222	1.881984	2.599573	0.084764	-0.169960	0.251037	0.123681	-0.067581	0.990018	-0.695598	0.705621	0.135067	-0.707705	-0.705360	0.040263
09320	9.103658	2.215351	2.812958	0.109997	-0.129451	0.237025	0.121067	-0.066821	0.990393	-0.696702	0.704975	0.132730	-0.707071	-0.706078	0.038795
09321	9.184782	2.451802	2.709828	0.127561	-0.118248	0.237036	0.118510	-0.065994	0.990757	-0.697926	0.704200	0.130390	-0.706296	-0.706928	0.037395
09322	9.512939	2.473589	2.653462	0.144523	-0.091543	0.255586	0.116024	-0.064837	0.991128	-0.699283	0.703316	0.127869	-0.705367	-0.707914	0.036262
09323	9.692390	2.469202	2.486268	0.131308	-0.079129	0.279261	0.113443	-0.063443	0.991517	-0.700567	0.702534	0.125107	-0.704511	-0.708817	0.035251
09324	9.824206	2.355642	1.838692	0.137220	-0.083568	0.297044	0.110722	-0.061947	0.991919	-0.701901	0.701718	0.122173	-0.703616	-0.709756	0.034215
09325	10.197157	2.142815	1.093409	0.168560	-0.093547	0.329944	0.107677	-0.060307	0.992355	-0.703485	0.700691	0.118915	-0.702506	-0.710911	0.033024
09326	10.419668	1.788102	0.748784	0.200197	-0.082947	0.376323	0.104393	-0.058259	0.992828	-0.705324	0.699461	0.115207	-0.701156	-0.712293	0.031928
09327	10.510473	1.780711	1.038194	0.187685	-0.047282	0.405366	0.101131	-0.055772	0.993309	-0.707093	0.698322	0.111200	-0.699851	-0.713608	0.031186
09328	10.417496	2.291078	1.424696	0.111788	0.013384	0.381068	0.098478	-0.053012	0.993726	-0.708290	0.697702	0.107411	-0.699019	-0.714424	0.031160
09329	10.478186	2.283158	2.016560	0.020264	0.111175	0.335740	0.096807	-0.049885	0.994052	-0.708797	0.697698	0.104040	-0.698738	-0.714653	0.032184
09330	10.503375	2.575987	3.113982	-0.127922	0.253294	0.284750	0.096510	-0.046085	0.994265	-0.708212	0.698719	0.101130	-0.699372	-0.713911	0.034796
09331	10.458259	2.868729	3.838713	-0.262011	0.407717	0.240985	0.097591	-0.041500	0.994361	-0.706650	0.700661	0.098596	-0.700801	-0.712287	0.039052
09332	10.468944	2.443962	3.989338	-0.375878	0.546998	0.204899	0.099937	-0.036168	0.994336	-0.704248	0.703384	0.096367	-0.702885	-0.709890	0.044823
09333	11.119710	1.424880	4.068095	-0.480114	0.708498	0.185886	0.103552	-0.029848	0.994176	-0.701094	0.706814	0.094245	-0.705510	-0.706770	0.052266
09334	10.674517	0.334515	3.578081	-0.525414	0.862466	0.184388	0.108311	-0.022453	0.993863	-0.697609	0.710537	0.092078	-0.708245	-0.703301	0.061295
09335	10.305007	-0.601696	2.493527	-0.410844	0.947519	0.212700	0.113480	-0.014296	0.993437	-0.694970	0.713428	0.089653	-0.710027	-0.700583	0.071025
09336	10.515318	-0.956510	1.892799	-0.200532	0.973173	0.259773	0.118541	-0.005622	0.992933	-0.693882	0.714827	0.086886	-0.710264	-0.699279	0.080836
09337	10.557980	-0.883978	1.621581	0.026187	1.020201	0.296626	0.123652	0.003626	0.992319	-0.694466	0.714614	0.083926	-0.708820	-0.699510	0.090882
09338	10.503809	-0.427179	1.787688	0.155477	1.054071	0.304032	0.128950	0.013186	0.991563	-0.695987	0.713469	0.081024	-0.706381	-0.700563	0.101179
09339	10.481120	-0.004208	1.954945	0.180965	1.146903	0.281504	0.135006	0.023226	0.990573	-0.697673	0.712115	0.078389	-0.703580	-0.701679	0.112344
09340	10.277862	0.343657	1.974367	0.164367	1.214522	0.255281	0.141703	0.033581	0.989339	-0.699217	0.710856	0.076020	-0.700725	-0.702535	0.124211
09341	9.640897	0.430031	1.758131	0.176014	1.259998	0.227451	0.148852	0.044046	0.987878	-0.700817	0.709496	0.073965	-0.697637	-0.703332	0.136478
09342	9.830418	0.404916	1.843362	0.240950	1.237636	0.198973	0.156016	0.054178	0.986268	-0.702835	0.707668	0.072307	-0.694033	-0.704465	0.148486
09343	9.366791	0.347282	1.682928	0.348974	1.247171	0.166189	0.163406	0.064140	0.984472	-0.705555	0.705072	0.071173	-0.689559	-0.706229	0.160467
09344	8.924807	0.497022	1.643730	0.407598	1.187948	0.136497	0.170551	0.073514	0.982603	-0.708621	0.702061	0.070471	-0.684667	-0.708312	0.171830
09345	9.196189	0.812175	1.639749	0.359564	1.115594	0.061141	0.177662	0.081845	0.980682	-0.711221	0.699426	0.070474	-0.680147	-0.710003	0.182471
09346	10.183288	1.167871	1.887752	0.265872	1.078837	-0.043629	0.185235	0.089212	0.978636	-0.712985	0.697538	0.071366	-0.676269	-0.710973	0.192816
09347	8.601805	1.798094	1.534335	0.197140	1.155298	-0.097744	0.193658	0.096738	0.976288	-0.714170	0.696189	0.072680	-0.672650	-0.711311	0.203909
09348	9.294847	2.146084	2.318948	0.054988	1.046831	-0.108089	0.201408	0.103435	0.974031	-0.714365	0.695869	0.073819	-0.670162	-0.710681	0.214044
09349	9.211610	2.307609	2.632907	-0.119961	0.943327	-0.158481	0.208789	0.109018	0.971865	-0.713277	0.696850	0.075067	-0.669061	-0.708883	0.223254
09350	9.343674	2.157467	2.464443	-0.322303	0.809606	-0.183911	0.215472	0.113468	0.969895	-0.710768	0.699299	0.076093	-0.669612	-0.705766	0.231329
09351	11.218099	1.674771	2.269212	-0.382666	0.672851	-0.185045	0.221227	0.116900	0.968191	-0.707841	0.702168	0.076958	-0.670836	-0.702350	0.238085
09352	10.079128	1.508564	1.225340	-0.323954	0.723492	-0.151698	0.227110	0.120911	0.966334	-0.705365	0.704582	0.077617	-0.671477	-0.699245	0.245304
09353	10.558775	0.963144	1.082282	-0.411947	0.713119	-0.084218	0.232428	0.125281	0.964511	-0.702444	0.707520	0.077375	-0.672718	-0.695499	0.252451
09354	10.919009	0.311115	1.128226	-0.579749	0.713759	-0.034964	0.237438	0.129987	0.962666	-0.698494	0.711547	0.076203	-0.675077	-0.690510	0.259743
09355	11.633603	-0.067058	1.158215	-0.636550	0.792798	-0.022210	0.242888	0.135273	0.960576	-0.694178	0.715916	0.074709	-0.677586	-0.684957	0.267791
09356	11.100717	-0.048054	1.159803	-0.611506	0.906155	-0.013869	0.249087	0.141363	0.958109	-0.690034	0.720071	0.073152	-0.679565	-0.679349	0.276906
09357	10.989617	-0.106844	1.357125	-0.618563	0.909227	0.013991	0.255112	0.147609	0.955578	-0.685903	0.724196	0.071250	-0.681509	-0.673611	0.285997
09358	11.061786	-0.475833	1.201400	-0.619444	1.005129	0.010606	0.261851	0.154435	0.952672	-0.681745	0.728298	0.069322	-0.683124	-0.667631	0.295991
09359	11.198737	-0.909046	1.245230	-0.579262	1.058701	0.019598	0.268889	0.161610	0.949516	-0.677880	0.732079	0.067364	-0.684234	-0.661772	0.306401
09360	10.420525	-1.188959	0.870031	-0.488991	1.185390	-0.007612	0.277004	0.169375	0.945823	-0.674556	0.735278	0.065886	-0.684283	-0.656261	0.317928
09361	9.678148	-1.318380	0.888741	-0.387610	1.172657	-0.011247	0.285034	0.176956	0.942042	-0.671918	0.737793	0.064713	-0.683580	-0.651420	0.329196
09362	9.493749	-1.322124	0.784954	-0.282885	1.153013	-0.046815	0.293172	0.184107	0.938166	-0.669894	0.739677	0.064183	-0.682123	-0.647289	0.340185
09363	9.286805	-1.243999	0.710734	-0.196789	1.129923	-0.095292	0.301440	0.190692	0.934222	-0.668316	0.741087	0.064372	-0.680065	-0.643760	0.350835
09364	9.042932	-1.003387	0.597653	-0.135048	1.119040	-0.152361	0.310002	0.196759	0.930153	-0.666978	0.742211	0.065288	-0.677524	-0.640631	0.361321
09365	8.703575	-0.540655	0.596424	-0.088190	1.113277	-0.218640	0.318920	0.202248	0.925951	-0.665740	0.743172	0.066972	-0.674596	-0.637802	0.371657
09366	8.226440	0.116761	0.766495	-0.062644	1.095197	-0.280954	0.328108	0.207140	0.921650	-0.664455	0.744107	0.069309	-0.671449	-0.635136	0.381783
09367	8.069031	0.775231	1.278797	-0.064385	1.039931	-0.321606	0.337144	0.211334	0.917427	-0.663000	0.745149	0.071996	-0.668404	-0.632527	0.391337
09368	7.873340	1.138870	1.413662	-0.160581	0.958183	-0.345923	0.345776	0.214809	0.913398	-0.660794	0.746860	0.074506	-0.666176	-0.629330	0.400191
09369	7.620054	1.330580	1.626644	-0.281919	0.858546	-0.351410	0.353742	0.217565	0.909688	-0.657735	0.749349	0.076550	-0.665019	-0.625413	0.408176
09370	7.275966	1.474422	1.862250	-0.407996	0.732581	-0.331028	0.360733	0.219653	0.906435	-0.653886	0.752577	0.077857	-0.665060	-0.620790	0.415107
09371	7.167070	1.429745	2.107336	-0.526176	0.610136	-0.296927	0.366665	0.221183	0.903679	-0.649351	0.756445	0.078326	-0.666259	-0.615523	0.420987
09372	7.246741	1.281290	2.340310	-0.650468	0.446104	-0.242921	0.371162	0.222083	0.901620	-0.644159	0.760930	0.077746	-0.668803	-0.609643	0.425485
09373	7.457440	0.864143	2.466366	-0.765874	0.347489	-0.192603	0.374663	0.222719	0.900013	-0.638353	0.765964	0.076190	-0.672409	-0.603072	0.429152
09374	7.367266	0.136503	2.364735	-0.858125	0.256338	-0.147318	0.377276	0.223134	0.898818	-0.632057	0.771399	0.073802	-0.676880	-0.595948	0.432064
09375	7.288422	-0.652582	2.559423	-0.882075	0.162949	-0.104088	0.378973	0.223294	0.898064	-0.625720	0.776819	0.070899	-0.681802	-0.588805	0.434114
09376	7.135819	-1.111781	3.124509	-0.803038	0.087516	-0.062895	0.379911	0.223329	0.897659	-0.620036	0.781625	0.067953	-0.686457	-0.582397	0.435420
09377	7.105684	-1.088929	3.830231	-0.693149	0.029830	-0.039215	0.380294	0.223196	0.897530	-0.615163	0.785694	0.065267	-0.690616	-0.576948	0.436097
09378	7.223390	-0.772672	4.191858	-0.625586	-0.019814	-0.003493	0.380125	0.223069	0.897633	-0.610867	0.789259	0.062550	-0.694512	-0.572111	0.436282
09379	7.009943	-0.915600	4.351569	-0.568913	-0.104103	0.031543	0.379144	0.222728	0.898133	-0.607074	0.792395	0.059769	-0.698363	-0.567894	0.435643
09380	6.768979	-0.710370	5.075240	-0.446934	-0.224495	-0.006873	0.377560	0.221417	0.899124	-0.603969	0.794904	0.057866	-0.701905	-0.564891	0.433853
09381	7.206042	0.255734	7.699542	-0.128521	-0.280931	-0.126462	0.376284	0.218828	0.900292	-0.602639	0.795872	0.058430	-0.703731	-0.564537	0.431348
09382	7.395587	1.510261	8.996876	0.164667	-0.320321	-0.214878	0.375271	0.215323	0.901558	-0.603041	0.795370	0.061052	-0.703927	-0.566588	0.428328
09383	7.900883	1.441964	9.163090	0.369178	-0.345303	-0.260144	0.374349	0.211296	0.902894	-0.604713	0.793791	0.064956	-0.702983	-0.570307	0.424928
09384	8.310611	0.299089	8.315515	0.577868	-0.323959	-0.187910	0.373163	0.207968	0.904156	-0.608116	0.790837	0.069078	-0.700674	-0.575609	0.421580
09385	8.219541	-1.351206	7.783383	0.767844	-0.234749	0.008477	0.371406	0.206678	0.905175	-0.613562	0.786338	0.072209	-0.696849	-0.582200	0.418861
09386	7.874193	-2.220342	8.314190	0.829314	-0.140952	0.174242	0.369302	0.207236	0.905908	-0.620017	0.781084	0.074075	-0.692239	-0.589034	0.416945
09387	7.808431	-1.906830	9.362337	0.790372	-0.059529	0.199174	0.367586	0.208435	0.906331	-0.626252	0.775952	0.075542	-0.687524	-0.595360	0.415762
09388	7.905879	-0.576345	9.225790	0.635487	-0.030523	0.073921	0.366861	0.208844	0.906530	-0.630930	0.771960	0.077488	-0.683623	-0.600385	0.414968
09389	7.869712	0.646494	7.658382	0.440982	-0.029607	-0.071090	0.367044	0.208118	0.906623	-0.633726	0.769415	0.079942	-0.680933	-0.603893	0.414299
09390	7.575673	1.198277	6.258450	0.249080	-0.036639	-0.174296	0.367851	0.206576	0.906649	-0.634830	0.768232	0.082529	-0.679468	-0.605926	0.413736
09391	7.170549	1.286744	4.427044	-0.012725	-0.088263	-0.228275	0.368635	0.204287	0.906849	-0.633951	0.768740	0.084527	-0.679863	-0.606058	0.412892
09392	6.550743	0.042362	1.450173	-0.249421	-0.214772	-0.252151	0.368719	0.201066	0.907534	-0.631372	0.770723	0.085763	-0.682213	-0.604615	0.411128
09393	7.064817	-1.603438	0.875465	-0.184566	-0.362267	-0.205486	0.367474	0.197292	0.908867	-0.629403	0.772210	0.086854	-0.684700	-0.603960	0.407943
09394	9.831103	-1.822483	3.279677	0.100306	-0.425883	-0.096784	0.365116	0.193989	0.910527	-0.629786	0.771755	0.088117	-0.685609	-0.605609	0.403952
09395	10.389223	-1.114559	5.461201	0.491460	-0.187520	-0.071089	0.364217	0.192302	0.911244	-0.632938	0.768868	0.090724	-0.683180	-0.609805	0.401750
09396	7.566583	-0.275876	5.829490	0.853071	-0.147682	-0.123944	0.363949	0.190468	0.911736	-0.638345	0.763835	0.095245	-0.678275	-0.616667	0.399581
09397	8.649571	0.906509	6.187580	1.032863	-0.438690	-0.043027	0.361196	0.187415	0.913462	-0.645216	0.757464	0.099719	-0.673226	-0.625399	0.394516
09398	12.959432	2.365943	7.388877	0.836638	-0.507550	0.133012	0.356875	0.185247	0.915600	-0.651361	0.751914	0.101753	-0.669603	-0.632700	0.389002
09399	14.367052	2.941794	7.275599	0.192574	-0.328801	0.149643	0.353633	0.184285	0.917051	-0.653229	0.750379	0.101107	-0.669503	-0.634800	0.385739
09400	13.034992	2.591545	5.706470	-0.401183	-0.247843	-0.066078	0.352351	0.182238	0.917953	-0.650353	0.753003	0.100143	-0.672971	-0.632279	0.383840
09401	11.097109	1.822886	2.796326	-0.714482	-0.418226	-0.288338	0.351326	0.177423	0.919289	-0.644555	0.757984	0.100039	-0.679057	-0.627679	0.380658
09402	9.589653	0.688264	-0.362300	-0.688562	-0.673058	-0.332396	0.348816	0.170704	0.921514	-0.638742	0.762833	0.100470	-0.685810	-0.623655	0.375124
09403	8.751434	0.314230	-1.921063	-0.337977	-0.854019	-0.288346	0.344709	0.163178	0.924418	-0.635463	0.765384	0.101854	-0.690914	-0.622544	0.367529
09404	8.301900	0.568681	-2.516576	0.034978	-0.944488	-0.222083	0.339529	0.155610	0.927635	-0.634996	0.765482	0.104010	-0.693903	-0.624358	0.358715
09405	8.662771	0.488441	-1.889152	0.192240	-1.002902	-0.189066	0.333695	0.147885	0.931009	-0.635743	0.764529	0.106424	-0.696045	-0.627395	0.349136
09406	10.614853	-0.474336	0.024191	0.120410	-1.079409	-0.261985	0.327779	0.139115	0.934456	-0.635766	0.764111	0.109253	-0.698830	-0.629906	0.338904
