// General information: 
//  MT Manager version: 2022.2.0 
//  XDA version: 2022.2.0 build 7381 rev 124627 built on 2023-07-19
// Device information: 
//  DeviceId: 00B4CAF0
//  ProductCode: MTW2-3A7G6
//  Firmware Version: 4.6.0
//  Hardware Version: 2.0.0
// Device settings: 
//  Filter Profile: human(46.1)
//  Option Flags: Orientation Smoother Disabled, Position/Velocity Smoother Disabled, Continuous Zero Rotation Update Disabled, AHS Disabled, ICC Disabled
// Coordinate system: ENU
PacketCounter	Acc_X	Acc_Y	Acc_Z	Gyr_X	Gyr_Y	Gyr_Z	Mat[1][1]	Mat[2][1]	Mat[3][1]	Mat[1][2]	Mat[2][2]	Mat[3][2]	Mat[1][3]	Mat[2][3]	Mat[3][3]
20588	4.803753	-0.251810	9.196796	-0.036853	-0.088774	-0.001735	0.802770	-0.359063	0.476062	0.420403	0.906998	-0.024824	-0.422873	0.220066	0.879061
20589	4.833214	-0.349361	9.099103	-0.045994	-0.099974	0.000976	0.802310	-0.358859	0.476989	0.420632	0.906880	-0.025231	-0.423517	0.220880	0.878547
20590	4.881882	-0.354629	9.078036	-0.043312	-0.108786	0.006142	0.801835	-0.358603	0.477979	0.420832	0.906776	-0.025661	-0.424218	0.221725	0.877996
20591	4.841045	-0.507037	9.068998	-0.051970	-0.114063	0.007151	0.801341	-0.358311	0.479027	0.421037	0.906666	-0.026149	-0.424948	0.222642	0.877411
20592	4.826902	-0.553825	9.118717	-0.061696	-0.108161	0.004071	0.800859	-0.358071	0.480011	0.421331	0.906513	-0.026730	-0.425565	0.223650	0.876855
20593	4.767228	-0.657968	9.170041	-0.067134	-0.129025	0.003751	0.800284	-0.357774	0.481189	0.421629	0.906356	-0.027334	-0.426349	0.224758	0.876191
20594	4.814502	-0.642583	9.097594	-0.073258	-0.146017	-0.001493	0.799615	-0.357497	0.482505	0.422019	0.906155	-0.027989	-0.427218	0.226006	0.875446
20595	4.913296	-0.479035	9.028221	-0.066951	-0.144962	-0.009028	0.798917	-0.357276	0.483824	0.422419	0.905951	-0.028528	-0.428129	0.227168	0.874700
20596	4.945416	-0.392370	9.098275	-0.070603	-0.142551	-0.010425	0.798222	-0.357085	0.485110	0.422870	0.905722	-0.029116	-0.428978	0.228379	0.873968
20597	4.906922	-0.388059	9.076268	-0.067761	-0.145300	-0.010545	0.797513	-0.356874	0.486431	0.423287	0.905510	-0.029653	-0.429885	0.229549	0.873216
20598	5.008252	-0.371473	9.058701	-0.075011	-0.147542	-0.017672	0.796763	-0.356734	0.487760	0.423817	0.905243	-0.030242	-0.430753	0.230817	0.872454
20599	4.998871	-0.392477	8.997849	-0.070677	-0.144838	-0.008834	0.796060	-0.356504	0.489074	0.424234	0.905028	-0.030812	-0.431641	0.232010	0.871698
20600	4.983144	-0.416917	8.996729	-0.074542	-0.136106	-0.018969	0.795352	-0.356397	0.490302	0.424771	0.904756	-0.031389	-0.432417	0.233232	0.870987
20601	4.854895	-0.532628	9.170371	-0.098996	-0.131805	-0.047077	0.794540	-0.356540	0.491513	0.425616	0.904337	-0.032017	-0.433078	0.234634	0.870281
20602	4.999822	-0.399014	9.033529	-0.081439	-0.147571	-0.049797	0.793648	-0.356682	0.492849	0.426430	0.903936	-0.032500	-0.433912	0.235960	0.869508
20603	4.625191	-0.395684	9.190975	-0.073986	-0.166665	-0.037217	0.792724	-0.356649	0.494358	0.427089	0.903609	-0.032956	-0.434952	0.237260	0.868633
20604	4.761044	-0.028476	9.575354	-0.091600	-0.274926	-0.022827	0.791388	-0.356240	0.496788	0.427735	0.903278	-0.033658	-0.436747	0.239130	0.867219
20605	4.730550	-0.548698	9.021973	-0.142324	-0.314232	-0.016120	0.789902	-0.355655	0.499564	0.428527	0.902858	-0.034807	-0.438656	0.241571	0.865577
20606	4.770963	-0.345289	9.300853	-0.124532	-0.360217	-0.022035	0.788184	-0.355016	0.502722	0.429312	0.902447	-0.035793	-0.440973	0.244036	0.863707
20607	4.832884	-0.479986	9.135187	-0.175318	-0.418351	-0.020883	0.786202	-0.354202	0.506386	0.430294	0.901922	-0.037196	-0.443546	0.247138	0.861504
20608	4.808402	-0.626933	9.178772	-0.167451	-0.475716	-0.031570	0.783909	-0.353340	0.510526	0.431351	0.901362	-0.038495	-0.446567	0.250393	0.859000
20609	4.770221	-0.648691	9.306817	-0.187989	-0.546381	-0.041230	0.781239	-0.352358	0.515276	0.432558	0.900723	-0.039891	-0.450065	0.254051	0.856096
20610	4.711734	-0.826280	9.238394	-0.206566	-0.626955	-0.062883	0.778093	-0.351355	0.520693	0.434047	0.899941	-0.041349	-0.454065	0.258179	0.852742
20611	4.726427	-0.816326	9.334031	-0.198719	-0.722187	-0.087835	0.774372	-0.350288	0.526922	0.435677	0.899095	-0.042575	-0.458840	0.262537	0.848847
20612	4.782720	-0.861796	9.392347	-0.170597	-0.827207	-0.113895	0.770016	-0.349158	0.534008	0.437409	0.898213	-0.043433	-0.464488	0.267024	0.844363
20613	4.753686	-0.825393	9.277569	-0.121358	-0.934166	-0.141053	0.764983	-0.347932	0.541981	0.439101	0.897375	-0.043690	-0.471159	0.271406	0.839254
20614	4.763190	-0.844550	9.345166	-0.061941	-1.055531	-0.185010	0.759115	-0.346740	0.550923	0.440870	0.896530	-0.043215	-0.478935	0.275690	0.833437
20615	4.743495	-0.698205	9.259574	0.000489	-1.195301	-0.220699	0.752317	-0.345420	0.560986	0.442576	0.895748	-0.041977	-0.488002	0.279859	0.826761
20616	4.823432	-0.608069	9.244471	0.039902	-1.351534	-0.259916	0.744458	-0.343970	0.572247	0.444389	0.894932	-0.040192	-0.498297	0.284222	0.819096
20617	4.766865	-0.675111	9.209961	0.078443	-1.506172	-0.301943	0.735476	-0.342378	0.584682	0.446269	0.894100	-0.037799	-0.509823	0.288726	0.810382
20618	4.655381	-0.793021	9.358741	0.135299	-1.693700	-0.376057	0.725008	-0.340842	0.598489	0.448381	0.893176	-0.034500	-0.522798	0.293364	0.800387
20619	5.229921	-0.808136	9.623586	0.162676	-1.895238	-0.431899	0.712974	-0.339112	0.613735	0.450665	0.892169	-0.030579	-0.537186	0.298392	0.788919
20620	5.518431	-0.847715	9.327923	0.198400	-2.032381	-0.482466	0.699680	-0.337329	0.629807	0.453057	0.891101	-0.026041	-0.552437	0.303558	0.776315
20621	5.969350	-0.867767	8.874478	0.262123	-2.163874	-0.529125	0.685098	-0.335439	0.646623	0.455291	0.890103	-0.020635	-0.568639	0.308539	0.762531
20622	6.689435	-0.968494	9.178410	0.339912	-2.240699	-0.571883	0.669518	-0.333594	0.663672	0.457268	0.889213	-0.014334	-0.585365	0.313073	0.747886
20623	7.381169	-1.155553	9.764273	0.358443	-2.278268	-0.608935	0.653149	-0.331843	0.680645	0.459206	0.888297	-0.007574	-0.602102	0.317503	0.732574
20624	7.888230	-1.110443	10.178058	0.390795	-2.292657	-0.646727	0.636136	-0.330286	0.697310	0.461055	0.887372	-0.000297	-0.618675	0.321687	0.716769
20625	7.847302	-0.983911	10.028918	0.244915	-2.324852	-0.684687	0.618350	-0.328833	0.713801	0.463854	0.885889	0.006285	-0.634416	0.327213	0.700320
20626	7.942847	-1.443459	9.428087	0.089693	-2.337071	-0.738420	0.599869	-0.327666	0.729926	0.467841	0.883728	0.012226	-0.649062	0.334155	0.683417
20627	8.521526	-0.809904	9.650239	0.138697	-2.340710	-0.805163	0.580668	-0.326894	0.745630	0.471721	0.881540	0.019120	-0.663553	0.340628	0.666085
20628	7.981256	-0.250176	9.636656	-0.143954	-2.332562	-0.847542	0.560977	-0.326327	0.760799	0.477589	0.878240	0.024549	-0.676175	0.349578	0.648523
20629	7.679723	-0.389006	9.087818	-0.382491	-2.331075	-0.895442	0.540718	-0.325912	0.775503	0.485166	0.873941	0.029000	-0.687196	0.360567	0.630677
20630	7.134009	-0.289087	8.994965	-0.563816	-2.266539	-0.974240	0.520224	-0.326110	0.789316	0.494299	0.868661	0.033109	-0.696445	0.372934	0.613094
20631	6.099903	-0.083845	10.009079	-0.680115	-2.003572	-1.077937	0.500758	-0.327860	0.801093	0.504598	0.862536	0.037586	-0.703294	0.385408	0.597359
20632	4.558454	-0.177624	10.261247	-0.917784	-1.587437	-1.198336	0.483406	-0.331948	0.810018	0.517027	0.854947	0.041806	-0.706400	0.398592	0.584913
20633	2.638692	-0.523591	10.356938	-0.997803	-1.178782	-1.307369	0.468170	-0.338312	0.816310	0.530332	0.846504	0.046670	-0.706799	0.411066	0.575725
20634	1.434070	-1.228749	11.000986	-1.149701	-0.761203	-1.339333	0.455562	-0.346429	0.820031	0.544692	0.837082	0.051034	-0.704113	0.423415	0.570040
20635	5.765348	-2.356995	10.957255	-1.190507	-0.602761	-1.224436	0.444513	-0.354045	0.822837	0.558595	0.827658	0.054354	-0.700271	0.435471	0.565672
20636	6.167054	-2.915388	13.745381	-0.986471	0.407001	-0.934184	0.442042	-0.363545	0.820021	0.569671	0.819934	0.056419	-0.692874	0.442202	0.569546
20637	2.490112	-3.716298	11.482259	-1.236096	0.984058	-0.644530	0.445035	-0.373198	0.814044	0.581056	0.812029	0.054613	-0.681409	0.448700	0.578230
20638	-0.090935	-3.833364	9.011402	-0.907585	1.267672	-0.438391	0.451005	-0.382469	0.806419	0.589219	0.806243	0.052854	-0.670385	0.451320	0.588978
20639	0.018978	-2.188455	9.035521	-0.463176	1.312694	-0.279684	0.458034	-0.390645	0.798500	0.593607	0.803049	0.052367	-0.661692	0.450009	0.599713
20640	0.983237	-1.001429	10.134306	-0.669156	1.400365	-0.055032	0.466869	-0.397409	0.790000	0.598321	0.799773	0.048734	-0.651188	0.449921	0.611167
20641	2.112557	-1.542532	10.047285	-0.880430	1.603872	0.181305	0.478240	-0.403192	0.780207	0.603173	0.796509	0.041893	-0.638333	0.450565	0.624117
20642	2.534163	-1.827366	10.217196	-0.811685	1.874342	0.383417	0.492366	-0.408602	0.768518	0.606503	0.794363	0.033775	-0.624283	0.449479	0.638936
20643	2.648678	-1.784305	10.008982	-0.692416	2.118827	0.564755	0.508808	-0.413617	0.755007	0.607981	0.793558	0.025011	-0.609486	0.446304	0.655240
20644	2.903297	-1.226733	10.162969	-0.533562	2.305702	0.718213	0.527027	-0.418173	0.739847	0.607540	0.794127	0.016075	-0.594254	0.441014	0.672583
20645	3.375672	-0.798775	10.251836	-0.451316	2.472742	0.837945	0.546551	-0.422344	0.723123	0.605721	0.795647	0.006886	-0.578259	0.434248	0.690684
20646	3.876368	-0.507438	10.392973	-0.368011	2.638903	0.931435	0.567194	-0.426305	0.704666	0.602698	0.797966	-0.002369	-0.561290	0.426045	0.709535
20647	4.376571	-0.450807	10.435423	-0.318481	2.810899	0.981361	0.588558	-0.430314	0.684418	0.598821	0.800801	-0.011462	-0.543151	0.416590	0.728999
20648	4.778544	-0.365172	10.417501	-0.255936	2.969327	1.003107	0.610363	-0.434512	0.662311	0.594239	0.804036	-0.020139	-0.523772	0.405863	0.748958
20649	5.079032	-0.303223	10.345775	-0.206017	3.094224	1.000588	0.632123	-0.438838	0.638625	0.589117	0.807556	-0.028199	-0.503350	0.394050	0.769001
20650	5.429323	-0.182099	10.274529	-0.181278	3.183720	0.981879	0.653544	-0.443277	0.613503	0.583764	0.811134	-0.035792	-0.481767	0.381532	0.788881
20651	5.728064	-0.028412	10.098158	-0.196143	3.238515	0.945599	0.674227	-0.447754	0.587311	0.578446	0.814585	-0.043027	-0.459150	0.368737	0.808217
20652	5.899088	0.184898	9.917688	-0.246760	3.251582	0.898353	0.693925	-0.452251	0.560300	0.573469	0.817685	-0.050234	-0.435431	0.356173	0.826765
20653	6.118882	0.352972	9.835419	-0.316496	3.227432	0.839545	0.712334	-0.456692	0.532929	0.568943	0.820367	-0.057461	-0.410955	0.344138	0.844207
20654	6.447869	0.457094	9.894743	-0.420752	3.182814	0.775296	0.729385	-0.461146	0.505314	0.565094	0.822453	-0.065108	-0.385573	0.333039	0.860476
20655	6.836791	0.379575	9.978493	-0.529771	3.148208	0.707055	0.745053	-0.465667	0.477546	0.561893	0.823967	-0.073179	-0.359405	0.322852	0.875554
20656	7.158557	0.328958	9.960419	-0.607823	3.116404	0.643350	0.759418	-0.470323	0.449534	0.559219	0.824998	-0.081563	-0.332504	0.313328	0.889532
20657	7.342588	0.323822	9.772627	-0.688719	3.080387	0.567344	0.772365	-0.475175	0.421498	0.557108	0.825527	-0.090205	-0.305095	0.304491	0.902332
20658	7.465734	0.390694	9.602988	-0.760675	3.024586	0.503433	0.783948	-0.480154	0.393546	0.555466	0.825601	-0.099203	-0.277279	0.296371	0.913937
20659	7.837742	0.452885	9.568647	-0.862905	2.928504	0.459425	0.794172	-0.484958	0.366206	0.554151	0.825264	-0.108882	-0.249413	0.289404	0.924142
20660	8.244592	0.230412	9.175424	-0.964116	2.805864	0.455068	0.803272	-0.489292	0.339627	0.552845	0.824674	-0.119480	-0.221621	0.283737	0.932940
20661	8.341736	0.095858	8.349354	-0.991819	2.645834	0.483608	0.811417	-0.492769	0.314296	0.551044	0.824232	-0.130357	-0.194816	0.278964	0.940333
20662	7.833477	1.515738	7.145046	-0.801585	2.401864	0.485944	0.818451	-0.495448	0.290980	0.548605	0.824374	-0.139430	-0.170796	0.273750	0.946514
20663	7.848700	3.684483	7.608688	-0.713418	2.065170	0.368487	0.823750	-0.498039	0.270912	0.546761	0.824240	-0.147243	-0.149964	0.269415	0.951276
20664	9.535965	3.363736	7.776268	-0.964569	1.779633	0.166468	0.827121	-0.501501	0.253707	0.546789	0.822436	-0.156910	-0.129968	0.268508	0.954470
20665	6.555657	1.315934	6.924169	-0.835113	1.599613	-0.105653	0.828450	-0.506674	0.238646	0.548712	0.819639	-0.164640	-0.112185	0.267344	0.957048
20666	10.082994	1.667292	3.661150	-0.885590	-0.352072	-0.924782	0.822915	-0.513305	0.243575	0.557382	0.812474	-0.170912	-0.110168	0.276411	0.954704
20667	13.125358	0.392188	-2.327968	-1.104351	0.073385	-0.685750	0.819118	-0.519079	0.244137	0.564228	0.805807	-0.179783	-0.103406	0.285012	0.952930
20668	12.769295	0.575491	-0.885159	0.429460	-0.440693	-0.813144	0.814005	-0.524404	0.249794	0.570459	0.802744	-0.173719	-0.109422	0.283905	0.952589
20669	11.088887	1.884863	-1.067658	0.088386	-0.890986	-0.675320	0.809094	-0.527285	0.259495	0.575876	0.799418	-0.171166	-0.117192	0.287926	0.950455
20670	11.491847	1.017591	-2.140551	-0.153557	-1.822261	-0.443774	0.804235	-0.525516	0.277559	0.579695	0.796589	-0.171464	-0.130993	0.298797	0.945284
20671	12.057276	0.251251	-1.687650	0.213245	-2.260143	-0.451748	0.798397	-0.522259	0.299680	0.583052	0.794842	-0.168158	-0.150376	0.308985	0.939103
20672	7.400553	-1.088628	2.398509	0.899958	-1.763510	-0.414808	0.793116	-0.520123	0.316923	0.584964	0.795426	-0.158476	-0.169661	0.311078	0.935118
20673	3.763671	-5.049065	18.033825	2.499001	-2.124939	-0.664411	0.785253	-0.518922	0.337785	0.585611	0.799610	-0.132977	-0.201091	0.302231	0.931783
20674	6.724714	-0.585222	14.703213	0.202868	-2.190033	-1.072683	0.774284	-0.520779	0.359546	0.593603	0.794612	-0.127384	-0.219361	0.312060	0.924391
20675	6.773145	-4.622790	9.382549	-0.120840	-2.284681	-0.651427	0.765158	-0.518682	0.381449	0.598930	0.790813	-0.126086	-0.236256	0.324936	0.915751
20676	10.161921	-5.270125	9.896677	1.240951	-2.125787	-0.688765	0.755710	-0.517240	0.401704	0.601143	0.791240	-0.112096	-0.259864	0.326193	0.908883
20677	14.961672	-0.058780	13.861755	2.481487	-1.569179	-1.164268	0.744371	-0.521450	0.417135	0.603133	0.793118	-0.084824	-0.286606	0.314728	0.904878
20678	7.425719	4.488487	13.329529	1.027977	-0.914165	-0.495385	0.738657	-0.522548	0.425828	0.603850	0.793704	-0.073478	-0.299586	0.311411	0.901816
20679	4.987417	-0.832828	8.449963	0.455898	-1.202511	-0.291963	0.733178	-0.521121	0.436902	0.604643	0.793578	-0.068118	-0.311218	0.314112	0.896926
20680	8.269241	1.462166	11.415443	1.618421	-0.926241	-0.267089	0.728562	-0.520401	0.445399	0.601480	0.797162	-0.052474	-0.327747	0.306129	0.893793
20681	6.719130	1.700823	12.463972	0.359500	-0.739869	-0.112648	0.725389	-0.519047	0.452107	0.601144	0.797652	-0.048760	-0.335315	0.307152	0.890630
20682	6.445354	-0.971134	8.709203	0.237980	-0.618489	-0.060822	0.722885	-0.517655	0.457679	0.600834	0.798026	-0.046390	-0.341226	0.308524	0.887906
20683	5.365260	0.255196	9.916612	0.607710	-0.478064	-0.063933	0.720809	-0.516713	0.461997	0.599238	0.799536	-0.040705	-0.348350	0.306186	0.885947
20684	6.493762	-0.355436	10.322442	0.258195	-0.507875	-0.033768	0.718778	-0.515453	0.466547	0.598629	0.800111	-0.038286	-0.353555	0.306808	0.883667
20685	6.942503	0.450489	9.235753	0.183486	-0.153066	0.003146	0.718210	-0.514976	0.467947	0.597993	0.800662	-0.036678	-0.355779	0.306172	0.882995
20686	4.204083	-1.283606	9.073471	0.132179	-0.267740	0.010960	0.717272	-0.514094	0.470350	0.597497	0.801081	-0.035584	-0.358495	0.306556	0.881762
20687	5.421046	-0.187377	9.244382	0.219390	-0.149693	-0.008821	0.716636	-0.513723	0.471721	0.596809	0.801680	-0.033607	-0.360905	0.305611	0.881107
20688	5.066406	-0.100001	9.462733	0.147096	-0.189713	0.002073	0.715914	-0.513153	0.473435	0.596316	0.802098	-0.032343	-0.363145	0.305472	0.880235
20689	5.135226	-0.217258	9.132570	0.092926	-0.146162	0.010651	0.715401	-0.512638	0.474767	0.595939	0.802409	-0.031573	-0.364771	0.305520	0.879545
20690	4.861933	-0.232301	9.325944	0.058061	-0.143835	0.025933	0.714982	-0.512016	0.476067	0.595596	0.802678	-0.031207	-0.366150	0.305856	0.878855
20691	4.877809	-0.534468	8.981977	0.040991	-0.152630	0.025745	0.714531	-0.511359	0.477448	0.595299	0.802907	-0.030968	-0.367511	0.306352	0.878114
20692	4.874082	-0.568802	9.108904	0.040766	-0.154615	0.023710	0.714055	-0.510721	0.478842	0.595034	0.803112	-0.030744	-0.368862	0.306880	0.877363
20693	5.045692	-0.444737	9.168287	0.036848	-0.159109	0.029566	0.713598	-0.510011	0.480277	0.594724	0.803349	-0.030560	-0.370244	0.307440	0.876584
20694	4.988020	-0.462610	9.049048	-0.006262	-0.148477	0.035043	0.713209	-0.509298	0.481610	0.594552	0.803467	-0.030805	-0.371269	0.308313	0.875844
20695	4.989640	-0.504599	9.034009	0.000693	-0.137063	0.033614	0.712854	-0.508622	0.482849	0.594347	0.803612	-0.030958	-0.372277	0.309048	0.875157
20696	5.040500	-0.493181	9.053493	-0.018417	-0.134865	0.029751	0.712481	-0.507991	0.484062	0.594259	0.803665	-0.031284	-0.373132	0.309947	0.874474
20697	5.024553	-0.463542	9.070228	-0.020106	-0.124052	0.029648	0.712148	-0.507385	0.485186	0.594160	0.803726	-0.031600	-0.373923	0.310782	0.873840
20698	5.068507	-0.490255	8.981771	-0.034168	-0.123223	0.026531	0.711797	-0.506813	0.486297	0.594154	0.803713	-0.032048	-0.374601	0.311747	0.873205
20699	5.076402	-0.430575	9.037172	-0.014310	-0.106844	0.021552	0.711480	-0.506323	0.487272	0.594091	0.803750	-0.032275	-0.375303	0.312447	0.872654
20700	5.074768	-0.351036	9.004437	-0.035914	-0.100488	0.023527	0.711194	-0.505845	0.488184	0.594114	0.803715	-0.032724	-0.375807	0.313310	0.872127
20701	5.091395	-0.395090	8.962779	-0.036307	-0.094431	0.018369	0.710903	-0.505418	0.489050	0.594157	0.803667	-0.033127	-0.376290	0.314123	0.871627
20702	5.005457	-0.470016	8.998453	-0.033164	-0.086873	0.017042	0.710630	-0.505032	0.489844	0.594216	0.803607	-0.033520	-0.376713	0.314894	0.871165
20703	4.988907	-0.491104	9.039444	-0.038842	-0.093800	0.017967	0.710338	-0.504609	0.490704	0.594272	0.803548	-0.033944	-0.377176	0.315723	0.870665
20704	5.003079	-0.479103	9.017426	-0.049757	-0.100742	0.010355	0.709972	-0.504232	0.491620	0.594441	0.803401	-0.034448	-0.377599	0.316696	0.870128
20705	5.003640	-0.457594	8.965168	-0.053174	-0.104309	0.008204	0.709581	-0.503851	0.492573	0.594620	0.803247	-0.034948	-0.378049	0.317692	0.869569
20706	5.038462	-0.432848	8.997464	-0.057140	-0.106242	0.006526	0.709171	-0.503486	0.493538	0.594845	0.803056	-0.035497	-0.378466	0.318752	0.869000
20707	5.039348	-0.411785	8.944973	-0.061108	-0.108178	0.004846	0.708744	-0.503118	0.494524	0.595079	0.802858	-0.036049	-0.378896	0.319830	0.868416
20708	5.062643	-0.433698	8.927333	-0.055275	-0.109339	0.006992	0.708324	-0.502735	0.495514	0.595294	0.802675	-0.036584	-0.379345	0.320889	0.867829
20709	5.077706	-0.422583	8.904628	-0.061159	-0.108799	0.010629	0.707929	-0.502317	0.496502	0.595488	0.802504	-0.037163	-0.379778	0.321970	0.867239
20710	5.122771	-0.494322	8.879841	-0.056896	-0.110507	0.009770	0.707520	-0.501906	0.497500	0.595689	0.802329	-0.037725	-0.380224	0.323047	0.866643
20711	5.151707	-0.492891	8.887039	-0.053891	-0.100894	0.006758	0.707131	-0.501541	0.498420	0.595884	0.802161	-0.038222	-0.380643	0.324029	0.866093
20712	5.121040	-0.511566	8.856035	-0.052107	-0.092477	0.010295	0.706792	-0.501183	0.499260	0.596064	0.802002	-0.038745	-0.380989	0.324976	0.865586
20713	5.140158	-0.476314	8.859275	-0.045759	-0.082730	0.003280	0.706451	-0.500903	0.500023	0.596252	0.801842	-0.039154	-0.381327	0.325800	0.865127
20714	5.193938	-0.506803	8.843662	-0.048206	-0.078643	0.009068	0.706158	-0.500597	0.500743	0.596426	0.801689	-0.039636	-0.381598	0.326646	0.864688
20715	5.109196	-0.515610	8.842102	-0.044409	-0.068722	0.007587	0.705895	-0.500328	0.501382	0.596579	0.801554	-0.040055	-0.381845	0.327389	0.864298
20716	5.165988	-0.466260	8.872025	-0.038161	-0.069454	0.007557	0.705627	-0.500063	0.502023	0.596726	0.801425	-0.040442	-0.382110	0.328107	0.863908
20717	5.153246	-0.470632	8.897307	-0.040444	-0.066867	0.009193	0.705381	-0.499786	0.502645	0.596853	0.801311	-0.040834	-0.382367	0.328809	0.863528
20718	5.111574	-0.454958	8.863277	-0.039655	-0.066615	0.010676	0.705143	-0.499504	0.503259	0.596983	0.801192	-0.041250	-0.382603	0.329524	0.863151
20719	5.112672	-0.475949	8.876293	-0.041723	-0.077557	0.010939	0.704865	-0.499176	0.503972	0.597103	0.801082	-0.041661	-0.382926	0.330289	0.862715
20720	5.120742	-0.473951	8.913806	-0.040502	-0.082916	0.011630	0.704570	-0.498832	0.504725	0.597230	0.800965	-0.042089	-0.383272	0.331092	0.862253
20721	5.036124	-0.489244	8.870242	-0.057347	-0.089301	0.007729	0.704228	-0.498490	0.505540	0.597433	0.800786	-0.042619	-0.383584	0.332040	0.861750
20722	5.151600	-0.494153	8.933490	-0.050209	-0.107278	0.007474	0.703814	-0.498096	0.506504	0.597627	0.800615	-0.043109	-0.384043	0.333041	0.861159
20723	4.972353	-0.592729	8.988558	-0.082544	-0.127998	0.007929	0.703323	-0.497621	0.507651	0.597925	0.800351	-0.043855	-0.384476	0.334382	0.860446
20724	4.994847	-0.628595	9.027180	-0.106301	-0.163573	0.003558	0.702668	-0.497067	0.509099	0.598363	0.799971	-0.044807	-0.384993	0.336111	0.859541
20725	4.835378	-0.561913	9.110985	-0.115232	-0.215295	0.000124	0.701793	-0.496355	0.510997	0.598843	0.799556	-0.045794	-0.385841	0.338145	0.858362
20726	4.884239	-0.544617	9.135824	-0.154162	-0.281043	0.000180	0.700661	-0.495422	0.513450	0.599491	0.798992	-0.047136	-0.386890	0.340835	0.856824
20727	4.648053	-0.542572	9.197791	-0.153697	-0.360282	0.001617	0.699228	-0.494191	0.516581	0.600113	0.798446	-0.048455	-0.388516	0.343888	0.854866
20728	4.962526	-0.474982	9.026279	-0.227256	-0.462359	0.001615	0.697390	-0.492600	0.520569	0.601040	0.797627	-0.050423	-0.390381	0.348047	0.852330
20729	4.895826	-0.506126	8.992902	-0.223831	-0.522526	-0.001568	0.695289	-0.490797	0.525064	0.601964	0.796808	-0.052314	-0.392699	0.352443	0.849454
20730	5.057142	-0.640972	8.988061	-0.277397	-0.590705	-0.007392	0.692871	-0.488780	0.530118	0.603161	0.795745	-0.054646	-0.395129	0.357609	0.846161
20731	4.905912	-0.882897	8.923652	-0.291734	-0.665957	-0.019567	0.690065	-0.486549	0.535799	0.604490	0.794571	-0.056999	-0.397998	0.363218	0.842419
20732	5.164050	-0.849592	8.823326	-0.342229	-0.730417	-0.035665	0.686885	-0.484176	0.541999	0.606156	0.793102	-0.059701	-0.400955	0.369543	0.838256
20733	5.123122	-0.882579	8.817807	-0.338796	-0.789638	-0.062562	0.683278	-0.481741	0.548686	0.607985	0.791509	-0.062186	-0.404333	0.376083	0.833712
20734	5.194605	-0.922732	8.831017	-0.385289	-0.842059	-0.086662	0.679285	-0.479248	0.555782	0.610192	0.789589	-0.064927	-0.407723	0.383238	0.828789
20735	5.171424	-0.891350	8.926106	-0.373444	-0.903599	-0.114583	0.674835	-0.476668	0.563370	0.612534	0.787568	-0.067364	-0.411582	0.390543	0.823454
20736	5.096124	-0.918148	9.159348	-0.418826	-0.995109	-0.137373	0.669829	-0.473839	0.571669	0.615242	0.785221	-0.070038	-0.415700	0.398628	0.817490
20737	5.103363	-1.011439	9.089009	-0.483481	-1.105043	-0.185110	0.664021	-0.470846	0.580845	0.618533	0.782370	-0.072899	-0.420111	0.407679	0.810744
20738	5.150060	-0.934534	9.020353	-0.473010	-1.192542	-0.241218	0.657438	-0.467828	0.590687	0.622177	0.779245	-0.075320	-0.425053	0.417030	0.803378
20739	5.173090	-0.635403	9.101376	-0.430259	-1.300702	-0.293239	0.649992	-0.464633	0.601354	0.625972	0.776035	-0.077002	-0.430894	0.426481	0.795264
20740	5.077230	-0.641620	9.401160	-0.404163	-1.438588	-0.327731	0.641641	-0.460979	0.613021	0.629894	0.772732	-0.078223	-0.437642	0.436329	0.786184
20741	5.092850	-0.957353	9.483276	-0.366525	-1.649652	-0.344963	0.632124	-0.456363	0.626221	0.633745	0.769504	-0.078937	-0.445855	0.446763	0.775640
20742	4.969714	-1.158348	9.359187	-0.251406	-1.833559	-0.398088	0.621282	-0.451147	0.640683	0.637423	0.766519	-0.078364	-0.455742	0.457072	0.763796
20743	5.319847	-1.044205	8.999967	-0.139509	-2.026603	-0.479942	0.608808	-0.445460	0.656443	0.641054	0.763694	-0.076296	-0.467336	0.467265	0.750507
20744	5.337933	-0.784838	8.872358	0.036690	-2.215987	-0.565912	0.594619	-0.439325	0.673366	0.644333	0.761322	-0.072272	-0.480897	0.476846	0.735769
20745	5.427986	-0.330180	8.793459	0.111422	-2.453661	-0.625583	0.578539	-0.432265	0.691693	0.647493	0.759105	-0.067177	-0.496029	0.486731	0.719060
20746	5.826091	-0.398998	8.352546	0.118324	-2.675071	-0.656317	0.560750	-0.424086	0.711133	0.650683	0.756835	-0.061743	-0.512027	0.497345	0.700341
20747	6.215083	-0.802540	8.158859	0.225530	-2.903835	-0.699041	0.541013	-0.414779	0.731617	0.653393	0.755009	-0.055127	-0.529512	0.507858	0.679483
20748	6.781788	-1.064895	8.244878	0.355652	-3.103472	-0.742741	0.519381	-0.404471	0.752759	0.655461	0.753750	-0.047245	-0.548283	0.517942	0.656598
20749	6.988710	-1.163406	8.087378	0.435596	-3.281129	-0.804493	0.495731	-0.393377	0.774277	0.657146	0.752791	-0.038277	-0.567812	0.527788	0.631688
20750	8.159195	-1.532672	8.454026	0.558796	-3.490874	-0.853736	0.469890	-0.381218	0.796163	0.658083	0.752420	-0.028123	-0.588328	0.537156	0.604428
20751	10.103958	-1.343855	9.917698	0.630117	-3.587347	-0.831676	0.442880	-0.368052	0.817554	0.658138	0.752690	-0.017671	-0.608861	0.545890	0.575580
20752	12.060702	-0.539609	11.236144	0.326045	-3.603392	-0.723301	0.415813	-0.353633	0.837880	0.659274	0.751838	-0.009858	-0.626464	0.556492	0.545765
20753	11.186082	-1.166756	9.587934	-0.267971	-3.567907	-0.633441	0.388982	-0.338271	0.856893	0.663549	0.748110	-0.005887	-0.639059	0.570880	0.515460
20754	12.181737	-0.989899	9.224253	-0.235179	-3.578408	-0.623365	0.361709	-0.322251	0.874827	0.667449	0.744654	-0.001665	-0.650906	0.584505	0.484433
20755	11.721473	0.019810	10.005876	-0.555338	-3.475424	-0.617542	0.334735	-0.306254	0.891157	0.673266	0.739400	0.001210	-0.659292	0.599580	0.453693
20756	10.456589	-0.440167	9.549325	-1.034565	-3.403559	-0.631228	0.307909	-0.290182	0.906083	0.682177	0.731183	0.002349	-0.663194	0.617386	0.423093
20757	8.793921	-1.464522	8.564904	-1.279309	-3.346509	-0.733643	0.280586	-0.274529	0.919731	0.692854	0.721068	0.003859	-0.664248	0.636156	0.392530
20758	7.504329	-1.968472	8.016972	-1.215218	-3.335973	-0.935325	0.251851	-0.259703	0.932269	0.703457	0.710693	0.007941	-0.664619	0.653812	0.361679
20759	6.916688	-1.593019	8.190323	-1.099940	-3.259719	-1.134763	0.222079	-0.246129	0.943452	0.713481	0.700518	0.014806	-0.664550	0.669847	0.331178
20760	5.143067	-1.160766	7.950654	-1.062479	-3.107611	-1.336338	0.191811	-0.234365	0.953038	0.723338	0.690073	0.024118	-0.663318	0.684742	0.301889
20761	3.148233	0.117124	8.627931	-0.970198	-2.784280	-1.591232	0.161719	-0.226007	0.960608	0.732597	0.679679	0.036578	-0.661172	0.697823	0.275489
20762	4.279510	1.867517	11.004700	-1.210795	-1.969955	-2.074734	0.133411	-0.226093	0.964927	0.743662	0.666426	0.053332	-0.655110	0.710464	0.257045
20763	17.910000	0.410140	13.312464	-1.496988	-0.974900	-2.315925	0.109637	-0.234345	0.965951	0.756227	0.650343	0.071944	-0.645059	0.722591	0.248519
20764	9.885071	-2.170756	15.721856	-1.584384	1.144127	-1.765637	0.103460	-0.253995	0.961656	0.768254	0.634486	0.084929	-0.631729	0.730009	0.260776
20765	3.736766	-5.170628	10.461922	-1.898477	1.850392	-1.463873	0.103585	-0.276713	0.955353	0.781622	0.616649	0.093861	-0.615091	0.737003	0.280161
20766	-2.328853	-6.558702	6.081831	-1.428573	1.927065	-1.091613	0.106710	-0.297603	0.948707	0.791494	0.602923	0.100106	-0.601789	0.740214	0.299889
20767	-2.449924	-6.388034	4.119092	-0.159464	1.473863	-0.876665	0.108546	-0.313741	0.943284	0.793412	0.599038	0.107943	-0.598929	0.736696	0.313949
20768	-0.397734	-4.321369	7.121861	0.757017	1.151946	-0.357706	0.112633	-0.324330	0.939215	0.789290	0.603400	0.113713	-0.603602	0.728505	0.323953
20769	2.459150	-2.794736	9.690838	0.651772	1.111069	0.242363	0.121203	-0.330899	0.935850	0.785077	0.608889	0.113616	-0.607425	0.720944	0.333580
20770	4.016405	-2.440412	10.739349	0.203772	1.417440	0.857577	0.136530	-0.335839	0.931972	0.782770	0.613168	0.106285	-0.607150	0.715009	0.346601
20771	4.046133	-2.913741	10.056074	0.091381	1.828203	1.282450	0.157570	-0.340942	0.926785	0.780348	0.618130	0.094722	-0.605168	0.708290	0.363452
20772	3.540460	-2.376125	9.762305	0.307751	2.168131	1.495598	0.182319	-0.346907	0.920008	0.775983	0.625396	0.082041	-0.603830	0.698953	0.383215
20773	3.505883	-1.298923	9.427521	0.437221	2.408234	1.548287	0.208752	-0.353847	0.911710	0.770338	0.633824	0.069613	-0.602497	0.687793	0.404894
20774	3.942692	-0.355595	9.539139	0.554948	2.613485	1.496362	0.235964	-0.362116	0.901772	0.763708	0.642921	0.058335	-0.600892	0.674926	0.428257
20775	4.761860	0.536599	10.082581	0.488452	2.852043	1.408371	0.263701	-0.372049	0.889967	0.757284	0.651326	0.047899	-0.597480	0.661327	0.453503
20776	5.324850	0.676772	10.354535	0.248380	3.121275	1.342835	0.292390	-0.383713	0.875941	0.752111	0.657987	0.037180	-0.590624	0.647934	0.480983
20777	5.570980	0.147161	10.026712	0.117357	3.390171	1.276178	0.321761	-0.397003	0.859569	0.747529	0.663692	0.026713	-0.581094	0.633957	0.510321
20778	5.838688	-0.095028	10.057212	0.109187	3.630677	1.193683	0.351562	-0.411812	0.840723	0.742917	0.669165	0.017115	-0.569631	0.618570	0.541195
20779	6.285312	-0.312332	9.985448	0.081585	3.832600	1.121459	0.381385	-0.427665	0.819542	0.738373	0.674341	0.008282	-0.556193	0.601969	0.572960
20780	6.761502	-0.416349	10.036237	0.067984	4.006205	1.084812	0.411359	-0.444110	0.795958	0.733735	0.679436	-0.000106	-0.540756	0.584066	0.605351
20781	6.929269	-0.804078	9.942456	0.012333	4.140369	1.081771	0.441243	-0.460527	0.770208	0.729085	0.684370	-0.008481	-0.523201	0.565289	0.637737
20782	7.417602	-1.031114	10.300259	0.003402	4.235232	1.123292	0.471169	-0.476365	0.742345	0.723977	0.689615	-0.016983	-0.503842	0.545443	0.669802
20783	8.003417	-1.517202	10.469703	-0.041327	4.311235	1.199158	0.501029	-0.491137	0.712569	0.718381	0.695165	-0.025975	-0.482596	0.524910	0.701121
20784	8.416413	-1.737026	10.727040	-0.006568	4.383901	1.292292	0.530944	-0.504682	0.680731	0.711777	0.701530	-0.035057	-0.459861	0.503142	0.731694
20785	8.816546	-1.695859	11.036726	0.036994	4.426118	1.382484	0.560508	-0.516703	0.647186	0.704097	0.708742	-0.043948	-0.435980	0.480315	0.761065
20786	9.224312	-1.504754	11.232838	0.049916	4.451677	1.440894	0.589449	-0.527328	0.611944	0.695634	0.716463	-0.052668	-0.410662	0.456734	0.789146
20787	9.543404	-1.194759	11.191215	0.057828	4.466661	1.457432	0.617227	-0.536697	0.575315	0.686642	0.724444	-0.060848	-0.384126	0.432593	0.815666
20788	9.770343	-0.815567	11.204028	0.034715	4.450195	1.414461	0.643357	-0.545142	0.537506	0.677632	0.732207	-0.068468	-0.356241	0.408280	0.840476
20789	9.911994	-0.421709	11.144711	-0.029020	4.390559	1.327681	0.667260	-0.552786	0.499191	0.669063	0.739351	-0.075594	-0.327290	0.384432	0.863188
20790	10.108011	-0.137878	11.149806	-0.115802	4.298000	1.181126	0.688541	-0.560081	0.460674	0.661451	0.745458	-0.082313	-0.297311	0.361389	0.883745
20791	10.499658	0.088781	11.495290	-0.222186	4.196304	0.998672	0.706907	-0.567330	0.422397	0.655143	0.750279	-0.088707	-0.266589	0.339437	0.902060
20792	11.282101	0.493276	11.598178	-0.396760	4.097396	0.771008	0.722205	-0.575059	0.384353	0.650661	0.753344	-0.095467	-0.234650	0.319030	0.918237
20793	11.698342	1.111017	10.638624	-0.640397	3.983864	0.571060	0.734563	-0.583117	0.346975	0.647932	0.754635	-0.103485	-0.201496	0.300833	0.932147
20794	4.394289	2.203534	9.863882	-0.612510	3.232062	0.471415	0.743662	-0.589083	0.316146	0.645628	0.755567	-0.110828	-0.173582	0.286532	0.942215
20795	13.331739	2.174686	7.358735	-2.162623	0.578956	-0.003659	0.744554	-0.590822	0.310754	0.649246	0.749178	-0.131191	-0.155299	0.299435	0.941393
20796	18.763713	-1.537018	-1.253866	-2.287419	1.607440	-0.079917	0.746300	-0.596322	0.295695	0.653114	0.741737	-0.152541	-0.128365	0.306964	0.943025
20797	18.713875	-0.985900	3.057935	0.143550	1.500777	-0.008031	0.748064	-0.600928	0.281578	0.653031	0.742091	-0.151167	-0.118116	0.296962	0.947556
20798	16.850972	1.732572	1.931103	-0.421685	1.556716	-0.295930	0.747833	-0.607723	0.267242	0.655743	0.739028	-0.154399	-0.103667	0.290707	0.951180
20799	15.142302	1.515482	-0.686348	-0.824034	0.729028	-0.075004	0.748024	-0.610417	0.260482	0.657147	0.736137	-0.162050	-0.092832	0.292392	0.951782
20800	14.079370	-0.350186	-3.319692	-0.438656	0.295031	-0.060941	0.747866	-0.611758	0.257778	0.658031	0.734441	-0.166106	-0.087706	0.293851	0.951819
20801	13.352657	0.144055	-2.604028	0.096733	-0.069920	-0.248520	0.746134	-0.613391	0.258913	0.659835	0.733172	-0.164552	-0.088893	0.293617	0.951781
20802	12.501732	1.257248	-1.250489	0.177239	-0.659997	-0.181085	0.744303	-0.612798	0.265503	0.661058	0.732543	-0.162430	-0.094955	0.296410	0.950329
20803	11.744376	0.742944	-2.270494	0.085128	-1.353145	-0.080020	0.742383	-0.609336	0.278526	0.661600	0.732278	-0.161413	-0.105604	0.304103	0.946768
20804	10.580511	-0.222094	-2.498805	0.250517	-1.871570	-0.048816	0.739907	-0.603938	0.296305	0.661717	0.732712	-0.158944	-0.121114	0.313674	0.941775
20805	11.283485	0.652216	-2.664031	0.450432	-2.510671	-0.051602	0.736219	-0.596306	0.320001	0.661537	0.733811	-0.154564	-0.142653	0.325486	0.934724
20806	9.300012	-0.825074	-2.721116	0.503197	-3.209384	0.099642	0.731831	-0.584905	0.349727	0.660063	0.736030	-0.150253	-0.169526	0.340802	0.924724
20807	1.177862	-1.357560	1.969719	2.483085	-2.473019	-0.368044	0.724749	-0.579258	0.373094	0.658141	0.742271	-0.126031	-0.203932	0.336889	0.919194
20808	11.873026	-0.967316	26.016300	4.580219	-3.721586	-1.625856	0.705348	-0.579091	0.408825	0.659173	0.747954	-0.077818	-0.260719	0.324375	0.909289
20809	40.140175	5.503993	26.135239	1.650305	-2.636990	-1.302122	0.689429	-0.580236	0.433605	0.663745	0.745753	-0.057408	-0.290052	0.327382	0.899272
20810	10.284796	1.735202	9.535314	-0.731157	-0.331339	0.081465	0.688967	-0.578552	0.436580	0.665343	0.743759	-0.064356	-0.287477	0.334815	0.897361
20811	3.861573	-0.954657	8.781239	1.491506	-0.648896	-0.170796	0.685878	-0.577690	0.442545	0.662157	0.747680	-0.050236	-0.301862	0.327490	0.895338
20812	5.376377	4.069445	13.301372	0.892644	-0.498093	-0.190649	0.683042	-0.577514	0.447137	0.660774	0.749441	-0.041428	-0.311178	0.323753	0.893506
20813	6.255111	0.911893	8.553720	0.102858	-0.679186	-0.027563	0.680684	-0.575525	0.453256	0.660674	0.749586	-0.040385	-0.316512	0.326944	0.890465
20814	5.836563	1.138234	10.603372	0.509698	-0.375297	-0.017976	0.679318	-0.574454	0.456651	0.659215	0.751102	-0.035789	-0.322432	0.325344	0.888926
20815	7.735510	-0.308222	9.754120	0.096119	-0.382458	0.042410	0.678313	-0.572902	0.460082	0.658651	0.751628	-0.035129	-0.325685	0.326862	0.887181
20816	3.946746	-0.320329	8.939793	0.143381	-0.111101	0.033607	0.678122	-0.572304	0.461106	0.658002	0.752247	-0.034031	-0.327389	0.326486	0.886692
20817	5.323068	-0.401727	9.440542	0.089987	-0.175782	0.048634	0.677820	-0.571377	0.462696	0.657412	0.752789	-0.033457	-0.329196	0.326860	0.885885
20818	4.755970	-1.370398	8.817178	0.085301	-0.159639	0.032730	0.677459	-0.570626	0.464149	0.656956	0.753212	-0.032873	-0.330845	0.327195	0.885147
20819	4.827329	-0.944048	9.061325	0.163443	-0.141592	0.005280	0.676979	-0.570138	0.465449	0.656412	0.753747	-0.031449	-0.332900	0.326817	0.884516
20820	4.612388	-0.699730	9.274566	0.115420	-0.152289	-0.002553	0.676405	-0.569677	0.466846	0.656092	0.754067	-0.030437	-0.334694	0.326882	0.883815
20821	4.861431	-0.740926	9.026126	0.086040	-0.174511	-0.006459	0.675731	-0.569168	0.468438	0.655882	0.754281	-0.029645	-0.336461	0.327272	0.882999
20822	5.082703	-0.212237	9.272442	0.138633	-0.175363	0.001434	0.675100	-0.568601	0.470035	0.655452	0.754701	-0.028448	-0.338560	0.327291	0.882189
20823	4.876359	0.042889	9.467074	-0.003967	-0.169135	0.039779	0.674741	-0.567761	0.471564	0.655232	0.754883	-0.028669	-0.339699	0.328328	0.881366
20824	4.896514	-0.391845	8.958885	-0.026111	-0.179841	0.042329	0.674357	-0.566867	0.473185	0.655083	0.754995	-0.029119	-0.340746	0.329612	0.880482
20825	4.874201	-0.264596	9.188921	0.011291	-0.160573	0.036966	0.674006	-0.566071	0.474636	0.654830	0.755212	-0.029192	-0.341926	0.330482	0.879698
20826	4.849202	-0.373516	9.164603	-0.034382	-0.176680	0.041455	0.673623	-0.565190	0.476226	0.654717	0.755290	-0.029712	-0.342897	0.331808	0.878821
20827	4.998860	-0.447235	9.011421	-0.034759	-0.172772	0.037917	0.673232	-0.564343	0.477781	0.654616	0.755359	-0.030195	-0.343856	0.333092	0.877960
20828	5.006245	-0.391091	9.066285	-0.027766	-0.156827	0.034794	0.672871	-0.563574	0.479196	0.654525	0.755420	-0.030625	-0.344735	0.334253	0.877173
20829	5.050634	-0.431737	8.992481	-0.046819	-0.149611	0.032927	0.672524	-0.562838	0.480546	0.654500	0.755419	-0.031191	-0.345458	0.335494	0.876415
20830	5.033238	-0.406948	9.009340	-0.041215	-0.128407	0.029093	0.672222	-0.562203	0.481711	0.654494	0.755402	-0.031712	-0.346057	0.336595	0.875756
20831	5.018272	-0.359034	9.052832	-0.040724	-0.114361	0.029821	0.671975	-0.561606	0.482751	0.654470	0.755402	-0.032210	-0.346582	0.337590	0.875165
20832	5.076555	-0.387103	9.036579	-0.047591	-0.103987	0.024836	0.671728	-0.561083	0.483702	0.654516	0.755338	-0.032766	-0.346974	0.338600	0.874619
20833	5.033589	-0.398116	8.974373	-0.052742	-0.094999	0.024664	0.671513	-0.560588	0.484573	0.654568	0.755267	-0.033344	-0.347290	0.339577	0.874115
20834	5.020772	-0.332949	9.003189	-0.045435	-0.088329	0.016740	0.671267	-0.560178	0.485388	0.654661	0.755164	-0.033841	-0.347591	0.340482	0.873643
20835	5.009010	-0.340716	9.027161	-0.053522	-0.083080	0.018081	0.671050	-0.559771	0.486157	0.654761	0.755053	-0.034394	-0.347821	0.341396	0.873195
20836	4.988557	-0.394331	9.000080	-0.055105	-0.075861	0.015623	0.670840	-0.559410	0.486862	0.654895	0.754910	-0.034970	-0.347974	0.342304	0.872778
20837	4.973064	-0.493396	9.035355	-0.061531	-0.081284	0.013123	0.670596	-0.559045	0.487616	0.655057	0.754742	-0.035568	-0.348140	0.343268	0.872334
20838	4.991866	-0.542520	8.950860	-0.064978	-0.090824	0.008465	0.670287	-0.558685	0.488454	0.655273	0.754524	-0.036196	-0.348328	0.344332	0.871839
20839	4.977563	-0.400493	9.027146	-0.074728	-0.095984	0.004026	0.669933	-0.558336	0.489337	0.655542	0.754259	-0.036864	-0.348504	0.345477	0.871315
20840	4.996323	-0.377352	8.947204	-0.078211	-0.109993	0.004959	0.669533	-0.557934	0.490343	0.655829	0.753973	-0.037589	-0.348733	0.346748	0.870719
20841	4.967413	-0.389540	8.998605	-0.077421	-0.105286	0.000840	0.669125	-0.557575	0.491307	0.656128	0.753679	-0.038264	-0.348953	0.347964	0.870145
20842	5.040752	-0.435231	8.969060	-0.097945	-0.122798	-0.000050	0.668647	-0.557162	0.492424	0.656517	0.753295	-0.039135	-0.349136	0.349452	0.869475
20843	5.091561	-0.511481	8.899617	-0.090498	-0.122600	-0.000685	0.668168	-0.556751	0.493539	0.656873	0.752944	-0.039915	-0.349384	0.350862	0.868807
20844	5.007147	-0.542257	8.951831	-0.092230	-0.125197	-0.005881	0.667643	-0.556370	0.494677	0.657282	0.752545	-0.040706	-0.349619	0.352319	0.868123
20845	4.964773	-0.467769	9.020123	-0.098850	-0.141019	-0.005245	0.667069	-0.555924	0.495952	0.657697	0.752136	-0.041534	-0.349933	0.353892	0.867356
20846	5.037537	-0.537399	8.961969	-0.116587	-0.173072	-0.005201	0.666380	-0.555363	0.497503	0.658187	0.751652	-0.042538	-0.350325	0.355797	0.866419
20847	4.817166	-0.411248	9.036193	-0.097681	-0.198746	-0.001289	0.665628	-0.554676	0.499273	0.658573	0.751266	-0.043374	-0.351028	0.357679	0.865358
20848	5.095000	-0.381814	8.991322	-0.141486	-0.248266	0.005169	0.664741	-0.553761	0.501466	0.659083	0.750744	-0.044643	-0.351751	0.360183	0.864025
20849	5.109124	-0.525203	8.793996	-0.112267	-0.254187	0.008309	0.663854	-0.552792	0.503705	0.659458	0.750354	-0.045650	-0.352722	0.362477	0.862669
20850	5.061625	-0.520216	8.963246	-0.121486	-0.265706	0.008733	0.662925	-0.551774	0.506040	0.659876	0.749918	-0.046760	-0.353688	0.364922	0.861242
20851	5.045800	-0.715553	8.883605	-0.144423	-0.285050	0.008904	0.661927	-0.550675	0.508537	0.660363	0.749408	-0.048044	-0.354645	0.367620	0.859699
20852	5.096869	-0.694388	8.948553	-0.141059	-0.312830	0.001853	0.660780	-0.549520	0.511271	0.660898	0.748856	-0.049283	-0.355786	0.370464	0.858005
20853	4.818403	-0.656964	9.128817	-0.148652	-0.359060	-0.004277	0.659425	-0.548227	0.514399	0.661491	0.748249	-0.050531	-0.357196	0.373592	0.856061
20854	4.947507	-0.653793	9.005388	-0.210178	-0.430590	-0.007436	0.657786	-0.546679	0.518131	0.662339	0.747376	-0.052308	-0.358644	0.377586	0.853700
