// General information: 
//  MT Manager version: 2022.2.0 
//  XDA version: 2022.2.0 build 7381 rev 124627 built on 2023-07-19
// Device information: 
//  DeviceId: 00B4CAF0
//  ProductCode: MTW2-3A7G6
//  Firmware Version: 4.6.0
//  Hardware Version: 2.0.0
// Device settings: 
//  Filter Profile: human(46.1)
//  Option Flags: Orientation Smoother Disabled, Position/Velocity Smoother Disabled, Continuous Zero Rotation Update Disabled, AHS Disabled, ICC Disabled
// Coordinate system: ENU
PacketCounter	Acc_X	Acc_Y	Acc_Z	Gyr_X	Gyr_Y	Gyr_Z	Mat[1][1]	Mat[2][1]	Mat[3][1]	Mat[1][2]	Mat[2][2]	Mat[3][2]	Mat[1][3]	Mat[2][3]	Mat[3][3]
17245	9.007727	2.807134	6.179379	0.487104	0.836955	1.712923	0.455838	0.682272	0.571591	-0.834936	0.550273	0.009028	-0.308372	-0.481357	0.820489
17246	8.868367	4.045497	5.977805	0.407388	0.658204	1.507040	0.445224	0.693590	0.566311	-0.842944	0.537989	0.003805	-0.302030	-0.479062	0.824183
17247	8.518607	5.028608	5.396797	0.224967	0.492347	1.177744	0.436763	0.702184	0.562295	-0.848783	0.528741	-0.000990	-0.298004	-0.476834	0.826936
17248	8.459105	5.211628	4.970670	-0.021604	0.406810	0.819213	0.431025	0.708385	0.558935	-0.852248	0.523106	-0.005761	-0.296463	-0.473868	0.829192
17249	8.570079	4.602376	4.921417	-0.201814	0.437192	0.446586	0.428536	0.712738	0.555303	-0.853542	0.520930	-0.009929	-0.296351	-0.469719	0.831589
17250	8.319958	3.490535	5.224130	-0.294754	0.443258	0.064756	0.429319	0.715106	0.551641	-0.852920	0.521886	-0.012741	-0.297005	-0.465036	0.833984
17251	9.185841	2.203833	6.272236	-0.350246	0.311988	-0.207247	0.432036	0.715425	0.549101	-0.850958	0.525033	-0.014527	-0.298689	-0.460985	0.835630
17252	14.958915	0.021821	11.644776	-0.210318	0.695596	-0.292300	0.436615	0.717030	0.543355	-0.849037	0.528130	-0.014692	-0.297497	-0.454914	0.839374
17253	8.995884	0.687402	12.798777	-0.139611	1.545070	-0.280465	0.443569	0.722441	0.530401	-0.847364	0.530818	-0.014367	-0.291925	-0.443070	0.847625
17254	0.628857	-2.602493	7.203920	-0.283317	0.796782	-0.137749	0.447078	0.725170	0.523690	-0.845900	0.533100	-0.016049	-0.290817	-0.435814	0.851758
17255	3.988312	-0.339376	11.832754	0.218903	0.512062	-0.307486	0.451178	0.725713	0.519403	-0.845124	0.534422	-0.012582	-0.286711	-0.433284	0.854437
17256	3.932918	-0.791262	9.322465	-0.134474	0.361987	-0.181361	0.453767	0.726264	0.516368	-0.843893	0.536359	-0.012794	-0.286250	-0.429954	0.856271
17257	1.511159	0.507773	11.105277	0.171556	0.480195	-0.175922	0.456640	0.727338	0.512308	-0.843553	0.536944	-0.010423	-0.282662	-0.427399	0.858739
17258	5.575063	1.736015	10.493535	-0.078956	-0.770940	-0.061391	0.454983	0.723653	0.518957	-0.843023	0.537769	-0.010784	-0.286883	-0.432586	0.854732
17259	6.378587	0.490955	6.781497	-0.040864	-0.154481	0.080882	0.453880	0.723379	0.520304	-0.843246	0.537403	-0.011558	-0.287974	-0.433499	0.853903
17260	5.580120	-0.314797	9.023815	-0.071881	0.428059	0.132051	0.454017	0.725896	0.516666	-0.843614	0.536796	-0.012858	-0.286678	-0.430029	0.856090
17261	4.076666	-0.028621	9.592621	-0.005667	-0.091044	0.025724	0.453561	0.725602	0.517479	-0.843688	0.536676	-0.013044	-0.287183	-0.430674	0.855597
17262	4.693153	-0.062729	8.401434	-0.089575	-0.122831	0.060755	0.452715	0.725359	0.518559	-0.843680	0.536661	-0.014126	-0.288537	-0.431103	0.854925
17263	4.500188	-1.055730	9.914618	-0.135535	-0.158658	0.079609	0.451607	0.725062	0.519939	-0.843620	0.536710	-0.015701	-0.290441	-0.431541	0.854059
17264	6.031437	-2.355677	8.493452	-0.054630	-0.414102	0.046441	0.450028	0.723478	0.523502	-0.843645	0.536650	-0.016411	-0.292810	-0.434265	0.851866
17265	6.528565	0.265603	8.335699	0.140341	-0.130935	-0.091388	0.450438	0.722378	0.524667	-0.843617	0.536743	-0.014741	-0.292260	-0.435979	0.851180
17266	5.794212	0.018642	8.322276	-0.082021	0.047333	0.045319	0.450215	0.722787	0.524296	-0.843556	0.536813	-0.015678	-0.292780	-0.435214	0.851392
17267	5.252248	-0.051595	8.825869	0.032049	0.063652	-0.002092	0.450441	0.723012	0.523790	-0.843613	0.536731	-0.015398	-0.292267	-0.434941	0.851708
17268	5.004319	-0.018927	9.050932	-0.061921	0.009954	0.031859	0.450222	0.723186	0.523739	-0.843550	0.536809	-0.016093	-0.292786	-0.434554	0.851727
17269	5.117102	-0.531169	8.862774	-0.041537	-0.053956	0.026940	0.449859	0.723056	0.524230	-0.843522	0.536838	-0.016592	-0.293423	-0.434736	0.851415
17270	5.348254	-0.452204	8.832753	-0.042538	-0.059173	0.029250	0.449459	0.722915	0.524767	-0.843504	0.536851	-0.017108	-0.294090	-0.434953	0.851074
17271	5.333377	-0.624926	8.877094	-0.054715	-0.045580	0.036293	0.449040	0.722872	0.525185	-0.843478	0.536869	-0.017768	-0.294800	-0.435003	0.850803
17272	5.515423	-0.633672	8.577270	-0.009686	-0.073193	0.012139	0.448743	0.722578	0.525843	-0.843479	0.536863	-0.017916	-0.295251	-0.435498	0.850393
17273	5.445954	-0.007222	8.820080	-0.015952	0.006849	0.023298	0.448588	0.722693	0.525817	-0.843509	0.536807	-0.018178	-0.295399	-0.435377	0.850403
17274	5.224963	0.109390	8.927096	-0.037164	-0.017467	0.037045	0.448245	0.722775	0.525997	-0.843540	0.536741	-0.018690	-0.295833	-0.435322	0.850281
17275	5.200008	-0.265018	8.946695	-0.089524	-0.043849	0.061545	0.447618	0.722875	0.526394	-0.843523	0.536728	-0.019779	-0.296828	-0.435172	0.850011
17276	5.322873	-0.704063	8.803039	-0.072216	-0.068633	0.053222	0.446985	0.722821	0.527005	-0.843521	0.536698	-0.020674	-0.297786	-0.435299	0.849611
17277	5.496296	-0.747585	8.702154	-0.042844	-0.071630	0.031066	0.446532	0.722636	0.527643	-0.843505	0.536703	-0.021205	-0.298511	-0.435601	0.849202
17278	5.533239	-0.682695	8.705923	-0.030299	-0.021650	0.018976	0.446327	0.722603	0.527861	-0.843474	0.536737	-0.021564	-0.298905	-0.435612	0.849057
17279	5.575298	-0.322186	8.663162	-0.002670	-0.022682	-0.000423	0.446285	0.722462	0.528090	-0.843437	0.536795	-0.021588	-0.299073	-0.435776	0.848914
17280	5.460231	-0.202340	8.689401	-0.019803	0.019722	0.007999	0.446297	0.722550	0.527959	-0.843388	0.536863	-0.021800	-0.299193	-0.435545	0.848990
17281	5.238664	-0.177072	8.873116	-0.010167	0.025728	0.011354	0.446300	0.722683	0.527774	-0.843380	0.536868	-0.021950	-0.299208	-0.435318	0.849101
17282	5.295744	-0.239916	8.860182	-0.026514	-0.014962	0.015087	0.446148	0.722658	0.527936	-0.843343	0.536915	-0.022256	-0.299540	-0.435302	0.848992
17283	5.349335	-0.281025	8.811138	-0.028635	-0.004194	0.021699	0.445975	0.722716	0.528003	-0.843327	0.536925	-0.022618	-0.299844	-0.435192	0.848941
17284	5.300500	-0.449897	8.811594	-0.025273	-0.011608	0.019704	0.445794	0.722731	0.528135	-0.843313	0.536933	-0.022937	-0.300150	-0.435158	0.848850
17285	5.367810	-0.314211	8.824207	-0.021275	-0.013817	0.020924	0.445598	0.722743	0.528284	-0.843315	0.536917	-0.023232	-0.300436	-0.435158	0.848750
17286	5.331322	-0.486435	8.803399	-0.023762	-0.011800	0.022371	0.445394	0.722772	0.528417	-0.843318	0.536898	-0.023553	-0.300730	-0.435133	0.848658
17287	5.361724	-0.519050	8.795629	-0.008576	-0.027469	0.011735	0.445235	0.722675	0.528684	-0.843317	0.536894	-0.023692	-0.300969	-0.435300	0.848488
17288	5.489720	-0.277127	8.681100	-0.000077	-0.021267	0.006912	0.445133	0.722579	0.528901	-0.843322	0.536884	-0.023730	-0.301105	-0.435471	0.848352
17289	5.400443	-0.333542	8.724363	-0.006658	0.004162	0.009168	0.445090	0.722606	0.528900	-0.843316	0.536890	-0.023839	-0.301187	-0.435419	0.848349
17290	5.384812	-0.203328	8.777835	-0.003003	0.000255	0.007030	0.445052	0.722605	0.528934	-0.843312	0.536892	-0.023903	-0.301253	-0.435419	0.848326
17291	5.412759	-0.386485	8.740663	-0.015983	0.001541	0.018037	0.444926	0.722668	0.528953	-0.843317	0.536874	-0.024138	-0.301425	-0.435335	0.848308
17292	5.275231	-0.415711	8.724888	-0.003807	0.019741	0.011218	0.444911	0.722774	0.528821	-0.843330	0.536849	-0.024231	-0.301411	-0.435190	0.848387
17293	5.221729	-0.501636	8.795886	-0.007220	0.004200	0.011259	0.444851	0.722813	0.528819	-0.843331	0.536842	-0.024356	-0.301497	-0.435135	0.848385
17294	5.244551	-0.538387	8.701633	0.004190	-0.002263	0.004640	0.444825	0.722787	0.528875	-0.843339	0.536831	-0.024346	-0.301513	-0.435191	0.848350
17295	5.244677	-0.613041	8.686124	0.019552	-0.009130	-0.004253	0.444856	0.722685	0.528990	-0.843351	0.536819	-0.024162	-0.301433	-0.435376	0.848284
17296	5.407909	-0.287598	8.720964	0.028398	-0.018819	-0.014731	0.444944	0.722483	0.529191	-0.843346	0.536842	-0.023844	-0.301319	-0.435682	0.848168
17297	5.397084	-0.205466	8.756744	0.021763	0.001246	-0.005424	0.445015	0.722419	0.529218	-0.843360	0.536829	-0.023635	-0.301174	-0.435803	0.848157
17298	5.352935	-0.240656	8.823431	0.012244	-0.001317	0.000022	0.445031	0.722373	0.529267	-0.843371	0.536816	-0.023532	-0.301118	-0.435896	0.848129
17299	5.464486	-0.309982	8.813781	-0.002087	-0.006939	0.009972	0.444948	0.722357	0.529360	-0.843382	0.536796	-0.023607	-0.301211	-0.435949	0.848069
17300	5.369466	-0.418791	8.806984	0.004832	0.002941	0.007857	0.444911	0.722371	0.529371	-0.843406	0.536758	-0.023609	-0.301199	-0.435971	0.848062
17301	5.370032	-0.342913	8.822090	0.007890	-0.007977	0.005997	0.444859	0.722328	0.529474	-0.843429	0.536723	-0.023578	-0.301212	-0.436084	0.847999
17302	5.451790	-0.288447	8.744569	-0.002475	-0.006833	0.003126	0.444832	0.722275	0.529569	-0.843410	0.536752	-0.023616	-0.301305	-0.436138	0.847938
17303	5.461838	-0.136157	8.808087	0.003629	-0.002222	0.006732	0.444791	0.722261	0.529622	-0.843423	0.536730	-0.023626	-0.301328	-0.436187	0.847904
17304	5.370857	-0.145919	8.814881	-0.015017	0.008574	0.012247	0.444733	0.722324	0.529585	-0.843407	0.536747	-0.023819	-0.301458	-0.436063	0.847922
17305	5.225578	-0.497474	8.793836	-0.017220	-0.010661	0.015098	0.444596	0.722318	0.529708	-0.843395	0.536756	-0.024049	-0.301695	-0.436060	0.847839
17306	5.313539	-0.589805	8.772706	-0.003250	-0.031502	0.003333	0.444493	0.722159	0.530012	-0.843374	0.536786	-0.024095	-0.301904	-0.436288	0.847648
17307	5.179470	-0.739855	8.777069	0.002869	-0.019722	-0.003608	0.444486	0.722013	0.530216	-0.843339	0.536843	-0.024056	-0.302012	-0.436459	0.847521
17308	4.875902	-0.633627	9.122192	0.011532	-0.047079	-0.014156	0.444484	0.721691	0.530657	-0.843286	0.536935	-0.023884	-0.302165	-0.436879	0.847250
17309	5.074377	-0.717650	9.069251	0.013535	-0.164019	-0.016410	0.444148	0.720845	0.532085	-0.843226	0.537037	-0.023687	-0.302824	-0.438147	0.846359
17310	5.305809	-0.784851	8.969038	0.020451	-0.161383	-0.007975	0.443746	0.720054	0.533490	-0.843227	0.537045	-0.023472	-0.303410	-0.439438	0.845480
17311	4.942874	-1.055273	9.108691	-0.003514	-0.139425	-0.004540	0.443383	0.719376	0.534705	-0.843168	0.537137	-0.023483	-0.304103	-0.440435	0.844712
17312	3.068687	-2.234438	10.178463	0.045215	-0.107957	0.040155	0.442736	0.719075	0.535645	-0.843458	0.536688	-0.023316	-0.304241	-0.441472	0.844121
17313	-0.527021	-0.019137	13.948815	0.233008	-0.540658	-0.267154	0.443365	0.715199	0.540294	-0.842956	0.537614	-0.019921	-0.304717	-0.446612	0.841241
17314	2.181401	-0.773763	11.554735	-0.293424	-1.968286	-0.193967	0.438911	0.705199	0.556823	-0.841164	0.540360	-0.021309	-0.315912	-0.459027	0.830358
17315	3.728861	0.358086	11.146719	-0.018367	-1.721489	-0.398990	0.436781	0.694992	0.571146	-0.839330	0.543282	-0.019214	-0.323647	-0.470988	0.820623
17316	3.439939	-0.620914	13.367499	-0.623753	-2.352482	-0.583692	0.433889	0.680527	0.590444	-0.834696	0.550315	-0.020898	-0.339151	-0.483774	0.806808
17317	4.056464	-5.468160	11.312410	-0.281842	-2.658824	-0.850861	0.431790	0.662694	0.611878	-0.830008	0.557459	-0.018035	-0.353049	-0.500076	0.790747
17318	5.455132	-1.491211	11.145258	0.193821	-2.872589	-1.205440	0.431488	0.641236	0.634535	-0.825473	0.564369	-0.009002	-0.363885	-0.519908	0.772841
17319	5.663707	-2.171283	10.432444	-0.131498	-2.782559	-1.252088	0.431499	0.619372	0.655886	-0.819552	0.573001	-0.001928	-0.377018	-0.536701	0.754857
17320	5.404866	-7.458677	12.410854	-0.160559	-2.307233	-1.075703	0.431473	0.600586	0.673148	-0.814269	0.580473	0.004028	-0.388325	-0.549862	0.739497
17321	2.373749	-11.940255	12.778177	0.768585	-1.733749	-0.950498	0.432483	0.585358	0.685795	-0.813121	0.581872	0.016124	-0.389606	-0.564607	0.727617
17322	0.934025	-7.053546	13.758813	1.806386	-1.007360	-1.032121	0.437031	0.573556	0.692847	-0.815551	0.577544	0.036324	-0.379316	-0.580927	0.720169
17323	5.088454	2.039725	18.369019	1.367864	-0.364405	-0.797878	0.442201	0.566786	0.695135	-0.817132	0.574128	0.051687	-0.369801	-0.590873	0.717019
17324	-0.706157	3.197060	16.910840	-0.157160	0.431421	-0.034040	0.444090	0.569083	0.692047	-0.816374	0.575285	0.050803	-0.369213	-0.587530	0.720063
17325	-1.506521	-1.611050	12.444536	-1.188859	0.666176	0.204454	0.444930	0.574106	0.687343	-0.812818	0.581087	0.040798	-0.375983	-0.576837	0.725187
17326	-1.436225	-4.142320	10.752768	-0.985905	1.068709	0.128752	0.447937	0.580910	0.679629	-0.809643	0.586009	0.032739	-0.379251	-0.564922	0.732825
17327	0.348490	-3.494592	10.145274	-0.714151	1.377541	0.016716	0.453048	0.588670	0.669488	-0.806975	0.589951	0.027353	-0.378864	-0.552653	0.742319
17328	1.352563	-1.477918	10.433240	-0.635918	1.696369	-0.011369	0.459561	0.597814	0.656828	-0.804495	0.593527	0.022678	-0.376288	-0.538837	0.753699
17329	2.546831	-1.077320	10.068662	-0.811164	1.929426	0.024781	0.466625	0.608165	0.642181	-0.801530	0.597731	0.016343	-0.373913	-0.522353	0.766379
17330	3.713139	-1.318712	9.560211	-0.965726	2.126689	0.095074	0.473809	0.619598	0.625783	-0.798348	0.602139	0.008278	-0.371679	-0.503515	0.779953
17331	4.797098	-1.821124	8.853703	-1.007640	2.293610	0.179036	0.480901	0.631961	0.607750	-0.795435	0.606039	-0.000769	-0.368806	-0.483055	0.794128
17332	5.594597	-2.041291	8.299320	-0.957352	2.404319	0.289765	0.487434	0.645037	0.588503	-0.793297	0.608750	-0.010171	-0.364812	-0.461900	0.808431
17333	6.523706	-1.687430	8.125896	-0.870683	2.438942	0.423248	0.492943	0.658590	0.568565	-0.792179	0.609970	-0.019735	-0.359805	-0.440677	0.822402
17334	7.500671	-0.886962	7.853467	-0.848883	2.424348	0.594052	0.496913	0.672596	0.548354	-0.792058	0.609704	-0.030090	-0.354572	-0.419376	0.835705
17335	8.181638	0.090009	7.304770	-0.860629	2.357505	0.786365	0.499011	0.686987	0.528238	-0.792905	0.607925	-0.041587	-0.349699	-0.398090	0.848077
17336	9.016765	1.107095	6.598936	-0.881597	2.177941	1.006042	0.498616	0.701493	0.509206	-0.794828	0.604397	-0.054333	-0.345876	-0.377640	0.858928
17337	9.668319	1.911691	5.610842	-0.800776	1.866383	1.210935	0.495428	0.715626	0.492372	-0.798051	0.598817	-0.067330	-0.343024	-0.359581	0.867776
17338	10.372989	2.367250	4.777609	-0.542957	1.448811	1.327779	0.489767	0.728598	0.478824	-0.802708	0.591181	-0.078511	-0.340275	-0.345904	0.874393
17339	11.234412	2.859746	4.005062	-0.100862	0.968573	1.281935	0.482745	0.739400	0.469303	-0.808564	0.582164	-0.085492	-0.336424	-0.338191	0.878889
17340	11.222988	3.743316	2.828311	0.441029	0.526114	1.027005	0.476180	0.747070	0.463831	-0.814931	0.573081	-0.086405	-0.330363	-0.336846	0.881700
17341	10.541409	5.961070	1.949292	0.911350	0.197009	0.364828	0.473869	0.749785	0.461813	-0.819603	0.567310	-0.080068	-0.322025	-0.340561	0.883356
17342	10.257833	8.749220	1.412625	0.988853	-0.055662	-0.377419	0.476806	0.747416	0.462629	-0.820927	0.566777	-0.069591	-0.314221	-0.346604	0.883816
17343	10.417116	9.618469	1.044326	0.675178	-0.115458	-0.667575	0.481949	0.743186	0.464111	-0.819800	0.569441	-0.060544	-0.309279	-0.351299	0.883705
17344	10.106179	7.008121	1.116258	0.294168	0.167671	-1.071001	0.491241	0.737602	0.463278	-0.815466	0.576375	-0.052981	-0.306101	-0.351761	0.884628
17345	10.017753	5.997103	2.867888	0.321908	0.380918	-1.641853	0.505751	0.729351	0.460719	-0.808229	0.587329	-0.042555	-0.301631	-0.350844	0.886525
17346	10.565388	5.512159	4.658219	0.039785	0.133409	-1.747752	0.520220	0.719405	0.460247	-0.799355	0.599888	-0.034159	-0.300670	-0.350131	0.887134
17347	10.794533	2.994553	4.831159	-0.225987	-0.246659	-1.474225	0.531218	0.709576	0.462935	-0.790891	0.611252	-0.029365	-0.303806	-0.350532	0.885906
17348	9.586446	-0.288409	3.706500	-0.193810	-0.406468	-1.191398	0.539375	0.700771	0.466899	-0.783892	0.620371	-0.025545	-0.307552	-0.352220	0.883942
17349	8.623009	-2.634174	3.422122	0.006201	-0.282607	-0.999385	0.546329	0.693499	0.469662	-0.778455	0.627355	-0.020817	-0.309081	-0.354238	0.882601
17350	8.162608	-3.699727	4.367985	0.202294	-0.073214	-0.775647	0.552145	0.688315	0.470488	-0.774790	0.632032	-0.015390	-0.307957	-0.356032	0.882272
17351	4.216377	-3.026963	5.371318	0.451200	0.358708	-0.549337	0.557510	0.686074	0.467424	-0.773087	0.634239	-0.008837	-0.302521	-0.356433	0.883989
17352	0.401253	-1.082769	16.051933	-0.302279	0.198874	-0.271376	0.560225	0.685013	0.465731	-0.770624	0.637208	-0.010248	-0.303788	-0.353162	0.884867
17353	10.065497	-6.634220	24.864469	-1.531603	-1.862246	0.998230	0.546684	0.684722	0.481968	-0.771293	0.635843	-0.028471	-0.325950	-0.356174	0.875726
17354	18.685455	-7.059971	17.778211	1.352992	-1.929221	-0.353525	0.543141	0.675356	0.498891	-0.773748	0.633317	-0.014953	-0.326055	-0.377894	0.866536
17355	-9.953237	5.229992	-4.014648	1.774106	0.131022	-2.730471	0.564578	0.658364	0.497804	-0.764247	0.644772	0.014025	-0.311736	-0.388363	0.867176
17356	21.514171	14.870148	22.220859	-0.006906	-0.024485	-1.057398	0.572567	0.651372	0.497877	-0.758182	0.651759	0.019227	-0.311972	-0.388491	0.867034
17357	1.642222	0.013411	4.484588	-2.017262	0.625520	2.411165	0.556204	0.669323	0.492588	-0.765346	0.643538	-0.010245	-0.323856	-0.371302	0.870202
17358	4.921802	-6.439925	11.088201	-0.074360	-0.155684	1.812226	0.541757	0.680258	0.493709	-0.775023	0.631622	-0.019831	-0.325327	-0.371892	0.869401
17359	1.883287	-1.238517	6.384335	0.586633	0.138111	-1.062285	0.550434	0.673995	0.492700	-0.771082	0.636664	-0.009497	-0.320085	-0.374685	0.870148
17360	6.806779	5.755343	11.906350	0.042650	-0.276666	-0.318148	0.552013	0.670885	0.495171	-0.769435	0.638680	-0.007558	-0.321326	-0.376830	0.868763
17361	3.874354	0.186385	8.128558	-0.617017	-0.297179	0.488660	0.547305	0.672846	0.497730	-0.770087	0.637755	-0.015345	-0.327755	-0.374897	0.867196
17362	5.674054	-1.426070	8.843393	-0.160125	-0.324760	0.177397	0.544885	0.672715	0.500553	-0.770498	0.637199	-0.017621	-0.330806	-0.376074	0.865526
17363	5.541354	-1.247451	8.629957	-0.177704	-0.212632	0.141067	0.543110	0.672773	0.502402	-0.770643	0.636957	-0.019871	-0.333378	-0.376381	0.864406
17364	6.189921	-2.308089	8.668000	-0.065524	-0.226750	0.070384	0.541825	0.672325	0.504385	-0.770776	0.636767	-0.020794	-0.335156	-0.377501	0.863228
17365	6.149973	-1.331548	8.370118	0.070030	-0.040734	-0.025191	0.541901	0.671969	0.504779	-0.770841	0.636711	-0.020069	-0.334884	-0.378229	0.863015
17366	4.706271	0.256433	9.195935	0.135956	0.103562	-0.051415	0.542659	0.671991	0.503933	-0.770987	0.636579	-0.018638	-0.333318	-0.378412	0.863541
17367	4.712403	0.635567	9.494358	-0.007094	-0.121767	-0.007716	0.542330	0.671439	0.505022	-0.770888	0.636697	-0.018667	-0.334080	-0.379192	0.862904
17368	5.603277	0.124385	8.826828	-0.025593	-0.150998	0.014451	0.541729	0.670916	0.506361	-0.770851	0.636733	-0.018963	-0.335140	-0.380055	0.862113
17369	5.559077	-0.366524	8.816602	-0.051756	-0.043822	0.038721	0.541301	0.670954	0.506767	-0.770854	0.636710	-0.019612	-0.335823	-0.380028	0.861860
17370	5.311712	-0.822092	8.713339	-0.031709	-0.025294	0.029541	0.541004	0.671004	0.507018	-0.770877	0.636668	-0.020037	-0.336247	-0.380009	0.861702
17371	5.093337	-0.416464	8.869244	-0.012397	0.002087	0.012133	0.540935	0.671048	0.507034	-0.770869	0.636673	-0.020212	-0.336379	-0.379923	0.861689
17372	4.934599	0.060036	9.029210	-0.016658	-0.032582	0.003659	0.540813	0.670905	0.507353	-0.770802	0.636749	-0.020376	-0.336727	-0.380049	0.861497
17373	5.006956	-0.168381	9.082019	-0.072514	-0.062039	0.015129	0.540505	0.670724	0.507921	-0.770607	0.636962	-0.021084	-0.337668	-0.380011	0.861146
17374	5.116247	-0.847242	8.805720	-0.072141	-0.086488	0.011165	0.540142	0.670425	0.508701	-0.770393	0.637198	-0.021764	-0.338735	-0.380144	0.860668
17375	5.183962	-0.757793	8.804897	-0.023035	-0.072484	-0.001991	0.539929	0.670095	0.509362	-0.770271	0.637338	-0.021959	-0.339350	-0.380491	0.860272
17376	4.872126	-0.468061	8.876160	-0.019786	-0.055129	-0.003599	0.539785	0.669820	0.509875	-0.770155	0.637474	-0.022113	-0.339844	-0.380747	0.859964
17377	4.772633	-0.657195	9.073831	-0.048647	-0.129473	0.018601	0.539219	0.669403	0.511021	-0.770056	0.637574	-0.022632	-0.340964	-0.381311	0.859270
17378	5.142101	-0.319784	8.894412	-0.012509	-0.156964	0.006878	0.538645	0.668806	0.512406	-0.770021	0.637612	-0.022777	-0.341950	-0.382294	0.858441
17379	5.187572	-0.497087	8.771870	-0.030873	-0.156367	0.008402	0.538062	0.668219	0.513782	-0.769927	0.637714	-0.023092	-0.343076	-0.383150	0.857610
17380	5.160283	-0.741906	8.666557	-0.001025	-0.145143	-0.004660	0.537615	0.667591	0.515065	-0.769868	0.637785	-0.023078	-0.343908	-0.384125	0.856840
17381	5.216136	-0.913517	8.666042	0.037223	-0.151587	-0.029669	0.537339	0.666776	0.516407	-0.769804	0.637880	-0.022613	-0.344483	-0.385381	0.856045
17382	5.547618	-0.340695	8.706742	0.061088	-0.141948	-0.037698	0.537156	0.665946	0.517668	-0.769782	0.637932	-0.021897	-0.344819	-0.386729	0.855301
17383	5.602014	-0.361868	8.530230	0.082502	-0.065509	-0.057637	0.537391	0.665282	0.518277	-0.769723	0.638036	-0.020900	-0.344583	-0.387698	0.854958
17384	5.189060	-0.296537	8.842967	0.046922	-0.039790	-0.047850	0.537637	0.664780	0.518665	-0.769597	0.638208	-0.020252	-0.344479	-0.388275	0.854738
17385	5.412638	-0.155995	8.822114	0.076047	-0.072320	-0.059323	0.537862	0.664078	0.519331	-0.769507	0.638347	-0.019301	-0.344330	-0.389247	0.854355
17386	5.209025	-0.255457	8.870652	0.052454	-0.038294	-0.047451	0.538111	0.663584	0.519705	-0.769402	0.638494	-0.018608	-0.344176	-0.389849	0.854143
17387	5.183575	-0.198163	8.875332	0.038907	-0.069444	-0.038349	0.538184	0.663026	0.520341	-0.769297	0.638636	-0.018083	-0.344298	-0.390565	0.853767
17388	5.197033	-0.143369	8.958753	0.027588	-0.072626	-0.030238	0.538182	0.662506	0.521004	-0.769199	0.638765	-0.017691	-0.344520	-0.391235	0.853371
17389	5.374281	-0.055123	8.823022	0.019370	-0.103962	-0.024117	0.538026	0.661903	0.521931	-0.769102	0.638889	-0.017407	-0.344977	-0.392053	0.852810
17390	5.353536	0.022166	8.825071	0.002306	-0.078906	-0.012501	0.537865	0.661471	0.522644	-0.769013	0.638999	-0.017323	-0.345428	-0.392603	0.852375
17391	5.272431	-0.043387	8.914198	-0.001558	-0.080585	-0.006819	0.537656	0.661069	0.523368	-0.768938	0.639089	-0.017307	-0.345920	-0.393132	0.851931
17392	5.303384	-0.340889	8.797863	-0.010483	-0.092617	-0.000111	0.537352	0.660661	0.524195	-0.768871	0.639168	-0.017397	-0.346542	-0.393690	0.851421
17393	5.304656	-0.316980	8.758982	-0.004203	-0.092782	-0.010691	0.537129	0.660185	0.525022	-0.768765	0.639295	-0.017383	-0.347120	-0.394282	0.850911
17394	5.285687	-0.413224	8.743389	-0.005475	-0.091011	-0.009953	0.536905	0.659720	0.525836	-0.768663	0.639418	-0.017378	-0.347694	-0.394860	0.850409
17395	5.130667	-0.599554	8.709253	-0.012874	-0.085486	-0.010968	0.536709	0.659269	0.526600	-0.768526	0.639581	-0.017436	-0.348299	-0.395348	0.849934
17396	5.081054	-0.666069	8.843951	0.002350	-0.108724	-0.032117	0.536592	0.658591	0.527567	-0.768331	0.639820	-0.017248	-0.348908	-0.396091	0.849338
17397	5.341288	-0.385212	8.826208	0.016196	-0.163623	-0.047485	0.536402	0.657596	0.529000	-0.768100	0.640108	-0.016866	-0.349708	-0.397278	0.848454
17398	5.630340	-0.057732	8.620877	0.047791	-0.164780	-0.056726	0.536276	0.656534	0.530444	-0.767933	0.640327	-0.016161	-0.350268	-0.398679	0.847566
17399	5.655460	-0.077802	8.538999	0.036178	-0.080032	-0.054707	0.536432	0.655822	0.531167	-0.767733	0.640581	-0.015571	-0.350467	-0.399441	0.847124
17400	5.491563	0.161172	8.649711	0.043704	-0.050487	-0.046482	0.536627	0.655279	0.531639	-0.767606	0.640748	-0.014954	-0.350446	-0.400064	0.846839
17401	5.231068	-0.228464	8.967779	0.002580	-0.033370	-0.021060	0.536689	0.654968	0.531960	-0.767469	0.640915	-0.014826	-0.350652	-0.400305	0.846640
17402	5.245105	-0.396857	9.034185	0.006910	-0.116152	-0.032907	0.536549	0.654249	0.532986	-0.767286	0.641139	-0.014594	-0.351266	-0.401122	0.845998
17403	5.436325	-0.163332	8.836356	0.027488	-0.143279	-0.041368	0.536379	0.653366	0.534238	-0.767127	0.641339	-0.014146	-0.351870	-0.402241	0.845216
17404	5.518490	-0.164913	8.756944	0.018841	-0.129002	-0.032784	0.536191	0.652593	0.535370	-0.766988	0.641513	-0.013812	-0.352461	-0.403216	0.844505
17405	5.445806	-0.033564	8.807160	0.010398	-0.127034	-0.026150	0.535961	0.651870	0.536481	-0.766851	0.641682	-0.013590	-0.353109	-0.404117	0.843803
17406	5.335718	-0.148900	8.708133	0.003075	-0.132147	-0.020198	0.535663	0.651162	0.537636	-0.766723	0.641837	-0.013457	-0.353837	-0.405010	0.843070
17407	5.216186	-0.261166	8.772572	-0.005006	-0.137231	-0.015563	0.535313	0.650463	0.538829	-0.766589	0.641998	-0.013421	-0.354657	-0.405876	0.842308
17408	5.127964	-0.375684	8.882252	-0.021364	-0.154406	-0.006210	0.534827	0.649753	0.540168	-0.766449	0.642162	-0.013567	-0.355690	-0.406755	0.841448
17409	4.859866	-1.020219	8.971823	-0.045607	-0.180077	-0.009965	0.534278	0.648913	0.541718	-0.766200	0.642452	-0.013903	-0.357049	-0.407636	0.840445
17410	4.762879	-1.105597	9.208317	0.009463	-0.257626	-0.077684	0.533966	0.647318	0.543929	-0.765789	0.642953	-0.013402	-0.358396	-0.409379	0.839024
17411	5.368098	-0.624705	8.814984	0.043055	-0.458467	-0.135481	0.533372	0.644520	0.547822	-0.765187	0.643691	-0.012307	-0.360560	-0.412622	0.836505
17412	5.674151	-0.316283	8.535761	0.035040	-0.363217	-0.142641	0.533165	0.642054	0.550910	-0.764522	0.644500	-0.011231	-0.362272	-0.415195	0.834489
17413	5.017590	-0.008961	9.213982	0.014487	-0.247728	-0.160116	0.533506	0.639948	0.553027	-0.763687	0.645506	-0.010232	-0.363530	-0.416881	0.833101
17414	5.199667	0.512127	9.471356	0.006870	-0.536881	-0.147898	0.532689	0.636701	0.557543	-0.762893	0.646457	-0.009353	-0.366383	-0.420363	0.830095
17415	5.795892	0.595340	8.704435	-0.028174	-0.586607	-0.093537	0.531260	0.633577	0.562445	-0.762258	0.647210	-0.009068	-0.369765	-0.423911	0.826785
17416	5.779530	0.747676	8.799588	-0.056851	-0.469478	-0.022683	0.529703	0.631389	0.566359	-0.761896	0.647631	-0.009408	-0.372731	-0.426523	0.824105
17417	5.566910	0.267754	8.907712	-0.085040	-0.519383	0.036813	0.527494	0.629362	0.570660	-0.761739	0.647802	-0.010321	-0.376171	-0.429250	0.821121
17418	5.818309	0.021298	8.633864	-0.106523	-0.617850	0.056580	0.524740	0.627022	0.575753	-0.761603	0.647942	-0.011516	-0.380275	-0.432452	0.817543
17419	5.826988	-0.212822	8.450951	-0.113025	-0.556274	0.066219	0.522125	0.624995	0.580316	-0.761484	0.648057	-0.012825	-0.384093	-0.435205	0.814290
17420	5.482882	-0.568749	8.673802	-0.131616	-0.556688	0.065111	0.519493	0.622942	0.584867	-0.761285	0.648261	-0.014272	-0.388037	-0.437837	0.811003
17421	5.331085	-0.519458	8.780016	-0.113109	-0.671099	0.013682	0.516785	0.620038	0.590327	-0.760881	0.648712	-0.015270	-0.392420	-0.441277	0.807020
17422	5.592547	-0.295075	8.800565	-0.128910	-0.772790	0.004949	0.513708	0.616599	0.596581	-0.760366	0.649289	-0.016334	-0.397425	-0.445229	0.802387
17423	5.425771	-0.486701	8.947918	-0.128302	-0.807177	-0.000973	0.510502	0.612939	0.603070	-0.759815	0.649908	-0.017357	-0.402579	-0.449361	0.797499
17424	5.159798	-0.767462	9.261121	-0.132021	-0.950142	-0.028457	0.506877	0.608416	0.610660	-0.759104	0.650714	-0.018230	-0.408457	-0.454314	0.791683
17425	5.268181	-0.945739	9.109015	-0.052961	-1.171041	-0.103986	0.502860	0.602336	0.619939	-0.758327	0.651625	-0.018009	-0.414815	-0.461060	0.784444
17426	5.136163	-0.999344	9.229925	0.004976	-1.311880	-0.156802	0.498575	0.595166	0.630238	-0.757532	0.652577	-0.016986	-0.421388	-0.468957	0.776216
17427	5.084707	-1.001174	9.155570	0.073275	-1.590452	-0.243346	0.493670	0.585996	0.642572	-0.756603	0.653705	-0.014873	-0.428768	-0.478829	0.766081
17428	5.012753	-0.992910	8.922194	0.160881	-1.844780	-0.337609	0.488251	0.574798	0.656672	-0.755611	0.654921	-0.011450	-0.436650	-0.490598	0.754089
17429	4.625721	-1.017732	9.416280	0.243605	-2.195440	-0.435108	0.481866	0.560976	0.673135	-0.754541	0.656218	-0.006737	-0.445503	-0.504662	0.739489
17430	3.757107	-0.970572	10.287888	0.469302	-2.673646	-0.608351	0.474428	0.543200	0.692714	-0.753714	0.657202	0.000853	-0.454789	-0.522513	0.721212
17431	3.163724	-1.125159	10.509756	0.566935	-3.311119	-0.816918	0.465345	0.520125	0.716187	-0.752452	0.658561	0.010634	-0.466122	-0.543845	0.697828
17432	5.348988	-1.626200	10.297885	0.579499	-3.821127	-1.005366	0.454844	0.492217	0.742186	-0.750535	0.660466	0.021941	-0.479389	-0.567016	0.669835
17433	7.257758	-2.160713	10.059710	0.763404	-3.925215	-1.185979	0.444694	0.461605	0.767573	-0.748872	0.661741	0.035900	-0.491363	-0.590779	0.639955
17434	10.146277	-1.641812	11.084485	0.853379	-3.985233	-1.280446	0.434475	0.429060	0.791921	-0.747454	0.662335	0.051228	-0.502537	-0.614182	0.608471
17435	9.929361	-1.773251	10.283092	0.854947	-3.838372	-1.375530	0.425271	0.395911	0.813879	-0.745847	0.662704	0.067350	-0.512696	-0.635671	0.577118
17436	10.305555	-1.237237	10.274417	0.611020	-3.873995	-1.474553	0.416161	0.361078	0.834525	-0.742781	0.664376	0.082951	-0.524486	-0.654391	0.544690
17437	10.777535	-3.036782	10.203396	0.338353	-3.917908	-1.579331	0.407047	0.324565	0.853798	-0.738043	0.667587	0.098082	-0.538150	-0.670063	0.511282
17438	11.245238	-4.279003	9.790726	0.513978	-3.884982	-1.807466	0.399211	0.286089	0.871082	-0.733522	0.669653	0.116235	-0.550069	-0.685360	0.477186
17439	11.736690	-4.455174	9.418027	0.792321	-3.691566	-2.050944	0.393753	0.246726	0.885486	-0.729747	0.669664	0.137909	-0.558952	-0.700483	0.443730
17440	11.026624	-4.017862	10.202687	1.069353	-3.426362	-2.223871	0.390706	0.207541	0.896814	-0.727002	0.667171	0.162328	-0.564639	-0.715408	0.411551
17441	5.847869	-5.832540	8.994055	1.331650	-3.164436	-2.338290	0.389781	0.169082	0.905253	-0.725376	0.661987	0.188685	-0.567362	-0.730195	0.380678
17442	2.779282	-7.026688	7.164270	2.006883	-3.455887	-2.710988	0.389871	0.125665	0.912255	-0.726154	0.651168	0.220638	-0.566305	-0.748458	0.345123
17443	-1.234002	-3.710341	6.636094	2.930520	-3.147302	-3.203601	0.395519	0.081154	0.914866	-0.730001	0.632260	0.259512	-0.557372	-0.770494	0.309313
17444	8.117172	4.929592	18.913856	2.578877	-2.803009	-3.408509	0.404901	0.037997	0.913571	-0.730606	0.614210	0.298263	-0.549792	-0.788227	0.276455
17445	20.765080	8.044941	22.718304	0.150760	-0.398152	-2.451701	0.420516	0.019768	0.907070	-0.721277	0.613771	0.321007	-0.550388	-0.789237	0.272358
17446	4.295694	-2.263769	20.677599	-1.605971	1.412767	-0.871813	0.434568	0.025380	0.900281	-0.708634	0.626582	0.324396	-0.555867	-0.778942	0.290277
17447	0.732248	-7.365791	10.238109	-1.627437	1.753369	-0.539594	0.448150	0.035498	0.893253	-0.697133	0.639379	0.324347	-0.559613	-0.768072	0.311284
17448	-2.559406	-7.532099	9.188710	-1.069544	2.135157	-0.271125	0.461959	0.050011	0.885490	-0.689893	0.647689	0.323335	-0.557353	-0.760261	0.333708
17449	-0.704372	-5.871971	8.428104	-0.858700	2.090533	0.042191	0.473290	0.066082	0.878425	-0.685275	0.654212	0.320007	-0.553529	-0.753419	0.354917
17450	1.212979	-2.768929	9.932743	-0.717527	2.282135	0.288943	0.483881	0.085043	0.870992	-0.682674	0.659399	0.314878	-0.547553	-0.746968	0.377127
17451	3.165368	-0.824128	11.208695	-0.950606	2.568282	0.524859	0.494302	0.107570	0.862609	-0.680018	0.666004	0.306619	-0.541517	-0.738152	0.402357
17452	4.738105	-0.055685	11.518113	-1.276208	2.877501	0.739764	0.504788	0.133539	0.852852	-0.676805	0.674480	0.294979	-0.535840	-0.726116	0.430850
17453	5.404287	-0.406152	10.684765	-1.434432	3.228611	0.880199	0.516052	0.162707	0.840962	-0.673610	0.683540	0.281108	-0.529093	-0.711547	0.462343
17454	5.508064	-0.355212	9.697735	-1.446183	3.445133	0.934407	0.527862	0.193316	0.827037	-0.670861	0.692077	0.266411	-0.520872	-0.695455	0.495009
17455	5.679063	-0.386909	8.679345	-1.389114	3.523254	1.001028	0.539359	0.224468	0.811607	-0.668982	0.699582	0.251092	-0.511424	-0.678379	0.527491
17456	6.148544	-0.449640	8.362126	-1.271498	3.509839	1.060973	0.550035	0.255374	0.795139	-0.668291	0.705580	0.235678	-0.500848	-0.661015	0.558758
17457	6.914033	-0.233223	8.261944	-1.144821	3.462392	1.119108	0.559715	0.285864	0.777818	-0.668783	0.710073	0.220287	-0.489335	-0.643489	0.588619
17458	7.749813	0.568077	8.358282	-1.070733	3.425704	1.173162	0.568423	0.315898	0.759673	-0.670191	0.713366	0.204826	-0.477221	-0.625554	0.617206
17459	8.485823	0.911588	7.876901	-1.150514	3.368733	1.256829	0.575893	0.345613	0.740877	-0.671907	0.716349	0.188111	-0.465713	-0.606132	0.644760
17460	8.356313	0.092570	7.011009	-1.212540	3.369934	1.356175	0.582277	0.375368	0.721147	-0.674147	0.718713	0.170226	-0.454400	-0.585278	0.671543
17461	7.934991	-0.792737	6.739467	-1.130677	3.284526	1.410188	0.587507	0.404373	0.700941	-0.677272	0.719768	0.152434	-0.442875	-0.564284	0.696739
17462	8.183153	-0.591302	6.981159	-1.043036	3.203972	1.476818	0.591483	0.432695	0.680384	-0.681386	0.719394	0.134851	-0.431115	-0.543366	0.720342
17463	8.205624	-0.156365	7.419930	-1.094047	3.159851	1.584988	0.594116	0.460891	0.659246	-0.686076	0.718191	0.116196	-0.419910	-0.521327	0.742895
17464	9.108139	0.602896	8.146419	-1.223683	3.114217	1.689488	0.595413	0.488831	0.637595	-0.691014	0.716435	0.096023	-0.409856	-0.497760	0.764364
17465	10.534381	1.654499	8.331134	-1.402121	3.058113	1.768623	0.595580	0.516298	0.615403	-0.695810	0.714399	0.074044	-0.401414	-0.472302	0.784727
17466	12.044738	2.182648	7.600304	-1.591853	2.933360	1.844933	0.594393	0.542871	0.593286	-0.700414	0.711966	0.050254	-0.395118	-0.445416	0.803422
17467	12.960079	2.071889	6.005983	-1.676132	2.651933	1.973881	0.590971	0.568326	0.572502	-0.705474	0.708291	0.025107	-0.391229	-0.418723	0.819519
17468	13.602956	1.170979	4.359196	-1.476505	2.171699	2.124455	0.584394	0.592107	0.554881	-0.712166	0.702010	0.000939	-0.388976	-0.395716	0.831929
17469	14.472856	1.193658	2.979055	-1.046497	1.664951	2.145077	0.575514	0.613492	0.540751	-0.720500	0.693178	-0.019605	-0.386864	-0.378328	0.840954
17470	15.464502	1.841154	1.477438	-0.670373	1.491869	2.024294	0.566594	0.632920	0.527621	-0.729446	0.683086	-0.036084	-0.383248	-0.364427	0.848713
17471	17.131958	4.010070	1.195219	-0.264032	1.797557	1.826277	0.560031	0.651702	0.511518	-0.738687	0.672347	-0.047863	-0.375110	-0.351046	0.857939
17472	17.753233	6.249547	2.460053	-0.263242	1.896933	1.839467	0.553405	0.670450	0.494207	-0.747920	0.661127	-0.059387	-0.366549	-0.336762	0.867314
17473	18.096411	7.718810	2.341454	-0.385428	1.555563	1.601467	0.547053	0.686069	0.479626	-0.755285	0.651585	-0.070578	-0.360938	-0.323645	0.874630
17474	19.051441	8.649449	-0.338797	-0.740200	0.748788	1.246910	0.540333	0.696502	0.472150	-0.759356	0.645359	-0.083001	-0.362516	-0.313682	0.877602
17475	18.003038	5.810276	-7.299324	-0.914706	0.422997	1.343413	0.531674	0.706405	0.467241	-0.763177	0.638810	-0.097375	-0.367264	-0.304816	0.878752
17476	14.124010	-4.976871	-11.925261	-0.402693	0.578907	2.212905	0.516814	0.722089	0.459882	-0.773269	0.624254	-0.111181	-0.367366	-0.298152	0.880992
17477	9.307053	-10.895302	-14.072349	2.922029	-1.178929	0.410272	0.509407	0.720919	0.469872	-0.785824	0.612241	-0.087412	-0.350692	-0.324708	0.878396
17478	14.035758	5.082115	-5.627864	4.919790	-2.564841	-1.658104	0.513857	0.701820	0.493356	-0.793935	0.606910	-0.036430	-0.324990	-0.372973	0.869065
17479	15.831771	16.803800	0.984382	3.253343	-2.195104	0.969471	0.499138	0.699001	0.512112	-0.809137	0.587472	-0.013224	-0.310094	-0.407768	0.858817
17480	14.578270	9.191161	9.719793	0.947341	0.451701	4.533752	0.463286	0.726627	0.507325	-0.833822	0.551313	-0.028190	-0.300179	-0.409959	0.861293
17481	21.859914	3.455644	21.396863	3.089550	1.461997	3.430373	0.438438	0.750888	0.493902	-0.858028	0.513264	-0.018650	-0.267506	-0.415605	0.869318
17482	1.248269	46.302759	21.769560	6.146854	1.808863	-9.956636	0.526618	0.705077	0.474910	-0.824505	0.559684	0.083340	-0.207038	-0.435454	0.876079
17483	-6.921787	45.774767	25.519104	-1.280874	-1.356956	2.530710	0.502717	0.713121	0.488604	-0.834737	0.547375	0.059951	-0.224698	-0.437994	0.870443
17484	26.858659	-37.001120	-1.698155	-10.489858	-7.333380	7.720803	0.416971	0.723022	0.550795	-0.840265	0.537678	-0.069695	-0.346541	-0.433752	0.831726
17485	5.254887	-19.365322	-6.770260	6.348505	1.758567	-3.515269	0.452186	0.711946	0.537272	-0.845023	0.534723	0.002632	-0.285418	-0.455197	0.843405
17486	5.918800	24.897802	17.758433	2.514537	3.996444	-3.978504	0.496205	0.708188	0.502245	-0.832802	0.551757	0.044783	-0.245402	-0.440492	0.863565
17487	-1.173155	5.079184	18.526540	-4.398151	-2.072557	3.033871	0.465341	0.715823	0.520630	-0.835541	0.549362	-0.008517	-0.292111	-0.431044	0.853740
17488	8.093915	-11.948669	-0.538437	-0.586143	-2.590342	2.914952	0.433055	0.720164	0.542059	-0.846850	0.531042	-0.028973	-0.308721	-0.446495	0.839841
17489	9.758527	-5.122335	5.580783	0.442424	0.446668	-1.039113	0.443226	0.716571	0.538588	-0.843623	0.536576	-0.019642	-0.303069	-0.445660	0.842340
17490	6.025697	4.779985	8.874390	0.987862	1.699858	-0.601291	0.453336	0.720821	0.524312	-0.843818	0.536569	-0.008081	-0.287155	-0.438761	0.851488
17491	2.877080	1.050816	12.751347	-0.808462	0.380032	0.575276	0.449605	0.725521	0.521033	-0.844045	0.535970	-0.017985	-0.292307	-0.431689	0.853347
17492	5.433189	-2.368814	7.888982	-0.037922	-0.629654	0.249929	0.445664	0.724086	0.526387	-0.845027	0.534363	-0.019619	-0.295487	-0.436068	0.850019
17493	6.113343	1.102840	7.645934	0.160697	0.185000	-0.114624	0.447199	0.724241	0.524869	-0.844961	0.534536	-0.017656	-0.293348	-0.435599	0.851000
17494	4.621945	0.349125	9.617550	-0.116069	0.382251	0.147219	0.447096	0.726646	0.521623	-0.845254	0.534012	-0.019416	-0.292662	-0.432223	0.852955
17495	4.653673	-0.840434	9.075405	-0.034431	-0.123243	0.060820	0.446242	0.726399	0.522697	-0.845398	0.533761	-0.020033	-0.293547	-0.432947	0.852283
17496	5.709057	-1.494716	8.122480	-0.020036	-0.019163	0.046398	0.445814	0.726524	0.522888	-0.845521	0.533551	-0.020448	-0.293844	-0.432997	0.852156
17497	5.001510	-0.968478	8.956302	0.052472	0.080183	0.007945	0.446005	0.726875	0.522238	-0.845683	0.533309	-0.020049	-0.293087	-0.432706	0.852564
17498	5.280657	-1.337405	8.706662	0.019693	-0.067309	-0.016873	0.445971	0.726454	0.522853	-0.845640	0.533386	-0.019794	-0.293262	-0.433318	0.852193
17499	5.517606	-0.656132	8.653062	0.082487	0.004897	-0.048297	0.446416	0.726179	0.522855	-0.845639	0.533423	-0.018846	-0.292588	-0.433733	0.852213
17500	5.270775	-0.263751	8.805675	0.076168	-0.006671	-0.057126	0.446900	0.725805	0.522960	-0.845581	0.533547	-0.017900	-0.292015	-0.434206	0.852169
17501	5.404091	0.225039	8.875159	0.053271	-0.002376	-0.042411	0.447274	0.725530	0.523022	-0.845519	0.533667	-0.017231	-0.291621	-0.434518	0.852145
17502	5.269979	0.029116	8.864583	0.022189	0.004584	-0.017782	0.447458	0.725415	0.523024	-0.845479	0.533739	-0.016950	-0.291455	-0.434621	0.852149
17503	5.230144	-0.214800	8.832477	-0.008522	0.002726	0.003064	0.447463	0.725405	0.523035	-0.845441	0.533797	-0.017046	-0.291560	-0.434567	0.852141
17504	5.086311	-0.616389	8.797772	-0.011684	-0.009237	0.003023	0.447431	0.725341	0.523151	-0.845395	0.533866	-0.017163	-0.291741	-0.434590	0.852067
17505	5.240470	-0.599117	8.739836	0.013509	-0.026150	-0.011290	0.447472	0.725128	0.523410	-0.845356	0.533932	-0.016996	-0.291790	-0.434862	0.851912
17506	5.355843	-0.439282	8.774154	0.025226	-0.025669	-0.024946	0.447629	0.724843	0.523670	-0.845293	0.534044	-0.016652	-0.291733	-0.435201	0.851758
17507	5.260790	-0.170199	8.749808	0.042168	-0.013470	-0.037973	0.447933	0.724543	0.523825	-0.845218	0.534179	-0.016101	-0.291482	-0.435534	0.851674
17508	5.163635	-0.191715	8.810705	0.025635	-0.025702	-0.030453	0.448136	0.724229	0.524087	-0.845131	0.534327	-0.015725	-0.291422	-0.435875	0.851520
17509	5.146314	-0.109710	8.810572	0.020892	-0.033982	-0.027810	0.448294	0.723893	0.524414	-0.845040	0.534481	-0.015409	-0.291444	-0.436243	0.851324
17510	5.133127	-0.155985	8.779356	0.021425	-0.053450	-0.022910	0.448353	0.723497	0.524910	-0.844974	0.534593	-0.015108	-0.291544	-0.436762	0.851023
