// General information: 
//  MT Manager version: 2022.2.0 
//  XDA version: 2022.2.0 build 7381 rev 124627 built on 2023-07-19
// Device information: 
//  DeviceId: 00B4CB9F
//  ProductCode: MTW2-3A7G6
//  Firmware Version: 4.6.0
//  Hardware Version: 2.0.0
// Device settings: 
//  Filter Profile: human(46.1)
//  Option Flags: Orientation Smoother Disabled, Position/Velocity Smoother Disabled, Continuous Zero Rotation Update Disabled, AHS Disabled, ICC Disabled
// Coordinate system: ENU
PacketCounter	Acc_X	Acc_Y	Acc_Z	Gyr_X	Gyr_Y	Gyr_Z	Mat[1][1]	Mat[2][1]	Mat[3][1]	Mat[1][2]	Mat[2][2]	Mat[3][2]	Mat[1][3]	Mat[2][3]	Mat[3][3]
26578	9.451888	-1.673467	-1.614093	0.025489	0.085850	-0.022884	0.168476	0.157299	0.973074	0.985690	-0.032518	-0.165403	0.005625	0.987015	-0.160527
26579	9.391239	-1.699473	-1.933053	0.064716	0.046197	-0.025397	0.168257	0.156881	0.973179	0.985731	-0.031777	-0.165304	0.004992	0.987106	-0.159989
26580	9.366329	-1.693914	-2.151305	0.083754	0.011179	-0.027066	0.168031	0.156823	0.973228	0.985773	-0.030865	-0.165223	0.004128	0.987144	-0.159778
26581	9.301289	-1.517654	-2.337813	0.099927	-0.024157	-0.023701	0.167834	0.157095	0.973218	0.985811	-0.029800	-0.165195	0.003051	0.987134	-0.159867
26582	9.411100	-1.302164	-2.354458	0.103442	-0.058838	-0.019103	0.167689	0.157725	0.973141	0.985838	-0.028706	-0.165224	0.001876	0.987066	-0.160305
26583	9.540055	-1.015093	-2.138897	0.072468	-0.068379	-0.008066	0.167641	0.158436	0.973034	0.985848	-0.027892	-0.165307	0.000949	0.986975	-0.160870
26584	9.657679	-0.776078	-1.784255	0.005794	-0.057375	0.008294	0.167765	0.159044	0.972913	0.985827	-0.027806	-0.165446	0.000739	0.986880	-0.161455
26585	9.844388	-0.793906	-1.452022	-0.084874	-0.033189	0.007518	0.167877	0.159394	0.972836	0.985807	-0.028636	-0.165424	0.001491	0.986800	-0.161940
26586	9.866210	-1.059334	-1.263729	-0.180940	0.001827	0.012505	0.168042	0.159416	0.972804	0.985775	-0.030399	-0.165301	0.003221	0.986743	-0.162257
26587	9.718351	-1.380056	-1.060822	-0.239513	0.020992	0.005725	0.168131	0.159237	0.972818	0.985749	-0.032715	-0.165011	0.005550	0.986698	-0.162468
26588	9.690775	-1.719337	-1.055395	-0.254241	0.036699	0.002879	0.168199	0.158917	0.972859	0.985720	-0.035186	-0.164674	0.008062	0.986665	-0.162566
26589	9.699819	-2.085565	-1.146342	-0.227495	0.050699	0.000245	0.168231	0.158445	0.972930	0.985693	-0.037385	-0.164349	0.010332	0.986660	-0.162467
26590	9.390921	-2.371889	-1.299717	-0.158465	0.046308	-0.014842	0.168121	0.158037	0.973016	0.985694	-0.038882	-0.163997	0.011915	0.986667	-0.162313
26591	9.344092	-2.487908	-1.705512	-0.064178	0.007728	-0.033014	0.167834	0.157999	0.973071	0.985736	-0.039442	-0.163614	0.012529	0.986651	-0.162365
26592	9.370510	-2.303305	-1.827556	0.033448	-0.017750	-0.028549	0.167597	0.158229	0.973075	0.985781	-0.039025	-0.163439	0.012113	0.986631	-0.162519
26593	9.297519	-2.015513	-2.010404	0.121742	-0.041021	-0.033586	0.167308	0.158672	0.973053	0.985846	-0.037740	-0.163353	0.010803	0.986610	-0.162741
26594	9.482629	-1.815912	-2.028938	0.154050	-0.060206	-0.027463	0.167085	0.159320	0.972985	0.985900	-0.036134	-0.163386	0.009127	0.986566	-0.163111
26595	9.461534	-1.556705	-2.001305	0.164606	-0.059647	-0.015733	0.166968	0.159944	0.972903	0.985935	-0.034418	-0.163546	0.007327	0.986526	-0.163441
26596	9.477189	-1.447687	-1.999080	0.142292	-0.070176	-0.018616	0.166831	0.160686	0.972804	0.985969	-0.032942	-0.163647	0.005751	0.986456	-0.163927
26597	9.683687	-1.333766	-1.703943	0.109562	-0.063290	-0.017486	0.166696	0.161344	0.972718	0.985998	-0.031784	-0.163700	0.004505	0.986386	-0.164383
26598	9.711914	-1.177619	-1.369478	0.070236	-0.034618	-0.013428	0.166607	0.161733	0.972669	0.986016	-0.031027	-0.163734	0.003698	0.986347	-0.164641
26599	9.743771	-1.224387	-1.172431	0.021072	-0.018681	-0.012550	0.166518	0.161952	0.972648	0.986033	-0.030739	-0.163691	0.003389	0.986320	-0.164808
26600	9.815712	-1.397494	-1.040672	-0.033573	0.003601	-0.005771	0.166502	0.161962	0.972649	0.986034	-0.031019	-0.163628	0.003669	0.986309	-0.164864
26601	9.807647	-1.466241	-0.910934	-0.086229	0.042200	-0.009824	0.166439	0.161576	0.972724	0.986041	-0.031812	-0.163434	0.004538	0.986347	-0.164615
26602	9.667884	-1.561374	-0.914355	-0.121184	0.057022	-0.013569	0.166344	0.161061	0.972825	0.986051	-0.032943	-0.163151	0.005771	0.986394	-0.164294
26603	9.508347	-1.681487	-1.184484	-0.126891	0.053709	-0.020808	0.166170	0.160567	0.972937	0.986072	-0.034109	-0.162784	0.007048	0.986435	-0.163999
26604	9.398981	-1.888965	-1.641239	-0.103119	0.034714	-0.035495	0.165860	0.160281	0.973037	0.986116	-0.035027	-0.162319	0.008066	0.986450	-0.163865
26605	9.461185	-1.923203	-1.965596	-0.069854	0.012453	-0.042539	0.165474	0.160201	0.973116	0.986176	-0.035601	-0.161834	0.008718	0.986442	-0.163877
26606	9.466598	-1.837616	-2.061235	-0.046997	-0.001584	-0.045150	0.165071	0.160276	0.973172	0.986240	-0.035950	-0.161367	0.009122	0.986417	-0.164005
26607	9.471689	-1.648748	-1.988071	-0.041036	-0.002307	-0.040525	0.164707	0.160340	0.973223	0.986297	-0.036246	-0.160948	0.009469	0.986396	-0.164112
26608	9.516648	-1.483388	-1.812694	-0.041848	-0.000288	-0.029219	0.164461	0.160396	0.973255	0.986335	-0.036570	-0.160644	0.009825	0.986375	-0.164219
26609	9.711843	-1.441518	-1.583004	-0.057637	0.006745	-0.019445	0.164305	0.160365	0.973287	0.986355	-0.037072	-0.160403	0.010359	0.986361	-0.164268
26610	9.706441	-1.383293	-1.327850	-0.088942	0.027749	-0.003979	0.164305	0.160136	0.973324	0.986346	-0.037901	-0.160268	0.011226	0.986367	-0.164176
26611	9.607208	-1.411528	-1.293990	-0.091853	0.027648	-0.015427	0.164187	0.159896	0.973384	0.986355	-0.038746	-0.160010	0.012130	0.986373	-0.164076
26612	9.638576	-1.527476	-1.272964	-0.093736	0.028726	-0.023729	0.163991	0.159665	0.973455	0.986376	-0.039590	-0.159674	0.013045	0.986377	-0.163982
26613	9.367936	-1.557254	-1.477522	-0.058788	0.006873	-0.037176	0.163655	0.159648	0.973514	0.986425	-0.040020	-0.159262	0.013534	0.986363	-0.164030
26614	9.483025	-1.706151	-1.529244	-0.033543	-0.016874	-0.055232	0.163155	0.159879	0.973560	0.986504	-0.040220	-0.158719	0.013781	0.986317	-0.164284
26615	9.596352	-1.436188	-1.374827	-0.009515	-0.008129	-0.041065	0.162788	0.159999	0.973602	0.986564	-0.040225	-0.158345	0.013828	0.986297	-0.164398
26616	9.564626	-1.279846	-1.404487	-0.003024	-0.004068	-0.044234	0.162395	0.160100	0.973651	0.986629	-0.040142	-0.157959	0.013795	0.986284	-0.164478
26617	9.831481	-1.302427	-1.345617	-0.026819	0.008369	-0.028203	0.162152	0.160055	0.973699	0.986666	-0.040328	-0.157683	0.014030	0.986284	-0.164460
26618	9.670864	-1.329836	-1.427981	-0.067348	0.034928	-0.024209	0.161951	0.159763	0.973780	0.986689	-0.040911	-0.157385	0.014694	0.986307	-0.164262
26619	9.591904	-1.652869	-1.615093	-0.094271	0.028593	-0.032496	0.161660	0.159528	0.973867	0.986723	-0.041721	-0.156960	0.015591	0.986311	-0.164154
26620	9.594942	-1.919101	-1.681936	-0.090358	0.034654	-0.034511	0.161356	0.159243	0.973964	0.986759	-0.042515	-0.156525	0.016483	0.986323	-0.163995
26621	9.421980	-1.986602	-1.844379	-0.049055	0.036109	-0.033565	0.161050	0.158937	0.974065	0.986801	-0.042848	-0.156164	0.016916	0.986359	-0.163740
26622	9.452997	-1.888324	-1.955240	0.000852	0.018333	-0.029473	0.160798	0.158812	0.974127	0.986843	-0.042750	-0.155928	0.016881	0.986383	-0.163596
26623	9.242734	-1.751480	-2.145476	0.052513	-0.017453	-0.030981	0.160533	0.159027	0.974135	0.986896	-0.042137	-0.155757	0.016278	0.986375	-0.163708
26624	9.263888	-1.590748	-2.226122	0.065231	-0.068039	-0.046752	0.160124	0.159761	0.974083	0.986976	-0.041377	-0.155457	0.015468	0.986288	-0.164305
26625	9.411659	-1.144356	-2.085438	0.039427	-0.091831	-0.034711	0.159831	0.160712	0.973974	0.987032	-0.040874	-0.155230	0.014863	0.986155	-0.165161
26626	9.660451	-0.450424	-1.912795	-0.026816	-0.081063	-0.020849	0.159680	0.161563	0.973858	0.987056	-0.041063	-0.155032	0.014942	0.986008	-0.166029
26627	9.991180	-0.118554	-1.318832	-0.161235	-0.024640	-0.003660	0.159682	0.161842	0.973812	0.987032	-0.042577	-0.154774	0.016413	0.985898	-0.166542
26628	10.122709	-0.168445	-0.889874	-0.313595	0.049433	0.003182	0.159747	0.161396	0.973875	0.986965	-0.045631	-0.154332	0.019531	0.985834	-0.166582
26629	9.979880	-0.820934	-0.704461	-0.432944	0.091982	-0.005387	0.159707	0.160524	0.974025	0.986876	-0.049825	-0.153603	0.023873	0.985774	-0.166375
26630	9.806644	-1.748772	-0.740619	-0.459528	0.102667	-0.027313	0.159454	0.159569	0.974224	0.986793	-0.054268	-0.152622	0.028516	0.985694	-0.166115
26631	9.554329	-2.422461	-0.896846	-0.365762	0.099359	-0.038406	0.159080	0.158641	0.974437	0.986740	-0.057763	-0.151685	0.032223	0.985645	-0.165726
26632	9.311320	-2.883974	-1.272178	-0.199554	0.074323	-0.053959	0.158566	0.157982	0.974627	0.986754	-0.059603	-0.150878	0.034254	0.985642	-0.165340
26633	9.263362	-2.842786	-1.735381	0.004304	0.023804	-0.042005	0.158180	0.157802	0.974719	0.986818	-0.059443	-0.150520	0.034188	0.985680	-0.165125
26634	9.253913	-2.490472	-2.095133	0.181371	-0.028583	-0.038437	0.157854	0.158149	0.974716	0.986934	-0.057552	-0.150495	0.032297	0.985737	-0.165167
26635	9.180972	-1.938070	-2.483610	0.314977	-0.096634	-0.032854	0.157599	0.159147	0.974595	0.987078	-0.054365	-0.150740	0.028994	0.985757	-0.165658
26636	9.388085	-1.375881	-2.540248	0.352983	-0.131505	-0.016114	0.157518	0.160494	0.974387	0.987193	-0.050817	-0.151218	0.025246	0.985728	-0.166443
26637	9.227808	-0.822078	-2.630622	0.329597	-0.160018	0.003649	0.157627	0.162102	0.974103	0.987261	-0.047513	-0.151850	0.021668	0.985630	-0.167526
26638	9.520819	-0.431054	-2.481914	0.260179	-0.184773	0.019152	0.157896	0.163957	0.973749	0.987278	-0.044938	-0.152524	0.018751	0.985443	-0.168966
26639	9.853611	-0.018036	-2.013293	0.152233	-0.166120	0.041679	0.158374	0.165604	0.973393	0.987234	-0.043462	-0.153231	0.016930	0.985234	-0.170373
26640	9.869372	0.178578	-1.630796	0.019173	-0.130839	0.044014	0.158872	0.166917	0.973087	0.987162	-0.043305	-0.153742	0.016477	0.985020	-0.171654
26641	10.075010	-0.008664	-1.115420	-0.124198	-0.088435	0.049064	0.159411	0.167792	0.972848	0.987057	-0.044596	-0.154047	0.017538	0.984813	-0.172729
26642	10.197551	-0.514569	-0.500001	-0.245118	-0.016478	0.053585	0.159985	0.167972	0.972723	0.986919	-0.047058	-0.154194	0.019874	0.984668	-0.173304
26643	10.054736	-1.323556	-0.208823	-0.297200	0.047999	0.061170	0.160613	0.167500	0.972701	0.986753	-0.050040	-0.154317	0.022826	0.984601	-0.173318
26644	9.918229	-2.061093	-0.044087	-0.259611	0.080539	0.059943	0.161228	0.166718	0.972734	0.986589	-0.052655	-0.154500	0.025461	0.984598	-0.172972
26645	9.743232	-2.455387	0.007071	-0.129125	0.092692	0.052153	0.161752	0.165807	0.972802	0.986467	-0.053959	-0.154828	0.026820	0.984681	-0.172291
26646	9.346847	-2.429927	-0.473470	0.056590	0.064689	0.041564	0.162188	0.165190	0.972835	0.986409	-0.053429	-0.155379	0.026310	0.984814	-0.171610
26647	9.167317	-2.320140	-1.201889	0.255853	0.013643	0.036558	0.162579	0.165067	0.972790	0.986410	-0.050903	-0.156218	0.023732	0.984968	-0.171100
26648	9.116552	-2.033179	-1.875540	0.399113	-0.041752	0.033882	0.162965	0.165505	0.972651	0.986436	-0.046986	-0.157279	0.019670	0.985089	-0.170917
26649	9.103481	-1.552302	-2.352874	0.486599	-0.102920	0.048179	0.163493	0.166526	0.972388	0.986436	-0.042218	-0.158625	0.014638	0.985133	-0.171169
26650	9.343332	-0.794940	-2.635746	0.536066	-0.152301	0.073048	0.164274	0.168040	0.971996	0.986373	-0.037018	-0.160304	0.009044	0.985085	-0.171832
26651	9.565598	-0.060792	-2.493974	0.494837	-0.179682	0.103862	0.165343	0.169803	0.971508	0.986229	-0.032263	-0.162209	0.003800	0.984950	-0.172799
26652	9.596131	0.436434	-2.224269	0.364710	-0.186606	0.125434	0.166625	0.171646	0.970965	0.986020	-0.028844	-0.164110	-0.000163	0.984736	-0.174053
26653	9.751660	0.595313	-1.970111	0.196256	-0.184545	0.149357	0.168130	0.173451	0.970385	0.985762	-0.027130	-0.165945	-0.002457	0.984469	-0.175542
26654	9.878088	0.468705	-1.706036	0.038950	-0.166009	0.170727	0.169849	0.175082	0.969793	0.985465	-0.027002	-0.167719	-0.003178	0.984183	-0.177124
26655	9.827151	0.079327	-1.453831	-0.081171	-0.152671	0.181446	0.171663	0.176560	0.969205	0.985152	-0.028073	-0.169373	-0.002696	0.983889	-0.178757
26656	9.815475	-0.469683	-1.257571	-0.163472	-0.134525	0.191847	0.173591	0.177871	0.968622	0.984817	-0.029980	-0.170988	-0.001374	0.983597	-0.180375
26657	9.747002	-0.824141	-1.124425	-0.209464	-0.113007	0.206371	0.175656	0.178946	0.968051	0.984451	-0.032377	-0.172647	0.000448	0.983326	-0.181851
26658	9.725005	-1.144186	-0.996177	-0.215299	-0.091234	0.223247	0.177896	0.179812	0.967482	0.984046	-0.034853	-0.174464	0.002349	0.983083	-0.183143
26659	9.709111	-1.305918	-1.057538	-0.203672	-0.077388	0.243361	0.180326	0.180514	0.966901	0.983598	-0.037260	-0.176484	0.004169	0.982866	-0.184272
26660	9.634808	-1.262964	-1.146910	-0.200048	-0.066236	0.250786	0.182838	0.181111	0.966317	0.983125	-0.039639	-0.178589	0.005959	0.982663	-0.185302
26661	9.819206	-1.042858	-1.205946	-0.208592	-0.058811	0.252190	0.185353	0.181613	0.965744	0.982641	-0.042112	-0.180676	0.007856	0.982468	-0.186265
26662	10.115897	-0.879874	-1.091744	-0.199475	-0.033762	0.251756	0.187871	0.181878	0.965207	0.982146	-0.044488	-0.182785	0.009695	0.982314	-0.186989
26663	10.229138	-0.834408	-1.049280	-0.195858	0.004410	0.260869	0.190466	0.181735	0.964725	0.981625	-0.046879	-0.184971	0.011609	0.982229	-0.187324
26664	10.206176	-0.783442	-0.837853	-0.191600	0.044463	0.282710	0.193277	0.181205	0.964266	0.981051	-0.049233	-0.187389	0.013518	0.982212	-0.187287
26665	10.159023	-0.927310	-0.535967	-0.187922	0.072372	0.316644	0.196405	0.180357	0.963793	0.980401	-0.051636	-0.190127	0.015476	0.982245	-0.186964
26666	10.042519	-1.107919	-0.282522	-0.186022	0.112412	0.340913	0.199770	0.179115	0.963333	0.979687	-0.054035	-0.193115	0.017464	0.982343	-0.186271
26667	10.049650	-1.183739	-0.097739	-0.177157	0.138942	0.352191	0.203227	0.177580	0.962894	0.978938	-0.056384	-0.196215	0.019448	0.982490	-0.185298
26668	9.988954	-1.214944	-0.001975	-0.183312	0.154990	0.363790	0.206798	0.175889	0.962444	0.978147	-0.058787	-0.199428	0.021502	0.982653	-0.184203
26669	10.191944	-1.131838	0.125556	-0.221739	0.179941	0.376049	0.210467	0.173912	0.962007	0.977305	-0.061620	-0.202675	0.024031	0.982831	-0.182934
26670	10.497356	-1.045752	0.211241	-0.297410	0.211592	0.366309	0.214034	0.171642	0.961628	0.976444	-0.065134	-0.205705	0.027327	0.983004	-0.181540
26671	11.057321	-1.213561	0.771631	-0.391228	0.265718	0.335249	0.217260	0.168821	0.961404	0.975599	-0.069538	-0.208257	0.031696	0.983191	-0.179810
26672	11.610437	-1.592109	1.645928	-0.486511	0.366616	0.288584	0.219991	0.165050	0.961438	0.974793	-0.074762	-0.210212	0.037183	0.983448	-0.177336
26673	11.807422	-2.077610	3.042373	-0.565731	0.522642	0.284922	0.222586	0.159705	0.961743	0.973928	-0.080763	-0.211995	0.043817	0.983855	-0.173518
26674	11.561504	-2.687147	4.489173	-0.582741	0.710446	0.271942	0.224940	0.152526	0.962361	0.973036	-0.086880	-0.213665	0.051021	0.984473	-0.167956
26675	10.981643	-3.211218	5.371546	-0.478583	0.917492	0.300286	0.227395	0.143230	0.963212	0.972089	-0.092038	-0.215804	0.057743	0.985400	-0.160162
26676	10.316625	-3.807110	5.146329	-0.275296	1.073664	0.403766	0.230714	0.132306	0.963985	0.970992	-0.095266	-0.219316	0.062818	0.986620	-0.150448
26677	10.200888	-4.809631	4.780228	-0.056551	1.191897	0.549171	0.235306	0.120016	0.964483	0.969668	-0.096516	-0.224561	0.066137	0.988069	-0.139087
26678	10.240200	-5.575676	4.491899	0.220111	1.298991	0.656447	0.240846	0.106582	0.964693	0.968245	-0.095039	-0.231233	0.067038	0.989751	-0.126087
26679	10.489948	-5.524160	4.049427	0.518171	1.381258	0.683963	0.246582	0.092264	0.964720	0.966913	-0.090595	-0.238478	0.065396	0.991605	-0.111550
26680	10.965683	-4.968476	3.345441	0.766749	1.428308	0.649431	0.251995	0.077563	0.964615	0.965773	-0.083490	-0.245584	0.061488	0.993485	-0.095947
26681	11.751449	-4.350857	3.025248	0.930951	1.492294	0.608120	0.257016	0.062240	0.964401	0.964765	-0.074673	-0.252294	0.056312	0.995264	-0.079239
26682	12.450331	-3.604487	3.020572	1.031553	1.592581	0.580958	0.261811	0.046014	0.964022	0.963800	-0.064665	-0.258664	0.050437	0.996846	-0.061278
26683	13.339194	-3.035083	3.538488	1.054189	1.774981	0.562731	0.266420	0.027982	0.963451	0.962810	-0.054313	-0.264666	0.044922	0.998132	-0.041412
26684	13.850974	-2.416402	3.949522	1.012388	2.035816	0.552857	0.270913	0.007423	0.962575	0.961748	-0.044252	-0.270339	0.040589	0.998993	-0.019128
26685	13.720494	-1.921557	3.717790	0.867284	2.271948	0.534607	0.275180	-0.015488	0.961268	0.960625	-0.035530	-0.275568	0.038422	0.999249	0.005101
26686	13.572568	-1.661332	3.658947	0.562606	2.479842	0.545706	0.279491	-0.040397	0.959298	0.959322	-0.029706	-0.280749	0.039838	0.998742	0.030451
26687	12.995183	-1.941940	3.290358	0.118715	2.618510	0.617372	0.284316	-0.066707	0.956407	0.957626	-0.028126	-0.286639	0.046020	0.997376	0.055883
26688	12.008052	-2.488130	2.680823	-0.415163	2.614772	0.676062	0.289473	-0.092917	0.952666	0.955462	-0.031670	-0.293411	0.057433	0.995170	0.079611
26689	11.756809	-2.987725	0.059767	-0.807907	2.503169	0.672743	0.294309	-0.118020	0.948395	0.952966	-0.038908	-0.300570	0.072373	0.992249	0.101018
26690	12.461854	-3.064402	-1.825391	-1.037576	2.391166	0.634416	0.298458	-0.141938	0.943809	0.950238	-0.048306	-0.307756	0.089274	0.988696	0.120458
26691	13.972851	-3.546734	-3.386644	-1.163413	2.355683	0.551480	0.301417	-0.165466	0.939025	0.947435	-0.058858	-0.314488	0.107306	0.984458	0.139028
26692	14.502894	-3.621981	-4.561824	-1.117724	2.451503	0.443690	0.302810	-0.189781	0.933964	0.944788	-0.068990	-0.320338	0.125228	0.979400	0.158412
26693	14.068157	-3.325212	-4.700668	-0.886526	2.491138	0.292935	0.302309	-0.214310	0.928806	0.942716	-0.076967	-0.324596	0.141052	0.973728	0.178766
26694	12.688658	-2.254074	-4.420948	-0.522962	2.490790	0.123733	0.299854	-0.238548	0.923679	0.941568	-0.081706	-0.326762	0.153419	0.967688	0.200109
26695	11.135926	-1.202287	-3.793141	-0.192238	2.441246	-0.008254	0.295969	-0.262069	0.918544	0.941286	-0.083503	-0.327121	0.162429	0.961430	0.221967
26696	9.568602	-0.684637	-2.988222	0.024402	2.326380	-0.039441	0.291790	-0.284290	0.913257	0.941438	-0.083318	-0.326730	0.168976	0.955111	0.243330
26697	8.698607	-0.186344	-2.376236	0.011219	2.215946	-0.023685	0.287796	-0.305340	0.907712	0.941525	-0.083208	-0.326507	0.175225	0.948601	0.263538
26698	7.480647	-0.176076	-2.358492	-0.092596	2.089129	0.039117	0.284480	-0.325082	0.901883	0.941245	-0.083900	-0.327138	0.182015	0.941957	0.282114
26699	6.735111	-0.685938	-1.801813	-0.252508	1.945385	0.081645	0.281673	-0.343398	0.895956	0.940546	-0.085916	-0.328621	0.189825	0.935252	0.298781
26700	6.583988	-1.530078	-1.499364	-0.447610	1.805123	0.098414	0.279137	-0.360268	0.890106	0.939398	-0.089680	-0.330892	0.199035	0.928528	0.313402
26701	6.535032	-2.215303	-1.302900	-0.591426	1.700408	0.036189	0.276046	-0.376015	0.884540	0.938093	-0.094941	-0.333118	0.209237	0.921737	0.326529
26702	5.998636	-2.453144	-1.174940	-0.607479	1.581920	-0.090587	0.271857	-0.390418	0.879584	0.937039	-0.100806	-0.334359	0.219207	0.915102	0.338432
26703	5.661833	-2.423326	-0.879130	-0.568391	1.437288	-0.230515	0.266518	-0.403268	0.875410	0.936393	-0.106831	-0.334297	0.228332	0.908824	0.349145
26704	5.357050	-2.267691	-0.387383	-0.583106	1.329368	-0.319396	0.260483	-0.414922	0.871773	0.935878	-0.113357	-0.333590	0.237236	0.902768	0.358788
26705	5.215409	-2.158982	-0.051092	-0.586820	1.239166	-0.347479	0.254272	-0.425647	0.868430	0.935363	-0.120029	-0.332700	0.245850	0.896893	0.367614
26706	5.258101	-2.158624	0.259242	-0.528767	1.148834	-0.335427	0.248317	-0.435471	0.865277	0.934887	-0.126139	-0.331776	0.253624	0.891322	0.375794
26707	5.436464	-2.282798	0.605037	-0.429554	1.057852	-0.317726	0.242669	-0.444444	0.862312	0.934571	-0.131283	-0.330668	0.260170	0.886135	0.383506
26708	5.693382	-2.504747	0.911217	-0.305344	0.963227	-0.299057	0.237394	-0.452523	0.859573	0.934490	-0.135260	-0.329292	0.265278	0.881435	0.390769
26709	6.100636	-2.569893	1.187306	-0.199380	0.880916	-0.319077	0.232103	-0.459813	0.857146	0.934714	-0.138394	-0.327348	0.269143	0.877165	0.397673
26710	6.435552	-2.560897	1.667772	-0.119041	0.818023	-0.382711	0.226362	-0.466404	0.855118	0.935273	-0.141145	-0.324565	0.272074	0.873238	0.404265
26711	6.539597	-2.346210	2.178483	-0.053870	0.764908	-0.465726	0.219955	-0.472390	0.853503	0.936175	-0.143728	-0.320809	0.274219	0.869592	0.410626
26712	6.450919	-2.168884	2.700272	0.008241	0.695636	-0.543999	0.212998	-0.477606	0.852364	0.937380	-0.146177	-0.316150	0.275591	0.866328	0.416563
26713	6.160396	-2.104016	3.190778	0.074639	0.599893	-0.577029	0.205967	-0.481926	0.851660	0.938805	-0.148231	-0.310921	0.276084	0.863583	0.421904
26714	5.808008	-2.226232	3.598807	0.135892	0.487722	-0.572146	0.199297	-0.485247	0.851361	0.940345	-0.149763	-0.305488	0.275739	0.861456	0.426452
26715	5.644294	-2.474318	3.821789	0.199607	0.366720	-0.559231	0.193061	-0.487544	0.851486	0.942002	-0.150698	-0.299870	0.274517	0.859995	0.430173
26716	5.612423	-2.780356	4.077723	0.279646	0.257373	-0.550020	0.187223	-0.488894	0.852016	0.943818	-0.150917	-0.293993	0.272315	0.859190	0.433172
26717	5.741028	-2.936703	4.122335	0.353533	0.153842	-0.540650	0.181729	-0.489376	0.852927	0.945783	-0.150464	-0.287844	0.269199	0.858994	0.435500
26718	5.859763	-3.140234	4.139870	0.432252	0.052314	-0.548531	0.176448	-0.488971	0.854268	0.947926	-0.149370	-0.281290	0.265145	0.859416	0.437152
26719	6.040335	-3.214678	4.464502	0.533764	-0.067229	-0.585235	0.171109	-0.487506	0.856189	0.950355	-0.147568	-0.273951	0.259899	0.860559	0.438054
26720	6.161481	-3.324128	4.710427	0.641655	-0.192541	-0.622500	0.165730	-0.484904	0.858721	0.953056	-0.145003	-0.265817	0.253413	0.862463	0.438109
26721	6.300002	-3.535193	4.724845	0.730694	-0.316188	-0.654122	0.160315	-0.481221	0.861815	0.955956	-0.141780	-0.256994	0.245859	0.865058	0.437296
26722	6.501199	-3.703963	4.825475	0.763571	-0.421871	-0.682102	0.154856	-0.476576	0.865387	0.958883	-0.138366	-0.247786	0.237829	0.868177	0.435554
26723	6.909779	-3.939150	4.886928	0.788111	-0.518414	-0.676942	0.149590	-0.471122	0.869291	0.961765	-0.134659	-0.238484	0.229413	0.871728	0.432965
26724	7.428723	-3.840088	5.310873	0.753657	-0.552878	-0.646994	0.144656	-0.465399	0.873200	0.964420	-0.131042	-0.229611	0.221287	0.875346	0.429884
26725	7.664512	-3.678845	6.069982	0.674355	-0.531940	-0.615292	0.139909	-0.459919	0.876869	0.966771	-0.127909	-0.221342	0.213959	0.878700	0.426741
26726	7.765007	-3.401956	6.832927	0.629995	-0.524311	-0.560545	0.135638	-0.454561	0.880328	0.968875	-0.124863	-0.213755	0.207085	0.881921	0.423476
26727	8.052843	-3.121890	7.281400	0.627419	-0.544368	-0.497223	0.131964	-0.449125	0.883670	0.970825	-0.121496	-0.206730	0.200211	0.885170	0.419989
26728	8.154060	-2.276030	7.417979	0.659503	-0.587520	-0.477637	0.128528	-0.443308	0.887107	0.972748	-0.117716	-0.199761	0.192982	0.888606	0.416097
26729	8.049886	-0.963507	7.061319	0.705285	-0.674857	-0.545547	0.124532	-0.436652	0.890969	0.974778	-0.113766	-0.192002	0.185200	0.892408	0.411471
26730	8.123055	-0.194238	6.411894	0.723916	-0.777214	-0.636306	0.119780	-0.428952	0.895351	0.976871	-0.109982	-0.183377	0.177133	0.896607	0.405857
26731	7.750031	-0.067838	5.754594	0.588127	-0.841551	-0.710754	0.114333	-0.420602	0.900012	0.978731	-0.107646	-0.174639	0.170336	0.900836	0.399349
26732	7.311031	-0.331146	5.643159	0.310929	-0.838447	-0.760349	0.108346	-0.412177	0.904639	0.980104	-0.107943	-0.166566	0.166304	0.904687	0.392281
26733	6.116386	-0.354113	4.943212	0.122129	-0.774014	-0.773101	0.102083	-0.404308	0.908908	0.981126	-0.109922	-0.159090	0.164231	0.907994	0.385455
26734	4.614970	-0.345778	4.156921	0.008116	-0.873525	-0.800885	0.095701	-0.395431	0.913496	0.981935	-0.112989	-0.151781	0.163234	0.911519	0.377475
26735	3.964058	-0.461317	3.505973	-0.080199	-1.122189	-0.772288	0.089983	-0.384281	0.918821	0.982527	-0.116664	-0.145015	0.162920	0.915815	0.367069
26736	4.391798	-0.546648	1.597916	0.012650	-1.481610	-0.720277	0.085356	-0.369784	0.925189	0.983184	-0.119202	-0.138349	0.161443	0.921440	0.353391
26737	6.518780	-1.187563	0.182821	0.200427	-1.777132	-0.689454	0.081449	-0.352515	0.932255	0.984085	-0.119770	-0.131267	0.157930	0.928110	0.337150
26738	9.247373	-1.666630	-0.467073	0.269537	-1.894199	-0.710112	0.077458	-0.333982	0.939391	0.985074	-0.119636	-0.123759	0.153718	0.934956	0.319730
26739	11.963354	-1.803795	-0.417678	0.298449	-1.888861	-0.799624	0.072476	-0.315292	0.946223	0.986132	-0.119366	-0.115307	0.149302	0.941458	0.302269
26740	16.191172	-2.114717	1.953739	0.331922	-1.751642	-0.901306	0.066206	-0.297638	0.952380	0.987249	-0.118934	-0.105799	0.144760	0.947241	0.285969
26741	20.632381	-2.938633	7.463068	0.093241	-1.275109	-0.901506	0.059175	-0.284441	0.956865	0.987955	-0.120608	-0.096950	0.142982	0.951077	0.273878
26742	18.577853	-2.799440	12.870469	-0.669931	-0.691183	-0.741264	0.052911	-0.276901	0.959441	0.987396	-0.129004	-0.091684	0.149160	0.952199	0.266585
26743	12.607734	-3.499015	15.881368	-1.790932	-0.444930	-0.345923	0.050241	-0.272179	0.960934	0.984755	-0.146933	-0.093104	0.166534	0.950962	0.260647
26744	9.366028	-6.908936	12.413641	-2.600590	-0.468511	0.203239	0.053126	-0.268016	0.961948	0.979997	-0.171020	-0.101772	0.191789	0.948113	0.253570
26745	7.182102	-10.196326	2.772033	-2.534987	-0.648423	0.428893	0.058682	-0.262658	0.963103	0.974596	-0.193818	-0.112240	0.216147	0.945222	0.244612
26746	6.841059	-11.610674	-5.356295	-1.686613	-0.941996	0.176520	0.062560	-0.254080	0.965158	0.970719	-0.209239	-0.118003	0.231930	0.944279	0.233550
26747	6.871817	-10.686654	-8.056930	-0.206579	-1.199357	-0.216070	0.063300	-0.242284	0.968138	0.970383	-0.211666	-0.116418	0.233129	0.946835	0.221710
26748	7.924427	-7.928763	-6.107269	1.297034	-1.359608	-0.515531	0.061418	-0.228273	0.971658	0.973650	-0.200503	-0.108649	0.219622	0.952728	0.209944
26749	8.596511	-3.217272	-2.756621	2.187736	-1.388426	-0.635102	0.058167	-0.213777	0.975149	0.978599	-0.180924	-0.098036	0.197386	0.959982	0.198678
26750	8.633513	2.116846	-2.073535	2.669373	-1.600298	-0.719011	0.054102	-0.197100	0.978889	0.983916	-0.156613	-0.085915	0.170241	0.967793	0.185457
26751	11.270914	6.670544	-2.651266	2.687708	-1.821607	-0.755840	0.049550	-0.178301	0.982728	0.988519	-0.131863	-0.073767	0.142738	0.975100	0.169721
26752	14.302134	9.414266	-2.346572	2.054765	-1.811539	-0.704292	0.045018	-0.159684	0.986141	0.991572	-0.112903	-0.063548	0.121486	0.980691	0.153256
26753	14.843231	9.698866	-0.819134	0.889799	-1.578944	-0.555666	0.041393	-0.143551	0.988777	0.992854	-0.104947	-0.056800	0.111923	0.984063	0.138181
26754	12.418907	7.419956	0.428058	-0.488465	-1.264240	-0.375944	0.039150	-0.130657	0.990654	0.992453	-0.110218	-0.053757	0.116212	0.985282	0.125356
26755	10.413949	3.325636	1.281790	-1.651885	-0.974145	-0.194516	0.038471	-0.120814	0.991929	0.990482	-0.126676	-0.053843	0.132159	0.984559	0.114790
26756	8.911431	-1.154937	1.524401	-2.181294	-0.804272	-0.015611	0.039513	-0.112843	0.992827	0.987379	-0.148095	-0.056128	0.153366	0.982514	0.105567
26757	8.688298	-4.757061	0.583513	-2.077068	-0.750527	0.117119	0.041934	-0.105646	0.993519	0.983944	-0.168294	-0.059426	0.173481	0.980059	0.096893
26758	8.628246	-6.344956	-1.252924	-1.502247	-0.822698	0.111634	0.044567	-0.097750	0.994213	0.981189	-0.182837	-0.061959	0.187835	0.978272	0.087762
26759	9.018830	-6.138796	-1.606926	-0.771611	-0.956426	-0.022510	0.046221	-0.088338	0.995018	0.979731	-0.190349	-0.062410	0.194914	0.977734	0.077750
26760	9.672495	-4.005596	-1.039867	-0.087177	-1.095338	-0.190434	0.046542	-0.077225	0.995927	0.979657	-0.191308	-0.060616	0.195210	0.978487	0.066750
26761	9.751456	-0.981829	-0.831733	0.373660	-1.216150	-0.306157	0.045937	-0.064719	0.996846	0.980527	-0.187813	-0.057379	0.190934	0.980070	0.054831
26762	9.998521	1.249151	-1.112193	0.542449	-1.280870	-0.338327	0.045075	-0.051491	0.997656	0.981708	-0.182637	-0.053781	0.184978	0.981831	0.042316
26763	9.933960	2.077080	-1.366773	0.435609	-1.289110	-0.301620	0.044513	-0.038263	0.998276	0.982646	-0.178440	-0.050655	0.180071	0.983206	0.029656
26764	10.125833	1.592021	-0.779509	0.199386	-1.302263	-0.229796	0.044632	-0.025009	0.998690	0.983112	-0.176502	-0.048356	0.177480	0.983983	0.016709
26765	10.373063	0.812742	-0.166847	-0.054179	-1.284395	-0.128921	0.045689	-0.012122	0.998882	0.983081	-0.177008	-0.047114	0.177381	0.984135	0.003830
26766	10.326058	0.001493	0.142217	-0.238400	-1.203834	-0.029348	0.047596	-0.000188	0.998867	0.982677	-0.179306	-0.046858	0.179112	0.983793	-0.008350
26767	9.854990	-0.858573	0.122834	-0.313875	-1.111166	0.042956	0.050067	0.010682	0.998689	0.982097	-0.182345	-0.047285	0.181601	0.983177	-0.019620
26768	9.436723	-1.686172	0.092736	-0.299239	-1.047459	0.073040	0.052748	0.020879	0.998390	0.981519	-0.185249	-0.047983	0.183949	0.982470	-0.030265
26769	9.382342	-2.030355	-0.010237	-0.168397	-1.016501	0.046944	0.055130	0.030794	0.998004	0.981191	-0.186866	-0.048435	0.185002	0.981903	-0.040517
26770	9.391608	-1.776815	-0.182118	0.085363	-1.023120	-0.035444	0.056717	0.040942	0.997550	0.981375	-0.185968	-0.048165	0.183541	0.981702	-0.050727
26771	9.462381	-1.130498	-0.121090	0.305387	-1.066640	-0.104443	0.057676	0.051624	0.997000	0.981996	-0.182874	-0.047339	0.179881	0.981780	-0.061242
26772	9.608654	-0.388932	-0.109044	0.463846	-1.075558	-0.129561	0.058359	0.062456	0.996340	0.982900	-0.178199	-0.046402	0.174649	0.982010	-0.071788
26773	9.748227	0.442685	-0.349020	0.521506	-1.053188	-0.098970	0.059241	0.072992	0.995572	0.983860	-0.172963	-0.045863	0.168849	0.982220	-0.082060
26774	9.764744	0.915163	-0.516336	0.463268	-1.030187	-0.046273	0.060547	0.083227	0.994690	0.984664	-0.168331	-0.045853	0.163621	0.982211	-0.092142
26775	10.002302	1.118999	-0.246946	0.363346	-0.988888	-0.002182	0.062168	0.092961	0.993727	0.985257	-0.164714	-0.046230	0.159383	0.981951	-0.101830
26776	10.093966	1.274271	0.065215	0.225807	-0.936850	0.029451	0.063987	0.102147	0.992709	0.985601	-0.162481	-0.046810	0.156515	0.981410	-0.111073
26777	10.278573	1.174262	0.004214	0.027584	-0.877500	0.048783	0.065881	0.110694	0.991669	0.985617	-0.162217	-0.047371	0.155621	0.980527	-0.119789
26778	10.369247	0.659685	-0.163891	-0.153834	-0.806848	0.046245	0.067644	0.118563	0.990640	0.985351	-0.163733	-0.047687	0.156547	0.979354	-0.127902
26779	10.351177	-0.048900	0.010843	-0.292635	-0.741683	0.041642	0.069267	0.125771	0.989638	0.984867	-0.166603	-0.047760	0.158870	0.977970	-0.135407
26780	10.014581	-0.591619	0.021012	-0.320633	-0.702877	0.036135	0.070797	0.132616	0.988636	0.984333	-0.169740	-0.047720	0.161482	0.976525	-0.142555
26781	9.671822	-1.035059	-0.012343	-0.275226	-0.704458	0.021615	0.072198	0.139470	0.987591	0.983876	-0.172410	-0.047578	0.163635	0.975102	-0.149668
26782	9.622005	-1.073546	-0.052631	-0.158230	-0.716534	0.004480	0.073467	0.146481	0.986482	0.983618	-0.173916	-0.047429	0.164617	0.973805	-0.156858
26783	9.858900	-0.719070	-0.049874	-0.049800	-0.711664	-0.007734	0.074605	0.153436	0.985338	0.983547	-0.174345	-0.047320	0.164528	0.972657	-0.163918
26784	9.665339	-0.171917	-0.189745	0.025733	-0.723122	-0.023174	0.075612	0.160543	0.984128	0.983612	-0.174016	-0.047185	0.163679	0.971568	-0.171069
26785	9.644585	0.473349	-0.435709	0.032255	-0.754894	-0.038591	0.076507	0.167954	0.982821	0.983699	-0.173596	-0.046910	0.162736	0.970389	-0.178498
26786	9.857495	0.985926	-0.443800	-0.014364	-0.772797	-0.032290	0.077494	0.175541	0.981417	0.983705	-0.173639	-0.046617	0.162229	0.969038	-0.186136
26787	9.836605	0.981808	-0.990534	-0.084986	-0.706857	-0.013128	0.078554	0.182422	0.980077	0.983583	-0.174396	-0.046375	0.162462	0.967630	-0.193127
26788	9.850140	0.306643	-1.473245	-0.155851	-0.625869	-0.014150	0.079484	0.188535	0.978845	0.983345	-0.175836	-0.045981	0.163447	0.966197	-0.199371
26789	9.392972	-0.103142	-1.422251	-0.165678	-0.571254	-0.029263	0.080174	0.194115	0.977697	0.983102	-0.177337	-0.045408	0.164568	0.964816	-0.205053
26790	9.843228	-0.875250	-0.978440	-0.191829	-0.526523	-0.019344	0.080903	0.199262	0.976601	0.982805	-0.179109	-0.044872	0.165977	0.963439	-0.210326
26791	10.183928	-2.378324	-1.596456	-0.127247	-0.475427	-0.009603	0.081640	0.203870	0.975588	0.982607	-0.180273	-0.044556	0.166789	0.962257	-0.215041
26792	9.152371	-3.369593	-2.427370	0.159532	-0.545259	-0.050457	0.082097	0.209241	0.974412	0.982917	-0.178595	-0.044463	0.164722	0.961417	-0.220328
26793	8.771095	-2.993677	-2.562629	0.499540	-0.652090	-0.081111	0.082398	0.215663	0.972985	0.983798	-0.173581	-0.044839	0.159221	0.960916	-0.226472
26794	8.914948	-1.573866	-2.565748	0.770532	-0.719532	-0.064757	0.082925	0.222723	0.971349	0.985051	-0.165997	-0.046033	0.150988	0.960645	-0.233159
26795	9.098789	-0.169401	-2.851277	0.847059	-0.777205	-0.023338	0.083877	0.230239	0.969513	0.986315	-0.157768	-0.047864	0.141938	0.960260	-0.240321
26796	9.486321	1.018085	-2.845313	0.778225	-0.796314	0.006275	0.085083	0.237910	0.967553	0.987385	-0.150275	-0.049876	0.133533	0.959592	-0.247695
26797	9.638270	1.554428	-2.638902	0.617979	-0.802227	0.014386	0.086311	0.245597	0.965522	0.988180	-0.144343	-0.051620	0.126689	0.958565	-0.255153
26798	9.737540	1.590339	-2.234486	0.414612	-0.789770	0.026090	0.087598	0.253162	0.963450	0.988675	-0.140400	-0.052999	0.121851	0.957182	-0.262594
26799	9.824191	1.274707	-1.847888	0.202260	-0.746658	0.043463	0.088967	0.260257	0.961432	0.988884	-0.138538	-0.054006	0.119139	0.955549	-0.269689
26800	9.885649	0.715537	-1.666536	0.045050	-0.706690	0.066070	0.090506	0.266950	0.959451	0.988880	-0.138245	-0.054817	0.118006	0.953743	-0.276493
26801	9.734855	0.446595	-1.459274	-0.063196	-0.665761	0.071776	0.092040	0.273208	0.957542	0.988742	-0.139003	-0.055378	0.117971	0.951859	-0.282926
26802	9.865490	0.125061	-1.160944	-0.138372	-0.647400	0.073669	0.093581	0.279298	0.955633	0.988512	-0.140486	-0.055742	0.118685	0.949872	-0.289236
26803	10.026388	-0.526112	-1.357435	-0.184239	-0.613640	0.070571	0.095049	0.285034	0.953793	0.988229	-0.142395	-0.055927	0.119875	0.947881	-0.295213
26804	9.661174	-1.306654	-1.967790	-0.176875	-0.619990	0.042453	0.096262	0.290880	0.951905	0.987977	-0.144157	-0.055859	0.120976	0.945837	-0.301260
26805	9.444746	-1.955347	-2.191267	-0.105160	-0.644460	0.003758	0.097118	0.296976	0.949933	0.987849	-0.145124	-0.055625	0.121339	0.943792	-0.307462
26806	9.656089	-2.644374	-2.004318	0.028349	-0.664133	-0.018743	0.097783	0.303302	0.947864	0.987903	-0.144767	-0.055590	0.120359	0.941834	-0.313788
26807	9.941879	-2.434510	-1.606579	0.257663	-0.695970	-0.022196	0.098429	0.309894	0.945663	0.988233	-0.142237	-0.056249	0.117077	0.940072	-0.320247
26808	10.341727	-1.419312	-1.078488	0.500834	-0.711872	0.022688	0.099513	0.316585	0.943330	0.988784	-0.137571	-0.058139	0.111368	0.938535	-0.326724
26809	10.062012	-0.530074	-0.955242	0.628753	-0.707813	0.117206	0.101476	0.323076	0.940917	0.989346	-0.132013	-0.061371	0.104386	0.937120	-0.333030
26810	9.591965	-0.138745	-1.232935	0.677921	-0.728828	0.174144	0.103979	0.329712	0.938338	0.989850	-0.126201	-0.065343	0.096875	0.935608	-0.339488
26811	9.489186	0.102055	-1.429949	0.709895	-0.762861	0.188861	0.106597	0.336620	0.935587	0.990312	-0.120159	-0.069600	0.088990	0.933943	-0.346168
26812	9.875157	0.200474	-1.172976	0.726550	-0.799134	0.222759	0.109528	0.343853	0.932614	0.990688	-0.114106	-0.074278	0.080876	0.932065	-0.353148
26813	10.234028	0.221748	-0.822815	0.672612	-0.788199	0.260296	0.112752	0.350910	0.929596	0.990917	-0.108712	-0.079152	0.073283	0.930077	-0.359980
26814	10.704001	0.013273	-0.475743	0.552798	-0.751852	0.248637	0.115788	0.357668	0.926643	0.991019	-0.104426	-0.083525	0.066891	0.927992	-0.366547
26815	11.562314	-0.515345	-0.180441	0.405236	-0.688684	0.204239	0.118292	0.363849	0.923916	0.991040	-0.101371	-0.086965	0.062017	0.925925	-0.372580
26816	12.045251	-1.433887	0.304732	0.341230	-0.568005	0.191681	0.120576	0.368949	0.921595	0.991014	-0.098886	-0.090071	0.057902	0.924174	-0.377557
26817	11.785712	-2.172534	1.004843	0.412785	-0.419439	0.207830	0.122905	0.372625	0.919807	0.990989	-0.095810	-0.093602	0.053248	0.923023	-0.381043
26818	11.428244	-2.504196	1.961448	0.554884	-0.293264	0.224308	0.125319	0.375159	0.918450	0.990987	-0.091498	-0.097842	0.047330	0.922434	-0.383244
26819	11.578809	-2.706379	2.718352	0.721443	-0.172202	0.248456	0.127892	0.376529	0.917535	0.990985	-0.085742	-0.102944	0.039910	0.922429	-0.384100
26820	12.133412	-2.798831	2.539303	0.909409	-0.064041	0.253713	0.130472	0.376950	0.916998	0.990975	-0.078277	-0.108821	0.030760	0.922920	-0.383761
26821	12.405123	-3.118298	2.079751	1.134720	0.033455	0.275285	0.133228	0.376436	0.916813	0.990894	-0.068800	-0.115744	0.019506	0.923884	-0.382174
26822	12.435655	-3.815602	2.071597	1.375315	0.126569	0.353458	0.136756	0.375082	0.916849	0.990587	-0.057382	-0.124279	0.005996	0.925214	-0.379399
26823	12.638200	-4.530079	2.644561	1.580531	0.246806	0.463635	0.141387	0.372555	0.917177	0.989910	-0.044441	-0.134547	-0.009366	0.926946	-0.375079
26824	12.756960	-4.913732	3.867869	1.767079	0.418071	0.585487	0.147295	0.368497	0.917886	0.988743	-0.030180	-0.146549	-0.026301	0.929139	-0.368794
26825	12.471757	-4.656636	5.339541	1.994629	0.650645	0.688197	0.154362	0.362280	0.919198	0.986985	-0.014094	-0.160191	-0.045079	0.931963	-0.359741
26826	13.179914	-3.807758	6.925807	2.231485	0.915843	0.779363	0.162591	0.353731	0.921107	0.984505	0.003982	-0.175311	-0.065681	0.935339	-0.347603
26827	14.681975	-2.936801	7.955013	2.459675	1.341895	0.819914	0.171716	0.341251	0.924154	0.981238	0.024236	-0.191272	-0.087670	0.939660	-0.330687
26828	15.021655	-2.038171	7.537445	2.657611	1.819080	0.823304	0.181618	0.324446	0.928305	0.977137	0.046571	-0.207448	-0.110538	0.944757	-0.308570
26829	14.180512	-1.351763	5.994015	2.572784	2.275483	0.864863	0.192837	0.303357	0.933160	0.972391	0.068286	-0.223142	-0.131414	0.950427	-0.281814
26830	13.197927	-1.023316	4.688150	2.173966	2.689522	0.915489	0.205499	0.278465	0.938204	0.967523	0.086388	-0.237561	-0.147202	0.956553	-0.251669
26831	12.264010	0.003663	3.007364	1.667364	2.968578	0.845202	0.218208	0.250736	0.943142	0.963180	0.100209	-0.249484	-0.157066	0.962855	-0.219637
26832	12.190935	1.138682	1.809142	1.095839	3.028692	0.664141	0.229443	0.222224	0.947614	0.959934	0.109261	-0.258049	-0.160882	0.968854	-0.188251
26833	14.436661	1.608806	0.369011	0.530494	2.946928	0.442998	0.238436	0.194054	0.951573	0.958032	0.113554	-0.263212	-0.159132	0.974397	-0.158834
26834	17.941730	1.741896	-1.326702	0.011709	2.917814	0.190013	0.244833	0.165809	0.955282	0.957537	0.113367	-0.265088	-0.152252	0.979620	-0.131012
26835	20.289914	2.138250	-3.185121	-0.349794	2.921182	-0.084217	0.248346	0.136996	0.958935	0.958243	0.110124	-0.263900	-0.141755	0.984431	-0.103927
26836	20.594566	3.098011	-4.683501	-0.605153	2.907756	-0.307176	0.249368	0.108028	0.962365	0.959809	0.104573	-0.260444	-0.128773	0.988633	-0.077609
26837	19.218896	3.822584	-5.352116	-0.771010	2.900640	-0.426081	0.248819	0.078838	0.965336	0.961794	0.097403	-0.255861	-0.114198	0.992118	-0.051590
26838	16.651880	3.709517	-5.930272	-0.805072	2.889491	-0.420447	0.247892	0.049787	0.967508	0.963682	0.089722	-0.251529	-0.099329	0.994722	-0.025737
26839	14.539930	2.815391	-5.860514	-0.743301	2.854979	-0.288084	0.247764	0.021087	0.968591	0.965072	0.082494	-0.248659	-0.085146	0.996368	0.000089
26840	13.728420	1.561303	-5.492243	-0.695530	2.886673	-0.175214	0.248368	-0.007778	0.968635	0.966036	0.075622	-0.247094	-0.071328	0.997106	0.026296
26841	13.953744	0.500526	-4.819046	-0.849428	3.008920	-0.094703	0.249377	-0.037873	0.967666	0.966804	0.067203	-0.246525	-0.055694	0.997020	0.053374
26842	13.618334	-0.531675	-4.827518	-1.073326	3.162373	-0.059987	0.250309	-0.069378	0.965677	0.967441	0.056526	-0.246705	-0.037470	0.995988	0.081268
26843	13.125478	-1.520690	-4.949183	-1.193734	3.225513	-0.106204	0.250188	-0.101546	0.962857	0.968032	0.044633	-0.246825	-0.017911	0.993829	0.109467
