// General information: 
//  MT Manager version: 2022.2.0 
//  XDA version: 2022.2.0 build 7381 rev 124627 built on 2023-07-19
// Device information: 
//  DeviceId: 00B4CB9F
//  ProductCode: MTW2-3A7G6
//  Firmware Version: 4.6.0
//  Hardware Version: 2.0.0
// Device settings: 
//  Filter Profile: human(46.1)
//  Option Flags: Orientation Smoother Disabled, Position/Velocity Smoother Disabled, Continuous Zero Rotation Update Disabled, AHS Disabled, ICC Disabled
// Coordinate system: ENU
PacketCounter	Acc_X	Acc_Y	Acc_Z	Gyr_X	Gyr_Y	Gyr_Z	Mat[1][1]	Mat[2][1]	Mat[3][1]	Mat[1][2]	Mat[2][2]	Mat[3][2]	Mat[1][3]	Mat[2][3]	Mat[3][3]
52664	9.651610	-1.652601	0.158646	-0.007538	-0.010560	-0.000197	0.033591	-0.177885	0.983478	0.222785	-0.957941	-0.180875	0.974289	0.225180	0.007452
52665	9.638391	-1.644463	0.138248	-0.017941	-0.015595	-0.007022	0.033793	-0.177811	0.983484	0.222657	-0.957976	-0.180850	0.974311	0.225091	0.007218
52666	9.639505	-1.666104	0.126406	-0.026919	-0.017200	-0.007267	0.034011	-0.177712	0.983495	0.222441	-0.958034	-0.180804	0.974353	0.224919	0.006946
52667	9.627312	-1.738009	0.166133	-0.026095	-0.014972	-0.006318	0.034209	-0.177646	0.983500	0.222233	-0.958086	-0.180786	0.974393	0.224751	0.006704
52668	9.633634	-1.759187	0.213881	-0.020384	-0.016548	-0.007315	0.034421	-0.177548	0.983510	0.222078	-0.958131	-0.180738	0.974421	0.224638	0.006450
52669	9.690911	-1.820909	0.177791	-0.005646	-0.011739	-0.006973	0.034585	-0.177483	0.983516	0.222070	-0.958138	-0.180713	0.974417	0.224660	0.006276
52670	9.701427	-1.761270	0.225503	0.002522	-0.006639	-0.005134	0.034705	-0.177428	0.983522	0.222139	-0.958127	-0.180685	0.974397	0.224749	0.006162
52671	9.687246	-1.730552	0.216386	0.011723	0.001714	-0.007033	0.034739	-0.177393	0.983527	0.222299	-0.958095	-0.180658	0.974359	0.224913	0.006151
52672	9.656842	-1.683239	0.289160	0.011642	0.003591	-0.004143	0.034760	-0.177370	0.983530	0.222454	-0.958062	-0.180639	0.974323	0.225070	0.006154
52673	9.628374	-1.622198	0.271710	0.012800	0.004028	-0.012215	0.034760	-0.177291	0.983544	0.222627	-0.958037	-0.180561	0.974284	0.225240	0.006169
52674	9.617205	-1.657870	0.233169	0.000381	-0.002729	-0.010463	0.034829	-0.177194	0.983559	0.222679	-0.958040	-0.180482	0.974269	0.225304	0.006090
52675	9.597828	-1.627524	0.164007	-0.006454	-0.008247	-0.005376	0.034963	-0.177152	0.983562	0.222662	-0.958046	-0.180472	0.974268	0.225312	0.005949
52676	9.645976	-1.658883	0.178934	-0.017193	-0.011491	-0.003176	0.035134	-0.177106	0.983565	0.222540	-0.958075	-0.180465	0.974290	0.225223	0.005752
52677	9.634644	-1.695673	0.138611	-0.023205	-0.014783	0.002858	0.035350	-0.177128	0.983553	0.222358	-0.958104	-0.180537	0.974324	0.225082	0.005516
52678	9.615157	-1.724494	0.138547	-0.021704	-0.018952	0.004005	0.035609	-0.177133	0.983542	0.222188	-0.958131	-0.180601	0.974353	0.224962	0.005238
52679	9.677415	-1.728510	0.090728	-0.019989	-0.022095	0.000468	0.035892	-0.177117	0.983535	0.222037	-0.958157	-0.180649	0.974377	0.224865	0.004937
52680	9.669363	-1.720224	0.129449	-0.012421	-0.012474	-0.000784	0.036076	-0.177090	0.983533	0.221959	-0.958172	-0.180666	0.974388	0.224821	0.004739
52681	9.716488	-1.729677	0.153833	-0.010062	-0.015357	-0.000139	0.036291	-0.177083	0.983527	0.221905	-0.958177	-0.180707	0.974393	0.224807	0.004522
52682	9.694135	-1.691294	0.184203	-0.005075	-0.009599	0.000105	0.036451	-0.177072	0.983523	0.221900	-0.958173	-0.180732	0.974388	0.224832	0.004366
52683	9.679837	-1.661194	0.174276	-0.008293	-0.008002	-0.000039	0.036594	-0.177083	0.983515	0.221864	-0.958174	-0.180775	0.974391	0.224822	0.004225
52684	9.672797	-1.675072	0.204075	-0.011429	-0.008280	-0.003073	0.036733	-0.177044	0.983517	0.221798	-0.958190	-0.180769	0.974400	0.224783	0.004071
52685	9.653379	-1.703458	0.205085	-0.013999	-0.006425	0.000967	0.036864	-0.177068	0.983508	0.221706	-0.958201	-0.180822	0.974417	0.224715	0.003934
52686	9.653361	-1.703682	0.204102	-0.008462	-0.009968	0.003200	0.037032	-0.177086	0.983498	0.221665	-0.958201	-0.180877	0.974420	0.224705	0.003769
52687	9.613475	-1.738537	0.216852	-0.016445	-0.007381	0.000674	0.037172	-0.177104	0.983490	0.221548	-0.958218	-0.180927	0.974441	0.224616	0.003619
52688	9.652408	-1.681534	0.212167	-0.015415	-0.004126	-0.003063	0.037270	-0.177076	0.983491	0.221443	-0.958243	-0.180921	0.974461	0.224530	0.003499
52689	9.654219	-1.667698	0.121129	-0.014685	-0.005743	-0.001769	0.037388	-0.177074	0.983487	0.221345	-0.958261	-0.180947	0.974479	0.224455	0.003367
52690	9.654098	-1.609199	0.049679	-0.023573	-0.009221	-0.004891	0.037531	-0.177017	0.983492	0.221163	-0.958308	-0.180924	0.974514	0.224302	0.003183
52691	9.622319	-1.651809	0.021452	-0.025370	-0.009920	-0.001000	0.037691	-0.177014	0.983486	0.220960	-0.958348	-0.180958	0.974554	0.224132	0.002992
52692	9.639352	-1.690466	-0.071580	-0.023097	-0.016645	-0.000011	0.037918	-0.176987	0.983483	0.220781	-0.958385	-0.180982	0.974586	0.223996	0.002735
52693	9.665994	-1.706517	-0.036162	-0.021073	-0.023465	0.007106	0.038228	-0.177031	0.983463	0.220617	-0.958401	-0.181096	0.974611	0.223891	0.002418
52694	9.666806	-1.729562	-0.048834	-0.018752	-0.025412	0.009195	0.038561	-0.177073	0.983442	0.220476	-0.958412	-0.181211	0.974630	0.223813	0.002083
52695	9.699460	-1.709805	-0.034951	-0.015578	-0.031785	0.008238	0.038955	-0.177109	0.983420	0.220365	-0.958414	-0.181335	0.974639	0.223775	0.001694
52696	9.663603	-1.664550	-0.025604	-0.021491	-0.036950	0.011393	0.039404	-0.177146	0.983396	0.220194	-0.958427	-0.181471	0.974660	0.223688	0.001241
52697	9.656426	-1.679471	0.000952	-0.022182	-0.041976	0.006115	0.039892	-0.177139	0.983377	0.220019	-0.958448	-0.181574	0.974680	0.223605	0.000739
52698	9.623492	-1.700564	-0.020437	-0.022135	-0.042907	0.004676	0.040385	-0.177098	0.983364	0.219845	-0.958474	-0.181644	0.974698	0.223524	0.000226
52699	9.624353	-1.723164	-0.035028	-0.020460	-0.045105	0.002581	0.040896	-0.177051	0.983352	0.219689	-0.958497	-0.181713	0.974712	0.223463	-0.000303
52700	9.655720	-1.716376	0.067398	-0.022656	-0.045956	-0.003832	0.041400	-0.176922	0.983354	0.219513	-0.958540	-0.181699	0.974731	0.223381	-0.000847
52701	9.656748	-1.738219	0.052960	-0.018407	-0.038584	-0.004884	0.041831	-0.176817	0.983354	0.219379	-0.958572	-0.181693	0.974742	0.223328	-0.001308
52702	9.630483	-1.780127	0.081806	-0.016528	-0.034038	-0.009120	0.042207	-0.176664	0.983366	0.219265	-0.958611	-0.181628	0.974752	0.223284	-0.001724
52703	9.636674	-1.742988	0.057945	-0.009145	-0.026399	-0.007152	0.042514	-0.176565	0.983370	0.219223	-0.958625	-0.181600	0.974748	0.223298	-0.002048
52704	9.629839	-1.756640	0.086061	-0.006042	-0.025193	-0.002680	0.042818	-0.176494	0.983370	0.219209	-0.958629	-0.181598	0.974738	0.223339	-0.002358
52705	9.660984	-1.691097	0.120976	-0.000788	-0.014569	-0.007480	0.043009	-0.176418	0.983375	0.219248	-0.958626	-0.181567	0.974721	0.223412	-0.002550
52706	9.628192	-1.711248	0.102759	0.001421	-0.013716	-0.001062	0.043204	-0.176388	0.983372	0.219306	-0.958610	-0.181581	0.974699	0.223505	-0.002733
52707	9.662029	-1.712802	0.108369	0.002276	-0.012430	-0.001564	0.043388	-0.176374	0.983367	0.219373	-0.958589	-0.181609	0.974676	0.223604	-0.002899
52708	9.676395	-1.742969	0.116320	0.006315	-0.006100	0.002057	0.043516	-0.176391	0.983358	0.219482	-0.958556	-0.181655	0.974646	0.223734	-0.002998
52709	9.665133	-1.743678	-0.003219	0.013568	-0.007074	0.003265	0.043658	-0.176435	0.983344	0.219656	-0.958502	-0.181730	0.974600	0.223932	-0.003091
52710	9.680303	-1.796646	-0.004812	0.018261	-0.006200	0.008523	0.043800	-0.176513	0.983323	0.219874	-0.958431	-0.181839	0.974545	0.224171	-0.003169
52711	9.691321	-1.702039	-0.036783	0.013684	-0.009877	-0.001070	0.043960	-0.176510	0.983317	0.220051	-0.958384	-0.181872	0.974497	0.224375	-0.003289
52712	9.622794	-1.676442	-0.041414	0.015929	-0.015663	0.001360	0.044180	-0.176499	0.983309	0.220254	-0.958330	-0.181911	0.974441	0.224615	-0.003464
52713	9.631501	-1.706915	-0.093483	0.006232	-0.015643	-0.000134	0.044398	-0.176491	0.983300	0.220359	-0.958298	-0.181953	0.974408	0.224757	-0.003655
52714	9.631509	-1.706764	-0.095341	0.004557	-0.024856	-0.003114	0.044697	-0.176416	0.983300	0.220451	-0.958278	-0.181948	0.974374	0.224902	-0.003941
52715	9.645006	-1.714303	-0.079108	0.004517	-0.029627	-0.004207	0.045042	-0.176338	0.983299	0.220540	-0.958257	-0.181950	0.974337	0.225052	-0.004272
52716	9.666311	-1.729908	-0.103778	0.009448	-0.028651	-0.005079	0.045374	-0.176236	0.983302	0.220679	-0.958230	-0.181925	0.974290	0.225249	-0.004587
52717	9.658606	-1.721219	-0.065451	0.020898	-0.027030	-0.006038	0.045690	-0.176146	0.983303	0.220929	-0.958175	-0.181910	0.974219	0.225552	-0.004863
52718	9.694872	-1.596861	-0.041666	0.024239	-0.025721	-0.007698	0.045987	-0.176024	0.983311	0.221209	-0.958120	-0.181860	0.974142	0.225880	-0.005123
52719	9.686346	-1.565585	0.007160	0.021139	-0.021221	-0.009623	0.046238	-0.175913	0.983319	0.221463	-0.958071	-0.181809	0.974072	0.226175	-0.005341
52720	9.667078	-1.593066	0.007203	0.011361	-0.025041	-0.010757	0.046521	-0.175763	0.983333	0.221619	-0.958050	-0.181729	0.974023	0.226380	-0.005617
52721	9.635199	-1.635102	-0.021642	0.001508	-0.021285	-0.006466	0.046780	-0.175682	0.983335	0.221681	-0.958040	-0.181708	0.973997	0.226487	-0.005872
52722	9.703801	-1.660292	-0.020345	-0.001979	-0.024558	-0.001558	0.047079	-0.175622	0.983331	0.221709	-0.958031	-0.181718	0.973976	0.226569	-0.006166
52723	9.719988	-1.734949	-0.033947	0.004390	-0.025877	0.001595	0.047400	-0.175607	0.983319	0.221795	-0.958000	-0.181777	0.973941	0.226711	-0.006461
52724	9.713096	-1.749417	-0.005585	0.006648	-0.025952	0.006564	0.047731	-0.175622	0.983300	0.221900	-0.957959	-0.181867	0.973900	0.226875	-0.006754
52725	9.678261	-1.726146	-0.004498	0.005097	-0.020850	0.006869	0.048015	-0.175669	0.983278	0.221990	-0.957917	-0.181978	0.973866	0.227016	-0.006998
52726	9.661981	-1.652087	0.004784	-0.005383	-0.018285	0.005539	0.048269	-0.175690	0.983261	0.221976	-0.957905	-0.182056	0.973857	0.227048	-0.007238
52727	9.621408	-1.628618	-0.053551	-0.012455	-0.021987	-0.002878	0.048542	-0.175641	0.983257	0.221900	-0.957920	-0.182070	0.973860	0.227023	-0.007525
52728	9.655286	-1.629920	-0.049165	-0.015637	-0.021326	-0.004450	0.048802	-0.175560	0.983258	0.221791	-0.957949	-0.182050	0.973872	0.226963	-0.007812
52729	9.684215	-1.653594	-0.114564	-0.015636	-0.027028	-0.006981	0.049116	-0.175461	0.983260	0.221686	-0.957979	-0.182023	0.973880	0.226915	-0.008155
52730	9.757884	-1.619696	-0.124965	-0.017151	-0.028564	-0.010653	0.049434	-0.175304	0.983272	0.221567	-0.958022	-0.181942	0.973891	0.226855	-0.008517
52731	9.790152	-1.575443	-0.101072	-0.023294	-0.021439	-0.017389	0.049670	-0.175118	0.983294	0.221392	-0.958087	-0.181812	0.973919	0.226724	-0.008818
52732	9.675347	-1.560895	-0.142304	-0.020068	-0.023031	-0.017258	0.049919	-0.174911	0.983318	0.221253	-0.958147	-0.181666	0.973938	0.226631	-0.009131
52733	9.699942	-1.472153	-0.158321	-0.026799	-0.035178	-0.016093	0.050292	-0.174705	0.983335	0.221043	-0.958217	-0.181548	0.973966	0.226490	-0.009573
52734	9.822763	-1.454902	-0.245284	-0.036412	-0.048427	-0.025509	0.050770	-0.174361	0.983372	0.220744	-0.958330	-0.181318	0.974009	0.226279	-0.010165
52735	9.873403	-1.322710	-0.296575	-0.048793	-0.054228	-0.022201	0.051315	-0.174054	0.983398	0.220324	-0.958461	-0.181137	0.974076	0.225961	-0.010835
52736	9.775102	-1.212437	-0.313673	-0.063637	-0.065748	-0.020251	0.051975	-0.173722	0.983422	0.219760	-0.958624	-0.180956	0.974169	0.225522	-0.011647
52737	9.693727	-1.199725	-0.353359	-0.084560	-0.076835	-0.006429	0.052775	-0.173516	0.983416	0.218983	-0.958808	-0.180926	0.974300	0.224899	-0.012604
52738	9.635313	-1.284778	-0.356519	-0.103750	-0.091039	0.003866	0.053735	-0.173358	0.983392	0.218019	-0.959018	-0.180974	0.974464	0.224122	-0.013737
52739	9.566294	-1.259481	-0.369985	-0.119380	-0.098118	0.008918	0.054776	-0.173253	0.983353	0.216894	-0.959252	-0.181088	0.974657	0.223202	-0.014966
52740	9.499337	-1.315778	-0.324049	-0.128624	-0.100829	0.019646	0.055865	-0.173226	0.983297	0.215673	-0.959490	-0.181285	0.974866	0.222198	-0.016242
52741	9.482282	-1.257475	-0.232905	-0.133560	-0.093282	0.027500	0.056899	-0.173312	0.983222	0.214399	-0.959720	-0.181576	0.975088	0.221133	-0.017449
52742	9.385195	-1.261974	-0.011724	-0.136548	-0.073532	0.030412	0.057745	-0.173450	0.983148	0.213095	-0.959955	-0.181874	0.975324	0.220006	-0.018471
52743	9.364904	-1.337708	0.253948	-0.127282	-0.034777	0.037967	0.058230	-0.173767	0.983064	0.211874	-0.960150	-0.182267	0.975561	0.218899	-0.019093
52744	9.382447	-1.526671	0.479247	-0.119791	0.023354	0.032735	0.058135	-0.174141	0.983003	0.210736	-0.960339	-0.182589	0.975813	0.217769	-0.019131
52745	9.407401	-1.760874	0.748490	-0.109433	0.078696	0.038454	0.057513	-0.174710	0.982939	0.209689	-0.960492	-0.182990	0.976075	0.216636	-0.018606
52746	9.404252	-1.964954	0.895245	-0.092712	0.127936	0.046214	0.056422	-0.175439	0.982872	0.208801	-0.960598	-0.183449	0.976329	0.215575	-0.017567
52747	9.503174	-2.167904	0.874660	-0.075841	0.159034	0.067471	0.055075	-0.176459	0.982766	0.208066	-0.960625	-0.184143	0.976563	0.214622	-0.016191
52748	9.714356	-2.267869	0.756327	-0.048640	0.179863	0.090695	0.053567	-0.177725	0.982621	0.207587	-0.960554	-0.185050	0.976749	0.213892	-0.014561
52749	9.762384	-2.132568	0.640011	-0.024517	0.199534	0.109528	0.051911	-0.179233	0.982436	0.207334	-0.960393	-0.186166	0.976892	0.213356	-0.012694
52750	9.677790	-1.806826	0.450285	-0.043368	0.204474	0.124383	0.050228	-0.180871	0.982223	0.206883	-0.960249	-0.187405	0.977076	0.212618	-0.010813
52751	9.592458	-1.317723	0.142148	-0.098430	0.205202	0.108569	0.048512	-0.182379	0.982031	0.205911	-0.960243	-0.188504	0.977367	0.211356	-0.009030
52752	9.461029	-0.771036	-0.170873	-0.211801	0.207361	0.075172	0.046697	-0.183547	0.981901	0.203850	-0.960537	-0.189248	0.977888	0.208998	-0.007439
52753	9.410616	-0.591183	-0.548184	-0.354379	0.166192	0.025718	0.045189	-0.184168	0.981855	0.200415	-0.961206	-0.189518	0.978668	0.205343	-0.006526
52754	9.508288	-0.709436	-0.789567	-0.474958	0.101211	-0.011190	0.044233	-0.184275	0.981879	0.195811	-0.962178	-0.189398	0.979643	0.200641	-0.006477
52755	9.651718	-1.061272	-0.989338	-0.543370	0.025923	-0.037339	0.043972	-0.183997	0.981943	0.190546	-0.963305	-0.189037	0.980693	0.195417	-0.007299
52756	9.703146	-1.513664	-1.215524	-0.568695	-0.049096	-0.046355	0.044425	-0.183464	0.982022	0.185030	-0.964474	-0.188556	0.981728	0.190080	-0.008901
52757	9.693483	-2.004498	-1.430088	-0.568445	-0.119169	-0.045432	0.045577	-0.182833	0.982087	0.179511	-0.965606	-0.188096	0.982700	0.184868	-0.011189
52758	9.598541	-2.392870	-1.644824	-0.527205	-0.196150	-0.050573	0.047478	-0.181996	0.982152	0.174400	-0.966648	-0.187554	0.983530	0.180192	-0.014154
52759	9.588478	-2.482962	-1.853701	-0.438319	-0.279615	-0.051877	0.050203	-0.181028	0.982196	0.170157	-0.967508	-0.187018	0.984137	0.176516	-0.017769
52760	9.667897	-2.399981	-1.757484	-0.320194	-0.347776	-0.062874	0.053583	-0.179820	0.982239	0.167083	-0.968170	-0.186359	0.984486	0.174101	-0.021833
52761	9.751180	-2.298211	-1.491836	-0.168431	-0.383303	-0.064211	0.057314	-0.178565	0.982257	0.165504	-0.968562	-0.185732	0.984542	0.173213	-0.025959
52762	9.632313	-2.224981	-1.084192	0.006587	-0.392947	-0.059456	0.061147	-0.177316	0.982253	0.165641	-0.968646	-0.185171	0.984289	0.174024	-0.029859
52763	9.595984	-1.834963	-0.804793	0.183353	-0.395218	-0.054775	0.065009	-0.176125	0.982219	0.167523	-0.968405	-0.184736	0.983722	0.176554	-0.033450
52764	9.531185	-1.337278	-0.414158	0.313850	-0.389947	-0.068126	0.068792	-0.174780	0.982201	0.170698	-0.967953	-0.184200	0.982919	0.180331	-0.036753
52765	9.365828	-1.226897	-0.069340	0.390775	-0.363127	-0.092124	0.072264	-0.173257	0.982222	0.174645	-0.967384	-0.183489	0.981976	0.184800	-0.039649
52766	9.311212	-1.336361	0.185476	0.406385	-0.345373	-0.096894	0.075547	-0.171685	0.982251	0.178750	-0.966778	-0.182728	0.980990	0.189382	-0.042349
52767	9.061849	-1.694019	0.277172	0.369529	-0.326507	-0.087665	0.078655	-0.170243	0.982258	0.182483	-0.966204	-0.182073	0.980058	0.193567	-0.044930
52768	8.916779	-2.150213	0.244648	0.284656	-0.348405	-0.069675	0.082003	-0.168900	0.982216	0.185377	-0.965752	-0.181546	0.979240	0.196968	-0.047884
52769	8.974383	-2.438688	0.099025	0.206832	-0.398838	-0.056016	0.085867	-0.167599	0.982109	0.187491	-0.965419	-0.181143	0.978506	0.199691	-0.051474
52770	9.250048	-2.514172	0.075954	0.164558	-0.446714	-0.048096	0.090208	-0.166248	0.981949	0.189187	-0.965155	-0.180785	0.977789	0.202081	-0.055613
52771	9.596947	-2.468472	0.080246	0.165311	-0.478431	-0.053899	0.094846	-0.164785	0.981759	0.190895	-0.964892	-0.180396	0.977018	0.204523	-0.060060
52772	9.741147	-2.237824	-0.139438	0.162998	-0.517002	-0.060353	0.099841	-0.163151	0.981536	0.192590	-0.964642	-0.179933	0.976187	0.206998	-0.064890
52773	9.964033	-2.014311	-0.570828	0.111057	-0.576686	-0.069617	0.105398	-0.161310	0.981260	0.193786	-0.964507	-0.179370	0.975366	0.209060	-0.070398
52774	9.988225	-1.859300	-1.155854	0.027256	-0.648752	-0.079024	0.111633	-0.159199	0.980915	0.194179	-0.964563	-0.178644	0.974594	0.210416	-0.076763
52775	10.015922	-1.854697	-1.493806	-0.045476	-0.738029	-0.097696	0.118697	-0.156730	0.980483	0.193890	-0.964796	-0.177695	0.973816	0.211197	-0.084130
52776	10.050960	-1.967797	-1.704094	-0.085736	-0.793576	-0.120436	0.126253	-0.153902	0.979987	0.193242	-0.965151	-0.176468	0.972994	0.211654	-0.092112
52777	9.653063	-2.343560	-1.604399	-0.072280	-0.807617	-0.159930	0.133863	-0.150676	0.979478	0.192787	-0.965531	-0.174879	0.972067	0.212240	-0.100200
52778	9.961220	-2.508512	-0.977864	-0.041926	-0.813384	-0.163402	0.141515	-0.147381	0.978904	0.192643	-0.965851	-0.173265	0.971011	0.213099	-0.108290
52779	9.461807	-2.993533	-0.650122	0.010502	-0.842119	-0.183855	0.149396	-0.143834	0.978260	0.193052	-0.966080	-0.171526	0.969748	0.214480	-0.116561
52780	9.598143	-2.847325	-0.049470	0.071791	-0.809137	-0.162625	0.156987	-0.140534	0.977551	0.194034	-0.966143	-0.170055	0.968352	0.216375	-0.124404
52781	9.683950	-2.657251	0.239945	0.093793	-0.793146	-0.150664	0.164433	-0.137384	0.976774	0.195222	-0.966132	-0.168751	0.966876	0.218436	-0.132044
52782	9.348492	-2.361369	0.486005	0.083610	-0.740532	-0.161232	0.171335	-0.134217	0.976028	0.196338	-0.966154	-0.167325	0.965451	0.220300	-0.139184
52783	9.619126	-2.039506	1.072145	0.053889	-0.700943	-0.181343	0.177805	-0.130945	0.975315	0.197212	-0.966259	-0.165682	0.964102	0.221803	-0.145982
52784	9.551265	-2.192468	1.363678	0.033877	-0.599965	-0.193821	0.183264	-0.127755	0.974727	0.197925	-0.966421	-0.163879	0.962933	0.222956	-0.151824
52785	9.423787	-2.652212	1.684785	0.076110	-0.513823	-0.193719	0.187888	-0.124762	0.974234	0.199054	-0.966479	-0.162158	0.961808	0.224393	-0.156755
52786	9.358758	-3.017212	1.932799	0.167410	-0.435142	-0.163801	0.191800	-0.122217	0.973795	0.201012	-0.966290	-0.160867	0.960628	0.226598	-0.160767
52787	9.387619	-3.127540	2.224402	0.258811	-0.367515	-0.139099	0.195111	-0.120064	0.973405	0.203802	-0.965852	-0.159983	0.959373	0.229596	-0.163979
52788	9.388087	-2.985142	2.565900	0.311603	-0.318159	-0.133493	0.197939	-0.118061	0.973078	0.207089	-0.965276	-0.159239	0.958089	0.233034	-0.166617
52789	9.150839	-2.664945	2.943920	0.292276	-0.287814	-0.133897	0.200480	-0.116122	0.972792	0.210191	-0.964730	-0.158477	0.956884	0.236244	-0.169002
52790	9.126925	-2.026134	2.925948	0.179501	-0.323242	-0.138070	0.203328	-0.114047	0.972446	0.212225	-0.964448	-0.157483	0.955834	0.238398	-0.171895
52791	9.396239	-1.043885	2.615741	-0.004036	-0.386129	-0.165761	0.206729	-0.111555	0.972018	0.212562	-0.964628	-0.155915	0.955029	0.238846	-0.175704
52792	9.765440	-0.301631	2.110899	-0.272911	-0.451116	-0.193177	0.210670	-0.108644	0.971501	0.210398	-0.965475	-0.153595	0.954647	0.236760	-0.180538
52793	10.027821	-0.270094	1.621656	-0.547526	-0.489503	-0.232066	0.214925	-0.105283	0.970939	0.205700	-0.966991	-0.150388	0.954722	0.232044	-0.186173
52794	10.291366	-1.152392	0.891821	-0.740589	-0.529566	-0.227113	0.219559	-0.101900	0.970263	0.199160	-0.968905	-0.146825	0.955054	0.225475	-0.192437
52795	11.000335	-2.262333	-0.159048	-0.775917	-0.555874	-0.213998	0.224513	-0.098619	0.969468	0.192259	-0.970828	-0.143282	0.955317	0.218558	-0.199003
52796	11.707728	-2.869504	-0.947338	-0.679147	-0.482894	-0.201452	0.228779	-0.095649	0.968768	0.186266	-0.972473	-0.140003	0.955492	0.212478	-0.204665
52797	11.826030	-3.216721	-1.028849	-0.553470	-0.318700	-0.193826	0.231531	-0.093124	0.968360	0.181458	-0.973804	-0.137034	0.955754	0.207444	-0.208568
52798	11.653760	-3.537267	-0.979784	-0.385787	-0.143037	-0.185126	0.232598	-0.091057	0.968301	0.178238	-0.974755	-0.134479	0.956101	0.203868	-0.210496
52799	11.279642	-3.630136	-0.870815	-0.167770	-0.070242	-0.236896	0.232911	-0.088636	0.968450	0.177220	-0.975295	-0.131883	0.956214	0.202346	-0.211449
52800	13.347904	-2.711462	-0.542462	-0.031092	0.096171	-0.257536	0.231565	-0.086352	0.968979	0.177560	-0.975569	-0.129372	0.956478	0.202010	-0.210575
52801	12.098428	-1.514452	-0.364526	-0.022968	0.240242	-0.288633	0.228816	-0.084052	0.969834	0.178039	-0.975848	-0.126578	0.957050	0.201632	-0.208325
52802	11.083554	-0.892282	0.071712	-0.120273	0.354332	-0.294922	0.224927	-0.081920	0.970926	0.177596	-0.976321	-0.123518	0.958054	0.200215	-0.205052
52803	10.498706	-0.877788	0.139089	-0.238896	0.413388	-0.298347	0.220499	-0.079860	0.972112	0.176005	-0.977025	-0.120186	0.959376	0.197598	-0.201377
52804	10.451487	-1.146384	0.122186	-0.292610	0.474543	-0.301807	0.215440	-0.077876	0.973407	0.173893	-0.977823	-0.116716	0.960909	0.194414	-0.197120
52805	10.680778	-1.364637	0.180128	-0.268722	0.557311	-0.286368	0.209648	-0.076181	0.974805	0.171954	-0.978550	-0.113455	0.962538	0.191407	-0.192051
52806	10.273968	-1.685184	0.206233	-0.173216	0.688900	-0.274951	0.202562	-0.074838	0.976406	0.170892	-0.979074	-0.110495	0.964243	0.189242	-0.185534
52807	10.541694	-1.651337	0.643326	-0.084802	0.797981	-0.241503	0.194512	-0.074009	0.978104	0.170590	-0.979402	-0.108032	0.965953	0.187868	-0.177880
52808	9.882245	-1.746158	0.806985	-0.000236	0.938433	-0.236164	0.185055	-0.073494	0.979976	0.171077	-0.979564	-0.105769	0.967723	0.187225	-0.168700
52809	10.006955	-1.525600	1.016415	0.099839	1.047560	-0.247361	0.174547	-0.073066	0.981934	0.172527	-0.979546	-0.103556	0.969416	0.187485	-0.158371
52810	9.915789	-1.189798	0.958610	0.190260	1.187763	-0.262607	0.162583	-0.072766	0.984008	0.174858	-0.979367	-0.101314	0.971077	0.188534	-0.146505
52811	9.834728	-0.677206	0.947687	0.248992	1.324157	-0.275400	0.149292	-0.072608	0.986124	0.177746	-0.979084	-0.098999	0.972686	0.190060	-0.133264
52812	9.252845	-0.452504	0.795557	0.263273	1.459011	-0.304806	0.134557	-0.072448	0.988254	0.180786	-0.978790	-0.096369	0.974275	0.191630	-0.118605
52813	9.361622	-0.343880	0.751375	0.236168	1.528217	-0.305668	0.119163	-0.072426	0.990230	0.183517	-0.978545	-0.093656	0.975767	0.192884	-0.103315
52814	9.342006	-0.403420	0.693648	0.190553	1.583861	-0.271094	0.103209	-0.072874	0.991987	0.185724	-0.978361	-0.091196	0.977167	0.193648	-0.087441
52815	9.609490	-0.676097	0.406308	0.165935	1.627756	-0.214882	0.086956	-0.073959	0.993463	0.187593	-0.978184	-0.089242	0.978390	0.194127	-0.071185
52816	9.665522	-0.971961	0.114929	0.187154	1.670307	-0.140108	0.070353	-0.075876	0.994632	0.189582	-0.977913	-0.088010	0.979341	0.194756	-0.054414
52817	9.781859	-1.222129	-0.153996	0.258645	1.698599	-0.081930	0.053621	-0.078425	0.995477	0.192210	-0.977458	-0.087359	0.979888	0.196025	-0.037338
52818	10.053636	-1.390925	-0.168695	0.364593	1.691478	-0.027212	0.037004	-0.081534	0.995983	0.195843	-0.976747	-0.087235	0.979937	0.198285	-0.020176
52819	10.374526	-1.453004	-0.163995	0.481806	1.694936	0.021048	0.020505	-0.085159	0.996156	0.200602	-0.975753	-0.087544	0.979458	0.201626	-0.002925
52820	10.444851	-1.367050	-0.313293	0.603335	1.717976	0.041524	0.003783	-0.089106	0.996015	0.206553	-0.974473	-0.087963	0.978428	0.206063	0.014718
52821	10.485008	-1.109681	-0.555139	0.666910	1.720538	0.044932	-0.012879	-0.093162	0.995568	0.213122	-0.973028	-0.088296	0.976941	0.211040	0.032386
52822	10.703319	-0.945303	-0.666511	0.676873	1.706023	0.047456	-0.029414	-0.097306	0.994820	0.219790	-0.971522	-0.088528	0.975104	0.216047	0.049963
52823	11.011752	-0.634391	-0.776918	0.679943	1.704160	0.076176	-0.045777	-0.101799	0.993751	0.226489	-0.969946	-0.088927	0.972937	0.221002	0.067458
52824	11.122874	-0.293371	-0.682164	0.686961	1.677230	0.127628	-0.061765	-0.106822	0.992358	0.233285	-0.968262	-0.089708	0.970445	0.225961	0.084725
52825	10.651171	-0.228080	-0.650502	0.691311	1.642571	0.174532	-0.077204	-0.112291	0.990672	0.240154	-0.966476	-0.090833	0.967660	0.230901	0.101583
52826	10.448943	-0.297270	-0.662881	0.657068	1.534275	0.235247	-0.091437	-0.118177	0.988774	0.246754	-0.964656	-0.092475	0.964755	0.235528	0.117366
52827	10.479754	-0.699227	-0.572061	0.616345	1.428310	0.303205	-0.104372	-0.124521	0.986712	0.253037	-0.962807	-0.094739	0.961810	0.239787	0.131998
52828	10.949644	-1.340671	-0.562708	0.632992	1.347062	0.387260	-0.116293	-0.131539	0.984466	0.259597	-0.960762	-0.097707	0.958689	0.244202	0.145877
52829	11.209101	-1.997818	-0.431462	0.708837	1.316399	0.493109	-0.127525	-0.139547	0.981969	0.267032	-0.958327	-0.101508	0.955213	0.249272	0.159474
52830	11.097849	-2.297497	-0.113420	0.856912	1.302273	0.582276	-0.138332	-0.148438	0.979199	0.276028	-0.955306	-0.105822	0.951143	0.255648	0.173122
52831	11.181960	-2.666335	-0.160691	0.937662	1.288653	0.643702	-0.148685	-0.157943	0.976190	0.285900	-0.951871	-0.110463	0.946654	0.262669	0.186685
52832	10.780770	-3.270891	-0.083492	1.110917	1.373050	0.580233	-0.159924	-0.167151	0.972874	0.297338	-0.947943	-0.113991	0.941283	0.271042	0.201300
52833	10.464825	-2.865538	0.271143	1.334655	1.402044	0.533436	-0.171388	-0.176093	0.969339	0.310793	-0.943321	-0.116416	0.934898	0.281312	0.216403
52834	10.196250	-2.521223	0.384888	1.485556	1.412507	0.496766	-0.182928	-0.184854	0.965591	0.325564	-0.938138	-0.117921	0.927656	0.292791	0.231794
52835	9.847040	-2.178124	0.462588	1.593417	1.407734	0.448109	-0.194370	-0.193277	0.961699	0.341179	-0.932505	-0.118454	0.919683	0.305088	0.247193
52836	9.366477	-1.680634	0.547962	1.666949	1.366500	0.414187	-0.205395	-0.201415	0.957729	0.357323	-0.926470	-0.118209	0.911117	0.317939	0.262263
52837	8.923894	-1.137415	0.568572	1.700013	1.311450	0.391168	-0.215788	-0.209303	0.953744	0.373612	-0.920127	-0.117395	0.902136	0.330997	0.276750
52838	8.623135	-0.654429	0.600378	1.694524	1.246198	0.376808	-0.225494	-0.216992	0.949772	0.389707	-0.913579	-0.116199	0.892906	0.343931	0.290570
52839	8.311145	-0.360702	0.657119	1.674652	1.181067	0.355162	-0.234505	-0.224381	0.945865	0.405451	-0.906903	-0.114617	0.883525	0.356624	0.303648
52840	8.017593	-0.113780	0.704850	1.641051	1.113195	0.332789	-0.242869	-0.231452	0.942043	0.420722	-0.900163	-0.112695	0.874075	0.368968	0.315999
52841	7.795410	0.152077	0.712034	1.601579	1.028452	0.294330	-0.250482	-0.237965	0.938420	0.435424	-0.893438	-0.110336	0.864676	0.380973	0.327406
52842	7.711239	0.586121	0.753095	1.544247	0.945424	0.236358	-0.257522	-0.243746	0.935024	0.449360	-0.886868	-0.107431	0.855429	0.392497	0.337918
52843	7.649689	1.018431	0.842817	1.467667	0.851879	0.173583	-0.263912	-0.248686	0.931937	0.462353	-0.880570	-0.104046	0.846510	0.403425	0.347373
52844	7.719347	1.511174	1.057804	1.374118	0.753985	0.097622	-0.269758	-0.252638	0.929196	0.474241	-0.874681	-0.100138	0.838049	0.413650	0.355764
52845	7.686973	1.895183	1.274082	1.275282	0.655264	0.025955	-0.275030	-0.255620	0.926831	0.485000	-0.869249	-0.095819	0.830140	0.423160	0.363046
52846	7.630215	2.204903	1.527089	1.137665	0.551712	-0.043052	-0.279754	-0.257616	0.924863	0.494337	-0.864466	-0.091265	0.823024	0.431662	0.369187
52847	7.586827	2.356798	1.706484	0.979047	0.434548	-0.111771	-0.283805	-0.258556	0.923365	0.502101	-0.860461	-0.086616	0.816915	0.439040	0.374024
52848	7.442004	2.395700	1.900238	0.803310	0.324335	-0.164021	-0.287228	-0.258586	0.922298	0.508226	-0.857303	-0.082088	0.811915	0.445158	0.377661
52849	7.201488	2.224856	2.057078	0.638037	0.196121	-0.217972	-0.289861	-0.257609	0.921747	0.512816	-0.854977	-0.077684	0.808085	0.450169	0.379930
52850	7.026091	2.075448	2.067722	0.505579	0.062034	-0.278263	-0.291746	-0.255514	0.921736	0.516136	-0.853373	-0.073197	0.805288	0.454386	0.380848
52851	7.053402	1.672647	2.372548	0.393330	-0.075708	-0.325653	-0.292753	-0.252402	0.922274	0.518398	-0.852374	-0.068719	0.803467	0.457988	0.380379
52852	7.328653	1.059594	2.863590	0.364387	-0.159171	-0.353539	-0.293266	-0.248655	0.923128	0.520338	-0.851554	-0.064071	0.802025	0.461549	0.379116
52853	7.703405	0.510085	3.556892	0.359317	-0.215177	-0.362911	-0.293364	-0.244579	0.924185	0.522203	-0.850751	-0.059382	0.800775	0.465192	0.377300
52854	7.913424	-0.043333	4.268998	0.254697	-0.236936	-0.335150	-0.293175	-0.240618	0.925285	0.523309	-0.850345	-0.055321	0.800123	0.467991	0.375217
52855	9.319186	-1.430739	7.428954	0.011958	-0.193184	-0.221524	-0.292718	-0.237839	0.926147	0.522806	-0.850787	-0.053248	0.800618	0.468608	0.373385
52856	10.450653	-3.111475	9.613197	0.072435	0.040772	-0.037414	-0.293197	-0.237709	0.926029	0.523326	-0.850506	-0.052628	0.800103	0.469185	0.373766
52857	10.968947	-3.266138	9.779301	0.509655	0.271627	0.152518	-0.294496	-0.240294	0.924949	0.527893	-0.847708	-0.052151	0.796618	0.472917	0.376496
52858	10.665381	-0.985685	9.242317	0.883217	0.423469	0.212916	-0.296684	-0.244112	0.923248	0.535583	-0.842955	-0.050774	0.790651	0.479412	0.380834
52859	9.894243	2.033204	8.706926	0.811753	0.513706	0.129082	-0.299966	-0.247684	0.921235	0.542412	-0.838690	-0.048874	0.784735	0.485028	0.385925
52860	9.005065	4.544948	7.774264	0.362499	0.533800	-0.016927	-0.304203	-0.250139	0.919180	0.545249	-0.836938	-0.047308	0.781130	0.486791	0.390987
52861	7.933543	5.336182	7.164781	-0.339588	0.533705	-0.092975	-0.308809	-0.251955	0.917145	0.542361	-0.838784	-0.047811	0.781333	0.482659	0.395675
52862	6.493389	4.214199	5.835120	-0.936235	0.475282	-0.029319	-0.312661	-0.253982	0.915279	0.534989	-0.843303	-0.051255	0.784876	0.473639	0.399546
52863	5.141160	2.484520	4.249980	-1.114296	0.267396	0.063938	-0.314359	-0.255785	0.914195	0.526466	-0.848329	-0.056323	0.789944	0.463587	0.401342
52864	4.148648	1.480368	2.355002	-1.022132	-0.113185	0.143361	-0.312689	-0.256484	0.914572	0.518863	-0.852627	-0.061714	0.795617	0.455240	0.399687
52865	3.770918	1.117284	0.161564	-0.977078	-0.593792	0.209842	-0.306795	-0.255605	0.916811	0.511757	-0.856472	-0.067532	0.802485	0.448466	0.393569
52866	4.377311	0.825210	-1.865909	-1.214047	-1.016510	0.199879	-0.297554	-0.252802	0.920627	0.502614	-0.861332	-0.074071	0.811690	0.440680	0.383354
52867	6.531695	0.030526	-2.684440	-1.579571	-1.297582	0.185046	-0.285958	-0.248763	0.925389	0.490292	-0.867716	-0.081752	0.823312	0.430333	0.370097
52868	10.547981	-2.144349	-0.353227	-1.884355	-1.410172	0.181391	-0.273353	-0.244363	0.930357	0.475214	-0.875229	-0.090258	0.836331	0.417446	0.355371
52869	17.004260	-5.310793	4.164634	-1.662253	-1.176317	0.260148	-0.262162	-0.241821	0.934234	0.461968	-0.881409	-0.098511	0.847264	0.405761	0.342786
52870	20.686954	-8.018799	7.272329	-0.620895	-0.459938	0.335800	-0.256680	-0.242927	0.935469	0.457619	-0.883074	-0.103756	0.851293	0.401456	0.337836
52871	16.796110	-6.517735	6.218715	0.505467	0.006258	0.427588	-0.254696	-0.246736	0.935014	0.463060	-0.879957	-0.106071	0.848943	0.405952	0.338376
52872	11.133968	-2.895950	4.238820	0.945783	-0.175352	0.495121	-0.250860	-0.250366	0.935086	0.472375	-0.874817	-0.107503	0.844945	0.414743	0.337723
52873	7.517922	0.519257	2.405811	0.794607	-0.484869	0.453857	-0.244538	-0.252309	0.936238	0.480253	-0.870318	-0.109106	0.842353	0.422951	0.333998
52874	6.245560	2.415370	1.084923	0.394449	-0.775188	0.323779	-0.236411	-0.251827	0.938452	0.484406	-0.867794	-0.110837	0.842295	0.428389	0.327143
52875	6.697840	2.666526	0.576174	-0.033992	-0.908483	0.172600	-0.227843	-0.249437	0.941206	0.484570	-0.867476	-0.112594	0.844559	0.430426	0.318518
52876	7.959993	1.630697	0.870158	-0.403318	-0.892991	0.116069	-0.219687	-0.246606	0.943887	0.481467	-0.868893	-0.114952	0.848485	0.429197	0.309617
52877	9.038837	-0.144341	1.613018	-0.576601	-0.828823	0.191096	-0.211650	-0.244736	0.946208	0.477023	-0.870860	-0.118546	0.853026	0.426272	0.301062
52878	9.649258	-1.566001	2.358379	-0.577849	-0.824544	0.317653	-0.203053	-0.243999	0.948279	0.472790	-0.872511	-0.123266	0.857461	0.423307	0.292526
52879	10.042462	-2.068000	2.693059	-0.564992	-0.834120	0.404401	-0.193909	-0.244025	0.950185	0.468785	-0.873877	-0.128761	0.861766	0.420464	0.283848
52880	10.071587	-2.053570	2.991361	-0.611756	-0.776890	0.398916	-0.185298	-0.244259	0.951841	0.464307	-0.875438	-0.134264	0.866074	0.417067	0.275629
52881	9.555042	-1.988853	3.477613	-0.645153	-0.675146	0.352659	-0.177738	-0.244561	0.953205	0.459394	-0.877224	-0.139407	0.870268	0.413119	0.268266
52882	8.905963	-1.915494	3.665186	-0.654648	-0.618192	0.302391	-0.170927	-0.244676	0.954420	0.454262	-0.879149	-0.144025	0.874317	0.408939	0.261417
52883	8.501682	-1.930795	3.393911	-0.656703	-0.611485	0.272658	-0.164267	-0.244603	0.955608	0.449013	-0.881124	-0.148353	0.878296	0.404710	0.254569
52884	8.216163	-1.805961	2.728240	-0.662079	-0.632890	0.246485	-0.157558	-0.244231	0.956832	0.443632	-0.883161	-0.152375	0.882251	0.400473	0.247498
52885	8.393309	-1.251643	1.963767	-0.711966	-0.678505	0.249847	-0.150387	-0.243754	0.958106	0.437769	-0.885357	-0.156532	0.886421	0.395889	0.239854
52886	8.737426	-1.037561	1.425679	-0.814662	-0.710585	0.239844	-0.142993	-0.243089	0.959406	0.430932	-0.887950	-0.160757	0.890983	0.390452	0.231725
52887	9.184948	-1.204761	1.124588	-0.923992	-0.731510	0.234971	-0.135384	-0.242363	0.960693	0.423051	-0.890929	-0.165145	0.895935	0.384064	0.223149
52888	9.409266	-1.913725	0.677877	-1.007833	-0.752158	0.204489	-0.127731	-0.241329	0.962000	0.414315	-0.894245	-0.169320	0.901126	0.376944	0.214209
52889	9.569738	-2.653939	0.253888	-1.013133	-0.794893	0.195206	-0.119678	-0.240127	0.963336	0.405449	-0.897530	-0.173354	0.906250	0.369837	0.204774
52890	9.508109	-3.280574	-0.076754	-0.938290	-0.854094	0.167633	-0.111205	-0.238507	0.964753	0.397168	-0.900545	-0.176853	0.910984	0.363502	0.194872
52891	9.778156	-3.435811	-0.234074	-0.796700	-0.921635	0.152459	-0.102120	-0.236573	0.966232	0.390103	-0.903032	-0.179869	0.915091	0.358562	0.184505
52892	9.707923	-3.508002	-0.334699	-0.651050	-0.960974	0.142011	-0.092717	-0.234434	0.967701	0.384323	-0.904997	-0.182421	0.918531	0.354996	0.174007
52893	9.808906	-3.373249	-0.195426	-0.503933	-1.010904	0.127544	-0.082860	-0.232030	0.969173	0.379846	-0.906456	-0.184540	0.921331	0.352845	0.163245
52894	9.827799	-3.144865	0.035238	-0.372528	-1.044538	0.134448	-0.072670	-0.229576	0.970574	0.376563	-0.907435	-0.186447	0.923536	0.351933	0.152393
52895	9.792690	-3.003013	0.278278	-0.287681	-1.080890	0.145514	-0.062062	-0.227113	0.971889	0.374048	-0.908088	-0.188318	0.925330	0.351846	0.141309
52896	9.731455	-2.833839	0.405166	-0.226130	-1.115370	0.143076	-0.051151	-0.224493	0.973132	0.372083	-0.908538	-0.190034	0.926789	0.352366	0.130003
52897	9.669902	-2.579648	0.498355	-0.201744	-1.156734	0.131647	-0.039865	-0.221628	0.974316	0.370317	-0.908930	-0.191603	0.928049	0.353168	0.118307
52898	9.571624	-2.374502	0.487335	-0.206893	-1.190148	0.113532	-0.028344	-0.218461	0.975434	0.368482	-0.909388	-0.192962	0.929203	0.353961	0.106274
52899	9.668726	-2.079603	0.560923	-0.241934	-1.231648	0.102992	-0.016444	-0.215054	0.976464	0.366300	-0.909996	-0.194247	0.930351	0.354485	0.093738
52900	9.179519	-2.016074	0.537660	-0.286882	-1.234632	0.062316	-0.004672	-0.211253	0.977420	0.363682	-0.910857	-0.195128	0.931511	0.354559	0.081085
52901	9.708314	-1.684389	0.831477	-0.333467	-1.291283	0.036885	0.007567	-0.207032	0.978305	0.360617	-0.911936	-0.195776	0.932683	0.354275	0.067759
52902	9.288246	-1.778263	0.765536	-0.391880	-1.249296	0.023993	0.019364	-0.202840	0.979020	0.357001	-0.913250	-0.196275	0.933903	0.353312	0.054731
52903	9.046189	-2.014267	0.618695	-0.441383	-1.247380	-0.009640	0.031056	-0.198374	0.979634	0.352922	-0.914801	-0.196433	0.935137	0.351835	0.041601
52904	9.100284	-2.145084	0.430188	-0.458747	-1.244109	-0.055837	0.042552	-0.193506	0.980176	0.348694	-0.916498	-0.196072	0.936270	0.350125	0.028476
52905	8.990343	-2.303952	0.248261	-0.456419	-1.224462	-0.103235	0.053733	-0.188302	0.980640	0.344510	-0.918264	-0.195202	0.937244	0.348329	0.015531
52906	8.965926	-2.432675	0.077374	-0.448688	-1.218785	-0.136074	0.064746	-0.182828	0.981011	0.340427	-0.920054	-0.193935	0.938039	0.346519	0.002670
52907	9.042909	-2.360531	-0.138735	-0.436054	-1.225782	-0.176930	0.075718	-0.176981	0.981297	0.336500	-0.921855	-0.192225	0.938634	0.344762	-0.010246
52908	9.503259	-2.193027	-0.050240	-0.434346	-1.227156	-0.194188	0.086640	-0.170982	0.981457	0.332623	-0.923665	-0.190276	0.939072	0.342940	-0.023154
52909	8.815937	-2.397725	-0.166870	-0.418025	-1.166226	-0.223079	0.096924	-0.164951	0.981528	0.328941	-0.925446	-0.188008	0.939363	0.341087	-0.035439
52910	9.533593	-2.493560	0.275515	-0.406821	-1.201810	-0.239895	0.107480	-0.158653	0.981467	0.325406	-0.927197	-0.185515	0.939446	0.339314	-0.048028
52911	9.326874	-2.582261	0.543137	-0.399480	-1.162287	-0.242407	0.117682	-0.152491	0.981273	0.321965	-0.928904	-0.182965	0.939409	0.337468	-0.060219
52912	9.347138	-2.616139	0.885855	-0.404856	-1.155399	-0.243347	0.127806	-0.146356	0.980941	0.318502	-0.930609	-0.180343	0.939267	0.335480	-0.072323
52913	9.400975	-2.683304	1.164511	-0.437599	-1.167776	-0.234164	0.138100	-0.140292	0.980432	0.314741	-0.932386	-0.177750	0.939077	0.333130	-0.084607
52914	9.187632	-2.702311	1.426874	-0.476987	-1.168957	-0.237008	0.148383	-0.134218	0.979779	0.310642	-0.934273	-0.175030	0.938874	0.330332	-0.096936
52915	9.285506	-2.449324	1.656038	-0.545551	-1.191398	-0.236586	0.158906	-0.128112	0.978946	0.305922	-0.936355	-0.172197	0.938702	0.326844	-0.109600
52916	9.484863	-2.113924	1.793056	-0.638150	-1.201964	-0.249709	0.169477	-0.121889	0.977968	0.300381	-0.938719	-0.169052	0.938642	0.322413	-0.122478
52917	10.036008	-1.668224	1.921891	-0.746865	-1.181367	-0.298945	0.179745	-0.115325	0.976930	0.293928	-0.941440	-0.165215	0.938775	0.316844	-0.135322
52918	10.186899	-1.418288	2.077117	-0.878457	-1.083324	-0.338465	0.188978	-0.108761	0.975940	0.286342	-0.944553	-0.160709	0.939306	0.309823	-0.147357
52919	10.110526	-1.499003	2.267988	-1.016407	-0.982199	-0.352430	0.197281	-0.102448	0.974979	0.277507	-0.948012	-0.155766	0.940250	0.301293	-0.158595
52920	10.006403	-2.051844	2.314119	-1.089901	-0.881448	-0.359522	0.204631	-0.096443	0.974076	0.268014	-0.951584	-0.150520	0.941432	0.291867	-0.168875
52921	10.355190	-2.825457	2.321286	-1.068553	-0.761012	-0.349281	0.210946	-0.090953	0.973257	0.258708	-0.954962	-0.145317	0.942641	0.282444	-0.177915
52922	10.106443	-3.605083	2.136601	-0.956440	-0.623762	-0.310483	0.216071	-0.086277	0.972558	0.250389	-0.957881	-0.140603	0.943726	0.273898	-0.185367
52923	10.456434	-4.010390	2.151608	-0.814488	-0.513339	-0.270540	0.220315	-0.082321	0.971949	0.243324	-0.960294	-0.136489	0.944592	0.266569	-0.191536
52924	10.564673	-4.165029	1.909300	-0.698548	-0.330155	-0.218845	0.222937	-0.079381	0.971595	0.237247	-0.962294	-0.133059	0.945523	0.260172	-0.195698
52925	11.409331	-4.417254	1.741570	-0.600332	-0.190155	-0.158600	0.224428	-0.077391	0.971413	0.231957	-0.963948	-0.130386	0.946482	0.254588	-0.198386
52926	11.560644	-4.559973	1.223049	-0.426589	0.036787	-0.096226	0.223883	-0.076595	0.971602	0.228173	-0.965083	-0.128658	0.947530	0.250497	-0.198588
52927	11.324813	-4.284610	0.698888	-0.238328	0.217503	-0.080841	0.221701	-0.076384	0.972118	0.226128	-0.965723	-0.127452	0.948533	0.248080	-0.196830
52928	11.186697	-3.443579	0.275849	-0.098983	0.379858	-0.129318	0.217826	-0.076118	0.973015	0.225514	-0.966050	-0.126059	0.949576	0.246887	-0.193265
