// General information: 
//  MT Manager version: 2022.2.0 
//  XDA version: 2022.2.0 build 7381 rev 124627 built on 2023-07-19
// Device information: 
//  DeviceId: 00B4CB9F
//  ProductCode: MTW2-3A7G6
//  Firmware Version: 4.6.0
//  Hardware Version: 2.0.0
// Device settings: 
//  Filter Profile: human(46.1)
//  Option Flags: Orientation Smoother Disabled, Position/Velocity Smoother Disabled, Continuous Zero Rotation Update Disabled, AHS Disabled, ICC Disabled
// Coordinate system: ENU
PacketCounter	Acc_X	Acc_Y	Acc_Z	Gyr_X	Gyr_Y	Gyr_Z	Mat[1][1]	Mat[2][1]	Mat[3][1]	Mat[1][2]	Mat[2][2]	Mat[3][2]	Mat[1][3]	Mat[2][3]	Mat[3][3]
15710	9.623681	-1.022373	-1.772131	-0.252419	-0.098876	0.000650	0.149498	0.084626	0.985134	0.976469	-0.169257	-0.133643	0.155431	0.981932	-0.107938
15711	9.538704	-1.302055	-1.576563	-0.292544	-0.067427	0.019576	0.149846	0.085299	0.985023	0.975982	-0.172101	-0.133567	0.158130	0.981379	-0.109038
15712	9.690935	-1.557443	-1.286684	-0.316074	-0.052465	0.019823	0.150153	0.085853	0.984928	0.975451	-0.175186	-0.133438	0.161089	0.980785	-0.110051
15713	9.841392	-1.626621	-0.902853	-0.316908	-0.033223	0.014122	0.150396	0.086198	0.984861	0.974916	-0.178261	-0.133276	0.164074	0.980200	-0.110846
15714	9.820555	-1.567051	-0.727569	-0.299280	-0.010634	-0.010849	0.150339	0.086394	0.984852	0.974440	-0.181151	-0.132858	0.166929	0.979653	-0.111420
15715	9.870937	-1.482477	-0.581512	-0.305376	0.012380	-0.039770	0.149982	0.086389	0.984907	0.973987	-0.184063	-0.132174	0.169867	0.979111	-0.111748
15716	10.041245	-1.649702	-0.204372	-0.312740	0.050723	-0.044460	0.149494	0.086047	0.985011	0.973522	-0.187048	-0.131410	0.172937	0.978575	-0.111731
15717	9.995864	-1.893443	0.072204	-0.277789	0.076883	-0.036234	0.149059	0.085406	0.985133	0.973093	-0.189691	-0.130792	0.175700	0.978122	-0.111383
15718	9.758781	-2.047141	-0.158657	-0.189669	0.081466	-0.025107	0.148704	0.084725	0.985246	0.972801	-0.191482	-0.130360	0.177612	0.977832	-0.110895
15719	9.427766	-2.111363	-0.911996	-0.067837	0.049514	-0.039468	0.148284	0.084359	0.985340	0.972741	-0.192068	-0.129944	0.178290	0.977749	-0.110540
15720	9.438153	-1.907478	-1.606760	0.059898	-0.006662	-0.029841	0.148041	0.084547	0.985361	0.972896	-0.191414	-0.129745	0.177643	0.977861	-0.110593
15721	9.576450	-1.454352	-1.992437	0.160767	-0.019361	-0.010153	0.148029	0.084799	0.985341	0.973198	-0.189789	-0.129871	0.175994	0.978156	-0.110620
15722	9.685301	-1.020210	-2.228511	0.200437	-0.028489	0.006035	0.148175	0.085134	0.985290	0.973543	-0.187794	-0.130182	0.173949	0.978512	-0.110708
15723	9.568049	-0.712738	-2.103494	0.160811	-0.037385	0.027699	0.148561	0.085491	0.985201	0.973782	-0.186200	-0.130682	0.172272	0.978785	-0.110912
15724	9.528611	-0.724695	-2.026974	0.124964	-0.034705	0.032883	0.148977	0.085840	0.985108	0.973952	-0.184964	-0.131173	0.170950	0.978989	-0.111160
15725	9.582834	-0.961016	-1.740466	0.092712	-0.029720	0.047315	0.149540	0.086087	0.985001	0.974041	-0.184053	-0.131790	0.169947	0.979139	-0.111376
15726	9.452548	-1.272303	-1.337137	0.086272	-0.023740	0.058524	0.150187	0.086284	0.984885	0.974102	-0.183224	-0.132491	0.169022	0.979277	-0.111568
15727	9.267385	-1.347005	-1.048028	0.107242	-0.029641	0.061904	0.150891	0.086505	0.984758	0.974191	-0.182183	-0.133269	0.167878	0.979452	-0.111762
15728	9.375321	-1.100606	-0.714971	0.124403	-0.051331	0.079826	0.151791	0.086935	0.984582	0.974282	-0.180994	-0.134222	0.166535	0.979634	-0.112173
15729	9.589165	-0.772102	-0.537586	0.110219	-0.045992	0.085064	0.152747	0.087276	0.984404	0.974337	-0.179944	-0.135232	0.165335	0.979797	-0.112522
15730	9.863501	-0.368704	-0.659024	0.055237	-0.053257	0.085084	0.153700	0.087716	0.984217	0.974301	-0.179439	-0.136159	0.164664	0.979851	-0.113042
15731	10.117999	-0.068937	-0.715183	-0.022556	-0.041605	0.083343	0.154631	0.088018	0.984044	0.974137	-0.179689	-0.137002	0.164763	0.979778	-0.113527
15732	10.194943	-0.007142	-0.720860	-0.098167	-0.006881	0.067928	0.155337	0.088033	0.983931	0.973873	-0.180674	-0.137584	0.165659	0.979595	-0.113798
15733	9.961523	-0.140890	-0.751354	-0.146744	0.026049	0.044333	0.155776	0.087741	0.983888	0.973561	-0.182106	-0.137902	0.167072	0.979356	-0.113789
15734	9.910162	-0.554426	-0.786972	-0.171352	0.043997	0.036342	0.156085	0.087313	0.983877	0.973221	-0.183778	-0.138085	0.168758	0.979082	-0.113660
15735	9.862060	-1.073133	-0.760108	-0.141723	0.063017	0.048450	0.156501	0.086650	0.983869	0.972906	-0.185163	-0.138450	0.170180	0.978880	-0.113281
15736	9.734273	-1.533351	-0.790013	-0.063952	0.057911	0.068926	0.157100	0.086024	0.983829	0.972694	-0.185806	-0.139075	0.170838	0.978814	-0.112865
15737	9.568820	-1.721560	-0.833504	0.043493	0.036016	0.090009	0.157965	0.085547	0.983732	0.972628	-0.185413	-0.140058	0.170415	0.978930	-0.112495
15738	9.517349	-1.702528	-0.844689	0.148835	0.001354	0.113993	0.159099	0.085391	0.983563	0.972705	-0.184014	-0.141367	0.168918	0.979208	-0.112336
15739	9.558172	-1.399686	-0.837862	0.221987	-0.027666	0.135960	0.160520	0.085456	0.983326	0.972861	-0.181912	-0.143002	0.166658	0.979595	-0.112337
15740	9.521686	-1.071817	-1.043607	0.266744	-0.050925	0.135094	0.161947	0.085777	0.983064	0.973088	-0.179378	-0.144651	0.163932	0.980034	-0.112518
15741	9.611658	-0.679081	-1.263122	0.258315	-0.072637	0.126331	0.163345	0.086308	0.982787	0.973303	-0.176910	-0.146233	0.161244	0.980436	-0.112901
15742	9.678621	-0.328361	-1.288957	0.195872	-0.073129	0.125606	0.164712	0.086871	0.982509	0.973415	-0.175057	-0.147709	0.159163	0.980718	-0.113395
15743	9.798522	-0.161759	-1.218100	0.101301	-0.052555	0.119281	0.166007	0.087222	0.982260	0.973379	-0.174123	-0.149045	0.158034	0.980854	-0.113805
15744	9.842909	-0.354604	-1.172789	-0.025452	-0.031183	0.128672	0.167332	0.087371	0.982022	0.973129	-0.174442	-0.150297	0.158174	0.980784	-0.114213
15745	9.803407	-0.686986	-1.128808	-0.132217	-0.003901	0.120565	0.168562	0.087241	0.981823	0.972717	-0.175800	-0.151378	0.159398	0.980553	-0.114494
15746	9.795494	-1.052128	-1.017391	-0.163925	0.015880	0.129229	0.169816	0.086924	0.981635	0.972240	-0.177487	-0.152474	0.160974	0.980277	-0.114651
15747	9.715817	-1.226111	-0.801127	-0.174130	0.021032	0.143109	0.171224	0.086507	0.981427	0.971714	-0.179274	-0.153727	0.162645	0.979989	-0.114756
15748	9.607762	-1.353739	-0.798783	-0.171446	0.030891	0.155797	0.172708	0.085990	0.981212	0.971172	-0.181044	-0.155075	0.164307	0.979709	-0.114779
15749	9.786085	-1.492884	-0.688265	-0.121561	0.019542	0.168160	0.174360	0.085537	0.980960	0.970680	-0.182335	-0.156633	0.165465	0.979509	-0.114821
15750	9.854456	-1.694995	-0.619023	-0.065906	0.024720	0.185405	0.176139	0.085021	0.980687	0.970252	-0.183095	-0.158391	0.166092	0.979412	-0.114742
15751	9.753904	-1.758120	-0.583941	-0.001216	0.029013	0.205373	0.178134	0.084405	0.980380	0.969886	-0.183237	-0.160452	0.166099	0.979439	-0.114504
15752	9.818103	-1.720933	-0.483433	0.084346	0.035856	0.216451	0.180195	0.083721	0.980061	0.969643	-0.182552	-0.162685	0.165292	0.979625	-0.114074
15753	9.988215	-1.701982	-0.322249	0.145775	0.051842	0.247984	0.182565	0.082805	0.979701	0.969434	-0.181286	-0.165330	0.163915	0.979938	-0.113371
15754	9.991192	-1.543058	-0.193294	0.186976	0.094369	0.257750	0.184931	0.081476	0.979368	0.969269	-0.179627	-0.168081	0.162226	0.980355	-0.112191
15755	10.140764	-1.268502	0.378883	0.181851	0.135524	0.254721	0.187232	0.079735	0.979074	0.969089	-0.178005	-0.170826	0.160659	0.980794	-0.110599
15756	10.481702	-1.190116	1.033259	0.132287	0.209608	0.223820	0.189085	0.077340	0.978910	0.968884	-0.176841	-0.173177	0.159718	0.981196	-0.108372
15757	10.423796	-1.144653	1.718945	0.043572	0.310391	0.184635	0.190429	0.074012	0.978907	0.968603	-0.176508	-0.175079	0.159827	0.981513	-0.105301
15758	10.458528	-1.026905	2.359662	-0.059313	0.412843	0.145379	0.191192	0.069754	0.979071	0.968235	-0.177155	-0.176455	0.161139	0.981708	-0.101409
15759	10.635257	-1.031602	3.103580	-0.165587	0.526394	0.109490	0.191448	0.064435	0.979385	0.967757	-0.178809	-0.177411	0.163691	0.981772	-0.096590
15760	10.863437	-1.116783	3.819472	-0.260950	0.626825	0.110414	0.191493	0.058125	0.979771	0.967120	-0.181392	-0.178259	0.167362	0.981692	-0.090949
15761	10.982568	-1.260287	4.406250	-0.382931	0.773261	0.124927	0.191438	0.050349	0.980212	0.966230	-0.185173	-0.179196	0.172487	0.981415	-0.084098
15762	10.871134	-1.506881	4.697942	-0.484444	0.930033	0.148387	0.191248	0.040974	0.980686	0.965101	-0.189952	-0.180273	0.178897	0.980938	-0.075872
15763	10.761925	-2.129942	4.756666	-0.516862	1.082228	0.172347	0.190988	0.030073	0.981132	0.963830	-0.195035	-0.181642	0.185893	0.980335	-0.066235
15764	10.923026	-3.244331	4.912793	-0.506529	1.243646	0.243816	0.190989	0.017418	0.981438	0.962413	-0.200007	-0.183737	0.193094	0.979640	-0.054963
15765	10.820671	-4.212486	5.243902	-0.404801	1.450775	0.337018	0.191433	0.002572	0.981502	0.960974	-0.203957	-0.186895	0.199704	0.978976	-0.041516
15766	10.426932	-4.826187	5.532192	-0.228879	1.666482	0.433809	0.192238	-0.014628	0.981239	0.959688	-0.206117	-0.191089	0.205046	0.978418	-0.025586
15767	10.180105	-5.246146	5.389052	0.013359	1.818520	0.529939	0.193615	-0.033467	0.980507	0.958695	-0.205810	-0.196333	0.208369	0.978019	-0.007764
15768	10.314769	-5.424773	5.024472	0.289436	1.918655	0.642443	0.195785	-0.053557	0.979183	0.958057	-0.202638	-0.202644	0.209272	0.977788	0.011637
15769	10.614786	-5.290669	4.442859	0.630815	2.000040	0.722591	0.198596	-0.074512	0.977245	0.957947	-0.195956	-0.209615	0.207116	0.977778	0.032462
15770	11.398450	-4.815661	4.030108	0.953877	2.016248	0.777462	0.201945	-0.095739	0.974706	0.958348	-0.185901	-0.216816	0.201957	0.977893	0.054209
15771	13.066560	-4.162133	3.804602	1.169989	2.080395	0.777315	0.205322	-0.117437	0.971623	0.959088	-0.173579	-0.223652	0.194918	0.977793	0.076993
15772	14.245209	-3.435188	3.378092	1.221832	2.199821	0.731220	0.208155	-0.140195	0.967996	0.959920	-0.160623	-0.229682	0.187683	0.977008	0.101142
15773	14.749257	-3.127685	2.797773	1.141332	2.305881	0.594880	0.209664	-0.163580	0.963993	0.960784	-0.148524	-0.234169	0.181481	0.975286	0.126025
15774	14.778668	-2.938184	1.599398	0.912522	2.328560	0.423052	0.209575	-0.186903	0.959763	0.961541	-0.138820	-0.236997	0.177530	0.972520	0.150622
15775	13.962470	-2.721715	0.925158	0.639364	2.271095	0.266703	0.208176	-0.209266	0.955443	0.962114	-0.132029	-0.238547	0.176066	0.968904	0.173853
15776	12.344228	-2.003471	-0.592468	0.425701	2.120712	0.089424	0.205323	-0.229919	0.951304	0.962686	-0.127643	-0.238629	0.176292	0.964803	0.195131
15777	12.090202	-1.680894	-1.907839	0.127087	1.992585	-0.048404	0.201368	-0.248991	0.947341	0.963010	-0.126478	-0.237941	0.179063	0.960212	0.214313
15778	12.188635	-2.004399	-2.728431	-0.124466	1.927562	-0.090466	0.197020	-0.267358	0.943241	0.962971	-0.127830	-0.237374	0.184038	0.955081	0.232272
15779	12.342240	-2.160295	-3.188668	-0.182695	1.893611	-0.076316	0.192801	-0.285249	0.938861	0.962779	-0.129722	-0.237126	0.189431	0.949634	0.249622
15780	12.324461	-2.322689	-3.063454	-0.079476	1.909680	-0.092333	0.188277	-0.303217	0.934137	0.962811	-0.130676	-0.236473	0.193772	0.943919	0.267337
15781	12.172702	-1.523818	-3.005820	0.125070	1.972377	-0.084257	0.183672	-0.321622	0.928883	0.963213	-0.129703	-0.235369	0.196179	0.937943	0.285968
15782	11.570961	-0.306560	-2.925037	0.243094	2.038385	-0.044642	0.179255	-0.340610	0.922959	0.963780	-0.127511	-0.234240	0.197472	0.931518	0.305416
15783	10.448027	0.270651	-2.331979	0.137037	2.059926	0.014351	0.175354	-0.359702	0.916442	0.964029	-0.126129	-0.233965	0.199747	0.924503	0.324646
15784	9.153715	0.244993	-2.007633	-0.201549	2.018498	0.119744	0.172444	-0.378414	0.909432	0.963422	-0.127478	-0.235726	0.205135	0.916816	0.342590
15785	7.667461	-0.080478	-1.960434	-0.422696	1.868701	0.187997	0.170407	-0.395675	0.902443	0.962220	-0.130548	-0.238933	0.212352	0.909065	0.358480
15786	6.506722	-0.436407	-1.181662	-0.390443	1.636414	0.145181	0.168296	-0.410650	0.896127	0.961144	-0.133437	-0.241654	0.218811	0.901976	0.372237
15787	6.190367	-0.892258	-0.699069	-0.326423	1.370684	0.056405	0.165856	-0.423006	0.890819	0.960330	-0.136074	-0.243412	0.224182	0.895851	0.383657
15788	6.406166	-0.799315	-0.370180	-0.288909	1.187836	-0.046326	0.162742	-0.433510	0.886332	0.959764	-0.138793	-0.244109	0.228840	0.890396	0.393480
15789	6.332055	-0.438551	-0.090951	-0.310449	1.092699	-0.149370	0.158837	-0.442961	0.882359	0.959291	-0.142141	-0.244043	0.233520	0.885202	0.402351
15790	5.762369	0.212819	0.313570	-0.338918	1.024001	-0.235343	0.154185	-0.451613	0.878790	0.958873	-0.146127	-0.243331	0.238306	0.880166	0.410509
15791	5.328282	0.670651	0.728070	-0.369627	0.944328	-0.309868	0.148996	-0.459402	0.875643	0.958458	-0.150720	-0.242162	0.243226	0.875347	0.417861
15792	5.207172	0.621244	1.125971	-0.403754	0.867863	-0.348931	0.143539	-0.466393	0.872854	0.957991	-0.155803	-0.240790	0.248296	0.870748	0.424437
15793	5.459252	0.239495	1.636152	-0.462424	0.811228	-0.365017	0.138062	-0.472821	0.870275	0.957350	-0.161470	-0.239602	0.253812	0.866238	0.430362
15794	5.817373	-0.382631	2.171552	-0.505191	0.780901	-0.399152	0.132254	-0.478858	0.867873	0.956609	-0.167678	-0.238294	0.259632	0.861730	0.435904
15795	6.127709	-0.944673	2.360426	-0.514679	0.741360	-0.442033	0.126137	-0.484437	0.865685	0.955836	-0.174167	-0.236736	0.265458	0.857313	0.441074
15796	6.509572	-1.481469	2.526165	-0.510568	0.664140	-0.464222	0.119936	-0.489241	0.863863	0.955055	-0.180738	-0.234956	0.271083	0.853216	0.445574
15797	6.801660	-2.098640	2.627236	-0.514774	0.583424	-0.416374	0.114420	-0.493405	0.862241	0.954141	-0.187103	-0.233682	0.276628	0.849437	0.449370
15798	6.793378	-2.848041	2.738151	-0.489361	0.503382	-0.331305	0.109873	-0.496989	0.860773	0.953164	-0.192837	-0.233005	0.281790	0.846059	0.452525
15799	6.470284	-3.615559	3.031407	-0.384643	0.426557	-0.243618	0.106397	-0.500081	0.859417	0.952345	-0.197237	-0.232671	0.285864	0.843218	0.455264
15800	5.936899	-3.975288	3.322363	-0.232821	0.330734	-0.206412	0.103505	-0.502403	0.858416	0.951911	-0.200177	-0.231935	0.288360	0.841142	0.457524
15801	5.386010	-4.176536	3.316143	-0.026751	0.215796	-0.216525	0.100878	-0.503747	0.857941	0.952065	-0.201428	-0.230215	0.288783	0.840039	0.459280
15802	5.050301	-4.159619	3.564639	0.171797	0.075007	-0.275663	0.098064	-0.503771	0.858253	0.952851	-0.201317	-0.227040	0.287157	0.840052	0.460276
15803	5.126599	-3.929506	4.059611	0.389283	-0.085027	-0.352539	0.095002	-0.502313	0.859451	0.954311	-0.199754	-0.222235	0.283311	0.841296	0.460386
15804	5.599345	-3.598245	4.520188	0.623210	-0.235211	-0.431011	0.091576	-0.499429	0.861501	0.956474	-0.196604	-0.215647	0.277075	0.843752	0.459687
15805	6.082838	-3.420066	4.700484	0.802296	-0.351344	-0.487309	0.087924	-0.495476	0.864160	0.959112	-0.192182	-0.207775	0.269024	0.847095	0.458319
15806	6.530103	-3.427045	5.072969	0.968377	-0.445230	-0.544888	0.083902	-0.490617	0.867326	0.962151	-0.186587	-0.198620	0.259278	0.851164	0.456393
15807	6.913582	-3.595458	5.547333	1.163820	-0.504449	-0.592183	0.079528	-0.485191	0.870784	0.965594	-0.179480	-0.188191	0.247596	0.855790	0.454224
15808	7.201446	-3.340717	5.883715	1.367565	-0.549567	-0.621151	0.074879	-0.479344	0.874427	0.969377	-0.170676	-0.176572	0.233882	0.860871	0.451885
15809	7.436887	-2.795078	6.270898	1.552774	-0.592299	-0.636770	0.070087	-0.473137	0.878196	0.973358	-0.160236	-0.164011	0.218318	0.866294	0.449301
15810	7.569212	-1.873198	7.033185	1.625006	-0.633544	-0.647454	0.065144	-0.466591	0.882071	0.977220	-0.149093	-0.151037	0.201983	0.871817	0.446249
15811	7.500016	-0.658942	7.310761	1.522157	-0.675677	-0.668430	0.059966	-0.459680	0.886058	0.980603	-0.138815	-0.138381	0.186609	0.877169	0.442439
15812	7.371635	0.269539	7.104351	1.310828	-0.692486	-0.675892	0.054611	-0.452645	0.890017	0.983357	-0.130304	-0.126609	0.173282	0.882119	0.437995
15813	7.086732	0.485543	6.958438	1.059790	-0.672261	-0.679877	0.049099	-0.445795	0.893788	0.985495	-0.123924	-0.115946	0.162450	0.886516	0.433244
15814	6.785058	0.487999	6.290830	0.853230	-0.666022	-0.650737	0.043764	-0.439057	0.897393	0.987153	-0.119159	-0.106441	0.153666	0.890522	0.428202
15815	6.483674	0.464428	5.551683	0.704266	-0.703675	-0.579582	0.039146	-0.432056	0.900997	0.988456	-0.115335	-0.098252	0.146367	0.894442	0.422553
15816	6.470205	0.239536	5.491073	0.548404	-0.775026	-0.460935	0.035726	-0.424559	0.904695	0.989423	-0.112331	-0.091787	0.140594	0.898405	0.416055
15817	6.914273	0.290492	5.047894	0.502286	-0.855071	-0.358840	0.033404	-0.416419	0.908559	0.990245	-0.109254	-0.086482	0.135276	0.902585	0.408707
15818	7.265311	0.285452	4.553820	0.528320	-0.921424	-0.310085	0.031576	-0.407728	0.912558	0.991053	-0.105690	-0.081514	0.129683	0.906966	0.400742
15819	7.740991	-0.130258	3.796040	0.544637	-1.014423	-0.276913	0.030167	-0.398173	0.916814	0.991834	-0.101791	-0.076844	0.123920	0.911645	0.391850
15820	7.859064	-0.253342	2.426050	0.603950	-1.225643	-0.253187	0.029155	-0.386693	0.921747	0.992644	-0.097201	-0.072176	0.117504	0.917072	0.381015
15821	8.569110	-0.138453	1.606520	0.716333	-1.536492	-0.326356	0.027711	-0.372200	0.927739	0.993556	-0.091785	-0.066500	0.109903	0.923603	0.367258
15822	10.385826	1.201646	1.728227	0.625529	-1.733711	-0.525849	0.024351	-0.355630	0.934309	0.994365	-0.087839	-0.059350	0.103176	0.930490	0.351487
15823	12.355862	3.295396	2.448844	0.293041	-1.740512	-0.814011	0.018070	-0.338619	0.940750	0.994839	-0.087868	-0.050737	0.099842	0.936812	0.335284
15824	15.216759	4.612923	5.659262	-0.273138	-1.569260	-1.030239	0.009420	-0.322913	0.946382	0.994711	-0.093783	-0.041900	0.102285	0.941771	0.320321
15825	16.730544	4.998854	9.785484	-1.115481	-1.069381	-1.051386	0.000169	-0.311725	0.950172	0.993564	-0.107578	-0.035470	0.113274	0.944063	0.309701
15826	14.417149	3.921515	12.056814	-2.119885	-0.553358	-0.807240	-0.007155	-0.305519	0.952159	0.990919	-0.130018	-0.034272	0.134269	0.943267	0.303675
15827	10.966745	-0.139929	11.552573	-2.995282	-0.366301	-0.368838	-0.010205	-0.301492	0.953414	0.986429	-0.159286	-0.039812	0.163869	0.940069	0.299027
15828	10.094321	-7.343428	9.019253	-3.502924	-0.427825	0.049884	-0.008944	-0.297562	0.954661	0.980101	-0.191929	-0.050640	0.198296	0.935211	0.293357
15829	10.784724	-13.672639	5.608337	-3.396811	-0.480247	0.327917	-0.004656	-0.293723	0.955879	0.972835	-0.222577	-0.063655	0.231453	0.929616	0.286780
15830	9.714199	-16.392111	1.338395	-2.655761	-0.494849	0.328516	-0.000242	-0.289914	0.957053	0.966368	-0.246186	-0.074332	0.257163	0.924847	0.280223
15831	8.115589	-15.710340	-2.705359	-1.166899	-0.668257	0.042453	0.001980	-0.283806	0.958880	0.963314	-0.256793	-0.077994	0.268369	0.923857	0.272886
15832	6.531412	-12.138210	-4.490843	0.816742	-0.922988	-0.284188	0.001738	-0.274549	0.961572	0.965492	-0.249961	-0.073114	0.260428	0.928516	0.264640
15833	5.982024	-6.781420	-3.971005	2.369221	-1.098804	-0.466779	0.000008	-0.263142	0.964757	0.971406	-0.229056	-0.062484	0.237425	0.937171	0.255616
15834	6.487581	-0.770647	-2.791477	3.111174	-1.196783	-0.526916	-0.002389	-0.250735	0.968053	0.978324	-0.201036	-0.049656	0.207064	0.946951	0.245780
15835	8.725452	4.645370	-1.374021	3.130834	-1.294430	-0.556732	-0.005318	-0.237336	0.971413	0.984315	-0.172546	-0.036768	0.176340	0.955981	0.234530
15836	12.605516	9.390473	-0.803345	2.685538	-1.400277	-0.440066	-0.007301	-0.223179	0.974750	0.988676	-0.147723	-0.026418	0.149889	0.963519	0.221730
15837	15.158459	11.591732	-0.666598	1.664507	-1.328882	-0.226897	-0.007613	-0.209977	0.977677	0.991025	-0.132076	-0.020649	0.133463	0.968744	0.209098
15838	13.462204	9.479304	-0.567042	0.298794	-1.165755	-0.154806	-0.007560	-0.198439	0.980084	0.991414	-0.129437	-0.018560	0.130542	0.971529	0.197714
15839	10.890291	5.111225	-0.215377	-0.843883	-1.058540	-0.188283	-0.007949	-0.187853	0.982165	0.990269	-0.137947	-0.018370	0.138938	0.972462	0.187122
15840	9.834688	1.066945	-0.158202	-1.506013	-0.965966	-0.152070	-0.008006	-0.178205	0.983961	0.988060	-0.152814	-0.019636	0.153862	0.972055	0.177301
15841	9.214971	-1.588628	-0.341607	-1.623817	-0.938921	-0.082976	-0.007253	-0.168905	0.985606	0.985433	-0.168680	-0.021655	0.169909	0.971091	0.167668
15842	9.061003	-3.170700	-0.368446	-1.339825	-0.961969	-0.064561	-0.006156	-0.159416	0.987192	0.983073	-0.181739	-0.023218	0.183112	0.970339	0.157836
15843	8.928710	-3.170247	-0.237946	-0.866300	-1.009868	-0.130830	-0.005496	-0.149331	0.988772	0.981451	-0.190292	-0.023284	0.191633	0.970304	0.147607
15844	9.065595	-1.754284	-0.412795	-0.380642	-1.108981	-0.223548	-0.005500	-0.138096	0.990404	0.980712	-0.194256	-0.021640	0.195380	0.971182	0.136500
15845	9.701835	0.311236	-0.448087	-0.038370	-1.181404	-0.276697	-0.005849	-0.126032	0.992009	0.980631	-0.194941	-0.018984	0.195776	0.972684	0.124731
15846	10.180520	1.991224	-0.214209	0.050151	-1.180920	-0.289951	-0.006338	-0.113928	0.993469	0.980721	-0.194748	-0.016076	0.195308	0.974214	0.112966
15847	10.002890	2.583016	-0.002907	-0.099384	-1.149451	-0.270276	-0.006684	-0.102153	0.994746	0.980519	-0.195957	-0.013534	0.196310	0.975277	0.101472
15848	9.641389	2.422103	0.557826	-0.346327	-1.124832	-0.240962	-0.006778	-0.090656	0.995859	0.979827	-0.199516	-0.011494	0.199732	0.975692	0.090179
15849	9.988864	1.718916	0.926645	-0.551859	-1.102205	-0.174307	-0.006200	-0.079508	0.996815	0.978709	-0.204997	-0.010263	0.205160	0.975528	0.079086
15850	10.461042	0.767694	0.913806	-0.728039	-1.043379	-0.107954	-0.005042	-0.069059	0.997600	0.977193	-0.212128	-0.009746	0.212292	0.974799	0.068554
15851	10.534777	-0.379361	1.438150	-0.867044	-0.959974	-0.058562	-0.003481	-0.059539	0.998220	0.975324	-0.220562	-0.009755	0.220750	0.973554	0.058837
15852	10.211028	-1.502026	1.626173	-0.932173	-0.866387	-0.028844	-0.001774	-0.050999	0.998697	0.973234	-0.229597	-0.009996	0.229808	0.971949	0.050041
15853	9.856501	-2.610955	1.215732	-0.855977	-0.823845	-0.027447	-0.000058	-0.042894	0.999080	0.971243	-0.237873	-0.010156	0.238090	0.970349	0.041674
15854	9.833474	-3.416410	1.126041	-0.668657	-0.789212	-0.044053	0.001460	-0.035092	0.999383	0.969642	-0.244326	-0.009996	0.244526	0.969058	0.033670
15855	9.508504	-3.464799	0.726169	-0.353148	-0.773702	-0.062247	0.002817	-0.027403	0.999620	0.968785	-0.247718	-0.009521	0.247885	0.968444	0.025850
15856	9.358136	-2.695991	0.214906	0.038685	-0.785135	-0.103870	0.003804	-0.019502	0.999803	0.968896	-0.247320	-0.008511	0.247437	0.968738	0.017955
15857	9.201328	-1.337687	0.190993	0.371921	-0.794852	-0.120817	0.004640	-0.011461	0.999924	0.969827	-0.243686	-0.007294	0.243751	0.969787	0.009985
15858	9.535848	0.283087	0.320335	0.529875	-0.788318	-0.110236	0.005524	-0.003507	0.999979	0.971122	-0.238504	-0.006201	0.238521	0.971135	0.002088
15859	9.544504	1.834995	-0.191362	0.507997	-0.795184	-0.088338	0.006598	0.004469	0.999968	0.972337	-0.233520	-0.005372	0.233488	0.972342	-0.005886
15860	10.083287	2.592196	-0.496905	0.342315	-0.798775	-0.048499	0.008027	0.012391	0.999891	0.973145	-0.230139	-0.004961	0.230053	0.973079	-0.013905
15861	10.117581	2.681456	-0.644115	0.124453	-0.770558	-0.003421	0.009816	0.019939	0.999753	0.973442	-0.228880	-0.004993	0.228724	0.973250	-0.021656
15862	9.914800	2.046700	-0.886088	-0.078263	-0.737291	0.022892	0.011772	0.027102	0.999563	0.973271	-0.229602	-0.005237	0.229360	0.972907	-0.029081
15863	9.899441	1.081765	-0.837730	-0.243007	-0.696696	0.031486	0.013739	0.033846	0.999333	0.972717	-0.231928	-0.005518	0.231587	0.972144	-0.036109
15864	9.896607	0.189760	-0.478628	-0.312146	-0.642934	0.019120	0.015464	0.040092	0.999076	0.971998	-0.234924	-0.005618	0.234482	0.971187	-0.042603
15865	10.324292	-0.661974	-0.320552	-0.272332	-0.616721	0.022521	0.017192	0.046067	0.998790	0.971363	-0.237532	-0.005764	0.236979	0.970287	-0.048831
15866	10.016693	-1.087599	-0.356495	-0.162903	-0.581291	0.001363	0.018629	0.051745	0.998487	0.970986	-0.239068	-0.005726	0.238410	0.969623	-0.054697
15867	10.038976	-0.857892	-0.154754	-0.022991	-0.583119	-0.016972	0.019909	0.057479	0.998148	0.970945	-0.239237	-0.005590	0.238472	0.969258	-0.060572
15868	9.998408	-0.220749	-0.023589	0.084481	-0.549902	-0.029748	0.020973	0.062921	0.997798	0.971163	-0.238356	-0.005382	0.237493	0.969137	-0.066106
15869	10.136030	0.228550	0.259680	0.138316	-0.517352	-0.016558	0.022092	0.068015	0.997440	0.971505	-0.236960	-0.005359	0.235989	0.969136	-0.071312
15870	9.807600	0.564968	0.151307	0.188476	-0.475767	-0.005427	0.023201	0.072679	0.997085	0.971959	-0.235087	-0.005480	0.234003	0.969253	-0.076096
15871	9.554602	0.871996	-0.464959	0.185929	-0.484485	-0.019370	0.024196	0.077461	0.996702	0.972407	-0.233226	-0.005480	0.232032	0.969332	-0.080967
15872	9.605094	1.008714	-0.845474	0.109146	-0.498617	-0.009402	0.025300	0.082356	0.996282	0.972672	-0.232118	-0.005513	0.230801	0.969195	-0.085978
15873	9.439402	1.010233	-1.249719	0.050360	-0.527270	-0.018392	0.026391	0.087549	0.995811	0.972803	-0.231570	-0.005422	0.230126	0.968871	-0.091279
15874	9.509986	0.901413	-1.353671	-0.014050	-0.550747	-0.006030	0.027639	0.092938	0.995288	0.972782	-0.231659	-0.005382	0.230067	0.968347	-0.096811
15875	9.587154	0.706575	-1.249291	-0.071233	-0.543843	0.004756	0.028992	0.098232	0.994741	0.972627	-0.232310	-0.005407	0.230557	0.967669	-0.102278
15876	9.828123	0.304338	-1.177078	-0.111572	-0.537862	0.004757	0.030319	0.103465	0.994171	0.972377	-0.233353	-0.005369	0.231437	0.966872	-0.107682
15877	9.969716	-0.420465	-1.147008	-0.116091	-0.521015	0.008934	0.031669	0.108520	0.993590	0.972115	-0.234441	-0.005378	0.232355	0.966054	-0.112919
15878	10.055877	-1.304514	-1.085797	-0.048547	-0.490413	0.013659	0.032980	0.113266	0.993017	0.972008	-0.234885	-0.005490	0.232623	0.965401	-0.117842
15879	9.783802	-1.809320	-1.053449	0.107242	-0.483287	0.011194	0.034264	0.117945	0.992429	0.972263	-0.233820	-0.005780	0.231368	0.965099	-0.122685
15880	9.698148	-1.680425	-0.887044	0.280660	-0.482017	0.004160	0.035454	0.122629	0.991819	0.972916	-0.231076	-0.006208	0.228424	0.965177	-0.127500
15881	9.849399	-0.980478	-0.638306	0.402852	-0.496440	0.008884	0.036719	0.127441	0.991166	0.973834	-0.227156	-0.006870	0.224274	0.965484	-0.132447
15882	9.773611	-0.062257	0.003458	0.450333	-0.477943	-0.006018	0.037765	0.132110	0.990515	0.974845	-0.222759	-0.007457	0.219661	0.965881	-0.137199
15883	9.746293	0.532698	0.103901	0.460295	-0.479278	-0.019755	0.038668	0.136824	0.989840	0.975862	-0.218245	-0.007954	0.214939	0.966255	-0.141961
15884	9.890720	0.821067	0.023490	0.436354	-0.452539	-0.018972	0.039487	0.141276	0.989182	0.976806	-0.213961	-0.008435	0.210455	0.966572	-0.146448
15885	9.339622	1.025616	-0.095630	0.409165	-0.455582	-0.032439	0.040173	0.145790	0.988500	0.977680	-0.209918	-0.008773	0.206225	0.966788	-0.150969
15886	9.361247	0.908048	-0.641903	0.377883	-0.494717	-0.037458	0.040856	0.150686	0.987737	0.978475	-0.206170	-0.009021	0.202282	0.966844	-0.155866
15887	9.422206	1.119567	-0.926055	0.337026	-0.510152	-0.007884	0.041856	0.155676	0.986921	0.979162	-0.202859	-0.009528	0.198723	0.966754	-0.160923
15888	9.089097	1.857798	-0.936504	0.252227	-0.493702	0.025345	0.043114	0.160431	0.986105	0.979656	-0.200422	-0.010225	0.195997	0.966485	-0.165809
15889	9.181876	2.294671	-0.414874	0.045698	-0.455503	0.044099	0.044491	0.164786	0.985325	0.979734	-0.200012	-0.010788	0.195300	0.965837	-0.170345
15890	10.467826	1.152160	0.035006	-0.209433	-0.360022	0.048149	0.045700	0.168198	0.984693	0.979309	-0.202077	-0.010933	0.197145	0.964818	-0.173953
15891	10.754998	-0.998412	-0.579143	-0.280050	-0.274593	0.019953	0.046494	0.170847	0.984200	0.978751	-0.204771	-0.010690	0.199709	0.963784	-0.176737
15892	10.247769	-2.636184	-1.565735	-0.087886	-0.300220	0.004091	0.047165	0.173761	0.983658	0.978581	-0.205588	-0.010605	0.200385	0.963089	-0.179736
15893	9.980759	-3.186393	-1.995974	0.228489	-0.361878	0.041167	0.048342	0.177203	0.982986	0.979024	-0.203420	-0.011477	0.197926	0.962922	-0.183320
15894	9.755412	-2.457423	-1.445184	0.507696	-0.407912	0.113887	0.050291	0.180931	0.982209	0.979967	-0.198697	-0.013575	0.192706	0.963215	-0.187300
15895	9.482923	-1.060855	-0.773038	0.686564	-0.430395	0.166659	0.052793	0.184795	0.981358	0.981187	-0.192348	-0.016564	0.185701	0.963770	-0.191473
15896	9.420483	0.261902	-0.375859	0.738724	-0.465034	0.181143	0.055457	0.188963	0.980417	0.982439	-0.185527	-0.019813	0.178150	0.964299	-0.195933
15897	9.603495	1.233126	-0.399613	0.682994	-0.485568	0.168293	0.058011	0.193382	0.979407	0.983543	-0.179223	-0.022869	0.171110	0.964615	-0.200596
15898	9.930553	1.538497	-0.572256	0.593147	-0.500626	0.144906	0.060315	0.197980	0.978349	0.984459	-0.173748	-0.025532	0.164931	0.964684	-0.205383
15899	10.181281	1.172507	-0.727901	0.495287	-0.493932	0.157040	0.062715	0.202519	0.977268	0.985172	-0.169246	-0.028149	0.159698	0.964542	-0.210130
15900	10.046148	0.577920	-0.756778	0.430399	-0.458857	0.196702	0.065408	0.206638	0.976229	0.985728	-0.165461	-0.031021	0.155118	0.964325	-0.214512
15901	10.053900	0.071416	-0.676227	0.439124	-0.422003	0.261894	0.068686	0.210322	0.975216	0.986228	-0.161735	-0.034581	0.150453	0.964161	-0.218535
15902	10.294416	-0.546877	-0.683193	0.515682	-0.394754	0.327796	0.072533	0.213626	0.974219	0.986763	-0.157422	-0.038948	0.145043	0.964148	-0.222217
15903	10.144787	-0.742595	-0.924737	0.620576	-0.391986	0.368739	0.076780	0.216879	0.973174	0.987372	-0.152194	-0.043982	0.138573	0.964262	-0.225825
15904	10.054150	-0.655090	-1.358768	0.704783	-0.430272	0.385563	0.081198	0.220471	0.972008	0.988021	-0.146205	-0.049374	0.131227	0.964374	-0.229702
15905	10.045452	-0.607738	-1.670938	0.762795	-0.481109	0.381011	0.085626	0.224611	0.970679	0.988677	-0.139659	-0.054897	0.123233	0.964389	-0.234026
15906	9.820798	-0.498461	-1.925433	0.767047	-0.514782	0.363559	0.089865	0.229097	0.969247	0.989275	-0.133051	-0.060273	0.115151	0.964268	-0.238596
15907	10.003784	-0.252935	-1.602464	0.724999	-0.546256	0.348128	0.093967	0.233956	0.967696	0.989763	-0.126830	-0.065447	0.107421	0.963939	-0.243479
15908	10.390955	-0.259410	-1.053747	0.625833	-0.546294	0.346466	0.097993	0.238807	0.966110	0.990084	-0.121582	-0.070372	0.100656	0.963426	-0.248353
15909	10.775597	-0.443524	-0.286241	0.530767	-0.510443	0.342420	0.101932	0.243360	0.964565	0.990261	-0.117259	-0.075062	0.094837	0.962822	-0.252942
15910	11.010205	-0.575881	0.558276	0.481659	-0.442430	0.341167	0.105745	0.247238	0.963167	0.990352	-0.113424	-0.079614	0.089563	0.962293	-0.256847
15911	11.186731	-0.923175	1.446298	0.528808	-0.327240	0.358475	0.109627	0.250034	0.962011	0.990424	-0.109191	-0.084485	0.083919	0.962061	-0.259610
15912	11.151898	-1.294991	1.978902	0.697518	-0.226432	0.383772	0.113636	0.251811	0.961082	0.990556	-0.103407	-0.090027	0.076712	0.962236	-0.261183
15913	11.222237	-1.628532	2.292671	0.892346	-0.161574	0.425251	0.118012	0.252988	0.960245	0.990706	-0.095855	-0.096502	0.067631	0.962709	-0.261949
15914	11.005425	-1.919938	2.274723	1.064627	-0.106633	0.451407	0.122576	0.253600	0.959511	0.990826	-0.086708	-0.103659	0.056909	0.963415	-0.261902
15915	10.900446	-2.333573	2.157246	1.198964	-0.068204	0.495656	0.127568	0.253900	0.958781	0.990813	-0.076374	-0.111605	0.044889	0.964210	-0.261311
15916	10.930883	-2.584304	2.423051	1.311039	-0.022066	0.562828	0.133178	0.253703	0.958070	0.990581	-0.065116	-0.120454	0.031826	0.965088	-0.259985
15917	11.156755	-2.591340	2.997770	1.407162	0.033153	0.635388	0.139507	0.253055	0.957341	0.990060	-0.053103	-0.130238	0.017880	0.965993	-0.257948
15918	12.810654	-2.282673	4.214440	1.517769	0.129559	0.659995	0.146051	0.251473	0.956781	0.989272	-0.040055	-0.140483	0.002996	0.967035	-0.254626
15919	14.536554	-2.026140	5.556439	1.664844	0.356906	0.642234	0.152462	0.247858	0.956724	0.988224	-0.025510	-0.150873	-0.012989	0.968460	-0.248829
15920	15.038216	-2.003059	6.472276	1.751572	0.674238	0.667918	0.159226	0.241165	0.957333	0.986808	-0.010116	-0.161580	-0.029283	0.970431	-0.239594
15921	14.205164	-2.278142	6.826626	1.728810	1.114346	0.754619	0.167119	0.230367	0.958646	0.984929	0.004943	-0.172888	-0.044566	0.973091	-0.226069
15922	13.052162	-2.738853	6.845771	1.652030	1.616951	0.857417	0.176407	0.214652	0.960627	0.982602	0.019193	-0.184731	-0.058090	0.976502	-0.207532
15923	11.597246	-3.006018	6.271572	1.561891	2.092125	0.965530	0.187258	0.194483	0.962866	0.979837	0.032539	-0.197131	-0.069670	0.980366	-0.184468
15924	10.565434	-2.950720	4.930500	1.483152	2.435525	1.025348	0.199131	0.170883	0.964959	0.976741	0.045298	-0.209584	-0.079525	0.984249	-0.157888
15925	9.339955	-2.270945	3.092923	1.361269	2.604665	0.990535	0.211005	0.145762	0.966556	0.973559	0.057194	-0.221158	-0.087517	0.987665	-0.129840
15926	9.306213	-1.541495	1.428093	1.211005	2.587931	0.871151	0.221843	0.120628	0.967592	0.970566	0.068080	-0.231013	-0.093741	0.990360	-0.101975
15927	10.485020	-0.850627	0.164308	1.008008	2.461375	0.686905	0.230899	0.096781	0.968152	0.968030	0.077371	-0.238605	-0.097999	0.992294	-0.075822
15928	12.704530	-0.167292	-0.725685	0.736023	2.351192	0.494451	0.238027	0.073748	0.968455	0.966132	0.084332	-0.243878	-0.099658	0.993705	-0.051177
15929	14.564909	0.451410	-1.030567	0.468240	2.295259	0.287476	0.243117	0.051233	0.968643	0.964961	0.088854	-0.246892	-0.098717	0.994726	-0.027835
15930	15.059898	1.140274	-1.372644	0.217953	2.227918	0.050514	0.245781	0.029025	0.968891	0.964617	0.091079	-0.247426	-0.095427	0.995421	-0.005612
15931	15.119110	1.755270	-1.460887	-0.040304	2.125085	-0.220421	0.245661	0.007722	0.969325	0.965180	0.090766	-0.245333	-0.089876	0.995842	0.014845
15932	14.686309	2.670688	-2.341262	-0.230044	2.017293	-0.490735	0.242667	-0.012890	0.970024	0.966571	0.088538	-0.240626	-0.082782	0.995989	0.033944
15933	14.724684	3.941959	-3.817243	-0.352599	1.988001	-0.677394	0.237716	-0.033221	0.970767	0.968462	0.084919	-0.234245	-0.074655	0.995834	0.052360
15934	14.553339	4.259783	-4.785798	-0.517964	2.074761	-0.729571	0.232080	-0.054551	0.971166	0.970535	0.079514	-0.227463	-0.064813	0.995340	0.071398
15935	14.034777	3.498809	-4.707702	-0.716141	2.185408	-0.705819	0.226548	-0.076774	0.970970	0.972562	0.071977	-0.221228	-0.052903	0.994447	0.090974
15936	13.682130	2.072473	-3.586412	-0.923953	2.362694	-0.639864	0.221377	-0.100746	0.969970	0.974421	0.062296	-0.215922	-0.038671	0.992960	0.111960
15937	13.333040	1.076883	-2.606107	-1.171131	2.578422	-0.568855	0.216648	-0.126586	0.968008	0.976009	0.050086	-0.211889	-0.021661	0.990690	0.134400
15938	12.475997	0.248551	-2.205806	-1.493334	2.682269	-0.557979	0.211476	-0.153409	0.965269	0.977382	0.034599	-0.208631	-0.001391	0.987557	0.157256
15939	12.246645	-0.316487	-2.410402	-1.721527	2.681078	-0.559054	0.205789	-0.179926	0.961913	0.978371	0.016755	-0.206177	0.020980	0.983538	0.179482
15940	12.224559	-1.109003	-2.557163	-1.848851	2.671502	-0.531472	0.199681	-0.206220	0.957915	0.978853	-0.002346	-0.204551	0.044429	0.978503	0.201390
15941	12.032149	-2.335512	-2.775942	-1.875198	2.682064	-0.512835	0.193199	-0.232272	0.953270	0.978801	-0.021706	-0.203662	0.067997	0.972409	0.223154
15942	11.484775	-2.963507	-2.900665	-1.819181	2.696115	-0.506109	0.186073	-0.258273	0.947983	0.978327	-0.040510	-0.203065	0.090849	0.965222	0.245137
15943	10.541397	-3.372716	-2.803705	-1.746935	2.689098	-0.529719	0.178202	-0.283810	0.942176	0.977510	-0.058679	-0.202561	0.112775	0.957083	0.266971
15944	9.432707	-3.574801	-2.794297	-1.634884	2.641153	-0.553614	0.169518	-0.308625	0.935956	0.976474	-0.075830	-0.201861	0.133273	0.948156	0.288510
15945	8.523807	-3.424759	-2.662678	-1.470710	2.570863	-0.557399	0.160464	-0.332369	0.929399	0.975297	-0.091433	-0.201086	0.151813	0.938707	0.309487
15946	7.908323	-3.171054	-2.581350	-1.305638	2.474912	-0.548949	0.151133	-0.354957	0.922586	0.974076	-0.105449	-0.200139	0.168327	0.928917	0.329818
15947	7.683545	-2.747258	-2.486007	-1.166254	2.394334	-0.499901	0.142111	-0.376477	0.915461	0.972762	-0.117992	-0.199529	0.183135	0.918881	0.349455
15948	7.447269	-2.634347	-2.340754	-1.087762	2.317233	-0.430770	0.133510	-0.397125	0.908001	0.971304	-0.129535	-0.199472	0.196833	0.908577	0.368435
15949	7.240565	-2.354985	-2.050904	-1.046583	2.206254	-0.370739	0.125480	-0.416515	0.900428	0.969661	-0.140436	-0.200090	0.209793	0.898216	0.386257
15950	6.974133	-2.191657	-1.696898	-0.996782	2.061178	-0.328942	0.117839	-0.434445	0.892957	0.967925	-0.150676	-0.201040	0.221888	0.888006	0.402754
15951	6.891529	-1.999602	-1.563948	-0.929359	1.898176	-0.318154	0.110499	-0.450674	0.885823	0.966181	-0.160229	-0.202042	0.232990	0.878191	0.417727
15952	6.593770	-1.852349	-1.408932	-0.856723	1.734675	-0.344179	0.103049	-0.465252	0.879160	0.964526	-0.169227	-0.202610	0.243043	0.868851	0.431309
15953	6.143234	-1.840305	-1.169859	-0.750459	1.539998	-0.372239	0.095706	-0.477884	0.873194	0.963047	-0.177408	-0.202647	0.251754	0.860322	0.443246
15954	5.641345	-1.829272	-0.977338	-0.652663	1.322753	-0.377525	0.088699	-0.488516	0.868035	0.961746	-0.184762	-0.202256	0.259185	0.852769	0.453440
15955	5.196342	-1.881186	-0.785574	-0.612880	1.076160	-0.362289	0.082447	-0.496940	0.863859	0.960456	-0.191691	-0.201938	0.265945	0.846348	0.461485
15956	4.650075	-1.764538	-1.032271	-0.612505	0.821877	-0.345309	0.076931	-0.503182	0.860750	0.959101	-0.198525	-0.201776	0.272410	0.841068	0.467329
15957	4.050660	-1.965788	-1.324009	-0.619227	0.560909	-0.321419	0.072361	-0.507204	0.858783	0.957645	-0.205281	-0.201932	0.278712	0.837021	0.470867
15958	3.308230	-2.627613	-1.681716	-0.639202	0.320875	-0.298895	0.068611	-0.509238	0.857887	0.956072	-0.212081	-0.202354	0.284988	0.834086	0.472317
15959	2.904686	-3.244328	-1.950636	-0.607824	0.106617	-0.278747	0.065699	-0.509491	0.857964	0.954521	-0.218502	-0.202847	0.290816	0.832271	0.471965
15960	3.002267	-3.964146	-1.520604	-0.439113	-0.085960	-0.277609	0.063323	-0.508135	0.858946	0.953432	-0.223508	-0.202512	0.294885	0.831771	0.470319
15961	3.378319	-4.444381	-0.609334	-0.073661	-0.254191	-0.273883	0.061520	-0.505371	0.860706	0.953397	-0.225446	-0.200517	0.295379	0.832931	0.467950
15962	3.854305	-4.797747	0.161850	0.371449	-0.423411	-0.279534	0.060125	-0.501180	0.863252	0.954674	-0.223694	-0.196362	0.291517	0.835931	0.465014
15963	4.323812	-4.731767	1.012812	0.725661	-0.568101	-0.312666	0.058829	-0.495691	0.866504	0.956961	-0.219107	-0.190312	0.284193	0.840406	0.461467
15964	4.715868	-4.227907	1.921334	1.166983	-0.770976	-0.491134	0.056303	-0.488098	0.870971	0.960506	-0.211617	-0.180683	0.272503	0.846746	0.456906
15965	5.150186	-2.668023	2.417246	1.703144	-1.028296	-0.803863	0.051333	-0.477653	0.877048	0.965446	-0.200942	-0.165942	0.255499	0.855260	0.450833
15966	5.820594	-0.825383	2.453778	2.101912	-1.319537	-1.114263	0.043816	-0.464097	0.884700	0.971137	-0.188041	-0.146740	0.234462	0.865595	0.442463
15967	7.364446	0.072946	3.007969	2.150615	-1.618091	-1.337215	0.034467	-0.447531	0.893604	0.976480	-0.175336	-0.125474	0.212834	0.876911	0.430962
15968	9.297723	-0.244038	4.799173	2.042220	-1.823792	-1.431362	0.024188	-0.428969	0.902995	0.981047	-0.163521	-0.103960	0.192255	0.888395	0.416884
15969	10.763782	-0.263922	5.508152	1.998441	-1.882385	-1.410848	0.013801	-0.409878	0.912036	0.984965	-0.151511	-0.082995	0.172201	0.899469	0.401625
15970	11.647974	-0.214121	7.297892	1.829737	-1.798919	-1.263053	0.004307	-0.391728	0.920071	0.988072	-0.139964	-0.064217	0.153933	0.909373	0.386452
15971	12.254148	0.646149	8.716137	1.562521	-1.619093	-1.043669	-0.003599	-0.375487	0.926821	0.990367	-0.129632	-0.048672	0.138421	0.917717	0.372337
15972	12.863393	1.738447	9.769557	1.134099	-1.367764	-0.787554	-0.009559	-0.361863	0.932182	0.991829	-0.122032	-0.037201	0.127217	0.924209	0.360073
15973	12.882966	2.189564	10.384266	0.547616	-1.091840	-0.513787	-0.013247	-0.351086	0.936250	0.992459	-0.118729	-0.030480	0.121861	0.928785	0.350011
15974	11.954365	1.479299	11.126375	0.074464	-0.861726	-0.246506	-0.014624	-0.342748	0.939314	0.992522	-0.118834	-0.027909	0.121188	0.931881	0.341923
15975	8.951089	1.016116	10.037713	-0.118179	-0.809250	-0.068783	-0.014271	-0.335070	0.942085	0.992375	-0.120109	-0.027687	0.122430	0.934506	0.334229
15976	6.037211	1.560121	6.802257	-0.302158	-1.105012	-0.048882	-0.013368	-0.324650	0.945740	0.992000	-0.123043	-0.028216	0.125527	0.937797	0.323697
