// General information: 
//  MT Manager version: 2022.2.0 
//  XDA version: 2022.2.0 build 7381 rev 124627 built on 2023-07-19
// Device information: 
//  DeviceId: 00B4CAF0
//  ProductCode: MTW2-3A7G6
//  Firmware Version: 4.6.0
//  Hardware Version: 2.0.0
// Device settings: 
//  Filter Profile: human(46.1)
//  Option Flags: Orientation Smoother Disabled, Position/Velocity Smoother Disabled, Continuous Zero Rotation Update Disabled, AHS Disabled, ICC Disabled
// Coordinate system: ENU
PacketCounter	Acc_X	Acc_Y	Acc_Z	Gyr_X	Gyr_Y	Gyr_Z	Mat[1][1]	Mat[2][1]	Mat[3][1]	Mat[1][2]	Mat[2][2]	Mat[3][2]	Mat[1][3]	Mat[2][3]	Mat[3][3]
55246	4.814597	-0.426744	9.084075	-0.001222	0.003792	0.007602	0.677343	-0.551533	0.486844	0.646195	0.762351	-0.035400	-0.351622	0.338574	0.872771
55247	4.818031	-0.447676	9.057061	0.002898	0.007228	0.001551	0.677334	-0.551559	0.486828	0.646209	0.762340	-0.035380	-0.351614	0.338557	0.872781
55248	4.817657	-0.447553	9.057266	0.002596	0.000758	0.003694	0.677353	-0.551597	0.486758	0.646216	0.762335	-0.035366	-0.351565	0.338506	0.872820
55249	4.830401	-0.456766	9.088070	-0.001067	0.005247	0.004693	0.677357	-0.551592	0.486759	0.646222	0.762328	-0.035396	-0.351546	0.338530	0.872819
55250	4.814938	-0.467300	9.072147	0.003160	0.002057	0.004295	0.677384	-0.551630	0.486678	0.646224	0.762327	-0.035380	-0.351492	0.338468	0.872865
55251	4.812778	-0.426945	9.085030	0.001692	0.003900	0.001803	0.677364	-0.551643	0.486691	0.646240	0.762314	-0.035371	-0.351499	0.338478	0.872858
55252	4.812319	-0.427035	9.085269	-0.000990	0.005975	0.003239	0.677398	-0.551702	0.486577	0.646263	0.762294	-0.035387	-0.351392	0.338428	0.872921
55253	4.796648	-0.437495	9.069459	0.004851	0.005957	0.006099	0.677414	-0.551688	0.486570	0.646239	0.762315	-0.035372	-0.351406	0.338402	0.872925
55254	4.815409	-0.447951	9.058442	-0.001214	0.000232	0.003927	0.677431	-0.551723	0.486507	0.646258	0.762297	-0.035393	-0.351336	0.338385	0.872960
55255	4.826502	-0.416870	9.101853	0.002595	0.000757	0.003694	0.677413	-0.551710	0.486546	0.646259	0.762298	-0.035386	-0.351370	0.338406	0.872938
55256	4.834097	-0.458409	9.047465	0.002742	0.005772	0.004461	0.677454	-0.551759	0.486435	0.646261	0.762296	-0.035375	-0.351289	0.338329	0.873000
55257	4.818488	-0.468881	9.031623	0.000555	0.004860	0.004277	0.677454	-0.551755	0.486438	0.646264	0.762293	-0.035389	-0.351283	0.338342	0.872998
55258	4.833155	-0.458544	9.047961	0.002178	0.004472	0.003860	0.677486	-0.551804	0.486339	0.646272	0.762287	-0.035381	-0.351206	0.338277	0.873054
55259	4.847822	-0.448208	9.064300	0.000555	0.004860	0.004277	0.677486	-0.551801	0.486343	0.646275	0.762283	-0.035395	-0.351200	0.338290	0.873051
55260	4.830360	-0.418451	9.061170	0.000633	0.005587	0.002822	0.677515	-0.551861	0.486234	0.646296	0.762266	-0.035395	-0.351106	0.338232	0.873111
55261	4.844613	-0.467929	9.079441	-0.000348	0.008002	0.002386	0.677514	-0.551882	0.486211	0.646315	0.762249	-0.035408	-0.351073	0.338235	0.873124
55262	4.829215	-0.418709	9.061768	0.002021	0.003017	0.006769	0.677559	-0.551903	0.486124	0.646304	0.762258	-0.035416	-0.351006	0.338180	0.873172
55263	4.811483	-0.448694	9.060491	0.001760	0.008187	0.004025	0.677569	-0.551913	0.486099	0.646305	0.762257	-0.035418	-0.350985	0.338166	0.873186
55264	4.840957	-0.428027	9.093098	-0.002457	0.007818	0.000747	0.677592	-0.551996	0.485973	0.646350	0.762217	-0.035436	-0.350857	0.338120	0.873255
55265	4.825092	-0.438402	9.077392	0.005570	0.008711	0.003794	0.677602	-0.552009	0.485943	0.646339	0.762228	-0.035403	-0.350857	0.338074	0.873273
55266	4.826450	-0.418865	9.063234	-0.000427	0.007275	0.003841	0.677643	-0.552066	0.485821	0.646357	0.762213	-0.035419	-0.350746	0.338016	0.873340
55267	4.823751	-0.438504	9.078100	0.000632	0.005587	0.002823	0.677637	-0.552076	0.485819	0.646370	0.762202	-0.035425	-0.350735	0.338024	0.873341
55268	4.827428	-0.399552	9.049271	0.002740	0.005771	0.004462	0.677676	-0.552123	0.485711	0.646372	0.762200	-0.035417	-0.350655	0.337951	0.873402
55269	4.837758	-0.428238	9.094790	0.001523	0.006004	0.008390	0.677707	-0.552093	0.485703	0.646344	0.762223	-0.035442	-0.350647	0.337950	0.873405
55270	4.819937	-0.458292	9.093547	0.001195	0.006887	0.003424	0.677743	-0.552151	0.485586	0.646359	0.762210	-0.035442	-0.350549	0.337883	0.873470
55271	4.861303	-0.440090	9.042657	0.002063	0.014656	0.001884	0.677762	-0.552199	0.485505	0.646373	0.762199	-0.035431	-0.350486	0.337831	0.873516
55272	4.834874	-0.428361	9.096318	0.001905	0.013201	0.004793	0.677829	-0.552268	0.485332	0.646376	0.762196	-0.035432	-0.350351	0.337724	0.873611
55273	4.818515	-0.438729	9.080869	0.004091	0.014112	0.004979	0.677867	-0.552290	0.485255	0.646362	0.762209	-0.035418	-0.350305	0.337659	0.873655
55274	4.815063	-0.458044	9.096141	0.004169	0.014839	0.003525	0.677931	-0.552374	0.485069	0.646366	0.762207	-0.035393	-0.350173	0.337526	0.873759
55275	4.818031	-0.418849	9.067713	0.003121	0.012967	0.000867	0.677938	-0.552424	0.485003	0.646383	0.762193	-0.035368	-0.350128	0.337475	0.873797
55276	4.814464	-0.498267	9.084737	-0.006043	0.013036	0.000288	0.677975	-0.552526	0.484835	0.646444	0.762139	-0.035417	-0.349943	0.337431	0.873888
55277	4.813410	-0.438576	9.083583	0.006354	0.015750	0.003713	0.678009	-0.552564	0.484744	0.646431	0.762152	-0.035377	-0.349900	0.337340	0.873941
55278	4.845985	-0.438573	9.089425	-0.003712	0.018962	0.001242	0.678073	-0.552678	0.484524	0.646478	0.762110	-0.035411	-0.349690	0.337245	0.874061
55279	4.846388	-0.419552	9.075769	-0.003309	0.018806	0.004754	0.678125	-0.552718	0.484405	0.646492	0.762097	-0.035461	-0.349564	0.337211	0.874125
55280	4.898587	-0.377399	9.183167	-0.008519	0.024413	0.004712	0.678230	-0.552825	0.484137	0.646532	0.762058	-0.035554	-0.349286	0.337123	0.874270
55281	4.867826	-0.441373	9.139352	-0.048441	0.029026	0.006889	0.678332	-0.552883	0.483928	0.646688	0.761904	-0.036008	-0.348799	0.337376	0.874366
55282	4.903270	-0.406312	9.116720	-0.033868	0.036442	-0.000269	0.678446	-0.553067	0.483557	0.646850	0.761753	-0.036299	-0.348275	0.337416	0.874560
55283	4.848207	-0.440473	9.111826	-0.057597	0.044287	0.005114	0.678589	-0.553190	0.483216	0.647050	0.761558	-0.036825	-0.347625	0.337654	0.874727
55284	4.833238	-0.417081	9.068609	-0.052594	0.048133	0.004651	0.678775	-0.553377	0.482741	0.647243	0.761370	-0.037304	-0.346901	0.337772	0.874968
55285	4.822500	-0.421177	9.112578	-0.058546	0.050979	0.006926	0.678952	-0.553509	0.482340	0.647433	0.761182	-0.037848	-0.346199	0.337980	0.875166
55286	4.808770	-0.498336	9.058416	-0.060349	0.049904	0.010259	0.679180	-0.553658	0.481848	0.647614	0.760999	-0.038422	-0.345413	0.338147	0.875412
55287	4.744537	-0.552419	9.109863	-0.057838	0.046368	0.011741	0.679372	-0.553738	0.481485	0.647768	0.760839	-0.038982	-0.344747	0.338375	0.875587
55288	4.765474	-0.569387	9.058949	-0.049102	0.050007	0.012516	0.679613	-0.553871	0.480992	0.647894	0.760707	-0.039470	-0.344033	0.338456	0.875836
55289	4.733349	-0.575557	9.013934	-0.049898	0.042965	0.012589	0.679798	-0.553933	0.480658	0.648014	0.760579	-0.039965	-0.343440	0.338642	0.875997
55290	4.761700	-0.539707	9.033764	-0.034145	0.042073	0.010079	0.679997	-0.554057	0.480235	0.648105	0.760483	-0.040310	-0.342877	0.338654	0.876213
55291	4.742486	-0.613374	9.020852	-0.036175	0.042622	0.006987	0.680144	-0.554161	0.479907	0.648216	0.760371	-0.040659	-0.342375	0.338737	0.876377
55292	4.736799	-0.575935	9.035579	-0.018871	0.040613	0.005516	0.680307	-0.554314	0.479499	0.648285	0.760301	-0.040849	-0.341921	0.338641	0.876591
55293	4.714584	-0.507174	9.046859	-0.009081	0.034742	-0.000657	0.680377	-0.554449	0.479243	0.648354	0.760238	-0.040923	-0.341648	0.338562	0.876728
55294	4.745900	-0.448254	9.052174	-0.006587	0.034754	0.004504	0.680513	-0.554590	0.478887	0.648388	0.760205	-0.041001	-0.341313	0.338406	0.876919
55295	4.727666	-0.519025	9.038862	-0.003079	0.028804	0.006402	0.680609	-0.554651	0.478679	0.648389	0.760201	-0.041057	-0.341120	0.338314	0.877029
55296	4.767975	-0.448086	9.102109	0.004719	0.031312	0.003065	0.680723	-0.554791	0.478355	0.648394	0.760198	-0.041029	-0.340882	0.338092	0.877208
55297	4.730803	-0.507962	9.099762	-0.003644	0.027506	0.005795	0.680811	-0.554852	0.478159	0.648402	0.760189	-0.041087	-0.340694	0.338011	0.877312
55298	4.715588	-0.498861	9.070321	0.005054	0.026867	0.004341	0.680918	-0.554967	0.477873	0.648397	0.760194	-0.041062	-0.340488	0.337812	0.877469
55299	4.766379	-0.508861	9.065855	0.008868	0.027389	0.004126	0.680994	-0.555040	0.477679	0.648373	0.760218	-0.041003	-0.340382	0.337637	0.877577
55300	4.743087	-0.457615	9.091024	0.010274	0.021261	0.004376	0.681082	-0.555135	0.477443	0.648350	0.760241	-0.040933	-0.340249	0.337429	0.877709
55301	4.738943	-0.476706	9.106451	0.006287	0.019276	0.007496	0.681152	-0.555156	0.477319	0.648312	0.760275	-0.040911	-0.340181	0.337318	0.877777
55302	4.748163	-0.445253	9.150945	0.009104	0.014388	0.000918	0.681195	-0.555254	0.477145	0.648317	0.760275	-0.040835	-0.340087	0.337158	0.877875
55303	4.776615	-0.477575	9.071504	-0.010010	0.015324	0.005684	0.681240	-0.555275	0.477056	0.648346	0.760244	-0.040949	-0.339941	0.337193	0.877918
55304	4.679381	-0.486185	9.128673	-0.000376	0.007990	0.002422	0.681270	-0.555339	0.476938	0.648373	0.760220	-0.040963	-0.339829	0.337141	0.877982
55305	4.736133	-0.517352	9.095969	0.001252	0.007603	0.002010	0.681264	-0.555362	0.476919	0.648389	0.760206	-0.040960	-0.339809	0.337133	0.877993
55306	4.708001	-0.517900	9.049185	0.010377	0.003250	0.000380	0.681265	-0.555426	0.476843	0.648394	0.760207	-0.040870	-0.339799	0.337026	0.878038
55307	4.735384	-0.515908	9.096441	0.011920	0.002132	0.001420	0.681237	-0.555435	0.476872	0.648378	0.760226	-0.040771	-0.339885	0.336968	0.878027
55308	4.724572	-0.545585	9.052885	0.015772	-0.000894	-0.002486	0.681205	-0.555507	0.476835	0.648383	0.760230	-0.040621	-0.339939	0.336843	0.878054
55309	4.722820	-0.503283	9.065820	0.028114	-0.002475	-0.001244	0.681145	-0.555521	0.476905	0.648330	0.760288	-0.040366	-0.340162	0.336687	0.878027
55310	4.748562	-0.519287	9.127266	0.024808	-0.005979	-0.002660	0.681094	-0.555576	0.476914	0.648306	0.760321	-0.040136	-0.340309	0.336522	0.878033
55311	4.670385	-0.487602	9.071387	0.032994	-0.003639	-0.002476	0.681021	-0.555595	0.476995	0.648245	0.760389	-0.039833	-0.340571	0.336336	0.878003
55312	4.758534	-0.494630	9.070762	0.040350	-0.012616	-0.004475	0.680936	-0.555642	0.477062	0.648180	0.760464	-0.039458	-0.340864	0.336091	0.877983
55313	4.782871	-0.469065	9.144869	0.039326	-0.006651	-0.001213	0.680861	-0.555642	0.477169	0.648089	0.760560	-0.039105	-0.341187	0.335873	0.877941
55314	4.730260	-0.508233	9.037690	0.032679	-0.010110	-0.000351	0.680811	-0.555665	0.477213	0.648022	0.760632	-0.038817	-0.341414	0.335672	0.877930
55315	4.788767	-0.482847	9.117038	0.045182	-0.010233	-0.002008	0.680719	-0.555659	0.477352	0.647916	0.760743	-0.038409	-0.341800	0.335430	0.877872
55316	4.757428	-0.519169	9.098709	0.038670	-0.008681	-0.000361	0.680673	-0.555687	0.477384	0.647828	0.760834	-0.038069	-0.342056	0.335176	0.877869
55317	4.758783	-0.455338	9.096702	0.047392	-0.012880	-0.005491	0.680549	-0.555699	0.477548	0.647738	0.760934	-0.037625	-0.342474	0.334931	0.877800
55318	4.713119	-0.448713	9.174464	0.039424	-0.016837	0.000752	0.680483	-0.555691	0.477652	0.647640	0.761033	-0.037284	-0.342790	0.334718	0.877758
55319	4.778906	-0.477714	9.098896	0.038555	-0.024603	0.002275	0.680369	-0.555604	0.477915	0.647527	0.761146	-0.036955	-0.343231	0.334606	0.877629
55320	4.805154	-0.332811	9.168721	0.036585	-0.019775	0.001407	0.680296	-0.555581	0.478045	0.647434	0.761240	-0.036642	-0.343549	0.334430	0.877571
55321	4.849510	-0.372009	9.118565	0.022119	-0.022172	0.009294	0.680236	-0.555449	0.478284	0.647329	0.761336	-0.036491	-0.343866	0.334429	0.877447
55322	4.851080	-0.370563	9.117789	0.020204	-0.013059	0.010652	0.680246	-0.555378	0.478352	0.647230	0.761427	-0.036366	-0.344033	0.334342	0.877415
55323	4.819423	-0.469560	9.101205	0.014819	-0.008906	0.013508	0.680258	-0.555259	0.478473	0.647122	0.761522	-0.036299	-0.344213	0.334323	0.877352
55324	4.768577	-0.498592	9.094023	0.016581	-0.004283	0.013873	0.680319	-0.555192	0.478464	0.647013	0.761618	-0.036221	-0.344297	0.334214	0.877360
55325	4.803525	-0.437934	9.097236	0.017170	-0.006543	0.010798	0.680322	-0.555101	0.478565	0.646915	0.761707	-0.036120	-0.344476	0.334164	0.877309
55326	4.797883	-0.375743	9.137010	0.018848	-0.002648	0.012616	0.680380	-0.555050	0.478543	0.646807	0.761803	-0.036017	-0.344564	0.334030	0.877325
55327	4.846649	-0.418106	9.046061	0.009825	0.002442	0.012777	0.680427	-0.554974	0.478564	0.646720	0.761878	-0.035990	-0.344634	0.333986	0.877315
55328	4.756588	-0.426174	9.061388	0.021813	0.005297	0.012739	0.680512	-0.554947	0.478473	0.646601	0.761985	-0.035861	-0.344688	0.333785	0.877370
55329	4.732432	-0.453230	9.101805	0.020862	0.004152	0.008620	0.680538	-0.554909	0.478481	0.646505	0.762073	-0.035718	-0.344818	0.333648	0.877371
55330	4.773017	-0.453027	9.065324	0.024307	-0.006080	0.008316	0.680556	-0.554878	0.478491	0.646407	0.762164	-0.035546	-0.344965	0.333492	0.877372
55331	4.754917	-0.380711	9.074179	0.028705	-0.007824	0.005028	0.680517	-0.554827	0.478606	0.646308	0.762259	-0.035317	-0.345227	0.333361	0.877319
55332	4.736081	-0.427752	9.086820	0.029007	-0.008704	0.009998	0.680537	-0.554774	0.478639	0.646183	0.762374	-0.035112	-0.345423	0.333184	0.877309
55333	4.743090	-0.486826	9.046550	0.026205	-0.015198	0.006975	0.680485	-0.554683	0.478818	0.646080	0.762471	-0.034914	-0.345719	0.333113	0.877220
55334	4.734183	-0.462255	9.114806	0.031410	-0.020811	0.007038	0.680443	-0.554613	0.478959	0.645966	0.762578	-0.034674	-0.346013	0.332985	0.877152
55335	4.784049	-0.348954	9.145877	0.038321	-0.026090	0.005238	0.680342	-0.554499	0.479234	0.645832	0.762706	-0.034361	-0.346461	0.332882	0.877015
55336	4.782672	-0.325893	9.171720	0.020306	-0.034142	0.016095	0.680313	-0.554315	0.479489	0.645695	0.762826	-0.034263	-0.346774	0.332913	0.876879
55337	4.765802	-0.428348	9.070746	0.008709	-0.037142	0.019658	0.680266	-0.554055	0.479855	0.645566	0.762935	-0.034279	-0.347106	0.333097	0.876678
55338	4.760335	-0.506202	9.127256	0.007523	-0.044029	0.016233	0.680203	-0.553836	0.480197	0.645472	0.763013	-0.034293	-0.347404	0.333280	0.876490
55339	4.753493	-0.537925	9.081711	0.000318	-0.048777	0.016511	0.680095	-0.553561	0.480667	0.645393	0.763077	-0.034368	-0.347761	0.333592	0.876230
55340	4.760476	-0.525182	9.179055	0.004450	-0.052703	0.017592	0.680010	-0.553303	0.481085	0.645301	0.763153	-0.034416	-0.348098	0.333848	0.875998
55341	4.814531	-0.509892	9.083269	-0.009399	-0.060896	0.018758	0.679875	-0.552969	0.481659	0.645241	0.763196	-0.034586	-0.348475	0.334301	0.875676
55342	4.792466	-0.519053	9.147704	-0.010367	-0.062046	0.014648	0.679737	-0.552702	0.482160	0.645221	0.763205	-0.034751	-0.348780	0.334721	0.875394
55343	4.837026	-0.482259	9.120358	-0.016606	-0.069209	0.015381	0.679550	-0.552366	0.482808	0.645209	0.763206	-0.034968	-0.349166	0.335274	0.875028
55344	4.814907	-0.486337	9.070244	-0.028138	-0.060575	0.014074	0.679414	-0.552107	0.483296	0.645255	0.763152	-0.035286	-0.349346	0.335822	0.874746
55345	4.814754	-0.428107	9.106996	-0.023283	-0.061755	0.012842	0.679237	-0.551814	0.483879	0.645283	0.763116	-0.035550	-0.349639	0.336385	0.874413
55346	4.839627	-0.441841	9.092654	-0.034794	-0.067589	0.011311	0.679058	-0.551552	0.484429	0.645371	0.763024	-0.035912	-0.349824	0.337023	0.874093
55347	4.902455	-0.476995	9.056064	-0.033922	-0.059827	0.009773	0.678867	-0.551288	0.484996	0.645458	0.762935	-0.036254	-0.350034	0.337656	0.873765
55348	4.852213	-0.489413	9.073821	-0.035882	-0.054995	0.008903	0.678716	-0.551086	0.485437	0.645566	0.762826	-0.036614	-0.350126	0.338233	0.873505
55349	4.862191	-0.394273	9.039877	-0.035238	-0.056534	0.004379	0.678502	-0.550873	0.485977	0.645694	0.762702	-0.036941	-0.350306	0.338857	0.873191
55350	4.864484	-0.477157	9.053462	-0.040117	-0.055360	0.005638	0.678328	-0.550694	0.486423	0.645840	0.762560	-0.037323	-0.350373	0.339468	0.872926
55351	4.854234	-0.491386	9.034515	-0.039562	-0.054065	0.006248	0.678135	-0.550475	0.486940	0.645971	0.762431	-0.037696	-0.350507	0.340112	0.872622
55352	4.874716	-0.484860	9.047548	-0.037790	-0.063919	0.006367	0.677936	-0.550260	0.487460	0.646103	0.762301	-0.038061	-0.350648	0.340752	0.872315
55353	4.914398	-0.488525	9.049271	-0.034234	-0.058236	0.003392	0.677709	-0.550048	0.488014	0.646234	0.762174	-0.038374	-0.350844	0.341378	0.871992
55354	4.889125	-0.512656	9.014133	-0.038544	-0.055765	0.005259	0.677531	-0.549868	0.488464	0.646377	0.762034	-0.038740	-0.350924	0.341980	0.871724
55355	4.892402	-0.475756	9.024060	-0.032390	-0.052890	0.002297	0.677316	-0.549682	0.488972	0.646510	0.761907	-0.039031	-0.351096	0.342561	0.871426
55356	4.897391	-0.478781	9.021193	-0.032566	-0.057908	0.001538	0.677106	-0.549522	0.489442	0.646657	0.761766	-0.039327	-0.351229	0.343130	0.871149
55357	4.916201	-0.431075	9.047093	-0.028275	-0.056827	0.003362	0.676884	-0.549313	0.489983	0.646768	0.761659	-0.039587	-0.351454	0.343701	0.870833
55358	4.893043	-0.435215	8.997482	-0.033881	-0.058412	0.006947	0.676707	-0.549109	0.490456	0.646883	0.761544	-0.039921	-0.351582	0.344282	0.870551
55359	4.900358	-0.478913	8.981364	-0.036915	-0.069920	0.003188	0.676437	-0.548856	0.491111	0.647025	0.761405	-0.040255	-0.351840	0.344991	0.870167
55360	4.919706	-0.491680	9.008348	-0.035949	-0.068788	0.007313	0.676226	-0.548613	0.491673	0.647145	0.761284	-0.040609	-0.352025	0.345645	0.869832
55361	4.872672	-0.544991	9.012747	-0.049377	-0.079976	0.006955	0.675945	-0.548295	0.492414	0.647306	0.761123	-0.041070	-0.352269	0.346503	0.869392
55362	4.873797	-0.608534	9.051933	-0.053390	-0.085512	0.006454	0.675668	-0.548000	0.493122	0.647495	0.760935	-0.041571	-0.352453	0.347382	0.868966
55363	4.909101	-0.546263	8.977888	-0.060176	-0.093254	0.005183	0.675328	-0.547648	0.493977	0.647706	0.760725	-0.042116	-0.352716	0.348395	0.868454
55364	4.809046	-0.637030	9.130979	-0.072588	-0.106137	0.003831	0.674962	-0.547297	0.494865	0.647979	0.760456	-0.042771	-0.352915	0.349531	0.867916
55365	4.700523	-0.614358	9.107875	-0.098139	-0.134662	0.003440	0.674464	-0.546811	0.496080	0.648336	0.760103	-0.043636	-0.353211	0.351058	0.867180
55366	4.748422	-0.363307	9.125805	-0.087948	-0.192199	-0.002403	0.673753	-0.546202	0.497715	0.648706	0.759743	-0.044392	-0.353888	0.352780	0.866204
55367	4.710045	-0.401647	9.151594	-0.128712	-0.217804	-0.000870	0.672931	-0.545450	0.499648	0.649202	0.759254	-0.045499	-0.354542	0.354991	0.865033
55368	4.667595	-0.521710	9.233130	-0.159239	-0.271985	-0.004669	0.671919	-0.544566	0.501969	0.649842	0.758624	-0.046858	-0.355288	0.357685	0.863615
55369	4.443151	-0.613439	9.287553	-0.192931	-0.339784	-0.018706	0.670544	-0.543498	0.504957	0.650688	0.757799	-0.048425	-0.356337	0.361040	0.861785
55370	4.224696	-0.573669	9.520551	-0.185684	-0.466876	-0.009143	0.668801	-0.541922	0.508946	0.651455	0.757039	-0.049982	-0.358206	0.364983	0.859346
55371	4.687503	-0.604599	9.245177	-0.313926	-0.621858	-0.008601	0.666465	-0.539710	0.514331	0.652674	0.755808	-0.052626	-0.360333	0.370765	0.855975
55372	4.723630	-0.831951	9.099410	-0.279646	-0.678004	-0.018512	0.663878	-0.537367	0.520099	0.653851	0.754627	-0.054924	-0.362966	0.376530	0.852338
55373	4.621062	-0.752512	9.356719	-0.287671	-0.750775	-0.032431	0.660884	-0.534771	0.526548	0.655149	0.753332	-0.057197	-0.366078	0.382767	0.848219
55374	4.639534	-0.890216	9.368493	-0.371018	-0.872411	-0.048649	0.657343	-0.531816	0.533921	0.656876	0.751601	-0.060082	-0.369343	0.390214	0.843397
55375	4.566447	-0.969943	9.365447	-0.358404	-0.972550	-0.075963	0.653186	-0.528562	0.542190	0.658738	0.749757	-0.062682	-0.373379	0.398104	0.837915
55376	4.702579	-0.731422	9.528526	-0.380868	-1.109767	-0.109107	0.648285	-0.524964	0.551488	0.660921	0.747612	-0.065270	-0.378034	0.406804	0.831625
55377	4.731997	-0.573961	9.436872	-0.426607	-1.248043	-0.137821	0.642575	-0.520863	0.561960	0.663468	0.745106	-0.068029	-0.383286	0.416556	0.824362
55378	4.854758	-0.486458	9.414762	-0.400772	-1.377576	-0.161208	0.636172	-0.516307	0.573335	0.666088	0.742543	-0.070407	-0.389374	0.426683	0.816290
55379	5.168383	-0.572121	9.178125	-0.372940	-1.494209	-0.194315	0.628957	-0.511300	0.585650	0.668816	0.739904	-0.072301	-0.396357	0.437166	0.807333
55380	5.488269	-0.683271	8.703693	-0.258060	-1.545438	-0.236252	0.621180	-0.506267	0.598188	0.671366	0.737524	-0.072978	-0.404232	0.446936	0.798026
55381	5.763127	-0.805780	8.571847	-0.158232	-1.563958	-0.269660	0.612928	-0.501198	0.610835	0.673709	0.735422	-0.072595	-0.412837	0.456021	0.788423
55382	5.898622	-0.897221	8.378685	-0.086063	-1.579629	-0.305511	0.604269	-0.496225	0.623394	0.675968	0.733465	-0.071387	-0.421814	0.464531	0.778642
55383	5.954857	-1.053948	8.465589	0.026965	-1.611921	-0.343160	0.595017	-0.491193	0.636148	0.677943	0.731868	-0.069007	-0.431681	0.472333	0.768475
55384	5.895349	-0.950384	8.490191	0.126401	-1.699383	-0.384263	0.584976	-0.485969	0.649336	0.679698	0.730555	-0.065575	-0.442508	0.479713	0.757669
55385	6.008431	-0.993178	8.317971	0.161507	-1.785255	-0.425086	0.574029	-0.480444	0.663072	0.681470	0.729252	-0.061560	-0.453970	0.487201	0.746020
55386	5.944512	-1.136110	8.435696	0.254140	-1.891129	-0.465801	0.562146	-0.474613	0.677299	0.682987	0.728237	-0.056560	-0.466390	0.494382	0.733531
55387	6.092299	-1.247421	8.731205	0.327965	-2.064622	-0.523429	0.548744	-0.468142	0.692621	0.684375	0.727374	-0.050579	-0.480116	0.501767	0.719527
55388	6.060277	-1.530535	8.955314	0.399462	-2.217536	-0.590560	0.533890	-0.461284	0.708646	0.685666	0.726609	-0.043600	-0.494797	0.509172	0.704216
55389	6.145903	-1.696924	9.050814	0.489846	-2.450653	-0.692722	0.516756	-0.453744	0.726003	0.686873	0.725924	-0.035209	-0.511047	0.516866	0.686790
55390	6.689593	-1.739261	8.890938	0.564401	-2.646944	-0.809862	0.497438	-0.445895	0.744133	0.688091	0.725179	-0.025437	-0.528287	0.524684	0.667547
55391	8.317913	-1.855735	9.519181	0.625501	-2.811556	-0.898383	0.476087	-0.437544	0.762821	0.689133	0.724489	-0.014540	-0.546293	0.532608	0.646446
55392	8.687596	-1.484455	9.337348	0.603219	-2.869708	-0.951917	0.453605	-0.429097	0.781101	0.690257	0.723557	-0.003364	-0.563727	0.540686	0.624396
55393	9.132729	-0.991773	9.531385	0.517863	-2.931801	-0.971847	0.430060	-0.420142	0.799080	0.691618	0.722225	0.007508	-0.580270	0.549429	0.601178
55394	8.962252	-0.946660	9.456175	0.299537	-3.011182	-0.994966	0.405490	-0.410677	0.816653	0.694063	0.719706	0.017303	-0.594856	0.559793	0.576869
55395	9.404639	-0.321683	9.479775	0.268002	-3.142652	-0.998920	0.379565	-0.400088	0.834182	0.696399	0.717144	0.027083	-0.609064	0.570644	0.550824
55396	9.523281	0.203188	9.552406	0.033397	-3.201342	-0.968268	0.353139	-0.388611	0.851043	0.699792	0.713469	0.035413	-0.620954	0.583047	0.523901
55397	9.250858	0.186852	9.640255	-0.172587	-3.292318	-0.922924	0.325989	-0.375748	0.867493	0.704032	0.708896	0.042489	-0.630927	0.596893	0.495631
55398	9.054698	0.183928	9.878017	-0.397294	-3.344510	-0.889403	0.298506	-0.361878	0.883141	0.709383	0.703163	0.048355	-0.638491	0.612051	0.466608
55399	8.440525	-0.273146	9.605795	-0.536609	-3.392995	-0.897865	0.270281	-0.347120	0.898029	0.715403	0.696626	0.053955	-0.644319	0.627869	0.436616
55400	7.784501	-0.604404	9.442560	-0.544332	-3.406872	-0.951135	0.241457	-0.332134	0.911803	0.721409	0.689882	0.060259	-0.649051	0.643234	0.406181
55401	6.809450	-0.959654	8.965121	-0.450483	-3.410121	-1.036544	0.211675	-0.317067	0.924479	0.726714	0.683561	0.068046	-0.653513	0.657429	0.375110
55402	5.498564	-1.166297	9.856374	-0.296551	-3.327312	-1.066340	0.182142	-0.302326	0.935640	0.730813	0.678233	0.076884	-0.657827	0.669775	0.344479
55403	4.033892	-2.750633	11.420002	-0.464457	-2.944699	-0.807557	0.156762	-0.287874	0.944751	0.735261	0.672686	0.082972	-0.659406	0.681632	0.317114
55404	12.982242	-5.387721	12.055766	-0.565306	-2.563805	-0.348111	0.137372	-0.272680	0.952247	0.739559	0.667764	0.084527	-0.658925	0.692631	0.293395
55405	14.541699	-7.536973	14.779141	0.247252	-0.336441	0.229252	0.136780	-0.268807	0.953433	0.737631	0.670071	0.083096	-0.661205	0.691915	0.289933
55406	5.002681	-5.267249	14.228184	1.201002	0.537433	0.438902	0.143681	-0.269633	0.952184	0.729096	0.679436	0.082380	-0.669160	0.682396	0.294210
55407	0.013617	-3.122351	10.163297	1.076391	1.000359	0.514131	0.154070	-0.272885	0.949629	0.721113	0.688098	0.080737	-0.675470	0.672351	0.302796
55408	-2.741169	-1.038625	8.191919	1.445949	0.803504	0.376027	0.162357	-0.275741	0.947421	0.710764	0.698687	0.081547	-0.684437	0.660154	0.309424
55409	-0.498104	1.447256	10.361161	1.177468	0.710634	0.306349	0.169346	-0.278236	0.945466	0.702176	0.707225	0.082356	-0.691572	0.649937	0.315136
55410	1.369671	0.949162	11.128111	0.101441	0.889332	0.404889	0.178477	-0.281265	0.942887	0.700854	0.708937	0.078814	-0.690616	0.646759	0.323655
55411	2.301557	-1.143981	10.499847	-0.224023	1.322346	0.479175	0.190879	-0.286401	0.938904	0.701533	0.708827	0.073597	-0.686598	0.644623	0.336219
55412	2.118130	-1.856366	10.330301	-0.262905	1.828534	0.537292	0.207312	-0.294495	0.932896	0.702346	0.708617	0.067617	-0.680978	0.641198	0.353743
55413	1.698429	-2.090206	9.430012	-0.263284	2.221528	0.579232	0.226373	-0.304578	0.925196	0.702897	0.708645	0.061307	-0.674308	0.636439	0.374505
55414	2.109340	-1.200256	9.158257	-0.144486	2.509959	0.614236	0.247696	-0.316271	0.915762	0.702498	0.709554	0.055042	-0.667190	0.629687	0.397933
55415	2.767645	-0.328405	9.014247	-0.330097	2.789735	0.610360	0.270404	-0.329411	0.904638	0.703127	0.709431	0.048159	-0.657643	0.623054	0.423450
55416	3.125475	-0.089299	8.777274	-0.555494	3.049204	0.565378	0.294421	-0.344477	0.891433	0.705238	0.707808	0.040594	-0.644947	0.616720	0.451331
55417	3.828957	-0.112836	8.695710	-0.778621	3.304346	0.496131	0.318922	-0.361248	0.876236	0.708702	0.704754	0.032606	-0.629309	0.610592	0.480778
55418	4.492385	-0.331975	8.619668	-0.980272	3.571324	0.453717	0.344459	-0.379932	0.858487	0.713361	0.700395	0.023739	-0.610299	0.604234	0.512286
55419	4.851679	-0.608588	8.567964	-1.105313	3.809058	0.445323	0.370426	-0.399703	0.838464	0.718422	0.695463	0.014141	-0.588773	0.597133	0.544774
55420	5.325315	-0.837767	8.681259	-1.197397	3.988737	0.488792	0.397123	-0.420158	0.815942	0.723535	0.690279	0.003301	-0.564615	0.589052	0.578125
55421	6.021949	-1.136165	8.984688	-1.255888	4.137423	0.596299	0.424217	-0.440239	0.791347	0.728042	0.685474	-0.008941	-0.538512	0.579927	0.611302
55422	6.649424	-1.452142	9.297651	-1.266788	4.258078	0.751720	0.452193	-0.459753	0.764296	0.731468	0.681493	-0.022826	-0.510368	0.569380	0.644461
55423	7.328090	-1.870966	9.718668	-1.229342	4.336929	0.940523	0.480531	-0.477791	0.735395	0.733206	0.678945	-0.037984	-0.481144	0.557448	0.676573
55424	8.133498	-2.154168	10.152262	-1.106816	4.376602	1.151454	0.509515	-0.494251	0.704351	0.732733	0.678368	-0.054027	-0.451106	0.543629	0.707793
55425	8.768346	-2.097678	10.513366	-0.955605	4.406543	1.342089	0.538498	-0.508750	0.671709	0.729897	0.679947	-0.070157	-0.421035	0.528058	0.737486
55426	9.357736	-2.053169	10.847668	-0.840689	4.410573	1.495425	0.567393	-0.521644	0.637144	0.725098	0.683209	-0.086360	-0.390254	0.510992	0.765891
55427	9.802380	-1.893775	11.033923	-0.714932	4.418654	1.607334	0.595514	-0.532800	0.601239	0.718461	0.688066	-0.101877	-0.359412	0.492636	0.792549
55428	9.959107	-1.647078	11.231316	-0.613413	4.392728	1.669056	0.622638	-0.542641	0.563793	0.710455	0.694010	-0.116634	-0.327988	0.473171	0.817639
55429	10.219238	-1.028541	11.394673	-0.519367	4.347495	1.669538	0.647963	-0.551137	0.525729	0.701501	0.700706	-0.130032	-0.296716	0.453056	0.840655
55430	10.314114	-0.050402	11.533112	-0.520278	4.309845	1.568101	0.671061	-0.559338	0.486640	0.692662	0.707047	-0.142488	-0.264378	0.432695	0.861904
55431	10.782429	0.954531	11.624009	-0.621513	4.265690	1.340626	0.690826	-0.567873	0.447526	0.685104	0.711944	-0.154166	-0.231066	0.413104	0.880882
55432	11.498439	1.818621	10.934804	-0.861636	4.210764	1.001184	0.706689	-0.577886	0.408214	0.679983	0.714145	-0.166191	-0.195485	0.395024	0.897631
55433	11.278365	1.630293	10.146388	-1.124278	4.061181	0.595323	0.717892	-0.589372	0.370501	0.677767	0.713235	-0.178683	-0.158943	0.379388	0.911483
55434	3.860351	-5.891435	10.171799	-1.883756	1.157277	-0.380953	0.717041	-0.596619	0.360414	0.683321	0.703724	-0.194537	-0.137568	0.385770	0.912281
55435	22.708998	6.113327	-9.779008	0.102645	0.616556	-0.883195	0.711780	-0.605185	0.356538	0.689523	0.698779	-0.190437	-0.133892	0.381391	0.914666
55436	12.507819	-0.310971	-0.171339	0.394189	1.468267	-2.418566	0.696825	-0.627541	0.347315	0.706074	0.685303	-0.178380	-0.126076	0.369529	0.920626
55437	28.551173	13.217180	0.615233	2.878545	0.063149	-1.048640	0.689453	-0.634983	0.348500	0.709457	0.688999	-0.148162	-0.146035	0.349396	0.925525
55438	20.776100	5.937604	-0.083337	-3.638619	-0.188831	-0.943236	0.682456	-0.640790	0.351627	0.720819	0.669751	-0.178476	-0.121137	0.375262	0.918969
55439	23.874178	-1.675647	-14.935331	-3.223226	-1.239101	-0.547626	0.677044	-0.639588	0.364058	0.728236	0.653642	-0.205972	-0.106226	0.404572	0.908316
55440	23.062991	0.284593	-16.663554	1.921538	-1.792019	-0.855674	0.668654	-0.638010	0.381896	0.731729	0.655895	-0.185406	-0.132193	0.403417	0.905417
55441	26.312955	6.462164	-9.920260	3.002544	-2.907312	-0.704980	0.659013	-0.630956	0.409387	0.731849	0.663482	-0.155525	-0.173491	0.402102	0.899008
55442	23.013888	0.143956	15.663389	5.808983	-1.442878	-1.734546	0.643416	-0.637012	0.424538	0.731597	0.674936	-0.096055	-0.225348	0.372394	0.900301
55443	23.970107	18.696436	35.392862	2.886557	-0.032964	-0.639096	0.638629	-0.641234	0.425408	0.728912	0.681290	-0.067318	-0.246659	0.353076	0.902495
55444	-7.929392	-0.562835	5.010668	-3.525863	-0.427082	0.797771	0.643421	-0.634290	0.428586	0.732121	0.673423	-0.102470	-0.223624	0.379708	0.897671
55445	-0.514338	-8.450527	4.621049	-1.052548	-1.749692	-0.540508	0.635463	-0.631113	0.444840	0.737980	0.665877	-0.109512	-0.227095	0.397874	0.888889
55446	18.796210	-3.189300	6.065510	4.130204	-1.334773	-0.757961	0.626572	-0.631050	0.457366	0.732616	0.677091	-0.069438	-0.265859	0.378582	0.886563
55447	2.037213	4.638474	15.816162	2.967867	0.447215	-0.197467	0.626319	-0.634046	0.453552	0.725713	0.686704	-0.042170	-0.284718	0.355561	0.890232
55448	5.265251	2.353645	12.043638	-0.899108	-1.112973	0.034043	0.623364	-0.629809	0.463420	0.728098	0.683624	-0.050316	-0.285115	0.368780	0.884709
55449	10.477895	-0.864149	7.124831	-0.131416	-0.296745	-0.037272	0.622201	-0.628973	0.466110	0.728736	0.682870	-0.051304	-0.286024	0.371593	0.883238
55450	3.353056	0.244191	10.158025	0.885536	-0.079427	0.000836	0.621943	-0.628699	0.466824	0.726202	0.686104	-0.043492	-0.292947	0.366058	0.883280
55451	5.851895	2.329463	10.940772	-0.006330	-0.202736	0.085344	0.621923	-0.627378	0.468625	0.725720	0.686585	-0.043946	-0.294180	0.367422	0.882303
55452	4.706057	-1.672740	8.700409	-0.542941	-0.220026	0.138760	0.622252	-0.625637	0.470511	0.726481	0.685410	-0.049386	-0.291595	0.372548	0.881011
55453	5.002821	-0.986668	8.262867	0.237301	-0.160672	0.053826	0.622128	-0.624677	0.471949	0.725481	0.686597	-0.047548	-0.294336	0.371971	0.880343
55454	4.649988	0.180587	10.084398	0.142884	-0.183543	0.057991	0.621972	-0.623621	0.473548	0.724732	0.687455	-0.046569	-0.296502	0.372160	0.879536
55455	4.872459	-0.814899	8.840536	-0.146074	-0.230623	0.068514	0.621740	-0.622296	0.475591	0.724771	0.687304	-0.048176	-0.296896	0.374647	0.878346
55456	4.886229	-0.795047	8.958383	0.067846	-0.202624	0.050169	0.621466	-0.621216	0.477357	0.724291	0.687834	-0.047822	-0.298635	0.375465	0.877407
55457	5.018297	-0.513380	9.205665	-0.017842	-0.196077	0.049151	0.621191	-0.620148	0.479102	0.724069	0.688040	-0.048212	-0.299743	0.376852	0.876434
55458	5.042088	-0.630805	8.978845	-0.015139	-0.177708	0.040553	0.620917	-0.619223	0.480651	0.723897	0.688198	-0.048542	-0.300725	0.378082	0.875568
55459	4.961111	-0.523902	9.088343	-0.001009	-0.161055	0.038294	0.620664	-0.618357	0.482090	0.723693	0.688399	-0.048733	-0.301736	0.379132	0.874765
55460	4.985961	-0.585246	9.036982	-0.030182	-0.155431	0.038798	0.620441	-0.617524	0.483442	0.723577	0.688489	-0.049187	-0.302470	0.380325	0.873993
55461	4.995482	-0.509113	9.017614	-0.014348	-0.144840	0.036574	0.620222	-0.616728	0.484738	0.723425	0.688627	-0.049487	-0.303283	0.381364	0.873258
55462	5.007424	-0.533230	9.023839	-0.028651	-0.136969	0.034093	0.620019	-0.615994	0.485929	0.723334	0.688692	-0.049906	-0.303914	0.382432	0.872572
55463	4.929421	-0.445862	9.107500	-0.011722	-0.123757	0.033086	0.619837	-0.615300	0.487040	0.723196	0.688819	-0.050167	-0.304615	0.383320	0.871938
55464	4.990807	-0.524463	9.034081	-0.043575	-0.131938	0.033870	0.619646	-0.614584	0.488186	0.723153	0.688824	-0.050714	-0.305106	0.384458	0.871265
55465	5.011791	-0.607736	8.997378	-0.029851	-0.120818	0.028572	0.619438	-0.613930	0.489272	0.723098	0.688852	-0.051111	-0.305657	0.385452	0.870632
55466	4.963691	-0.566877	9.013181	-0.032643	-0.118143	0.028691	0.619250	-0.613300	0.490298	0.723054	0.688867	-0.051538	-0.306142	0.386427	0.870029
55467	4.970315	-0.511892	9.008654	-0.039781	-0.127466	0.026644	0.619007	-0.612630	0.491441	0.723042	0.688844	-0.052013	-0.306662	0.387529	0.869356
55468	4.985922	-0.577207	9.000246	-0.058457	-0.127339	0.024364	0.618758	-0.611992	0.492548	0.723104	0.688730	-0.052643	-0.307016	0.388737	0.868691
55469	4.953362	-0.655872	8.970037	-0.054644	-0.136662	0.022331	0.618455	-0.611313	0.493771	0.723165	0.688622	-0.053225	-0.307485	0.389995	0.867961
55470	5.050032	-0.585147	8.948843	-0.046492	-0.145521	0.023483	0.618143	-0.610606	0.495035	0.723196	0.688548	-0.053747	-0.308037	0.391230	0.867209
55471	5.003850	-0.566163	8.977061	-0.052623	-0.143000	0.025933	0.617844	-0.609874	0.496308	0.723229	0.688468	-0.054329	-0.308559	0.392511	0.866445
55472	5.022622	-0.570728	8.927409	-0.060381	-0.154405	0.024718	0.617512	-0.609120	0.497646	0.723297	0.688346	-0.054977	-0.309065	0.393894	0.865636
55473	5.005917	-0.680548	8.938970	-0.067648	-0.166043	0.026968	0.617148	-0.608286	0.499115	0.723370	0.688211	-0.055693	-0.309619	0.395416	0.864744
55474	5.030078	-0.745841	8.886269	-0.071008	-0.163917	0.025097	0.616788	-0.607487	0.500532	0.723469	0.688046	-0.056435	-0.310106	0.396927	0.863877
55475	5.099260	-0.631676	8.932469	-0.074377	-0.166793	0.022325	0.616386	-0.606677	0.502007	0.723593	0.687854	-0.057186	-0.310614	0.398497	0.862971
55476	5.034996	-0.734524	8.909047	-0.078318	-0.171746	0.020353	0.615966	-0.605874	0.503491	0.723745	0.687629	-0.057966	-0.311094	0.400104	0.862054
55477	5.135771	-0.625529	8.858429	-0.088360	-0.188399	0.016710	0.615454	-0.605010	0.505152	0.723948	0.687343	-0.058808	-0.311633	0.401898	0.861025
55478	5.122117	-0.716892	8.854668	-0.097831	-0.192975	0.014101	0.614921	-0.604159	0.506818	0.724200	0.686999	-0.059724	-0.312101	0.403763	0.859982
55479	5.081746	-0.639904	8.841207	-0.093021	-0.194711	0.014215	0.614370	-0.603280	0.508531	0.724434	0.686676	-0.060592	-0.312642	0.405623	0.858909
55480	5.070857	-0.645341	8.926041	-0.105467	-0.226252	0.015723	0.613742	-0.602274	0.510477	0.724701	0.686306	-0.061580	-0.313256	0.407738	0.857683
55481	5.051632	-0.726094	8.848400	-0.119510	-0.243629	0.012474	0.613022	-0.601198	0.512605	0.725030	0.685860	-0.062664	-0.313902	0.410069	0.856335
55482	5.045788	-0.692341	8.904615	-0.121028	-0.269432	0.013398	0.612239	-0.600021	0.514916	0.725362	0.685407	-0.063771	-0.314663	0.412544	0.854865
55483	4.958704	-0.777639	9.000632	-0.151334	-0.306720	0.009593	0.611296	-0.598691	0.517577	0.725811	0.684806	-0.065109	-0.315460	0.415464	0.853156
55484	4.855128	-0.923168	9.003982	-0.185249	-0.360012	0.006941	0.610176	-0.597164	0.520654	0.726387	0.684039	-0.066726	-0.316301	0.418911	0.851156
55485	5.019458	-0.812639	9.003569	-0.193065	-0.424829	-0.001263	0.608775	-0.595390	0.524314	0.727038	0.683186	-0.068356	-0.317505	0.422809	0.848777
55486	4.754365	-0.825254	9.076864	-0.194410	-0.480923	-0.009466	0.607142	-0.593433	0.528409	0.727747	0.682268	-0.069956	-0.319002	0.427021	0.846103
55487	4.818066	-0.709899	9.172052	-0.240510	-0.601434	-0.016887	0.605049	-0.590969	0.533547	0.728650	0.681103	-0.071893	-0.320914	0.432267	0.842710
55488	4.713660	-0.843490	9.103453	-0.319428	-0.691926	-0.024876	0.602608	-0.588148	0.539394	0.729861	0.679529	-0.074447	-0.322748	0.438545	0.838756
55489	4.787338	-0.848491	9.194488	-0.321763	-0.809770	-0.042414	0.599628	-0.584861	0.546246	0.731189	0.677826	-0.076902	-0.325283	0.445522	0.834087
55490	4.667996	-0.868741	9.263342	-0.378887	-0.936788	-0.062742	0.596076	-0.581097	0.554093	0.732835	0.675721	-0.079709	-0.328094	0.453572	0.828630
55491	4.828772	-0.835600	9.178942	-0.430417	-1.071012	-0.091204	0.591829	-0.576808	0.563055	0.734826	0.673189	-0.082746	-0.331314	0.462719	0.822266
55492	4.954898	-0.917867	9.089155	-0.470359	-1.186951	-0.124179	0.586931	-0.572114	0.572885	0.737157	0.670240	-0.085892	-0.334830	0.472720	0.815123
55493	5.154417	-0.982381	9.066167	-0.497158	-1.279283	-0.155486	0.581427	-0.567040	0.583445	0.739770	0.666945	-0.089019	-0.338648	0.483374	0.807259
55494	5.273341	-1.000144	9.022232	-0.481139	-1.360589	-0.191890	0.575338	-0.561689	0.594551	0.742552	0.663475	-0.091753	-0.342933	0.494274	0.798806
55495	5.483476	-1.221790	8.897892	-0.459872	-1.425527	-0.235175	0.568618	-0.556121	0.606138	0.745515	0.659829	-0.093986	-0.347680	0.505327	0.789787
55496	5.775793	-1.297879	8.550712	-0.371563	-1.494589	-0.286298	0.561212	-0.550396	0.618146	0.748466	0.656312	-0.095150	-0.353327	0.516061	0.780283
55497	6.048262	-1.142133	8.231467	-0.244488	-1.509553	-0.336551	0.553256	-0.544733	0.630217	0.751243	0.653163	-0.094935	-0.359920	0.525969	0.770593
55498	5.905026	-1.052671	8.523188	-0.065388	-1.541379	-0.379387	0.544764	-0.539056	0.642379	0.753594	0.650725	-0.093021	-0.367868	0.534768	0.760721
55499	5.775299	-1.070311	8.905642	0.048069	-1.667631	-0.423782	0.535303	-0.532816	0.655406	0.755733	0.648680	-0.089897	-0.377251	0.543434	0.749907
55500	5.844207	-1.290756	8.671537	0.115187	-1.826239	-0.493193	0.524558	-0.526029	0.669427	0.757937	0.646664	-0.085771	-0.387776	0.552375	0.737910
55501	5.661225	-1.243697	8.493959	0.281155	-1.966456	-0.582742	0.512337	-0.518844	0.684333	0.759879	0.645153	-0.079758	-0.400118	0.560874	0.724794
55502	5.787883	-0.932815	8.579422	0.411524	-2.174623	-0.659721	0.498438	-0.510833	0.700435	0.761569	0.644045	-0.072235	-0.414212	0.569434	0.710051
55503	5.661694	-0.845754	8.764888	0.481240	-2.421389	-0.722334	0.482660	-0.501577	0.717956	0.763110	0.643120	-0.063721	-0.429771	0.578635	0.693166
55504	6.004397	-1.094472	8.989142	0.555269	-2.745078	-0.794560	0.464533	-0.490690	0.737179	0.764470	0.642381	-0.054141	-0.446984	0.588701	0.673525
55505	6.170352	-1.433068	9.033540	0.649006	-3.065302	-0.881093	0.443745	-0.478132	0.757945	0.765537	0.641938	-0.043238	-0.465880	0.599422	0.650884
55506	7.018465	-1.593356	9.058217	0.789697	-3.380075	-0.969771	0.420201	-0.463944	0.779863	0.765998	0.642108	-0.030737	-0.486496	0.610289	0.625195
55507	8.087772	-1.955919	9.527540	0.895210	-3.664204	-1.057290	0.393817	-0.448164	0.802531	0.765875	0.642768	-0.016883	-0.508275	0.621287	0.596371
55508	10.906277	-2.246989	10.560523	0.913426	-3.776313	-1.074844	0.365975	-0.431447	0.824570	0.765251	0.643725	-0.002825	-0.529578	0.632038	0.565752
55509	11.648430	-1.740227	10.876655	0.842622	-3.774860	-1.030288	0.337669	-0.414016	0.845323	0.764356	0.644711	0.010436	-0.549309	0.642603	0.534154
55510	11.361602	-1.468404	10.429092	0.584397	-3.834935	-1.011226	0.308539	-0.395699	0.865000	0.764399	0.644364	0.022112	-0.566125	0.654383	0.501284
55511	12.090936	-0.789130	10.317176	0.550421	-3.913390	-0.984694	0.278486	-0.376196	0.883698	0.764153	0.644168	0.033414	-0.581820	0.665975	0.466864
55512	11.101594	-0.344264	10.578117	0.224348	-3.899708	-0.938149	0.248385	-0.356046	0.900853	0.765344	0.642198	0.042795	-0.593763	0.678832	0.432010
55513	9.883552	-0.029564	10.191176	0.069203	-3.859959	-0.901972	0.218305	-0.335361	0.916447	0.767056	0.639526	0.051307	-0.603298	0.691765	0.396852
