// General information: 
//  MT Manager version: 2022.2.0 
//  XDA version: 2022.2.0 build 7381 rev 124627 built on 2023-07-19
// Device information: 
//  DeviceId: 00B4CAF0
//  ProductCode: MTW2-3A7G6
//  Firmware Version: 4.6.0
//  Hardware Version: 2.0.0
// Device settings: 
//  Filter Profile: human(46.1)
//  Option Flags: Orientation Smoother Disabled, Position/Velocity Smoother Disabled, Continuous Zero Rotation Update Disabled, AHS Disabled, ICC Disabled
// Coordinate system: ENU
PacketCounter	Acc_X	Acc_Y	Acc_Z	Gyr_X	Gyr_Y	Gyr_Z	Mat[1][1]	Mat[2][1]	Mat[3][1]	Mat[1][2]	Mat[2][2]	Mat[3][2]	Mat[1][3]	Mat[2][3]	Mat[3][3]
22430	5.738892	0.447149	8.380178	-0.035692	-0.011156	0.024702	-0.069299	0.802790	0.592221	-0.988141	-0.136776	0.069780	0.137021	-0.580363	0.802748
22431	5.543075	0.342190	8.284516	-0.024977	-0.043748	0.016560	-0.069358	0.802492	0.592618	-0.988170	-0.136717	0.069482	0.136779	-0.580788	0.802481
22432	5.391097	0.286629	8.282450	-0.020060	-0.073809	0.011227	-0.069398	0.802070	0.593184	-0.988192	-0.136695	0.069221	0.136606	-0.581376	0.802086
22433	5.168109	0.305284	8.198503	-0.007646	-0.133953	0.006626	-0.069236	0.801261	0.594296	-0.988204	-0.136656	0.069121	0.136598	-0.582500	0.801271
22434	5.065909	0.514260	8.215405	-0.016405	-0.208438	0.007464	-0.069048	0.800059	0.595934	-0.988224	-0.136617	0.068911	0.136548	-0.584158	0.800071
22435	5.123202	0.716990	8.170185	-0.040534	-0.292918	0.015731	-0.068760	0.798302	0.598319	-0.988275	-0.136458	0.068494	0.136324	-0.586595	0.798325
22436	5.773701	0.941688	8.293437	-0.061649	-0.361438	0.028988	-0.068583	0.796160	0.601186	-0.988341	-0.136332	0.067797	0.135938	-0.589527	0.796228
22437	7.729806	2.342928	7.968417	-0.196765	-0.338802	0.135961	-0.069425	0.793951	0.604005	-0.988519	-0.136202	0.065413	0.134202	-0.592529	0.794292
22438	5.817659	0.590721	8.567420	-0.167805	-0.140171	0.113233	-0.070377	0.792991	0.605155	-0.988667	-0.136099	0.063365	0.132609	-0.593837	0.793582
22439	6.650746	-0.323095	8.181309	-0.176680	-0.221900	0.122472	-0.071251	0.791483	0.607024	-0.988819	-0.135970	0.061223	0.130994	-0.595875	0.792321
22440	6.563185	0.395837	8.732991	-0.112421	-0.167458	0.078094	-0.071828	0.790402	0.608363	-0.988912	-0.135916	0.059827	0.129973	-0.597321	0.791401
22441	7.462231	-0.433438	8.066477	-0.044980	-0.047341	0.035833	-0.072077	0.790048	0.608793	-0.988951	-0.135883	0.059254	0.129538	-0.597796	0.791113
22442	6.118644	-0.146169	8.480608	0.006149	-0.006037	0.003162	-0.072117	0.790033	0.608808	-0.988945	-0.135934	0.059251	0.129568	-0.597805	0.791102
22443	6.263114	0.464986	8.223805	0.027246	0.009222	-0.012301	-0.071963	0.790083	0.608762	-0.988924	-0.135952	0.059543	0.129806	-0.597735	0.791115
22444	6.703834	0.129757	8.367139	0.041721	0.023120	-0.022497	-0.071800	0.790272	0.608535	-0.988888	-0.136030	0.059977	0.130177	-0.597466	0.791257
22445	6.850804	-0.376890	8.383177	0.099394	0.107947	-0.063871	-0.071265	0.790982	0.607675	-0.988810	-0.136071	0.061153	0.131058	-0.596517	0.791828
22446	6.262571	0.351148	8.260916	0.142367	0.144093	-0.094599	-0.070544	0.791990	0.606444	-0.988692	-0.136169	0.062822	0.132333	-0.595155	0.792640
22447	6.004941	0.912425	8.151220	0.137922	0.153897	-0.083257	-0.069881	0.792997	0.605204	-0.988573	-0.136282	0.064421	0.133564	-0.593787	0.793459
22448	5.920528	0.679468	8.215827	0.110876	0.143839	-0.072255	-0.069391	0.793968	0.603986	-0.988476	-0.136372	0.065704	0.134534	-0.592467	0.794282
22449	5.831305	0.601971	8.152822	0.099907	0.130819	-0.060140	-0.068928	0.794803	0.602941	-0.988390	-0.136438	0.066862	0.135406	-0.591332	0.794979
22450	5.805115	0.861896	8.127703	0.069671	0.105603	-0.041688	-0.068693	0.795502	0.602044	-0.988325	-0.136528	0.067632	0.135997	-0.590369	0.795593
22451	5.867328	0.682999	8.157729	0.042371	0.088568	-0.024370	-0.068529	0.796037	0.601357	-0.988290	-0.136537	0.068117	0.136331	-0.589647	0.796072
22452	5.938827	0.536885	8.235024	0.026752	0.076397	-0.017388	-0.068495	0.796529	0.600708	-0.988267	-0.136567	0.068400	0.136519	-0.588975	0.796537
22453	5.895720	0.628794	8.266851	0.015140	0.064685	-0.011832	-0.068422	0.796904	0.600219	-0.988261	-0.136515	0.068592	0.136600	-0.588479	0.796889
22454	5.963924	0.691213	8.212659	-0.003983	0.056703	0.006582	-0.068586	0.797250	0.599740	-0.988264	-0.136540	0.068489	0.136491	-0.588005	0.797258
22455	6.113531	0.197866	8.441832	0.000188	0.056319	0.003894	-0.068657	0.797554	0.599328	-0.988268	-0.136525	0.068467	0.136429	-0.587595	0.797570
22456	7.297115	0.246799	8.541353	0.043323	0.091559	-0.016830	-0.068636	0.798136	0.598555	-0.988223	-0.136639	0.068880	0.136761	-0.586778	0.798115
22457	6.874432	0.442189	8.317588	0.073390	0.236385	-0.028377	-0.068635	0.799538	0.596681	-0.988149	-0.136795	0.069636	0.137300	-0.584830	0.799452
22458	6.080219	0.602503	8.370581	0.075731	0.275170	-0.025532	-0.068785	0.801198	0.594432	-0.988065	-0.137031	0.070362	0.137829	-0.582498	0.801061
22459	5.787183	0.610823	8.341101	0.078196	0.264918	-0.023855	-0.068870	0.802750	0.592325	-0.987980	-0.137247	0.071130	0.138395	-0.580306	0.802553
22460	5.603700	0.667526	8.231219	0.064465	0.249798	-0.018326	-0.069052	0.804243	0.590276	-0.987907	-0.137464	0.071724	0.138825	-0.578185	0.804009
22461	5.430938	0.623515	8.303806	0.055725	0.204959	-0.009032	-0.069203	0.805417	0.588654	-0.987842	-0.137665	0.072226	0.139209	-0.576499	0.805152
22462	5.397303	0.524515	8.229964	0.038936	0.156541	0.010360	-0.069544	0.806324	0.587371	-0.987784	-0.137968	0.072445	0.139452	-0.575157	0.806069
22463	5.334486	0.815023	8.293349	0.031227	0.115613	0.006097	-0.069721	0.806959	0.586477	-0.987743	-0.138149	0.072661	0.139656	-0.574222	0.806700
22464	5.383698	0.883405	8.151968	-0.000048	0.071859	0.015871	-0.070012	0.807366	0.585882	-0.987733	-0.138288	0.072532	0.139580	-0.573617	0.807144
22465	5.291728	0.614922	8.253231	-0.016637	0.016594	0.019323	-0.070182	0.807414	0.585796	-0.987749	-0.138301	0.072285	0.139380	-0.573546	0.807228
22466	5.398411	0.308814	8.325175	-0.024174	-0.027835	0.021103	-0.070365	0.807247	0.586005	-0.987772	-0.138319	0.071934	0.139124	-0.573777	0.807108
22467	5.556224	0.435738	8.328505	-0.022089	-0.067847	0.014393	-0.070368	0.806816	0.586597	-0.987799	-0.138261	0.071671	0.138929	-0.574396	0.806702
22468	5.564835	0.596590	8.315030	-0.023007	-0.092396	0.013654	-0.070403	0.806284	0.587324	-0.987823	-0.138245	0.071373	0.138741	-0.575147	0.806199
22469	5.710418	0.515014	8.297169	-0.023178	-0.119970	0.016915	-0.070359	0.805549	0.588336	-0.987850	-0.138200	0.071087	0.138572	-0.576186	0.805486
22470	5.940251	0.424405	8.334418	-0.030212	-0.126853	0.010811	-0.070314	0.804822	0.589336	-0.987887	-0.138111	0.070745	0.138331	-0.577223	0.804785
22471	6.039271	0.554049	8.365471	-0.018466	-0.122891	0.010458	-0.070203	0.804077	0.590366	-0.987912	-0.138041	0.070535	0.138210	-0.578278	0.804048
22472	5.987088	0.746117	8.311141	-0.032684	-0.110928	0.014753	-0.070219	0.803434	0.591239	-0.987949	-0.137969	0.070152	0.137935	-0.579188	0.803439
22473	6.007000	0.700773	8.346330	-0.033693	-0.113957	0.018420	-0.070199	0.802726	0.592201	-0.987989	-0.137874	0.069772	0.137658	-0.580190	0.802764
22474	6.840978	0.417488	8.581601	-0.004119	-0.091738	0.003832	-0.070139	0.802206	0.592914	-0.987994	-0.137887	0.069684	0.137656	-0.580907	0.802245
22475	7.450237	0.337582	8.431981	0.021582	0.041075	-0.009941	-0.070053	0.802437	0.592611	-0.987977	-0.137885	0.069917	0.137816	-0.580588	0.802449
22476	6.036070	0.571054	8.349166	0.031202	0.121209	-0.010677	-0.070145	0.803171	0.591605	-0.987944	-0.137986	0.070195	0.138012	-0.579549	0.803166
22477	5.403276	0.584230	8.207252	0.028762	0.104831	-0.007786	-0.070168	0.803767	0.590791	-0.987916	-0.138043	0.070472	0.138198	-0.578707	0.803741
22478	5.398313	0.157527	8.354269	0.028485	0.036817	-0.009525	-0.070147	0.804010	0.590463	-0.987885	-0.138132	0.070728	0.138428	-0.578348	0.803960
22479	6.006842	0.030178	8.472231	0.052553	0.018562	-0.030093	-0.069831	0.804138	0.590326	-0.987840	-0.138147	0.071328	0.138909	-0.578167	0.804007
22480	6.120319	0.391401	8.368413	0.072399	0.035992	-0.045225	-0.069455	0.804427	0.589977	-0.987774	-0.138194	0.072141	0.139564	-0.577753	0.804191
22481	6.073689	0.671671	8.337768	0.068853	0.057873	-0.032430	-0.069171	0.804785	0.589522	-0.987707	-0.138284	0.072886	0.140179	-0.577233	0.804457
22482	6.021502	0.918630	8.319629	0.061907	0.064242	-0.021217	-0.069080	0.805201	0.588965	-0.987637	-0.138475	0.073475	0.140719	-0.576607	0.804812
22483	6.094901	0.724233	8.461202	0.056822	0.083167	-0.021658	-0.068939	0.805689	0.588313	-0.987578	-0.138580	0.074060	0.141198	-0.575899	0.805235
22484	5.869738	0.764809	8.284420	0.041336	0.089930	-0.014215	-0.068949	0.806244	0.587552	-0.987533	-0.138701	0.074440	0.141511	-0.575094	0.805755
22485	5.596976	0.611856	8.370299	0.030144	0.070017	-0.006937	-0.068935	0.806635	0.587016	-0.987501	-0.138771	0.074724	0.141736	-0.574528	0.806119
22486	5.660600	0.749309	8.262124	0.025130	0.037226	-0.001123	-0.069005	0.806865	0.586692	-0.987468	-0.138912	0.074900	0.141932	-0.574171	0.806339
22487	5.784374	0.794312	8.275201	0.014351	0.016494	-0.006262	-0.068922	0.806948	0.586588	-0.987459	-0.138896	0.075052	0.142038	-0.574058	0.806401
22488	5.645691	0.764614	8.293732	0.000911	0.002137	0.006212	-0.069002	0.806969	0.586549	-0.987457	-0.138944	0.074992	0.142014	-0.574017	0.806434
22489	5.828145	0.766299	8.364843	-0.009125	-0.018613	0.006815	-0.068999	0.806832	0.586738	-0.987472	-0.138899	0.074878	0.141912	-0.574221	0.806307
22490	6.065363	0.697039	8.367180	-0.012841	-0.014770	0.009140	-0.069084	0.806752	0.586837	-0.987487	-0.138889	0.074688	0.141760	-0.574335	0.806253
22491	6.295490	0.567499	8.454044	-0.003386	0.008148	0.003266	-0.069083	0.806774	0.586808	-0.987497	-0.138849	0.074642	0.141696	-0.574314	0.806279
22492	6.318887	0.571714	8.524109	0.011379	0.039731	-0.005444	-0.069114	0.807024	0.586460	-0.987486	-0.138876	0.074731	0.141755	-0.573956	0.806523
22493	6.403978	0.708691	8.426334	0.019166	0.097102	-0.010212	-0.069106	0.807574	0.585703	-0.987473	-0.138856	0.074945	0.141852	-0.573187	0.807053
22494	5.742405	0.762690	8.288632	-0.002065	0.117186	-0.003410	-0.069253	0.808268	0.584729	-0.987482	-0.138804	0.074915	0.141714	-0.572221	0.807762
22495	5.516203	0.878359	8.376695	-0.013451	0.078710	0.012370	-0.069442	0.808680	0.584136	-0.987499	-0.138780	0.074734	0.141502	-0.571644	0.808208
22496	5.678257	1.021071	8.285031	-0.033422	0.055264	0.023973	-0.069790	0.808975	0.583686	-0.987530	-0.138796	0.074291	0.141113	-0.571223	0.808574
22497	5.643442	0.951229	8.303048	-0.054150	0.033087	0.040167	-0.070189	0.809087	0.583482	-0.987585	-0.138765	0.073618	0.140530	-0.571071	0.808782
22498	5.609847	0.824507	8.323117	-0.070512	0.012675	0.054181	-0.070751	0.809103	0.583393	-0.987651	-0.138783	0.072700	0.139786	-0.571045	0.808930
22499	5.570079	0.766137	8.228250	-0.084062	-0.013713	0.059652	-0.071276	0.808921	0.583581	-0.987732	-0.138738	0.071672	0.138941	-0.571313	0.808886
22500	5.673578	0.874617	8.236215	-0.096369	-0.051316	0.070901	-0.071932	0.808543	0.584024	-0.987816	-0.138766	0.070447	0.138002	-0.571841	0.808674
22501	5.491997	0.853293	8.242159	-0.119968	-0.067880	0.086547	-0.072650	0.808014	0.584668	-0.987925	-0.138732	0.068971	0.136842	-0.572597	0.808336
22502	4.882993	0.720522	8.341007	-0.142867	-0.125781	0.101657	-0.073514	0.807164	0.585731	-0.988047	-0.138743	0.067186	0.135496	-0.573791	0.807716
22503	4.942786	0.727827	8.420153	-0.170671	-0.223302	0.117713	-0.074332	0.805697	0.587646	-0.988196	-0.138664	0.065118	0.133951	-0.575869	0.806494
22504	5.360264	0.772392	8.536661	-0.188779	-0.278418	0.120783	-0.075181	0.803937	0.589944	-0.988358	-0.138553	0.062857	0.132271	-0.578350	0.804994
22505	5.808181	0.712369	8.582540	-0.188157	-0.310217	0.128829	-0.076003	0.801939	0.592552	-0.988515	-0.138449	0.060582	0.130622	-0.581142	0.803251
22506	5.729214	0.748337	8.638761	-0.191622	-0.309325	0.140674	-0.077007	0.799959	0.595092	-0.988659	-0.138452	0.058180	0.128933	-0.583863	0.801549
22507	6.077696	0.775617	8.741586	-0.220538	-0.313661	0.156807	-0.078112	0.797885	0.597727	-0.988826	-0.138367	0.055479	0.126972	-0.586714	0.799778
22508	5.465700	1.741404	8.982205	-0.254149	-0.281818	0.213373	-0.079890	0.795948	0.600070	-0.988978	-0.138576	0.052143	0.124659	-0.589291	0.798246
22509	4.278964	2.440005	9.888417	-0.442813	-0.420980	0.279422	-0.082094	0.793051	0.603599	-0.989301	-0.138130	0.046933	0.120595	-0.593288	0.795906
22510	5.450321	3.976789	10.013222	-0.675621	-0.516282	0.235899	-0.083849	0.789667	0.607780	-0.989899	-0.135983	0.040113	0.114324	-0.598277	0.793092
22511	4.743263	-0.894202	14.059121	-0.364290	-1.094676	0.556906	-0.088081	0.782282	0.616666	-0.989838	-0.138117	0.033828	0.111635	-0.607420	0.786498
22512	6.811707	4.350098	10.579332	-0.363888	-1.513279	0.830423	-0.094649	0.771854	0.628715	-0.989482	-0.142340	0.025786	0.109394	-0.619661	0.777208
22513	6.915341	4.377247	11.631395	-0.709342	-1.757721	1.070197	-0.103318	0.759268	0.642524	-0.989187	-0.146039	0.013512	0.104093	-0.634180	0.766146
22514	6.308262	6.491332	12.445879	-1.026003	-1.552373	1.092040	-0.112598	0.747736	0.654379	-0.989029	-0.147714	-0.001393	0.095619	-0.647357	0.756165
22515	8.497102	0.739377	13.874805	-0.907072	-1.493806	0.558505	-0.116706	0.737129	0.665598	-0.989230	-0.145885	-0.011889	0.088337	-0.659817	0.746216
22516	5.797809	2.578951	13.309949	-0.407942	-1.214377	0.095197	-0.116602	0.728949	0.674564	-0.989473	-0.143877	-0.015559	0.085713	-0.669278	0.738052
22517	3.036694	2.359297	12.606411	-0.137646	-0.938347	-0.120264	-0.114567	0.722783	0.681513	-0.989737	-0.142031	-0.015749	0.085413	-0.676323	0.731637
22518	0.227955	2.022838	11.746005	-0.053032	-0.793121	-0.143104	-0.112479	0.717635	0.687277	-0.989944	-0.140645	-0.015155	0.085786	-0.682070	0.726238
22519	-0.922571	0.331159	11.395194	0.028210	-0.687246	-0.046302	-0.111385	0.712970	0.692292	-0.989978	-0.140460	-0.014625	0.086812	-0.686983	0.721470
22520	-1.565838	-1.281360	11.713445	0.237693	-0.504516	0.076586	-0.111706	0.709435	0.695862	-0.989682	-0.142648	-0.013442	0.089727	-0.690184	0.718049
22521	-1.983471	-1.521371	12.103223	0.498973	-0.261552	0.216865	-0.113567	0.707287	0.697744	-0.988984	-0.147584	-0.011368	0.094936	-0.691349	0.716257
22522	-1.650214	-1.372481	12.570095	0.730790	0.048276	0.353329	-0.117129	0.707141	0.697304	-0.987853	-0.155152	-0.008593	0.102112	-0.689840	0.716724
22523	-0.972313	-1.255327	12.857816	0.920705	0.429164	0.463813	-0.122121	0.709325	0.694222	-0.986326	-0.164721	-0.005200	0.110665	-0.685365	0.719742
22524	-0.638360	-0.875435	12.762948	1.039656	0.831963	0.525323	-0.128259	0.714176	0.688115	-0.984472	-0.175537	-0.001313	0.119852	-0.677598	0.725600
22525	-0.766337	-0.634060	12.285875	1.069501	1.182051	0.548832	-0.135083	0.721107	0.679527	-0.982428	-0.186621	0.002743	0.128792	-0.667216	0.733645
22526	-0.833622	-0.659511	11.604043	1.048711	1.425294	0.551316	-0.142390	0.729555	0.668936	-0.980272	-0.197538	0.006777	0.137085	-0.654774	0.743289
22527	-0.718127	-0.513735	11.119722	0.990980	1.581007	0.529153	-0.149753	0.738706	0.657182	-0.978113	-0.207798	0.010691	0.144458	-0.641197	0.753656
22528	-0.125837	-0.263615	10.964521	0.888062	1.663196	0.471928	-0.156851	0.748329	0.644516	-0.976075	-0.216960	0.014367	0.150585	-0.626843	0.764455
22529	0.876564	-0.152881	11.040330	0.767553	1.703500	0.361223	-0.162934	0.758067	0.631495	-0.974334	-0.224390	0.017974	0.155327	-0.612358	0.775171
22530	1.867774	-0.065059	11.093013	0.635088	1.723074	0.205329	-0.167666	0.768113	0.617973	-0.972994	-0.229811	0.021656	0.158651	-0.597654	0.785901
22531	2.867428	-0.051403	10.855030	0.515815	1.717697	0.023463	-0.170592	0.778183	0.604425	-0.972142	-0.232991	0.025595	0.160743	-0.583221	0.796251
22532	3.654571	-0.240671	10.511397	0.445453	1.666028	-0.167821	-0.171710	0.788249	0.590914	-0.971698	-0.234291	0.030173	0.162229	-0.569009	0.806170
22533	4.651412	-0.317167	10.209237	0.415935	1.567873	-0.342349	-0.170893	0.797851	0.578126	-0.971618	-0.233868	0.035545	0.163565	-0.555643	0.815173
22534	5.817253	-0.045777	9.964952	0.387995	1.451464	-0.487725	-0.168639	0.807021	0.565932	-0.971786	-0.232182	0.041515	0.164903	-0.542963	0.823406
22535	7.020625	0.142101	9.806862	0.337612	1.353642	-0.584390	-0.165152	0.815624	0.554511	-0.972214	-0.229207	0.047580	0.165905	-0.531245	0.830815
22536	7.898479	0.320329	9.647722	0.279082	1.261329	-0.634007	-0.161122	0.823774	0.543540	-0.972780	-0.225494	0.053390	0.166547	-0.520143	0.837684
22537	8.619889	0.230004	9.427920	0.232428	1.176580	-0.653013	-0.156684	0.831278	0.533317	-0.973441	-0.221241	0.058858	0.166919	-0.509931	0.843865
22538	9.269619	0.162483	9.066095	0.204494	1.091443	-0.664642	-0.152073	0.838319	0.523540	-0.974123	-0.216739	0.064099	0.167207	-0.500245	0.849586
22539	9.602070	0.120630	8.838783	0.195137	1.006336	-0.676517	-0.147120	0.844745	0.514550	-0.974819	-0.211967	0.069269	0.167582	-0.491402	0.854658
22540	9.735605	-0.045549	8.592066	0.181166	0.886244	-0.665341	-0.142154	0.850526	0.506357	-0.975476	-0.207219	0.074212	0.168046	-0.483389	0.859125
22541	10.297415	0.522007	7.322179	0.210473	0.712934	-0.680084	-0.136674	0.855328	0.499733	-0.976079	-0.202383	0.079440	0.169084	-0.476922	0.862529
22542	11.014362	0.064615	7.741479	0.103235	0.784217	-0.643442	-0.131749	0.860389	0.492315	-0.976768	-0.197356	0.083514	0.169015	-0.469874	0.866402
22543	11.963658	-1.276936	7.673450	0.099366	0.824735	-0.629507	-0.126946	0.865447	0.484651	-0.977424	-0.192341	0.087446	0.168898	-0.462609	0.870326
22544	13.352684	-3.461039	6.909352	0.238403	0.871218	-0.696776	-0.121637	0.870819	0.476317	-0.977888	-0.187384	0.092858	0.170117	-0.454490	0.874356
22545	16.874759	-5.550291	5.877246	0.528114	1.037849	-0.851617	-0.115049	0.877045	0.466429	-0.977996	-0.182269	0.101495	0.174031	-0.444489	0.878717
22546	21.014511	-2.539750	3.867987	0.820347	1.553422	-0.901986	-0.109003	0.885500	0.451673	-0.977558	-0.177893	0.112843	0.180272	-0.429236	0.885019
22547	19.540358	3.077545	2.580147	0.220130	2.260827	-0.390861	-0.109208	0.895651	0.431141	-0.977598	-0.175288	0.116519	0.179935	-0.408758	0.894729
22548	13.832221	-1.432033	-4.885865	-0.950148	2.060357	0.487380	-0.117571	0.903073	0.413082	-0.978706	-0.175850	0.105882	0.168259	-0.391838	0.904518
22549	5.129743	-5.614151	-7.387813	-1.036926	1.318526	1.052916	-0.129974	0.906282	0.402194	-0.979096	-0.181318	0.092167	0.156454	-0.381807	0.910904
22550	1.993349	-12.032045	-12.447606	-0.418742	-0.272947	1.251176	-0.141797	0.902926	0.405731	-0.978051	-0.191009	0.083262	0.152678	-0.385019	0.910192
22551	0.775797	-4.746794	-10.805776	0.419777	-1.880223	0.975697	-0.148351	0.893611	0.423618	-0.975990	-0.201378	0.083010	0.159486	-0.401132	0.902030
22552	-1.618559	4.144592	7.029455	0.350570	-2.161321	1.251576	-0.157033	0.882159	0.443999	-0.973518	-0.213902	0.080679	0.166144	-0.419572	0.892388
22553	9.602824	-1.572240	14.344589	-0.113848	-2.307452	1.612253	-0.168801	0.868671	0.465743	-0.971093	-0.227482	0.072327	0.168777	-0.440070	0.881959
22554	11.078082	-1.774548	17.924568	0.680340	-1.932711	0.875788	-0.173939	0.858001	0.483301	-0.968419	-0.238062	0.074097	0.178631	-0.455150	0.872313
22555	10.442200	4.589070	10.658390	0.797309	-1.643831	0.149473	-0.172316	0.850048	0.497721	-0.966706	-0.242970	0.080279	0.189172	-0.467317	0.863614
22556	10.246547	9.084753	8.278101	0.843486	-1.370373	-0.237767	-0.167356	0.844177	0.509271	-0.965481	-0.244909	0.088690	0.199595	-0.476849	0.856024
22557	15.241512	7.922824	7.381221	0.420557	-0.935864	-0.416188	-0.161398	0.840686	0.516913	-0.965326	-0.243377	0.094411	0.205174	-0.483752	0.850816
22558	9.557563	8.265187	8.226961	0.018141	-0.425083	-0.524332	-0.155451	0.839902	0.520000	-0.966130	-0.239028	0.097258	0.205981	-0.487269	0.848611
22559	7.277126	2.643678	10.019796	-0.374414	-0.256471	-0.318633	-0.151800	0.839389	0.521903	-0.967396	-0.234476	0.095738	0.202735	-0.490354	0.847615
22560	4.973784	-4.198602	10.006242	-0.330626	-0.251408	-0.101068	-0.150302	0.838402	0.523919	-0.968224	-0.231971	0.093448	0.199881	-0.493226	0.846626
22561	5.844888	-6.288509	10.616359	-0.124365	-0.563806	0.034134	-0.149460	0.835514	0.528751	-0.968432	-0.231594	0.092213	0.199501	-0.498277	0.843753
22562	8.031352	-3.177148	10.268219	0.031835	-0.522108	0.100565	-0.149380	0.832681	0.533224	-0.968229	-0.232559	0.091919	0.200545	-0.502552	0.840966
22563	7.089797	0.600124	9.057289	0.039036	-0.384855	0.120860	-0.149730	0.830445	0.536602	-0.967981	-0.233714	0.091597	0.201478	-0.505705	0.838850
22564	5.278967	2.670772	8.087360	-0.029013	-0.342050	0.061832	-0.149630	0.828578	0.539509	-0.967958	-0.234046	0.090990	0.201662	-0.508607	0.837049
22565	4.512484	1.760526	8.046408	-0.078931	-0.414983	-0.005914	-0.148690	0.826459	0.543007	-0.968138	-0.233548	0.090359	0.201496	-0.512270	0.834852
22566	4.014888	-0.477369	8.167744	-0.054076	-0.499849	-0.016255	-0.147515	0.823938	0.547144	-0.968282	-0.233102	0.089968	0.201668	-0.516517	0.832190
22567	3.878549	-0.960377	8.397155	0.031004	-0.634483	0.006560	-0.146249	0.820614	0.552453	-0.968221	-0.233271	0.090187	0.202880	-0.521706	0.828651
22568	4.985930	-0.293069	8.578976	0.052619	-0.743979	0.053985	-0.145248	0.816597	0.558635	-0.968046	-0.233955	0.090291	0.204427	-0.527669	0.824485
22569	7.292089	1.382962	9.015807	-0.026109	-0.754619	0.121420	-0.144831	0.812292	0.564983	-0.967934	-0.234759	0.089393	0.205248	-0.533920	0.820246
22570	6.838438	1.285881	8.738262	-0.090596	-0.593169	0.084615	-0.144471	0.808909	0.569907	-0.967996	-0.234980	0.088138	0.205213	-0.538934	0.816969
22571	5.212372	0.115773	8.820724	-0.161984	-0.627442	0.084404	-0.143956	0.805297	0.575130	-0.968217	-0.234738	0.086334	0.204529	-0.544422	0.813494
22572	5.888674	-1.293527	8.838398	-0.081151	-0.666147	0.058900	-0.143201	0.801511	0.580580	-0.968296	-0.234789	0.085302	0.204684	-0.549958	0.809722
22573	5.690223	0.244363	8.786495	-0.046458	-0.733047	0.010428	-0.141753	0.797417	0.586542	-0.968388	-0.234569	0.084866	0.205258	-0.555971	0.805460
22574	6.030154	0.805938	7.836815	-0.077580	-0.724037	0.010190	-0.140398	0.793346	0.592360	-0.968532	-0.234231	0.084149	0.205509	-0.561906	0.801267
22575	11.099721	6.667856	10.344126	-0.149657	-0.862297	0.126303	-0.139804	0.788157	0.599386	-0.968674	-0.234337	0.082201	0.205246	-0.569118	0.796228
22576	8.380264	-2.278329	4.587331	-0.575850	0.275864	0.291148	-0.143215	0.789043	0.597412	-0.969425	-0.233376	0.075839	0.199262	-0.568285	0.798340
22577	5.571625	1.879522	11.085464	-0.220518	-0.211479	0.161256	-0.144312	0.787445	0.599253	-0.969641	-0.233345	0.073116	0.197407	-0.570509	0.797214
22578	6.825792	-0.182182	7.688488	-0.131483	0.024135	0.088191	-0.145246	0.787374	0.599121	-0.969771	-0.233305	0.071509	0.196082	-0.570624	0.797459
22579	5.911027	1.659156	7.987045	-0.220213	-0.166606	0.146394	-0.146295	0.786063	0.600585	-0.969998	-0.233151	0.068876	0.194169	-0.572490	0.796589
22580	6.733076	-1.182688	9.536371	-0.113529	0.011519	0.085126	-0.147181	0.785924	0.600551	-0.970089	-0.233196	0.067431	0.193041	-0.572663	0.796738
22581	6.096574	0.710406	7.689282	0.000877	-0.138247	0.014734	-0.147010	0.785080	0.601695	-0.970077	-0.233270	0.067350	0.193232	-0.573789	0.795881
22582	6.375842	0.433043	8.028802	-0.060984	0.010018	0.043631	-0.147477	0.785034	0.601642	-0.970131	-0.233270	0.066571	0.192605	-0.573853	0.795987
22583	6.201806	-0.223056	8.471129	-0.023361	-0.033217	0.017827	-0.147540	0.784784	0.601952	-0.970161	-0.233229	0.066279	0.192407	-0.574211	0.795777
22584	6.361684	0.704063	8.038689	-0.012869	0.001549	0.010083	-0.147677	0.784763	0.601945	-0.970167	-0.233256	0.066084	0.192267	-0.574229	0.795798
22585	6.177012	0.473653	8.216750	-0.030945	0.029925	0.019262	-0.147875	0.784873	0.601754	-0.970209	-0.233183	0.065723	0.191902	-0.574108	0.795973
22586	6.128960	0.107614	8.290484	-0.022629	0.028657	0.013935	-0.148091	0.785001	0.601533	-0.970232	-0.233171	0.065427	0.191621	-0.573937	0.796164
22587	6.151218	0.322743	8.187433	-0.018505	0.038312	0.009666	-0.148212	0.785182	0.601268	-0.970264	-0.233094	0.065223	0.191364	-0.573722	0.796381
22588	6.063762	0.408337	8.216257	-0.028405	0.046314	0.008039	-0.148409	0.785423	0.600903	-0.970305	-0.233009	0.064916	0.191003	-0.573426	0.796681
22589	6.053205	0.497685	8.249806	-0.031845	0.039176	0.010633	-0.148541	0.785606	0.600632	-0.970362	-0.232863	0.064599	0.190615	-0.573234	0.796912
22590	6.049342	0.565377	8.194847	-0.030559	0.045108	0.008541	-0.148744	0.785838	0.600278	-0.970405	-0.232775	0.064272	0.190237	-0.572952	0.797205
22591	5.937495	0.797423	8.239629	-0.037930	0.031372	0.017063	-0.148923	0.785961	0.600073	-0.970462	-0.232645	0.063868	0.189802	-0.572836	0.797392
22592	5.850832	0.886010	8.407368	-0.036162	0.006787	0.017679	-0.149140	0.785953	0.600030	-0.970503	-0.232593	0.063442	0.189425	-0.572869	0.797458
22593	6.013285	0.793347	8.246039	-0.037816	-0.009791	0.023457	-0.149303	0.785825	0.600156	-0.970550	-0.232515	0.063000	0.189052	-0.573076	0.797398
22594	5.897804	0.699334	8.332547	-0.034262	-0.013839	0.021215	-0.149516	0.785690	0.600280	-0.970581	-0.232503	0.062568	0.188726	-0.573265	0.797339
22595	5.908903	0.703449	8.309678	-0.025345	-0.041669	0.021508	-0.149600	0.785384	0.600659	-0.970608	-0.232480	0.062238	0.188522	-0.573694	0.797079
22596	6.024971	0.541783	8.266090	-0.019589	-0.054798	0.020361	-0.149723	0.785017	0.601108	-0.970613	-0.232541	0.061929	0.188397	-0.574171	0.796765
22597	6.134934	0.596156	8.270014	-0.015399	-0.065721	0.019292	-0.149740	0.784578	0.601677	-0.970624	-0.232557	0.061691	0.188326	-0.574765	0.796353
22598	6.239995	0.345484	8.105300	-0.020691	-0.037083	0.020948	-0.149911	0.784308	0.601986	-0.970628	-0.232627	0.061369	0.188170	-0.575105	0.796145
22599	6.051606	0.402148	8.270181	-0.003226	-0.034056	0.010284	-0.149900	0.784071	0.602297	-0.970630	-0.232642	0.061282	0.188169	-0.575422	0.795916
22600	6.122375	0.539245	8.178904	-0.007337	-0.043708	0.014543	-0.149987	0.783781	0.602654	-0.970621	-0.232725	0.061106	0.188146	-0.575783	0.795660
22601	6.184288	0.227405	8.114622	-0.007526	-0.021329	0.013871	-0.150035	0.783609	0.602866	-0.970625	-0.232744	0.060963	0.188085	-0.576010	0.795510
22602	6.048342	0.361921	8.219134	0.006850	-0.014796	0.002104	-0.150055	0.783514	0.602984	-0.970609	-0.232811	0.060974	0.188156	-0.576112	0.795419
22603	6.146578	0.407319	8.106815	0.011264	-0.013276	-0.000146	-0.149982	0.783420	0.603124	-0.970599	-0.232829	0.061066	0.188264	-0.576232	0.795307
22604	6.160926	0.399776	8.136756	0.020093	0.009443	-0.009086	-0.149938	0.783491	0.603043	-0.970574	-0.232884	0.061249	0.188427	-0.576114	0.795354
22605	6.144891	0.292572	8.230080	0.025512	0.014735	-0.013844	-0.149786	0.783591	0.602951	-0.970558	-0.232876	0.061537	0.188632	-0.575981	0.795401
22606	6.148243	0.544003	8.184871	0.031636	0.018006	-0.013249	-0.149729	0.783716	0.602802	-0.970514	-0.232979	0.061837	0.188903	-0.575769	0.795491
22607	6.109998	0.609637	8.222018	0.025789	0.022648	-0.007994	-0.149648	0.783848	0.602651	-0.970488	-0.233019	0.062091	0.189099	-0.575573	0.795586
22608	6.018449	0.527636	8.378398	0.025258	0.018335	-0.008827	-0.149626	0.783968	0.602500	-0.970452	-0.233108	0.062314	0.189300	-0.575373	0.795683
22609	6.004793	0.710091	8.300549	0.021174	-0.001606	-0.002965	-0.149548	0.783949	0.602545	-0.970428	-0.233160	0.062502	0.189487	-0.575379	0.795634
22610	5.932687	0.519698	8.395189	0.019300	-0.010947	-0.000451	-0.149557	0.783879	0.602633	-0.970389	-0.233288	0.062627	0.189679	-0.575422	0.795557
22611	5.889292	0.206182	8.399750	0.016423	-0.029816	-0.000855	-0.149446	0.783692	0.602904	-0.970370	-0.233329	0.062763	0.189862	-0.575660	0.795341
22612	5.931046	0.245484	8.370684	0.019476	-0.054226	-0.007759	-0.149300	0.783391	0.603331	-0.970342	-0.233399	0.062934	0.190119	-0.576042	0.795004
22613	6.111068	0.344024	8.194680	0.013367	-0.063253	-0.013775	-0.149000	0.783041	0.603859	-0.970349	-0.233321	0.063125	0.190322	-0.576548	0.794588
22614	6.253294	0.580499	8.136938	0.011874	-0.056189	-0.009519	-0.148834	0.782732	0.604301	-0.970338	-0.233335	0.063245	0.190508	-0.576963	0.794242
22615	6.147238	0.593518	8.150033	0.002479	-0.041737	0.003411	-0.148742	0.782466	0.604668	-0.970339	-0.233329	0.063245	0.190574	-0.577326	0.793963
22616	6.042869	0.705846	8.172733	-0.002791	-0.054582	0.000251	-0.148675	0.782142	0.605103	-0.970341	-0.233336	0.063190	0.190616	-0.577761	0.793635
22617	5.780149	0.636392	8.315297	-0.011623	-0.067003	0.007627	-0.148575	0.781719	0.605673	-0.970363	-0.233282	0.063053	0.190583	-0.578355	0.793211
22618	5.722896	0.526709	8.466845	-0.006905	-0.109647	-0.003168	-0.148361	0.781087	0.606541	-0.970380	-0.233227	0.062987	0.190660	-0.579231	0.792553
22619	5.614081	0.554258	8.505011	-0.004775	-0.158700	-0.015533	-0.147861	0.780186	0.607822	-0.970423	-0.233032	0.063045	0.190829	-0.580523	0.791567
22620	5.378831	0.582055	8.821627	-0.011244	-0.208944	-0.034141	-0.147161	0.779044	0.609454	-0.970493	-0.232716	0.063134	0.191013	-0.582180	0.790304
22621	5.327077	0.724518	9.522189	-0.035357	-0.304309	-0.055849	-0.145991	0.777381	0.611854	-0.970654	-0.232028	0.063197	0.191095	-0.584672	0.788442
22622	5.504530	1.207828	9.462048	-0.156206	-0.391338	-0.057052	-0.144727	0.775212	0.614899	-0.971031	-0.230691	0.062287	0.190137	-0.588072	0.786142
22623	5.186581	2.303169	9.438048	-0.240107	-0.428504	0.022656	-0.144090	0.772613	0.618310	-0.971464	-0.229403	0.060265	0.188403	-0.591982	0.783621
22624	4.117811	2.092070	10.623108	-0.423158	-0.449741	0.039777	-0.143670	0.769845	0.621850	-0.972193	-0.227216	0.056680	0.184929	-0.596415	0.781083
22625	-0.498871	1.136928	11.745164	0.135120	-0.965728	0.369449	-0.145416	0.763187	0.629604	-0.971419	-0.230813	0.055421	0.187617	-0.603549	0.774937
22626	4.502317	0.071112	11.412464	-0.096792	-2.167080	0.524408	-0.146456	0.748707	0.646520	-0.970831	-0.234210	0.051307	0.189836	-0.620148	0.761170
22627	2.297762	0.883269	13.475555	-0.060889	-2.931060	0.731226	-0.147887	0.728458	0.668938	-0.969883	-0.239181	0.046044	0.193538	-0.641982	0.741891
22628	4.482394	-0.713975	12.910060	0.142384	-3.653350	0.897529	-0.149430	0.702355	0.695966	-0.968261	-0.246566	0.040936	0.200353	-0.667759	0.716907
22629	5.173102	1.481080	12.768158	0.397083	-4.162818	1.061502	-0.151098	0.671286	0.725634	-0.965862	-0.256519	0.036185	0.210429	-0.695394	0.687129
22630	7.815261	3.570423	11.058799	0.594447	-4.550525	1.132261	-0.152169	0.636047	0.756498	-0.962858	-0.268135	0.031764	0.223047	-0.723566	0.653224
22631	13.614962	14.637792	14.839742	0.533868	-4.589290	1.125823	-0.152431	0.599113	0.786021	-0.959932	-0.278980	0.026484	0.235151	-0.750489	0.617632
22632	9.824771	16.183305	16.524732	-1.981752	-3.534040	1.319271	-0.157018	0.568540	0.807532	-0.962430	-0.271500	0.004013	0.221526	-0.776563	0.589810
22633	15.778473	3.322696	18.855111	-2.817370	-2.454673	0.918665	-0.160681	0.546774	0.821717	-0.966896	-0.254401	-0.019791	0.198225	-0.797695	0.569552
22634	2.526128	0.141138	17.069539	-1.514927	-1.141761	0.043009	-0.158822	0.537597	0.828109	-0.969770	-0.242331	-0.028673	0.185262	-0.807629	0.559833
22635	-4.599937	2.393179	11.631883	-0.403140	-1.152365	-0.120016	-0.155489	0.528510	0.834566	-0.970712	-0.238377	-0.029896	0.183141	-0.814772	0.550096
22636	-3.950414	6.282457	12.228143	-0.241815	-1.237530	0.073831	-0.153940	0.518266	0.841251	-0.971039	-0.236793	-0.031810	0.182717	-0.821784	0.539709
22637	-0.825626	5.485759	14.750628	-0.318742	-0.781306	0.225436	-0.154664	0.511266	0.845391	-0.971282	-0.235284	-0.035403	0.180807	-0.826589	0.532973
22638	-0.903647	3.420495	15.325132	-0.153233	-0.061238	0.213177	-0.156623	0.510333	0.845594	-0.971222	-0.235126	-0.037989	0.179434	-0.827210	0.532473
22639	-1.936997	3.121711	14.098115	0.141316	0.583216	0.187374	-0.159444	0.514677	0.842428	-0.970684	-0.237210	-0.038797	0.179864	-0.823917	0.537410
22640	-2.305670	3.171043	12.933916	0.298173	1.097306	0.253138	-0.163884	0.523167	0.836325	-0.969730	-0.241000	-0.039266	0.181012	-0.817445	0.546827
22641	-1.290751	2.712664	12.315200	0.388516	1.520815	0.339505	-0.169890	0.534676	0.827803	-0.968470	-0.245911	-0.039925	0.182219	-0.808485	0.559596
22642	0.084567	2.279735	11.799869	0.485221	1.941751	0.404145	-0.177361	0.549355	0.816549	-0.966872	-0.252035	-0.040450	0.183577	-0.796673	0.575857
22643	1.178699	2.118114	11.259770	0.590736	2.317103	0.406375	-0.185512	0.566584	0.802849	-0.965058	-0.258922	-0.040268	0.185061	-0.782267	0.594820
22644	2.349849	2.346019	10.413844	0.672245	2.625985	0.346548	-0.193625	0.586178	0.786705	-0.963199	-0.265961	-0.038895	0.186434	-0.765284	0.616102
22645	2.988792	2.656666	9.550518	0.695529	2.851057	0.223242	-0.201058	0.607104	0.768765	-0.961471	-0.272507	-0.036255	0.187483	-0.746435	0.638503
22646	3.594177	2.611430	8.966410	0.643903	2.950449	0.033805	-0.206851	0.628894	0.749469	-0.960220	-0.277373	-0.032269	0.187589	-0.726330	0.661252
22647	4.383376	2.092821	8.806658	0.603380	2.973654	-0.213358	-0.210330	0.650760	0.729570	-0.959548	-0.280284	-0.026624	0.187161	-0.705657	0.683388
22648	5.538909	1.074428	8.677722	0.605020	2.928470	-0.481063	-0.211139	0.672609	0.709237	-0.959449	-0.281247	-0.018905	0.186755	-0.684469	0.704716
22649	6.364318	0.470016	8.126928	0.661026	2.829848	-0.725198	-0.209424	0.693699	0.689147	-0.959752	-0.280701	-0.009103	0.187130	-0.663317	0.724564
22650	6.955490	0.318875	7.686730	0.672714	2.650113	-0.877389	-0.205998	0.713559	0.669626	-0.960300	-0.278963	0.001846	0.188118	-0.642661	0.742696
22651	7.798707	0.303090	7.495065	0.617026	2.414764	-0.930877	-0.201564	0.731413	0.651465	-0.961047	-0.276098	0.012632	0.189107	-0.623542	0.758573
22652	8.630052	0.002529	7.516355	0.549531	2.204062	-0.911901	-0.197040	0.747538	0.634320	-0.961796	-0.272819	0.022749	0.190061	-0.605604	0.772736
22653	8.927478	-0.654975	7.413981	0.539666	1.998683	-0.881607	-0.192323	0.761851	0.618543	-0.962496	-0.269344	0.032478	0.191344	-0.589099	0.785080
22654	8.867455	-1.554042	7.183427	0.643349	1.804598	-0.897530	-0.187258	0.774803	0.603833	-0.962925	-0.266306	0.043090	0.194191	-0.573377	0.795945
22655	8.684647	-2.499842	7.027950	0.829456	1.606676	-0.977301	-0.180961	0.786470	0.590524	-0.963105	-0.263326	0.055568	0.199202	-0.558681	0.805105
22656	8.555629	-3.437580	7.236184	1.094068	1.390720	-1.101600	-0.173354	0.797058	0.578487	-0.962775	-0.260844	0.070886	0.207396	-0.544664	0.812606
22657	9.199317	-3.575114	7.700074	1.280057	1.184415	-1.241570	-0.163875	0.806638	0.567873	-0.962160	-0.257733	0.088441	0.217700	-0.531891	0.818351
22658	9.923512	-3.879479	7.940162	1.236716	1.053317	-1.311919	-0.153798	0.815557	0.557865	-0.961428	-0.253811	0.105997	0.228039	-0.520045	0.823135
22659	10.292958	-3.849436	8.373262	1.039171	0.956664	-1.286299	-0.143608	0.823700	0.548539	-0.960939	-0.248572	0.121687	0.236585	-0.509638	0.827223
22660	10.767263	-3.405026	8.450885	0.636810	0.897079	-1.106470	-0.135343	0.830964	0.539612	-0.960898	-0.242872	0.132996	0.241572	-0.500512	0.831343
22661	11.106770	-3.334781	8.323634	0.141408	0.863932	-0.844288	-0.129267	0.837266	0.531296	-0.961685	-0.236485	0.138693	0.241767	-0.493011	0.835756
22662	11.386115	-3.400784	8.247852	-0.288723	0.874853	-0.590590	-0.125974	0.842923	0.523079	-0.963057	-0.230422	0.139382	0.238017	-0.486196	0.840810
22663	11.511563	-3.477984	8.023431	-0.593704	0.913301	-0.381573	-0.124390	0.848189	0.514881	-0.964939	-0.224281	0.136350	0.231128	-0.479868	0.846349
22664	11.890841	-3.682647	7.724965	-0.727229	0.978203	-0.240226	-0.124600	0.853368	0.506200	-0.966816	-0.219099	0.131383	0.223026	-0.473032	0.852350
22665	12.612376	-3.916463	7.148643	-0.694673	1.066363	-0.176868	-0.125177	0.858742	0.496884	-0.968570	-0.214279	0.126323	0.214951	-0.465454	0.858574
22666	13.699796	-3.939195	6.284836	-0.540164	1.179870	-0.161088	-0.126142	0.864567	0.486428	-0.969916	-0.210403	0.122445	0.208208	-0.456349	0.865098
22667	14.717366	-3.454449	5.257013	-0.346064	1.339584	-0.173061	-0.127170	0.870957	0.474618	-0.970858	-0.207295	0.120265	0.203132	-0.445492	0.871937
22668	15.111721	-2.484226	4.075710	-0.217747	1.525260	-0.197717	-0.128341	0.878096	0.460952	-0.971552	-0.204605	0.119259	0.199034	-0.432533	0.879375
22669	14.269505	-1.830115	3.024210	-0.216708	1.666930	-0.233155	-0.129311	0.885650	0.445986	-0.972290	-0.201581	0.118395	0.194759	-0.418318	0.887175
22670	12.944986	-1.928568	2.307358	-0.278188	1.650162	-0.335329	-0.129238	0.893131	0.430830	-0.973265	-0.197443	0.117355	0.189878	-0.404145	0.894770
22671	11.927124	-1.487315	1.679587	-0.357874	1.501193	-0.463928	-0.127483	0.899995	0.416842	-0.974540	-0.191814	0.116098	0.184444	-0.391428	0.901534
22672	9.580948	0.173878	0.063397	-0.733005	0.882651	-0.369248	-0.125480	0.904136	0.408402	-0.976336	-0.185621	0.110960	0.176131	-0.384815	0.906033
22673	7.395107	-1.756457	-2.583350	-0.903086	0.333492	-0.159477	-0.124448	0.905699	0.405243	-0.978094	-0.180663	0.103406	0.166867	-0.383497	0.908342
22674	8.096803	-3.689485	-3.540024	-1.026724	-0.425755	0.046729	-0.124216	0.903984	0.409124	-0.979708	-0.177097	0.093853	0.157296	-0.389164	0.907639
22675	7.325347	-5.415272	-3.466799	-0.467094	-1.239778	0.100339	-0.123223	0.898896	0.420477	-0.980321	-0.176110	0.089198	0.154230	-0.401211	0.902908
22676	7.447211	-3.158463	-2.937888	0.101251	-2.014695	0.033198	-0.120404	0.890583	0.438593	-0.980132	-0.176794	0.089920	0.157622	-0.419053	0.894176
22677	6.772110	0.059848	-0.110385	0.623695	-2.567402	0.010124	-0.116294	0.879515	0.461442	-0.979117	-0.179519	0.095406	0.166748	-0.440711	0.882026
22678	7.609542	6.649099	10.484335	0.283391	-2.573583	0.042122	-0.112334	0.867819	0.484016	-0.978599	-0.181133	0.097643	0.172408	-0.462689	0.869594
22679	15.734183	4.367545	13.497757	0.255500	-2.188233	-0.152557	-0.106969	0.857753	0.502809	-0.978329	-0.180976	0.100598	0.177285	-0.481152	0.858524
22680	16.095874	4.717553	13.676824	0.264735	-1.335265	-0.488066	-0.099789	0.852134	0.513722	-0.978369	-0.178056	0.105305	0.181205	-0.492101	0.851470
22681	10.783285	4.941698	9.558113	-0.138989	-0.750741	-0.422049	-0.094254	0.849141	0.519688	-0.979039	-0.173731	0.106301	0.180550	-0.498776	0.847717
22682	4.788437	1.469749	7.228071	-0.440426	-0.573309	-0.038464	-0.092889	0.846319	0.524516	-0.979862	-0.171219	0.102739	0.176757	-0.504409	0.845179
22683	3.012439	-1.031182	7.538873	-0.345333	-0.697931	0.248581	-0.094055	0.842333	0.530687	-0.980243	-0.171518	0.098511	0.174002	-0.510937	0.841823
22684	4.526301	-2.455518	9.677962	-0.234207	-0.930209	0.356110	-0.095973	0.836914	0.538855	-0.980309	-0.173330	0.094605	0.172576	-0.519165	0.837069
22685	7.310046	-1.744035	10.354459	-0.085174	-1.093311	0.339907	-0.097372	0.830576	0.548326	-0.980136	-0.175671	0.092045	0.172775	-0.528472	0.831183
22686	8.230468	-0.021617	9.018703	-0.100877	-1.053292	0.345776	-0.098985	0.824336	0.557380	-0.979969	-0.178026	0.089259	0.172807	-0.537380	0.825445
22687	11.051363	2.142877	9.935799	-0.148943	-0.971211	0.315672	-0.100357	0.818494	0.565682	-0.979920	-0.179765	0.086259	0.172293	-0.545667	0.820099
22688	13.780806	1.949243	9.731987	-0.224740	-0.505539	0.205702	-0.101545	0.815336	0.570014	-0.980096	-0.180241	0.083214	0.170587	-0.550219	0.817410
22689	8.396604	-0.062942	8.877967	-0.197652	0.057615	0.130633	-0.102878	0.815399	0.569684	-0.980307	-0.180171	0.080852	0.168568	-0.550147	0.817877
22690	4.640103	-2.799239	9.066549	-0.130548	0.033476	0.128578	-0.104235	0.815329	0.569538	-0.980390	-0.180531	0.079014	0.167242	-0.550133	0.818159
22691	4.782430	-1.405978	9.582927	0.019811	-0.217873	0.019817	-0.104019	0.814075	0.571369	-0.980345	-0.180755	0.079062	0.167640	-0.551915	0.816876
22692	5.163372	0.922499	7.932451	0.027846	-0.257322	-0.019410	-0.103443	0.812665	0.573477	-0.980316	-0.180784	0.079358	0.168167	-0.553979	0.815369
22693	4.716109	1.899152	7.924295	-0.034050	-0.341735	0.015292	-0.102973	0.810721	0.576306	-0.980366	-0.180672	0.078992	0.168163	-0.556857	0.813407
22694	5.493267	1.983689	8.083912	-0.100673	-0.415454	0.064513	-0.102950	0.808262	0.579753	-0.980466	-0.180661	0.077762	0.167591	-0.560423	0.811073
22695	5.174259	1.331376	7.882636	-0.177379	-0.420499	0.109974	-0.103281	0.805680	0.583277	-0.980658	-0.180504	0.075685	0.166262	-0.564178	0.808739
22696	5.256088	0.394703	8.317658	-0.182921	-0.513227	0.116248	-0.103608	0.802544	0.587528	-0.980839	-0.180427	0.073491	0.164985	-0.568656	0.805860
