// General information: 
//  MT Manager version: 2022.2.0 
//  XDA version: 2022.2.0 build 7381 rev 124627 built on 2023-07-19
// Device information: 
//  DeviceId: 00B4CAF0
//  ProductCode: MTW2-3A7G6
//  Firmware Version: 4.6.0
//  Hardware Version: 2.0.0
// Device settings: 
//  Filter Profile: human(46.1)
//  Option Flags: Orientation Smoother Disabled, Position/Velocity Smoother Disabled, Continuous Zero Rotation Update Disabled, AHS Disabled, ICC Disabled
// Coordinate system: ENU
PacketCounter	Acc_X	Acc_Y	Acc_Z	Gyr_X	Gyr_Y	Gyr_Z	Mat[1][1]	Mat[2][1]	Mat[3][1]	Mat[1][2]	Mat[2][2]	Mat[3][2]	Mat[1][3]	Mat[2][3]	Mat[3][3]
25922	4.685946	1.427484	9.052968	0.004185	0.005304	0.002316	0.491488	-0.742056	0.455842	0.779419	0.608309	0.149887	-0.388518	0.281624	0.877349
25923	4.670656	1.464748	9.015764	0.006212	0.004828	0.002989	0.491517	-0.742047	0.455826	0.779397	0.608335	0.149897	-0.388525	0.281592	0.877356
25924	4.698362	1.448516	9.052311	0.003019	0.006124	0.005502	0.491532	-0.742041	0.455819	0.779385	0.608350	0.149901	-0.388530	0.281577	0.877359
25925	4.669668	1.465167	9.016208	0.005111	0.007384	0.001564	0.491522	-0.742073	0.455778	0.779404	0.608322	0.149909	-0.388503	0.281552	0.877379
25926	4.641921	1.426497	9.052859	0.000585	0.002374	0.008598	0.491547	-0.742038	0.455809	0.779387	0.608353	0.149877	-0.388507	0.281580	0.877368
25927	4.669159	1.465071	9.016487	0.000925	0.002080	-0.000752	0.491485	-0.742077	0.455811	0.779445	0.608283	0.149858	-0.388468	0.281627	0.877371
25928	4.628374	1.406202	9.053983	0.006422	0.001059	0.002859	0.491460	-0.742073	0.455845	0.779433	0.608287	0.149904	-0.388524	0.281629	0.877345
25929	4.682410	1.459974	9.068959	0.009242	-0.003595	0.001809	0.491418	-0.742067	0.455901	0.779429	0.608282	0.149946	-0.388586	0.281656	0.877309
25930	4.643712	1.396869	9.037322	0.004605	-0.002232	0.002057	0.491374	-0.742058	0.455962	0.779427	0.608275	0.149980	-0.388644	0.281693	0.877271
25931	4.682165	1.489531	9.049338	0.006048	-0.002298	0.004322	0.491335	-0.742054	0.456011	0.779440	0.608258	0.149983	-0.388668	0.281741	0.877245
25932	4.684909	1.456606	8.999459	0.003129	-0.003033	0.002097	0.491288	-0.742043	0.456079	0.779445	0.608247	0.150004	-0.388718	0.281793	0.877206
25933	4.684897	1.430613	9.053017	0.007932	0.002729	0.000513	0.491258	-0.742063	0.456078	0.779453	0.608228	0.150041	-0.388740	0.281782	0.877200
25934	4.697163	1.480193	9.032841	0.004705	0.003159	0.005331	0.491261	-0.742050	0.456097	0.779435	0.608246	0.150061	-0.388772	0.281779	0.877187
25935	4.684341	1.431479	9.053167	0.008274	0.005219	0.001353	0.491262	-0.742063	0.456076	0.779426	0.608248	0.150097	-0.388789	0.281740	0.877192
25936	4.683024	1.460438	9.034193	0.001886	0.007814	0.006380	0.491291	-0.742056	0.456056	0.779414	0.608266	0.150088	-0.388776	0.281719	0.877204
25937	4.656668	1.417321	9.002109	0.004530	0.007795	0.003154	0.491300	-0.742075	0.456014	0.779424	0.608255	0.150084	-0.388746	0.281692	0.877226
25938	4.680067	1.491713	9.050064	0.005423	0.009007	0.004707	0.491320	-0.742082	0.455981	0.779406	0.608270	0.150113	-0.388756	0.281641	0.877238
25939	4.680959	1.460960	9.035178	0.002503	0.008272	0.002481	0.491343	-0.742096	0.455934	0.779413	0.608266	0.150093	-0.388713	0.281614	0.877266
25940	4.654484	1.391342	9.056784	0.000443	0.007881	0.004113	0.491354	-0.742103	0.455910	0.779418	0.608263	0.150081	-0.388689	0.281602	0.877281
25941	4.666405	1.440336	9.036881	0.000994	0.006603	0.004826	0.491372	-0.742108	0.455882	0.779432	0.608255	0.150039	-0.388638	0.281604	0.877303
25942	4.650968	1.450801	9.053406	0.000718	0.005848	-0.000625	0.491339	-0.742139	0.455869	0.779459	0.608218	0.150050	-0.388626	0.281606	0.877307
25943	4.678628	1.461024	9.036375	0.005665	0.006106	0.002273	0.491364	-0.742139	0.455842	0.779444	0.608234	0.150061	-0.388624	0.281569	0.877320
25944	4.663229	1.471514	9.052874	-0.001066	0.006213	0.006458	0.491387	-0.742127	0.455836	0.779443	0.608244	0.150025	-0.388597	0.281578	0.877329
25945	4.678377	1.432279	9.056124	0.003638	0.006583	0.001600	0.491403	-0.742137	0.455803	0.779444	0.608244	0.150020	-0.388575	0.281553	0.877347
25946	4.663732	1.440676	9.038207	0.001612	0.007060	0.000927	0.491386	-0.742161	0.455781	0.779460	0.608221	0.150032	-0.388564	0.281539	0.877356
25947	4.689738	1.455235	9.090063	0.001235	0.003702	0.002392	0.491378	-0.742170	0.455775	0.779482	0.608200	0.150003	-0.388530	0.281560	0.877364
25948	4.677738	1.430094	9.022447	-0.001033	0.007081	0.004151	0.491387	-0.742175	0.455758	0.779492	0.608193	0.149978	-0.388499	0.281563	0.877378
25949	4.690427	1.450251	9.021791	-0.002475	0.007147	0.001886	0.491375	-0.742206	0.455721	0.779542	0.608144	0.149918	-0.388414	0.281587	0.877407
25950	4.688846	1.452152	9.056661	-0.001274	0.009982	0.006583	0.491414	-0.742204	0.455682	0.779541	0.608155	0.149879	-0.388366	0.281570	0.877434
25951	4.704609	1.410404	9.025646	-0.002441	0.008014	-0.000420	0.491378	-0.742257	0.455634	0.779609	0.608079	0.149831	-0.388275	0.281593	0.877467
25952	4.660002	1.439278	9.040353	-0.003609	0.008836	0.002764	0.491382	-0.742275	0.455600	0.779636	0.608055	0.149790	-0.388215	0.281598	0.877492
25953	4.687501	1.448939	9.023523	0.000445	0.007882	0.004111	0.491407	-0.742283	0.455560	0.779650	0.608048	0.149746	-0.388156	0.281591	0.877520
25954	4.673495	1.428325	9.024926	-0.000105	0.009160	0.003398	0.491418	-0.742298	0.455524	0.779660	0.608038	0.149732	-0.388122	0.281572	0.877541
25955	4.658576	1.409902	9.060792	-0.001581	0.008359	0.003437	0.491431	-0.742317	0.455479	0.779691	0.608013	0.149674	-0.388042	0.281578	0.877574
25956	4.672018	1.427917	9.025754	0.000480	0.008750	0.001805	0.491428	-0.742341	0.455444	0.779707	0.607992	0.149673	-0.388014	0.281559	0.877593
25957	4.670421	1.456613	9.006985	0.001408	0.010829	0.001052	0.491452	-0.742368	0.455373	0.779722	0.607978	0.149651	-0.387953	0.281518	0.877633
25958	4.682777	1.450487	9.060067	-0.001616	0.007492	0.005741	0.491475	-0.742364	0.455355	0.779727	0.607982	0.149614	-0.387915	0.281521	0.877649
25959	4.669429	1.427587	9.027146	0.001202	0.014599	0.001178	0.491508	-0.742405	0.455252	0.779748	0.607961	0.149590	-0.387832	0.281457	0.877706
25960	4.652838	1.466848	9.024632	0.003056	0.006994	0.003192	0.491508	-0.742416	0.455235	0.779747	0.607958	0.149605	-0.387833	0.281436	0.877713
25961	4.637946	1.448789	9.060406	0.003400	0.009485	0.004031	0.491545	-0.742424	0.455181	0.779744	0.607967	0.149588	-0.387792	0.281395	0.877744
25962	4.695029	1.411468	9.064789	0.003400	0.009485	0.004031	0.491562	-0.742436	0.455143	0.779737	0.607971	0.149602	-0.387784	0.281353	0.877761
25963	4.679600	1.448492	9.027694	0.003057	0.006995	0.003191	0.491549	-0.742465	0.455110	0.779767	0.607937	0.149586	-0.387741	0.281351	0.877781
25964	4.691185	1.471540	9.061500	0.007832	0.011888	0.003913	0.491574	-0.742485	0.455050	0.779744	0.607953	0.149640	-0.387754	0.281264	0.877802
25965	4.677759	1.449059	9.028557	0.001719	0.012454	0.004193	0.491603	-0.742514	0.454971	0.779763	0.607937	0.149608	-0.387680	0.281222	0.877849
25966	4.689853	1.443140	9.081732	0.002853	0.010764	0.003315	0.491620	-0.742534	0.454921	0.779762	0.607934	0.149621	-0.387660	0.281174	0.877873
25967	4.661773	1.457409	9.011336	0.002304	0.012043	0.002601	0.491644	-0.742566	0.454843	0.779779	0.607918	0.149601	-0.387596	0.281127	0.877916
25968	4.644922	1.470012	9.062525	-0.001820	0.011264	0.005861	0.491682	-0.742572	0.454792	0.779784	0.607921	0.149561	-0.387537	0.281103	0.877950
25969	4.673591	1.422304	9.084312	0.000243	0.011654	0.004230	0.491728	-0.742586	0.454720	0.779793	0.607921	0.149516	-0.387462	0.281066	0.877995
25970	4.645399	1.409706	9.067586	-0.004189	0.009251	0.004346	0.491746	-0.742595	0.454684	0.779814	0.607907	0.149462	-0.387395	0.281072	0.878022
25971	4.643934	1.438069	9.048810	0.000484	0.008751	0.001801	0.491770	-0.742610	0.454635	0.779826	0.607899	0.149430	-0.387341	0.281051	0.878053
25972	4.669743	1.478988	9.047244	0.001962	0.009552	0.001762	0.491770	-0.742636	0.454592	0.779837	0.607883	0.149442	-0.387320	0.281017	0.878073
25973	4.668948	1.479079	9.047639	0.001070	0.008340	0.000209	0.491781	-0.742658	0.454544	0.779854	0.607866	0.149423	-0.387272	0.280994	0.878102
25974	4.655547	1.429793	9.068274	-0.001271	0.009986	0.006573	0.491820	-0.742656	0.454505	0.779853	0.607876	0.149385	-0.387224	0.280977	0.878128
25975	4.640804	1.437724	9.050470	-0.000993	0.007951	0.001838	0.491823	-0.742680	0.454463	0.779886	0.607845	0.149340	-0.387155	0.280980	0.878158
25976	4.639504	1.466387	9.031568	0.004499	0.006929	0.005457	0.491841	-0.742677	0.454449	0.779868	0.607864	0.149357	-0.387167	0.280950	0.878162
25977	4.668091	1.447656	9.033785	-0.001133	0.001690	0.000876	0.491825	-0.742680	0.454460	0.779895	0.607839	0.149316	-0.387133	0.280994	0.878163
25978	4.666941	1.449937	9.068323	0.003262	0.003226	0.003066	0.491810	-0.742681	0.454475	0.779894	0.607836	0.149334	-0.387154	0.280999	0.878152
25979	4.666533	1.449934	9.068533	-0.000444	0.006673	0.002552	0.491793	-0.742711	0.454445	0.779938	0.607790	0.149291	-0.387087	0.281019	0.878175
25980	4.668341	1.390224	9.072811	0.000689	0.004982	0.001676	0.491774	-0.742725	0.454443	0.779954	0.607769	0.149292	-0.387080	0.281027	0.878176
25981	4.707188	1.480634	9.050792	0.010307	0.004738	0.002036	0.491762	-0.742741	0.454429	0.779944	0.607768	0.149346	-0.387113	0.280987	0.878174
25982	4.679359	1.468907	9.033729	0.003952	0.008208	0.004741	0.491780	-0.742745	0.454403	0.779933	0.607780	0.149362	-0.387115	0.280951	0.878185
25983	4.651925	1.428287	9.036069	0.006361	0.011089	0.003949	0.491822	-0.742758	0.454337	0.779917	0.607797	0.149373	-0.387092	0.280880	0.878217
25984	4.690814	1.463498	9.087132	0.004500	0.006930	0.005455	0.491840	-0.742754	0.454323	0.779900	0.607815	0.149390	-0.387105	0.280850	0.878222
25985	4.663839	1.449148	9.035742	0.004845	0.009421	0.006292	0.491874	-0.742761	0.454275	0.779895	0.607824	0.149378	-0.387071	0.280812	0.878248
25986	4.663805	1.420697	9.055296	0.005979	0.007731	0.005416	0.491895	-0.742760	0.454254	0.779872	0.607846	0.149408	-0.387091	0.280767	0.878254
25987	4.650717	1.398240	9.022184	0.004884	0.010288	0.003986	0.491912	-0.742784	0.454195	0.779879	0.607837	0.149406	-0.387053	0.280723	0.878285
25988	4.619319	1.448276	9.035696	0.006910	0.009810	0.004662	0.491935	-0.742794	0.454155	0.779856	0.607856	0.149448	-0.387070	0.280657	0.878299
25989	4.644986	1.463331	9.087644	0.008284	0.005216	0.001359	0.491914	-0.742820	0.454136	0.779864	0.607837	0.149488	-0.387084	0.280629	0.878301
25990	4.631601	1.469528	9.035114	-0.000788	0.004182	0.001712	0.491892	-0.742831	0.454141	0.779885	0.607813	0.149476	-0.387068	0.280652	0.878301
25991	4.618097	1.449253	9.036164	0.007861	0.000992	0.005134	0.491886	-0.742820	0.454166	0.779872	0.607824	0.149496	-0.387102	0.280657	0.878285
25992	4.673158	1.445043	9.090031	-0.002851	0.003794	0.003340	0.491875	-0.742820	0.454177	0.779893	0.607806	0.149458	-0.387072	0.280695	0.878286
25993	4.632971	1.383665	9.093104	0.002957	0.001601	-0.000077	0.491837	-0.742839	0.454188	0.779921	0.607771	0.149458	-0.387066	0.280722	0.878280
25994	4.672953	1.445193	9.090113	0.002572	-0.001757	0.001392	0.491790	-0.742836	0.454244	0.779931	0.607754	0.149477	-0.387106	0.280768	0.878247
25995	4.672554	1.474029	9.070717	0.003120	-0.003035	0.002107	0.491726	-0.742844	0.454300	0.779967	0.607710	0.149469	-0.387115	0.280841	0.878220
25996	4.702493	1.453207	9.038308	0.003849	0.002814	0.001474	0.491697	-0.742853	0.454316	0.779971	0.607697	0.149499	-0.387142	0.280846	0.878207
25997	4.659192	1.453784	9.071690	-0.001210	-0.000041	0.005486	0.491703	-0.742828	0.454351	0.779981	0.607699	0.149437	-0.387114	0.280907	0.878199
25998	4.660093	1.451789	9.037250	0.011443	0.003046	0.001160	0.491672	-0.742840	0.454365	0.779958	0.607704	0.149534	-0.387200	0.280863	0.878176
25999	4.674927	1.441697	9.021066	0.000854	0.000347	0.003857	0.491667	-0.742826	0.454393	0.779968	0.607701	0.149498	-0.387186	0.280909	0.878167
26000	4.672118	1.474973	9.070788	0.001277	0.004571	0.000082	0.491634	-0.742848	0.454392	0.779990	0.607670	0.149511	-0.387185	0.280916	0.878165
26001	4.644486	1.462769	9.053689	0.002092	0.004052	0.006244	0.491661	-0.742831	0.454392	0.779984	0.607686	0.149475	-0.387162	0.280927	0.878172
26002	4.645850	1.431830	9.038633	0.003264	0.003227	0.003064	0.491646	-0.742831	0.454407	0.779983	0.607683	0.149492	-0.387183	0.280932	0.878161
26003	4.644469	1.434149	9.073266	0.000999	0.006609	0.004813	0.491660	-0.742837	0.454382	0.779997	0.607674	0.149453	-0.387136	0.280937	0.878180
26004	4.643486	1.462747	9.054205	0.001786	0.002426	0.003103	0.491643	-0.742835	0.454404	0.780002	0.607667	0.149458	-0.387149	0.280957	0.878168
26005	4.672314	1.443882	9.056359	0.000268	0.000760	0.005447	0.491646	-0.742816	0.454432	0.780010	0.607668	0.149409	-0.387128	0.281005	0.878162
26006	4.673813	1.412992	9.041227	0.002996	0.002467	-0.002383	0.491586	-0.742847	0.454446	0.780037	0.607624	0.149449	-0.387150	0.281017	0.878148
26007	4.671855	1.444205	9.056544	0.001278	0.004571	0.000081	0.491550	-0.742879	0.454432	0.780078	0.607575	0.149434	-0.387113	0.281038	0.878158
26008	4.671573	1.444218	9.056688	0.002639	0.002774	0.006959	0.491564	-0.742855	0.454457	0.780060	0.607599	0.149429	-0.387132	0.281050	0.878146
26009	4.670605	1.472877	9.037612	0.000732	0.005850	-0.000634	0.491544	-0.742884	0.454431	0.780093	0.607562	0.149413	-0.387091	0.281055	0.878162
26010	4.655776	1.454674	9.073302	-0.000479	0.005809	0.004851	0.491553	-0.742881	0.454426	0.780098	0.607561	0.149389	-0.387070	0.281064	0.878168
26011	4.656383	1.452306	9.039079	0.004157	0.004440	0.004615	0.491547	-0.742889	0.454421	0.780109	0.607549	0.149380	-0.387055	0.281071	0.878173
26012	4.642752	1.431972	9.040202	0.002679	0.003640	0.004653	0.491546	-0.742881	0.454435	0.780103	0.607556	0.149385	-0.387070	0.281076	0.878165
26013	4.656539	1.423713	9.058561	0.001747	0.001561	0.005408	0.491556	-0.742861	0.454456	0.780102	0.607565	0.149350	-0.387058	0.281107	0.878160
26014	4.683700	1.436084	9.075884	0.005876	0.002335	0.002151	0.491531	-0.742865	0.454477	0.780095	0.607563	0.149395	-0.387104	0.281103	0.878141
26015	4.669041	1.473411	9.038333	0.007862	0.000991	0.005134	0.491510	-0.742863	0.454503	0.780093	0.607560	0.149415	-0.387133	0.281115	0.878124
26016	4.626687	1.471809	9.037260	0.000029	0.003666	0.007871	0.491535	-0.742835	0.454521	0.780081	0.607584	0.149382	-0.387126	0.281137	0.878120
26017	4.682559	1.465113	9.056839	0.001279	0.004571	0.000081	0.491507	-0.742861	0.454508	0.780115	0.607544	0.149368	-0.387094	0.281153	0.878129
26018	4.653964	1.455236	9.074141	0.001200	0.002840	0.004691	0.491504	-0.742851	0.454529	0.780114	0.607548	0.149360	-0.387100	0.281173	0.878120
26019	4.668756	1.444655	9.058070	0.003226	0.002361	0.005369	0.491514	-0.742835	0.454544	0.780109	0.607559	0.149340	-0.387097	0.281191	0.878116
26020	4.626362	1.443036	9.057017	0.001786	0.002427	0.003102	0.491496	-0.742833	0.454566	0.780114	0.607552	0.149344	-0.387110	0.281211	0.878104
26021	4.668482	1.444646	9.058213	0.001747	0.001561	0.005407	0.491485	-0.742828	0.454587	0.780130	0.607539	0.149310	-0.387091	0.281253	0.878099
26022	4.683014	1.433964	9.042294	-0.000091	0.009168	0.003378	0.491496	-0.742843	0.454551	0.780141	0.607529	0.149297	-0.387056	0.281235	0.878120
26023	4.652506	1.455040	9.074920	0.001280	0.004571	0.000080	0.491464	-0.742871	0.454538	0.780176	0.607486	0.149284	-0.387024	0.281252	0.878129
26024	4.668038	1.442021	9.024581	-0.001063	0.006224	0.006437	0.491487	-0.742860	0.454532	0.780176	0.607496	0.149248	-0.386996	0.281261	0.878138
26025	4.639218	1.431876	9.042031	-0.000437	0.006676	0.002543	0.491477	-0.742884	0.454504	0.780211	0.607459	0.149208	-0.386938	0.281277	0.878159
26026	4.652292	1.452166	9.041208	0.000853	0.000348	0.003856	0.491457	-0.742871	0.454546	0.780216	0.607455	0.149201	-0.386954	0.281318	0.878138
26027	4.681098	1.433394	9.043377	0.000933	0.002079	-0.000755	0.491409	-0.742899	0.454554	0.780258	0.607404	0.149188	-0.386929	0.281357	0.878137
26028	4.680249	1.462245	9.024216	0.004745	0.004027	0.003024	0.491396	-0.742902	0.454562	0.780252	0.607405	0.149219	-0.386958	0.281347	0.878127
26029	4.666675	1.441989	9.025291	0.003226	0.002362	0.005368	0.491417	-0.742880	0.454576	0.780239	0.607426	0.149198	-0.386958	0.281360	0.878123
26030	4.651894	1.424103	9.060886	0.003694	0.007449	-0.000714	0.491389	-0.742915	0.454549	0.780255	0.607396	0.149236	-0.386961	0.281331	0.878131
26031	4.650798	1.453013	9.041840	0.004159	0.004440	0.004613	0.491404	-0.742907	0.454544	0.780248	0.607408	0.149227	-0.386956	0.281326	0.878135
26032	4.637363	1.432903	9.042820	0.006076	-0.001436	0.002033	0.491363	-0.742901	0.454599	0.780241	0.607405	0.149274	-0.387022	0.281349	0.878099
26033	4.665909	1.443144	9.025502	0.003703	-0.003450	0.000521	0.491308	-0.742902	0.454657	0.780263	0.607376	0.149280	-0.387049	0.281409	0.878067
26034	4.650400	1.456234	9.075808	0.002729	-0.006393	0.003581	0.491260	-0.742872	0.454758	0.780261	0.607375	0.149291	-0.387113	0.281489	0.878013
26035	4.694256	1.455885	9.042158	0.008299	-0.005686	0.002592	0.491203	-0.742860	0.454839	0.780262	0.607365	0.149328	-0.387183	0.281544	0.877965
26036	4.654663	1.394909	9.044849	0.001052	-0.003422	0.003738	0.491167	-0.742838	0.454914	0.780267	0.607360	0.149323	-0.387219	0.281612	0.877927
26037	4.708585	1.476857	9.040568	0.008846	-0.006965	0.003308	0.491124	-0.742809	0.455007	0.780251	0.607371	0.149361	-0.387305	0.281665	0.877872
26038	4.696281	1.428348	9.060509	0.005183	-0.002650	0.000482	0.491066	-0.742809	0.455070	0.780256	0.607354	0.149407	-0.387370	0.281702	0.877832
26039	4.694192	1.488415	9.056264	0.006424	0.001056	0.002866	0.491062	-0.742798	0.455093	0.780242	0.607366	0.149427	-0.387402	0.281705	0.877817
26040	4.682228	1.437308	9.042171	0.002721	0.004506	0.002345	0.491046	-0.742806	0.455096	0.780247	0.607356	0.149443	-0.387412	0.281704	0.877812
26041	4.681401	1.465890	9.023027	-0.000278	0.002042	0.004728	0.491039	-0.742801	0.455113	0.780268	0.607341	0.149395	-0.387379	0.281751	0.877812
26042	4.680121	1.468262	9.057589	0.005641	0.005241	0.004572	0.491044	-0.742798	0.455113	0.780250	0.607356	0.149426	-0.387409	0.281727	0.877807
26043	4.695626	1.455630	9.007209	0.005095	0.006520	0.003855	0.491044	-0.742812	0.455089	0.780257	0.607347	0.149429	-0.387394	0.281710	0.877818
26044	4.653344	1.425457	9.025653	0.002792	0.009041	0.007906	0.491090	-0.742800	0.455060	0.780234	0.607378	0.149420	-0.387383	0.281675	0.877835
26045	4.665466	1.419514	9.078786	0.001393	0.009970	0.003334	0.491093	-0.742831	0.455006	0.780263	0.607348	0.149394	-0.387321	0.281657	0.877867
26046	4.677581	1.468490	9.058864	0.002444	0.006549	0.007072	0.491123	-0.742816	0.454998	0.780245	0.607373	0.149386	-0.387319	0.281643	0.877873
26047	4.637288	1.433520	9.008486	0.000540	0.009621	-0.000522	0.491115	-0.742856	0.454941	0.780278	0.607334	0.149370	-0.387261	0.281623	0.877905
26048	4.608599	1.423823	9.025789	0.004904	-0.000608	0.005211	0.491102	-0.742832	0.454993	0.780261	0.607351	0.149392	-0.387314	0.281646	0.877874
26049	4.704853	1.478689	9.042211	0.004399	0.001535	0.002188	0.491087	-0.742832	0.455011	0.780264	0.607345	0.149398	-0.387326	0.281662	0.877864
26050	4.678010	1.438038	9.044238	0.003227	0.002363	0.005366	0.491086	-0.742816	0.455037	0.780252	0.607359	0.149405	-0.387351	0.281673	0.877849
26051	4.690178	1.461041	9.077716	0.005879	0.002334	0.002149	0.491068	-0.742821	0.455049	0.780255	0.607351	0.149423	-0.387369	0.281677	0.877840
26052	4.662770	1.449231	9.060422	0.005839	0.001470	0.004455	0.491057	-0.742808	0.455081	0.780237	0.607365	0.149457	-0.387419	0.281679	0.877817
26053	4.691452	1.430733	9.062634	0.004748	0.004027	0.003021	0.491042	-0.742820	0.455079	0.780248	0.607350	0.149462	-0.387416	0.281682	0.877818
26054	4.690612	1.459581	9.043453	0.003268	0.003228	0.003060	0.491027	-0.742820	0.455094	0.780247	0.607347	0.149480	-0.387436	0.281687	0.877807
26055	4.691342	1.457360	9.009161	0.002723	0.004506	0.002343	0.491008	-0.742838	0.455086	0.780270	0.607320	0.149470	-0.387415	0.281700	0.877813
26056	4.661484	1.449910	9.060976	0.001900	0.007829	0.006352	0.491036	-0.742831	0.455066	0.780258	0.607337	0.149460	-0.387402	0.281679	0.877825
26057	4.688632	1.488282	9.024887	0.001047	0.007478	0.002497	0.491047	-0.742844	0.455033	0.780272	0.607326	0.149435	-0.387360	0.281670	0.877846
26058	4.660106	1.449812	9.061700	0.001396	0.009971	0.003330	0.491061	-0.742862	0.454989	0.780277	0.607319	0.149435	-0.387333	0.281636	0.877869
26059	4.687653	1.459464	9.045006	-0.001564	0.008373	0.003407	0.491070	-0.742880	0.454950	0.780306	0.607295	0.149383	-0.387262	0.281642	0.877898
26060	4.673441	1.438887	9.046465	0.000852	0.011250	0.002612	0.491083	-0.742906	0.454894	0.780317	0.607281	0.149382	-0.387225	0.281603	0.877927
26061	4.714147	1.469140	9.028865	0.003771	0.011985	0.004839	0.491114	-0.742928	0.454824	0.780322	0.607278	0.149370	-0.387176	0.281552	0.877966
26062	4.696918	1.482188	9.080028	0.002138	0.015821	0.002687	0.491145	-0.742966	0.454728	0.780327	0.607269	0.149379	-0.387126	0.281470	0.878014
26063	4.709850	1.500014	9.045424	-0.002191	0.018825	0.006055	0.491227	-0.742990	0.454601	0.780337	0.607274	0.149309	-0.387002	0.281397	0.878092
26064	4.710110	1.439765	9.050663	-0.004102	0.024706	0.008626	0.491339	-0.743017	0.454436	0.780337	0.607292	0.149236	-0.386860	0.281287	0.878189
26065	4.776049	1.510164	9.032045	-0.002380	0.033498	0.004921	0.491463	-0.743092	0.454178	0.780357	0.607282	0.149170	-0.386661	0.281109	0.878334
26066	4.677594	1.397540	9.055835	-0.009818	0.039541	0.006168	0.491613	-0.743176	0.453879	0.780391	0.607265	0.149059	-0.386401	0.280924	0.878508
26067	4.754475	1.490526	9.071449	-0.001123	0.048111	0.006048	0.491764	-0.743311	0.453494	0.780432	0.607227	0.148999	-0.386126	0.280649	0.878716
26068	4.720461	1.537143	9.052503	-0.010231	0.057129	0.007437	0.491991	-0.743436	0.453042	0.780462	0.607219	0.148878	-0.385777	0.280335	0.878970
26069	4.647762	1.462416	9.040963	-0.012982	0.062665	0.006140	0.492231	-0.743590	0.452529	0.780522	0.607182	0.148713	-0.385349	0.280008	0.879262
26070	4.560517	1.369244	9.064747	-0.018400	0.057329	0.009302	0.492473	-0.743704	0.452078	0.780574	0.607165	0.148512	-0.384935	0.279742	0.879528
26071	4.556200	1.338780	9.086697	-0.016198	0.049406	0.002004	0.492610	-0.743858	0.451675	0.780682	0.607068	0.148338	-0.384540	0.279542	0.879764
26072	4.591383	1.456437	9.047559	0.002251	0.042176	0.005729	0.492766	-0.743951	0.451352	0.780672	0.607082	0.148334	-0.384361	0.279264	0.879931
26073	4.601480	1.447752	9.067880	-0.009102	0.040872	-0.000075	0.492885	-0.744072	0.451022	0.780737	0.607023	0.148232	-0.384076	0.279068	0.880117
26074	4.597489	1.475952	9.050486	0.001014	0.038471	0.003341	0.493007	-0.744170	0.450727	0.780743	0.607016	0.148229	-0.383906	0.278824	0.880269
26075	4.565876	1.465607	9.069139	-0.009352	0.032878	0.003585	0.493110	-0.744256	0.450472	0.780803	0.606969	0.148108	-0.383653	0.278697	0.880420
26076	4.580367	1.394745	9.058641	-0.002807	0.025619	0.000806	0.493163	-0.744333	0.450287	0.780836	0.606932	0.148082	-0.383516	0.278572	0.880519
26077	4.591925	1.386339	9.078174	-0.001085	0.023510	-0.001647	0.493164	-0.744441	0.450107	0.780910	0.606843	0.148058	-0.383365	0.278476	0.880615
26078	4.478648	1.370938	9.058622	-0.004021	0.011869	-0.002628	0.493138	-0.744501	0.450038	0.780965	0.606777	0.148037	-0.383286	0.278461	0.880654
26079	4.534044	1.364326	9.078758	0.003553	0.001184	-0.001655	0.493087	-0.744524	0.450055	0.780993	0.606737	0.148055	-0.383295	0.278486	0.880642
26080	4.648582	1.346968	9.049508	0.010209	-0.000673	-0.001184	0.493024	-0.744540	0.450098	0.780987	0.606721	0.148152	-0.383389	0.278478	0.880604
26081	4.656454	1.490462	9.074601	0.019388	0.002079	-0.006115	0.492916	-0.744610	0.450100	0.780997	0.606664	0.148329	-0.383507	0.278413	0.880573
26082	4.629209	1.451004	9.076413	0.004896	0.006622	-0.003888	0.492859	-0.744662	0.450075	0.781024	0.606614	0.148392	-0.383524	0.278383	0.880575
26083	4.696899	1.523038	9.057100	0.014678	0.012634	-0.002549	0.492853	-0.744718	0.449990	0.781009	0.606606	0.148510	-0.383565	0.278252	0.880599
26084	4.627156	1.452865	9.077162	0.001505	0.011708	-0.001295	0.492836	-0.744769	0.449924	0.781036	0.606565	0.148532	-0.383530	0.278205	0.880629
26085	4.586045	1.392157	9.080255	0.007270	0.008637	-0.002374	0.492805	-0.744819	0.449874	0.781055	0.606527	0.148586	-0.383530	0.278153	0.880645
26086	4.709179	1.486084	9.061633	0.011527	0.014810	-0.002372	0.492793	-0.744885	0.449779	0.781049	0.606506	0.148700	-0.383559	0.278022	0.880674
26087	4.650689	1.467066	9.096189	0.000537	0.019672	0.000503	0.492844	-0.744937	0.449637	0.781066	0.606489	0.148681	-0.383458	0.277920	0.880750
26088	4.570123	1.342367	9.067907	0.001267	0.014618	0.001116	0.492857	-0.744981	0.449549	0.781083	0.606466	0.148690	-0.383408	0.277852	0.880793
26089	4.513598	1.320398	9.067761	-0.002159	0.005119	-0.002886	0.492808	-0.745026	0.449530	0.781142	0.606397	0.148662	-0.383350	0.277885	0.880808
26090	4.582525	1.363221	9.067443	0.008969	-0.004382	-0.003559	0.492712	-0.745045	0.449602	0.781152	0.606360	0.148760	-0.383453	0.277912	0.880755
26091	4.537960	1.395655	9.115068	0.002639	-0.010940	-0.001942	0.492608	-0.745040	0.449725	0.781189	0.606310	0.148769	-0.383512	0.278036	0.880690
26092	4.487493	1.283394	9.102790	-0.000195	-0.020854	-0.007528	0.492418	-0.745038	0.449937	0.781254	0.606218	0.148804	-0.383624	0.278241	0.880576
26093	4.555867	1.472634	9.038874	0.022068	-0.039852	-0.008884	0.492138	-0.745001	0.450305	0.781258	0.606160	0.149017	-0.383975	0.278467	0.880352
26094	4.627472	1.490248	9.090237	0.001349	-0.040139	-0.009654	0.491857	-0.744957	0.450683	0.781327	0.606057	0.149075	-0.384194	0.278807	0.880149
26095	4.635639	1.426749	9.023631	0.008902	-0.040776	-0.007640	0.491598	-0.744901	0.451060	0.781364	0.605986	0.149166	-0.384450	0.279112	0.879940
26096	4.635148	1.463358	9.105566	0.000115	-0.043845	-0.012042	0.491284	-0.744861	0.451466	0.781450	0.605862	0.149224	-0.384677	0.279487	0.879722
26097	4.614964	1.390370	9.055834	0.013644	-0.040418	-0.012483	0.490996	-0.744829	0.451834	0.781485	0.605778	0.149379	-0.384973	0.279757	0.879507
26098	4.643696	1.464068	9.066910	0.014431	-0.044604	-0.014184	0.490662	-0.744800	0.452244	0.781526	0.605677	0.149573	-0.385316	0.280051	0.879263
26099	4.568131	1.314358	9.089552	0.001106	-0.051802	-0.013858	0.490308	-0.744750	0.452709	0.781625	0.605536	0.149625	-0.385565	0.280487	0.879015
26100	4.684782	1.386491	9.033915	0.022909	-0.057734	-0.019552	0.489881	-0.744717	0.453226	0.781659	0.605420	0.149917	-0.386038	0.280827	0.878698
26101	4.670740	1.490545	9.057937	0.020654	-0.054342	-0.017828	0.489510	-0.744668	0.453707	0.781684	0.605329	0.150157	-0.386459	0.281152	0.878409
26102	4.675034	1.521945	9.035667	0.023775	-0.057372	-0.015719	0.489113	-0.744612	0.454226	0.781696	0.605244	0.150440	-0.386937	0.281484	0.878093
26103	4.721078	1.583533	8.995280	0.022063	-0.055259	-0.013273	0.488742	-0.744554	0.454721	0.781718	0.605157	0.150672	-0.387361	0.281824	0.877797
26104	4.547032	1.441818	9.031275	0.012011	-0.059227	-0.009873	0.488384	-0.744456	0.455264	0.781746	0.605082	0.150825	-0.387755	0.282241	0.877489
26105	4.715246	1.601228	9.039593	0.033581	-0.062239	-0.013191	0.487993	-0.744372	0.455821	0.781717	0.605038	0.151158	-0.388307	0.282559	0.877142
26106	4.700012	1.412777	9.031861	0.014015	-0.060558	-0.006903	0.487652	-0.744253	0.456380	0.781722	0.604991	0.151315	-0.388723	0.282974	0.876824
26107	4.702075	1.477103	9.058864	0.027786	-0.060028	-0.009811	0.487289	-0.744158	0.456922	0.781704	0.604948	0.151583	-0.389216	0.283313	0.876496
26108	4.752671	1.419459	9.026782	0.022063	-0.056100	-0.011023	0.486933	-0.744076	0.457436	0.781698	0.604894	0.151829	-0.389672	0.283646	0.876185
26109	4.751878	1.543566	9.049722	0.022178	-0.050693	-0.007783	0.486637	-0.743985	0.457898	0.781679	0.604866	0.152038	-0.390081	0.283942	0.875908
26110	4.692074	1.410138	9.003027	0.014154	-0.047063	-0.015108	0.486284	-0.743953	0.458326	0.781723	0.604759	0.152234	-0.390431	0.284255	0.875650
26111	4.638308	1.423711	9.049882	0.020954	-0.054395	-0.010179	0.485931	-0.743881	0.458816	0.781739	0.604686	0.152443	-0.390839	0.284598	0.875356
26112	4.686776	1.425465	9.013398	0.025078	-0.065376	-0.009898	0.485547	-0.743764	0.459412	0.781715	0.604649	0.152711	-0.391364	0.284981	0.874997
26113	4.773091	1.522684	9.022626	0.034757	-0.064749	-0.011877	0.485150	-0.743665	0.459991	0.781676	0.604615	0.153048	-0.391934	0.285312	0.874634
26114	4.709879	1.483515	9.020321	0.030949	-0.063879	-0.005484	0.484805	-0.743526	0.460579	0.781608	0.604627	0.153347	-0.392496	0.285649	0.874272
26115	4.795536	1.635524	8.956147	0.038910	-0.061143	-0.005005	0.484520	-0.743367	0.461136	0.781483	0.604702	0.153689	-0.393097	0.285905	0.873918
26116	4.763146	1.517874	8.960634	0.029049	-0.057991	-0.002929	0.484217	-0.743228	0.461677	0.781409	0.604728	0.153959	-0.393616	0.286209	0.873585
26117	4.751009	1.590838	8.969217	0.029404	-0.055492	-0.002111	0.483949	-0.743085	0.462189	0.781329	0.604769	0.154205	-0.394105	0.286494	0.873271
26118	4.702165	1.540419	8.951307	0.032513	-0.059370	0.002286	0.483681	-0.742911	0.462749	0.781216	0.604844	0.154481	-0.394657	0.286788	0.872925
26119	4.676413	1.595304	8.995295	0.025708	-0.063788	0.000916	0.483401	-0.742726	0.463338	0.781136	0.604896	0.154681	-0.395157	0.287157	0.872578
26120	4.727176	1.565959	8.943054	0.034261	-0.073213	0.003344	0.483086	-0.742505	0.464020	0.781011	0.604985	0.154968	-0.395789	0.287542	0.872164
26121	4.763477	1.495470	9.014484	0.028732	-0.073060	0.002040	0.482762	-0.742296	0.464691	0.780927	0.605036	0.155188	-0.396350	0.287971	0.871768
26122	4.769282	1.526959	8.991030	0.039865	-0.072487	0.002282	0.482440	-0.742083	0.465364	0.780785	0.605133	0.155528	-0.397022	0.288316	0.871348
26123	4.746957	1.574859	8.931005	0.034544	-0.076102	0.000867	0.482098	-0.741870	0.466059	0.780679	0.605198	0.155805	-0.397645	0.288729	0.870927
26124	4.800084	1.462640	8.971089	0.027480	-0.078462	0.004234	0.481767	-0.741627	0.466787	0.780576	0.605274	0.156028	-0.398249	0.289193	0.870497
26125	4.724323	1.430693	8.950525	0.030927	-0.082676	-0.000733	0.481413	-0.741385	0.467535	0.780470	0.605346	0.156280	-0.398884	0.289662	0.870050
26126	4.785951	1.487375	8.960215	0.047247	-0.085590	0.002233	0.481037	-0.741133	0.468322	0.780297	0.605464	0.156684	-0.399675	0.290059	0.869555
26127	4.807974	1.483163	8.973560	0.037541	-0.089898	-0.003638	0.480616	-0.740896	0.469127	0.780189	0.605520	0.157006	-0.400391	0.290548	0.869062
26128	4.867592	1.599649	8.978200	0.040865	-0.085793	-0.002941	0.480198	-0.740674	0.469906	0.780066	0.605582	0.157378	-0.401133	0.290985	0.868574
26129	4.779034	1.571567	8.870458	0.040308	-0.085364	-0.001371	0.479801	-0.740443	0.470676	0.779944	0.605652	0.157714	-0.401844	0.291429	0.868096
26130	4.855054	1.621157	8.897652	0.058124	-0.087469	0.001500	0.479409	-0.740188	0.471475	0.779729	0.605797	0.158215	-0.402727	0.291773	0.867571
26131	4.877942	1.589528	8.930270	0.051459	-0.085625	0.001097	0.479041	-0.739933	0.472249	0.779541	0.605930	0.158636	-0.403530	0.292144	0.867073
26132	4.775151	1.546944	8.892842	0.050527	-0.089389	0.006451	0.478678	-0.739642	0.473073	0.779332	0.606090	0.159047	-0.404363	0.292548	0.866549
26133	4.841734	1.511988	8.856747	0.073262	-0.094912	0.004264	0.478287	-0.739345	0.473931	0.779046	0.606302	0.159641	-0.405375	0.292860	0.865970
26134	4.902522	1.605698	8.913903	0.080102	-0.091320	0.007836	0.477925	-0.739040	0.474772	0.778710	0.606559	0.160301	-0.406446	0.293098	0.865387
26135	4.826935	1.603776	8.838700	0.089547	-0.089466	0.012762	0.477615	-0.738710	0.475597	0.778319	0.606877	0.160995	-0.407557	0.293272	0.864805
26136	4.903402	1.660392	8.898605	0.117068	-0.091778	0.015771	0.477310	-0.738354	0.476453	0.777793	0.607301	0.161936	-0.408917	0.293288	0.864158
26137	4.887945	1.546674	8.988966	0.108365	-0.090304	0.017023	0.477014	-0.738005	0.477291	0.777314	0.607691	0.162772	-0.410172	0.293360	0.863539
26138	4.866284	1.597828	8.892655	0.132995	-0.077090	0.019790	0.476799	-0.737668	0.478026	0.776700	0.608192	0.163829	-0.411583	0.293169	0.862932
26139	4.944715	1.595257	8.922825	0.152016	-0.082537	0.026234	0.476597	-0.737289	0.478811	0.775999	0.608771	0.164996	-0.413136	0.292920	0.862274
26140	4.965575	1.628310	8.914653	0.159502	-0.077661	0.023506	0.476405	-0.736928	0.479557	0.775253	0.609376	0.166262	-0.414754	0.292570	0.861616
26141	4.802258	1.685365	8.799279	0.169232	-0.080368	0.030530	0.476264	-0.736516	0.480330	0.774438	0.610059	0.167554	-0.416436	0.292186	0.860935
26142	4.969181	1.601311	8.853775	0.195595	-0.088874	0.037930	0.476134	-0.736034	0.481196	0.773467	0.610874	0.169059	-0.418383	0.291694	0.860157
26143	4.791509	1.687247	8.925797	0.198444	-0.085131	0.042373	0.476060	-0.735537	0.482029	0.772467	0.611727	0.170542	-0.420310	0.291163	0.859397
26144	4.829199	1.710119	8.864798	0.228244	-0.116634	0.049718	0.475900	-0.734903	0.483153	0.771295	0.612721	0.172267	-0.422638	0.290672	0.858421
26145	4.781967	1.804081	8.934105	0.247438	-0.126137	0.067488	0.475830	-0.734139	0.484382	0.769968	0.613887	0.174045	-0.425129	0.290143	0.857370
26146	4.702236	1.687663	9.005926	0.252717	-0.153687	0.071752	0.475674	-0.733263	0.485861	0.768576	0.615111	0.175867	-0.427815	0.289766	0.856160
26147	4.691256	1.782352	9.245303	0.262529	-0.224673	0.080205	0.475269	-0.732135	0.487953	0.767111	0.616411	0.177705	-0.430883	0.289856	0.854589
26148	4.771682	1.695670	8.876023	0.231859	-0.249176	0.093106	0.474852	-0.730847	0.490283	0.765693	0.617730	0.179233	-0.433855	0.290297	0.852935
26149	4.788552	1.618964	8.990156	0.315121	-0.305565	0.097378	0.474217	-0.729370	0.493090	0.763895	0.619315	0.181422	-0.437702	0.290635	0.850851
26150	4.727833	1.814162	8.916832	0.322439	-0.329954	0.113656	0.473580	-0.727715	0.496137	0.761965	0.621046	0.183605	-0.441736	0.291088	0.848609
26151	4.958234	1.848744	8.837315	0.346287	-0.394039	0.111579	0.472631	-0.725886	0.499710	0.759938	0.622825	0.185967	-0.446223	0.291854	0.845994
26152	4.897231	1.915225	8.842166	0.372119	-0.422489	0.125304	0.471633	-0.723880	0.503548	0.757704	0.624786	0.188487	-0.451052	0.292644	0.843156
26153	5.064902	1.872089	8.714539	0.339845	-0.460825	0.131016	0.470486	-0.721721	0.507702	0.755584	0.626689	0.190669	-0.455781	0.293904	0.840169
26154	5.112338	1.876495	8.773041	0.351454	-0.494392	0.134722	0.469183	-0.719429	0.512142	0.753367	0.628661	0.192935	-0.460766	0.295309	0.836951
26155	5.160964	1.871396	8.761483	0.319773	-0.523069	0.139869	0.467763	-0.717012	0.516808	0.751269	0.630571	0.194871	-0.465610	0.297108	0.833627
26156	5.264835	1.876175	8.675517	0.305616	-0.543925	0.140535	0.466218	-0.714513	0.521643	0.749209	0.632454	0.196690	-0.470453	0.299119	0.830182
26157	5.187231	2.047126	8.677806	0.306888	-0.571531	0.152794	0.464609	-0.711842	0.526705	0.747085	0.634424	0.198417	-0.475396	0.301307	0.826567
26158	5.105066	2.083625	8.732511	0.295123	-0.609924	0.166052	0.462879	-0.708952	0.532100	0.744932	0.636463	0.199979	-0.480437	0.303812	0.822726
26159	5.114618	1.965028	8.750169	0.275623	-0.683514	0.187136	0.460921	-0.705684	0.538109	0.742774	0.638588	0.201226	-0.485632	0.306945	0.818503
26160	5.032784	1.823765	8.774870	0.276541	-0.751625	0.195101	0.458642	-0.702126	0.544671	0.740554	0.640781	0.202434	-0.491149	0.310514	0.813851
26161	4.954583	1.806022	8.955085	0.271131	-0.850972	0.201288	0.455878	-0.698186	0.552007	0.738332	0.642998	0.203517	-0.497032	0.314786	0.808621
26162	5.065076	1.917811	8.888092	0.242601	-0.967836	0.202321	0.452474	-0.693820	0.560251	0.736227	0.645143	0.204354	-0.503227	0.320007	0.802719
26163	5.018832	1.875077	8.835110	0.234422	-1.074385	0.212163	0.448545	-0.688991	0.569297	0.734122	0.647327	0.205018	-0.509777	0.325974	0.796159
26164	4.857587	1.984467	9.066157	0.266701	-1.229331	0.235837	0.443905	-0.683422	0.579554	0.731727	0.649790	0.205786	-0.517227	0.332726	0.788523
26165	4.894679	1.894974	8.969336	0.170168	-1.430687	0.261556	0.438316	-0.676909	0.591332	0.729725	0.652104	0.205578	-0.524768	0.341401	0.779785
26166	4.873064	1.723246	8.833827	0.178085	-1.638653	0.277984	0.431617	-0.669425	0.604629	0.727600	0.654559	0.205306	-0.533202	0.351315	0.769593
26167	4.857183	1.974267	8.996374	0.230984	-1.859400	0.304008	0.423776	-0.660809	0.619472	0.725095	0.657367	0.205200	-0.542818	0.362217	0.757725
26168	4.832026	2.536046	9.070497	0.211073	-2.120287	0.350526	0.414636	-0.650693	0.636141	0.722495	0.660410	0.204596	-0.553243	0.374776	0.743952
26169	4.666424	3.071062	8.977988	0.102922	-2.385168	0.434512	0.404407	-0.638712	0.654601	0.720177	0.663568	0.202542	-0.563738	0.389519	0.728337
26170	5.658272	2.390747	8.954178	0.044826	-2.709631	0.515231	0.392627	-0.624507	0.675156	0.717894	0.666968	0.199453	-0.574867	0.406380	0.710199
26171	6.685074	2.421074	8.152815	0.133762	-2.788159	0.605086	0.380729	-0.608909	0.695899	0.714811	0.671219	0.196238	-0.586592	0.422723	0.690808
26172	6.336225	2.573711	8.114153	0.139764	-2.926860	0.701645	0.368329	-0.591570	0.717202	0.711381	0.676002	0.192247	-0.598558	0.439394	0.669822
26173	7.001468	2.486321	8.033074	0.026929	-3.087947	0.798482	0.355299	-0.572317	0.739064	0.708361	0.680736	0.186610	-0.609907	0.457222	0.647272
26174	7.563173	2.450408	8.127152	-0.032098	-3.184275	0.887179	0.341915	-0.551410	0.760947	0.705491	0.685540	0.179770	-0.620787	0.475375	0.623411
26175	7.490893	2.102731	7.781787	-0.113461	-3.323237	0.958335	0.327825	-0.528715	0.782937	0.703022	0.690135	0.171682	-0.631103	0.494140	0.597942
26176	9.199994	2.280559	8.286747	-0.051890	-3.377348	0.965608	0.313047	-0.505038	0.804325	0.700282	0.694835	0.163736	-0.641566	0.511997	0.571185
26177	8.993629	2.335636	8.635469	-0.118178	-3.397443	1.025168	0.298219	-0.480204	0.824906	0.697940	0.699241	0.154732	-0.651111	0.529591	0.543680
26178	9.411199	1.833519	8.486280	-0.112070	-3.557605	1.032704	0.282017	-0.453808	0.845295	0.695702	0.703432	0.145538	-0.660654	0.547030	0.514096
26179	10.853845	1.543891	8.770006	0.124531	-3.609704	0.955978	0.264577	-0.427048	0.864656	0.692286	0.708306	0.137995	-0.671372	0.562078	0.483040
26180	11.893035	1.231446	9.474719	0.414009	-3.634051	0.852727	0.245776	-0.400333	0.882796	0.687327	0.714160	0.132504	-0.683503	0.574203	0.450683
26181	11.541491	1.078319	9.330967	0.716713	-3.641082	0.705449	0.225437	-0.374206	0.899526	0.680741	0.721015	0.129339	-0.696972	0.583186	0.417281
26182	11.606569	1.350006	9.443239	1.166467	-3.584282	0.597315	0.204148	-0.348885	0.914660	0.671257	0.729980	0.128619	-0.712557	0.587715	0.383216
26183	10.912728	2.162281	9.978549	1.508776	-3.533843	0.585903	0.182540	-0.323802	0.928349	0.659266	0.740803	0.128757	-0.729416	0.588526	0.348698
26184	11.087419	2.684338	10.774201	1.629375	-3.546852	0.692050	0.160822	-0.297777	0.940992	0.646076	0.752513	0.127714	-0.746139	0.587413	0.313407
26185	11.302974	3.172687	11.053727	1.677695	-3.458960	0.830031	0.140020	-0.271226	0.952276	0.632191	0.764688	0.124842	-0.762055	0.584541	0.278539
26186	9.457575	2.975917	10.536297	1.695226	-3.279324	1.053854	0.121306	-0.244006	0.962157	0.617787	0.777254	0.119225	-0.776932	0.579945	0.245029
26187	5.812903	2.868474	9.690986	1.794561	-3.117334	1.326060	0.104935	-0.215662	0.970813	0.602224	0.790637	0.110542	-0.791400	0.573048	0.212843
26188	2.990616	1.991126	10.047998	1.837710	-3.075313	1.668907	0.090231	-0.184859	0.978614	0.585941	0.804415	0.097927	-0.805315	0.564574	0.180899
26189	2.451493	-1.484575	8.901210	1.551897	-3.092582	2.652874	0.080487	-0.146031	0.986000	0.571090	0.817504	0.074458	-0.816932	0.557102	0.149196
26190	26.355105	-2.126645	18.795604	2.128476	-2.284265	2.763844	0.077116	-0.110668	0.990861	0.551393	0.832740	0.050094	-0.830674	0.542491	0.125239
26191	12.533621	4.766569	17.336003	3.433364	1.652462	2.472508	0.104244	-0.098576	0.989654	0.520336	0.853428	0.030198	-0.847575	0.511804	0.140258
26192	4.039945	10.118089	16.003245	1.480143	2.578707	2.079611	0.136762	-0.093741	0.986159	0.505270	0.862879	0.011951	-0.852056	0.496641	0.165374
26193	-1.158548	8.002508	8.847223	0.726537	3.285110	1.800572	0.173771	-0.094378	0.980253	0.496274	0.868155	-0.004390	-0.850597	0.487237	0.197698
26194	-4.508911	8.656268	9.505733	-0.060524	3.326448	1.569963	0.209668	-0.096914	0.972958	0.493800	0.869350	-0.019818	-0.843920	0.484601	0.230130
