// General information: 
//  MT Manager version: 2022.2.0 
//  XDA version: 2022.2.0 build 7381 rev 124627 built on 2023-07-19
// Device information: 
//  DeviceId: 00B4CAF0
//  ProductCode: MTW2-3A7G6
//  Firmware Version: 4.6.0
//  Hardware Version: 2.0.0
// Device settings: 
//  Filter Profile: human(46.1)
//  Option Flags: Orientation Smoother Disabled, Position/Velocity Smoother Disabled, Continuous Zero Rotation Update Disabled, AHS Disabled, ICC Disabled
// Coordinate system: ENU
PacketCounter	Acc_X	Acc_Y	Acc_Z	Gyr_X	Gyr_Y	Gyr_Z	Mat[1][1]	Mat[2][1]	Mat[3][1]	Mat[1][2]	Mat[2][2]	Mat[3][2]	Mat[1][3]	Mat[2][3]	Mat[3][3]
04412	4.545321	1.489792	9.150379	-0.013965	-0.035003	0.007934	-0.690175	0.577514	0.436046	-0.579282	-0.802057	0.145384	0.433695	-0.152253	0.888103
04413	4.576285	1.521800	9.090038	-0.007372	-0.031450	0.007607	-0.690022	0.577448	0.436376	-0.579317	-0.802049	0.145289	0.433892	-0.152547	0.887957
04414	4.751317	1.485618	9.180583	-0.009387	-0.024910	0.009309	-0.689921	0.577362	0.436649	-0.579330	-0.802061	0.145168	0.434034	-0.152810	0.887842
04415	4.761316	1.459193	9.159555	0.009544	0.007101	0.001820	-0.689922	0.577376	0.436629	-0.579304	-0.802066	0.145248	0.434068	-0.152731	0.887839
04416	4.515423	1.547380	9.114190	0.009380	0.015347	0.005885	-0.689976	0.577379	0.436540	-0.579260	-0.802087	0.145308	0.434041	-0.152611	0.887873
04417	4.580611	1.472774	9.123740	0.005687	0.011932	0.001156	-0.690003	0.577396	0.436474	-0.579243	-0.802090	0.145356	0.434019	-0.152529	0.887898
04418	4.533180	1.500871	9.097933	0.009825	0.018684	0.004206	-0.690062	0.577417	0.436353	-0.579209	-0.802102	0.145427	0.433972	-0.152386	0.887945
04419	4.479467	1.506341	9.127125	0.007530	0.013641	0.003523	-0.690079	0.577454	0.436278	-0.579209	-0.802092	0.145483	0.433945	-0.152301	0.887973
04420	4.497808	1.512579	9.099792	0.003875	0.013648	0.006007	-0.690126	0.577453	0.436204	-0.579188	-0.802105	0.145494	0.433897	-0.152234	0.888008
04421	4.486619	1.480629	9.107423	0.004787	0.005263	0.004520	-0.690138	0.577436	0.436206	-0.579157	-0.802123	0.145520	0.433920	-0.152203	0.888002
04422	4.475043	1.502039	9.104344	-0.000616	0.004913	0.005745	-0.690147	0.577424	0.436210	-0.579157	-0.802128	0.145492	0.433906	-0.152223	0.888005
04423	4.521054	1.474263	9.130828	0.000393	-0.002121	0.005364	-0.690123	0.577400	0.436279	-0.579150	-0.802136	0.145475	0.433952	-0.152275	0.887974
04424	4.551819	1.458446	9.106267	0.000779	0.003287	0.009791	-0.690148	0.577353	0.436303	-0.579117	-0.802166	0.145442	0.433959	-0.152293	0.887968
04425	4.531555	1.505615	9.123637	-0.004754	-0.001839	0.002694	-0.690110	0.577350	0.436366	-0.579151	-0.802150	0.145391	0.433973	-0.152386	0.887945
04426	4.528323	1.442223	9.086442	-0.000256	-0.000632	0.003894	-0.690083	0.577345	0.436415	-0.579163	-0.802145	0.145375	0.434000	-0.152435	0.887923
04427	4.690513	1.486755	9.188452	0.001388	0.005901	0.003110	-0.690118	0.577310	0.436407	-0.579121	-0.802175	0.145374	0.434001	-0.152407	0.887928
04428	4.504937	1.485227	9.080380	0.005782	0.013286	0.002267	-0.690142	0.577338	0.436330	-0.579117	-0.802170	0.145418	0.433967	-0.152327	0.887958
04429	4.529667	1.505304	9.124626	-0.003470	0.010240	0.003761	-0.690130	0.577387	0.436286	-0.579185	-0.802129	0.145376	0.433896	-0.152362	0.887987
04430	4.514095	1.463687	9.084678	0.006526	0.013149	0.004845	-0.690169	0.577394	0.436215	-0.579160	-0.802139	0.145416	0.433867	-0.152277	0.888015
04431	4.492723	1.511325	9.102512	-0.002373	0.012087	0.003550	-0.690225	0.577373	0.436153	-0.579141	-0.802160	0.145380	0.433803	-0.152249	0.888051
04432	4.539933	1.488458	9.153271	0.003487	0.008243	0.001583	-0.690223	0.577400	0.436121	-0.579152	-0.802147	0.145407	0.433791	-0.152217	0.888063
04433	4.437431	1.457871	9.118563	-0.000074	0.009603	0.005173	-0.690259	0.577385	0.436084	-0.579138	-0.802161	0.145386	0.433753	-0.152198	0.888084
04434	4.513001	1.468189	9.110146	0.000840	0.001215	0.003684	-0.690239	0.577384	0.436117	-0.579146	-0.802156	0.145380	0.433774	-0.152228	0.888069
04435	4.547737	1.461997	9.133388	0.000936	0.002567	0.004791	-0.690246	0.577355	0.436144	-0.579122	-0.802175	0.145370	0.433794	-0.152239	0.888057
04436	4.555998	1.489254	9.102332	0.000840	0.001215	0.003684	-0.690227	0.577353	0.436177	-0.579130	-0.802170	0.145364	0.433815	-0.152269	0.888042
04437	4.523128	1.500053	9.103070	0.001843	0.001709	0.002367	-0.690181	0.577383	0.436210	-0.579166	-0.802143	0.145375	0.433840	-0.152303	0.888024
04438	4.512517	1.467994	9.110416	0.001938	0.003061	0.003474	-0.690168	0.577386	0.436226	-0.579170	-0.802139	0.145380	0.433854	-0.152313	0.888015
04439	4.588212	1.478483	9.101920	0.001290	0.004551	0.002004	-0.690188	0.577358	0.436231	-0.579138	-0.802162	0.145383	0.433866	-0.152296	0.888012
04440	4.565340	1.521509	9.095589	0.004230	0.008106	0.004161	-0.690201	0.577364	0.436204	-0.579128	-0.802165	0.145405	0.433859	-0.152259	0.888022
04441	4.571413	1.482355	9.178119	0.002933	0.011085	0.001222	-0.690224	0.577377	0.436150	-0.579121	-0.802166	0.145428	0.433832	-0.152206	0.888045
04442	4.563209	1.522066	9.096565	0.006323	0.017977	0.001699	-0.690265	0.577417	0.436032	-0.579119	-0.802158	0.145480	0.433769	-0.152094	0.888095
04443	4.496911	1.490443	9.109156	0.003217	0.015145	0.004544	-0.690288	0.577454	0.435946	-0.579139	-0.802141	0.145493	0.433706	-0.152041	0.888135
04444	4.506905	1.469039	9.113026	0.002023	0.011946	0.003647	-0.690315	0.577470	0.435883	-0.579142	-0.802138	0.145498	0.433659	-0.151999	0.888164
04445	4.527438	1.479873	9.109564	0.006518	0.013154	0.004852	-0.690369	0.577455	0.435817	-0.579092	-0.802167	0.145537	0.433639	-0.151904	0.888191
04446	4.547916	1.490805	9.106120	0.002282	0.012577	-0.000247	-0.690376	0.577502	0.435743	-0.579121	-0.802141	0.145561	0.433590	-0.151857	0.888223
04447	4.438040	1.491500	9.115835	0.006421	0.011802	0.003746	-0.690407	0.577509	0.435685	-0.579096	-0.802152	0.145604	0.433573	-0.151777	0.888244
04448	4.568333	1.448483	9.113592	0.004968	0.007973	0.006743	-0.690434	0.577493	0.435663	-0.579065	-0.802171	0.145622	0.433572	-0.151735	0.888252
04449	4.543230	1.486688	9.083478	0.000923	0.010102	0.003858	-0.690441	0.577516	0.435621	-0.579086	-0.802157	0.145617	0.433532	-0.151722	0.888274
04450	4.492240	1.496461	9.136117	0.004036	0.005404	0.001951	-0.690430	0.577535	0.435614	-0.579092	-0.802147	0.145647	0.433543	-0.151701	0.888272
04451	4.498783	1.465852	9.091921	0.005133	0.007250	0.001742	-0.690423	0.577558	0.435594	-0.579095	-0.802137	0.145688	0.433550	-0.151664	0.888275
04452	4.510852	1.502839	9.108700	0.000189	0.002707	0.002215	-0.690401	0.577571	0.435612	-0.579116	-0.802123	0.145683	0.433557	-0.151690	0.888267
04453	4.489041	1.492471	9.112705	0.007243	0.002059	0.001151	-0.690386	0.577571	0.435636	-0.579091	-0.802130	0.145744	0.433615	-0.151653	0.888245
04454	4.510582	1.503354	9.108749	-0.001745	-0.000357	-0.001261	-0.690330	0.577608	0.435676	-0.579144	-0.802093	0.145737	0.433631	-0.151712	0.888227
04455	4.556478	1.475568	9.135365	0.000763	0.003295	0.009796	-0.690315	0.577606	0.435702	-0.579162	-0.802085	0.145707	0.433631	-0.151758	0.888219
04456	4.677194	1.511907	9.143087	0.002928	0.011090	0.001225	-0.690324	0.577640	0.435644	-0.579178	-0.802069	0.145731	0.433596	-0.151714	0.888244
04457	4.473888	1.509500	9.086441	0.006221	0.016631	0.000599	-0.690341	0.577700	0.435537	-0.579200	-0.802043	0.145787	0.433541	-0.151620	0.888287
04458	4.496885	1.471436	9.117588	-0.000543	0.013808	0.005920	-0.690388	0.577700	0.435461	-0.579198	-0.802050	0.145759	0.433466	-0.151588	0.888329
04459	4.506167	1.503430	9.110921	0.003114	0.013798	0.003442	-0.690394	0.577751	0.435384	-0.579234	-0.802021	0.145777	0.433410	-0.151546	0.888364
04460	4.492542	1.466523	9.094898	-0.000639	0.012455	0.004813	-0.690430	0.577758	0.435319	-0.579240	-0.802020	0.145753	0.433345	-0.151522	0.888399
04461	4.539580	1.443604	9.145813	0.002569	0.009109	0.004015	-0.690456	0.577752	0.435286	-0.579223	-0.802032	0.145761	0.433327	-0.151486	0.888414
04462	4.446968	1.499012	9.092961	0.006134	0.007745	0.000429	-0.690445	0.577787	0.435256	-0.579231	-0.802016	0.145816	0.433333	-0.151436	0.888420
04463	4.537824	1.497599	9.135683	-0.000170	0.000725	0.005003	-0.690414	0.577791	0.435300	-0.579254	-0.802003	0.145797	0.433352	-0.151489	0.888402
04464	4.527205	1.465357	9.143045	0.002765	0.004284	0.007165	-0.690428	0.577767	0.435310	-0.579229	-0.802021	0.145793	0.433362	-0.151485	0.888397
04465	4.517733	1.491547	9.163746	0.001284	0.004555	0.002008	-0.690415	0.577778	0.435315	-0.579241	-0.802012	0.145798	0.433367	-0.151491	0.888394
04466	4.502228	1.503612	9.112838	0.002935	0.003558	0.002162	-0.690397	0.577793	0.435325	-0.579250	-0.802001	0.145818	0.433383	-0.151490	0.888386
04467	4.558208	1.508339	9.132347	0.004126	0.006760	0.003062	-0.690390	0.577814	0.435308	-0.579258	-0.801991	0.145845	0.433384	-0.151466	0.888390
04468	4.560215	1.459835	9.167096	0.005223	0.008607	0.002854	-0.690397	0.577830	0.435274	-0.579253	-0.801988	0.145881	0.433379	-0.151418	0.888400
04469	4.557205	1.455596	9.143651	0.008514	0.014149	0.002230	-0.690422	0.577862	0.435192	-0.579240	-0.801985	0.145950	0.433357	-0.151314	0.888429
04470	4.567783	1.546654	9.150148	0.008513	0.014149	0.002231	-0.690450	0.577892	0.435108	-0.579225	-0.801983	0.146019	0.433333	-0.151207	0.888459
04471	4.608714	1.456389	9.140425	0.001447	0.022335	0.002356	-0.690510	0.577939	0.434951	-0.579246	-0.801967	0.146025	0.433210	-0.151112	0.888535
04472	4.581990	1.495084	9.111016	0.010589	0.031563	-0.001157	-0.690593	0.578023	0.434707	-0.579245	-0.801949	0.146126	0.433077	-0.150888	0.888638
04473	4.427890	1.587277	9.131587	0.012790	0.027725	-0.000636	-0.690645	0.578116	0.434501	-0.579254	-0.801921	0.146247	0.432983	-0.150681	0.888719
04474	4.518982	1.434060	9.080740	0.003077	0.028881	0.001581	-0.690733	0.578174	0.434285	-0.579267	-0.801907	0.146270	0.432826	-0.150533	0.888820
04475	4.466796	1.556165	9.136628	0.009678	0.024896	0.002208	-0.690807	0.578218	0.434109	-0.579245	-0.801908	0.146350	0.432737	-0.150356	0.888893
04476	4.469954	1.520934	9.069334	0.004827	0.021706	0.003782	-0.690876	0.578247	0.433960	-0.579235	-0.801910	0.146379	0.432640	-0.150235	0.888961
04477	4.461729	1.498643	9.125097	0.004194	0.015659	0.003244	-0.690909	0.578277	0.433866	-0.579239	-0.801903	0.146405	0.432581	-0.150159	0.889003
04478	4.469923	1.472331	9.105099	-0.000459	0.007639	0.007965	-0.690942	0.578251	0.433848	-0.579223	-0.801921	0.146369	0.432550	-0.150162	0.889017
04479	4.482367	1.455135	9.132734	-0.004590	0.008413	0.003964	-0.690958	0.578252	0.433823	-0.579246	-0.801914	0.146314	0.432495	-0.150193	0.889039
04480	4.540166	1.464107	9.176361	0.002014	0.004424	0.004591	-0.690957	0.578248	0.433829	-0.579242	-0.801917	0.146314	0.432500	-0.150195	0.889036
04481	4.561452	1.474915	9.172615	0.005676	0.004413	0.002118	-0.690962	0.578239	0.433834	-0.579211	-0.801931	0.146357	0.432534	-0.150154	0.889026
04482	4.582375	1.485916	9.169020	0.003920	0.011594	-0.000079	-0.690965	0.578283	0.433769	-0.579232	-0.801909	0.146395	0.432501	-0.150099	0.889052
04483	4.624051	1.507526	9.161989	0.005182	0.023693	0.001000	-0.691025	0.578336	0.433604	-0.579239	-0.801896	0.146440	0.432397	-0.149967	0.889125
04484	4.518840	1.584646	9.106221	0.006725	0.028882	-0.000882	-0.691098	0.578413	0.433384	-0.579253	-0.801874	0.146506	0.432260	-0.149789	0.889221
04485	4.520703	1.541227	9.165801	0.005716	0.028392	0.000435	-0.691179	0.578473	0.433175	-0.579257	-0.801862	0.146557	0.432126	-0.149622	0.889315
04486	4.478133	1.479820	9.082738	0.002410	0.030389	0.000122	-0.691265	0.578544	0.432943	-0.579283	-0.801839	0.146581	0.431954	-0.149470	0.889424
04487	4.448047	1.558931	9.145300	0.006176	0.024194	-0.000306	-0.691311	0.578620	0.432768	-0.579308	-0.801810	0.146641	0.431847	-0.149331	0.889499
04488	4.474793	1.538579	9.098166	-0.005367	0.023635	-0.000480	-0.691364	0.578686	0.432595	-0.579371	-0.801772	0.146597	0.431676	-0.149281	0.889590
04489	4.475230	1.489420	9.133774	-0.000510	0.022730	0.006109	-0.691458	0.578685	0.432445	-0.579356	-0.801788	0.146569	0.431547	-0.149193	0.889668
04490	4.508075	1.483125	9.158127	0.000963	0.019021	0.004050	-0.691517	0.578708	0.432320	-0.579361	-0.801786	0.146562	0.431445	-0.149119	0.889730
04491	4.572971	1.519681	9.171431	0.003327	0.025434	0.005861	-0.691611	0.578728	0.432144	-0.579346	-0.801795	0.146570	0.431315	-0.148992	0.889814
04492	4.588824	1.467205	9.131809	0.001565	0.032622	0.003667	-0.691726	0.578774	0.431898	-0.579351	-0.801791	0.146570	0.431123	-0.148834	0.889933
04493	4.573899	1.542698	9.119275	0.011253	0.039014	0.000547	-0.691865	0.578835	0.431594	-0.579315	-0.801799	0.146670	0.430949	-0.148553	0.890065
04494	4.497620	1.542495	9.176937	0.003250	0.048080	0.003086	-0.692044	0.578908	0.431209	-0.579317	-0.801795	0.146688	0.430660	-0.148292	0.890248
04495	4.409829	1.347488	9.099628	-0.004523	0.041325	0.002474	-0.692173	0.578992	0.430888	-0.579375	-0.801761	0.146641	0.430373	-0.148145	0.890411
04496	4.409612	1.410970	9.138271	0.012541	0.032600	-0.003715	-0.692246	0.579097	0.430630	-0.579384	-0.801731	0.146771	0.430244	-0.147899	0.890514
04497	4.427905	1.476378	9.124953	0.012002	0.027904	-0.003148	-0.692339	0.579141	0.430421	-0.579336	-0.801743	0.146891	0.430158	-0.147660	0.890596
04498	4.392681	1.488444	9.126300	0.010820	0.024698	-0.004054	-0.692376	0.579236	0.430234	-0.579355	-0.801709	0.147007	0.430074	-0.147473	0.890667
04499	4.471872	1.567911	9.179983	0.012409	0.014795	-0.004076	-0.692333	0.579361	0.430135	-0.579416	-0.801640	0.147141	0.430061	-0.147356	0.890693
04500	4.579966	1.461377	9.193864	0.006418	0.024847	-0.004171	-0.692370	0.579458	0.429946	-0.579454	-0.801598	0.147218	0.429951	-0.147204	0.890771
04501	4.507505	1.527951	9.137283	0.009862	0.033119	-0.002553	-0.692461	0.579539	0.429688	-0.579451	-0.801582	0.147319	0.429808	-0.146971	0.890879
04502	4.449950	1.529273	9.142733	0.008399	0.033388	-0.007714	-0.692514	0.579677	0.429418	-0.579505	-0.801523	0.147429	0.429650	-0.146753	0.890991
04503	4.436299	1.497997	9.151347	0.004448	0.032777	-0.001357	-0.692654	0.579694	0.429169	-0.579456	-0.801550	0.147473	0.429489	-0.146536	0.891104
04504	4.453751	1.450835	9.135767	0.002820	0.030329	-0.008739	-0.692687	0.579835	0.428924	-0.579542	-0.801476	0.147538	0.429320	-0.146381	0.891211
04505	4.473847	1.520606	9.146401	0.007856	0.028696	-0.007141	-0.692719	0.579962	0.428702	-0.579596	-0.801418	0.147642	0.429196	-0.146199	0.891301
04506	4.414745	1.516874	9.127823	0.002895	0.031693	-0.007624	-0.692765	0.580096	0.428446	-0.579674	-0.801350	0.147703	0.429017	-0.146036	0.891413
04507	4.369447	1.442678	9.147163	0.001751	0.020931	-0.007610	-0.692780	0.580191	0.428293	-0.579730	-0.801300	0.147752	0.428916	-0.145935	0.891479
04508	4.501603	1.463276	9.183960	0.008723	0.018925	-0.009742	-0.692758	0.580323	0.428149	-0.579798	-0.801229	0.147874	0.428860	-0.145798	0.891528
04509	4.477251	1.507738	9.177767	0.014651	0.023980	-0.011485	-0.692741	0.580482	0.427961	-0.579858	-0.801151	0.148057	0.428806	-0.145592	0.891588
04510	4.425616	1.527224	9.103823	0.007873	0.025257	-0.014355	-0.692720	0.580661	0.427753	-0.579961	-0.801052	0.148191	0.428701	-0.145425	0.891665
04511	4.392043	1.544174	9.128940	0.008678	0.026486	-0.010659	-0.692774	0.580749	0.427546	-0.579966	-0.801026	0.148313	0.428608	-0.145215	0.891744
04512	4.378621	1.566818	9.126338	0.006333	0.020062	-0.012481	-0.692741	0.580905	0.427387	-0.580062	-0.800936	0.148425	0.428530	-0.145091	0.891802
04513	4.353768	1.552284	9.106729	0.003911	0.008173	-0.007269	-0.692662	0.581030	0.427344	-0.580165	-0.800848	0.148495	0.428518	-0.145073	0.891811
04514	4.366518	1.482495	9.145127	-0.002662	0.004608	-0.007000	-0.692595	0.581120	0.427331	-0.580262	-0.800776	0.148503	0.428495	-0.145111	0.891815
04515	4.332866	1.546959	9.134710	-0.002260	-0.000962	-0.008859	-0.692487	0.581221	0.427369	-0.580377	-0.800689	0.148524	0.428515	-0.145184	0.891794
04516	4.422306	1.540661	9.154227	-0.007059	-0.011723	-0.006394	-0.692353	0.581282	0.427502	-0.580488	-0.800615	0.148491	0.428580	-0.145352	0.891736
04517	4.530275	1.535613	9.122050	0.003908	-0.008298	-0.006535	-0.692246	0.581331	0.427608	-0.580534	-0.800569	0.148555	0.428690	-0.145405	0.891674
04518	4.529249	1.643358	9.100361	0.005037	0.002472	-0.006545	-0.692173	0.581414	0.427615	-0.580595	-0.800511	0.148630	0.428726	-0.145393	0.891658
04519	4.512635	1.594147	9.186746	-0.004240	0.011071	-0.014196	-0.692118	0.581536	0.427537	-0.580710	-0.800424	0.148654	0.428658	-0.145389	0.891692
04520	4.386665	1.548168	9.130849	-0.003352	0.013658	-0.009392	-0.692076	0.581658	0.427440	-0.580827	-0.800337	0.148666	0.428569	-0.145380	0.891736
04521	4.414113	1.581139	9.072783	-0.008918	0.010586	-0.010432	-0.692016	0.581778	0.427374	-0.580969	-0.800240	0.148634	0.428473	-0.145434	0.891773
04522	4.221683	1.659415	9.146244	-0.022709	0.004944	-0.011367	-0.691925	0.581903	0.427351	-0.581182	-0.800113	0.148482	0.428331	-0.145630	0.891809
04523	4.295780	1.272783	9.118380	-0.055815	-0.021075	-0.005213	-0.691740	0.581959	0.427574	-0.581515	-0.799958	0.148010	0.428177	-0.146256	0.891781
04524	4.344839	1.465997	9.149801	-0.013910	-0.032387	-0.001511	-0.691547	0.581950	0.427899	-0.581622	-0.799902	0.147895	0.428345	-0.146599	0.891644
04525	4.337328	1.484617	9.145052	-0.045821	-0.046270	0.005759	-0.691387	0.581798	0.428363	-0.581743	-0.799894	0.147461	0.428438	-0.147245	0.891493
04526	4.368047	1.281037	9.206307	-0.054031	-0.056378	0.006801	-0.691139	0.581687	0.428915	-0.581965	-0.799826	0.146952	0.428537	-0.148049	0.891312
04527	4.440344	1.313469	9.216932	-0.033397	-0.063002	0.004295	-0.690834	0.581599	0.429525	-0.582131	-0.799763	0.146640	0.428804	-0.148736	0.891069
04528	4.437779	1.282785	9.245500	-0.035766	-0.069406	0.002485	-0.690504	0.581502	0.430186	-0.582304	-0.799697	0.146313	0.429099	-0.149469	0.890805
04529	4.440397	1.324354	9.184186	-0.018047	-0.079598	-0.002219	-0.690079	0.581455	0.430930	-0.582466	-0.799605	0.146165	0.429562	-0.150136	0.890469
04530	4.540553	1.326427	9.247880	-0.010450	-0.083074	-0.002877	-0.689659	0.581380	0.431704	-0.582568	-0.799545	0.146087	0.430099	-0.150746	0.890107
04531	4.573937	1.520160	9.154022	0.002664	-0.068392	-0.004353	-0.689285	0.581346	0.432347	-0.582633	-0.799490	0.146133	0.430610	-0.151172	0.889787
04532	4.405954	1.376321	9.168068	-0.014395	-0.070650	-0.004436	-0.688908	0.581301	0.433007	-0.582763	-0.799415	0.146026	0.431037	-0.151742	0.889484
04533	4.380419	1.448884	9.028081	0.006520	-0.080751	-0.002737	-0.688495	0.581228	0.433761	-0.582792	-0.799380	0.146099	0.431657	-0.152205	0.889104
04534	4.293554	1.823203	9.057322	0.029191	-0.098027	0.001152	-0.688032	0.581095	0.434673	-0.582695	-0.799404	0.146356	0.432526	-0.152584	0.888617
04535	4.539990	1.655646	9.141778	-0.003146	-0.113832	0.011373	-0.687560	0.580853	0.435743	-0.582664	-0.799440	0.146281	0.433318	-0.153315	0.888105
04536	4.663522	1.507700	9.057040	0.011619	-0.100147	0.010022	-0.687137	0.580645	0.436685	-0.582582	-0.799489	0.146343	0.434098	-0.153847	0.887632
04537	4.773243	1.530511	9.214491	0.008617	-0.088606	0.006020	-0.686734	0.580494	0.437520	-0.582548	-0.799503	0.146396	0.434781	-0.154341	0.887212
04538	4.511567	1.379990	9.138176	0.015335	-0.078222	-0.000208	-0.686345	0.580401	0.438251	-0.582520	-0.799498	0.146536	0.435431	-0.154716	0.886827
04539	4.612025	1.394018	9.074227	0.034714	-0.072963	-0.005569	-0.685948	0.580356	0.438933	-0.582441	-0.799494	0.146871	0.436162	-0.154906	0.886435
04540	4.679905	1.635219	9.142675	0.033581	-0.067261	-0.006280	-0.685571	0.580328	0.439558	-0.582374	-0.799483	0.147200	0.436843	-0.155072	0.886071
04541	4.657270	1.501249	9.069119	0.022102	-0.058931	-0.006243	-0.685246	0.580292	0.440113	-0.582334	-0.799470	0.147425	0.437407	-0.155271	0.885758
04542	4.620289	1.540563	9.087404	0.022823	-0.051526	-0.004598	-0.684947	0.580275	0.440601	-0.582303	-0.799451	0.147650	0.437917	-0.155431	0.885477
04543	4.569009	1.484574	9.076304	0.018118	-0.047908	-0.008947	-0.684635	0.580301	0.441052	-0.582325	-0.799398	0.147853	0.438375	-0.155610	0.885219
04544	4.545502	1.453085	9.132921	0.009866	-0.050458	-0.008765	-0.684316	0.580318	0.441523	-0.582379	-0.799335	0.147982	0.438802	-0.155867	0.884962
04545	4.601555	1.503595	9.091065	0.022948	-0.052225	-0.009577	-0.683990	0.580331	0.442011	-0.582371	-0.799294	0.148230	0.439319	-0.156027	0.884677
04546	4.484986	1.468798	9.081474	0.007648	-0.054135	-0.008319	-0.683657	0.580339	0.442516	-0.582431	-0.799231	0.148337	0.439758	-0.156323	0.884407
04547	4.412796	1.455523	9.063268	0.028780	-0.078610	-0.008671	-0.683230	0.580292	0.443236	-0.582378	-0.799215	0.148632	0.440491	-0.156581	0.883997
04548	4.628990	1.596049	9.062741	0.028104	-0.084625	-0.009171	-0.682757	0.580258	0.444009	-0.582354	-0.799178	0.148924	0.441257	-0.156891	0.883560
04549	4.513984	1.503849	9.038659	0.024327	-0.085949	-0.007767	-0.682301	0.580190	0.444797	-0.582313	-0.799161	0.149176	0.442015	-0.157228	0.883121
04550	4.558478	1.559548	9.070108	0.039820	-0.098410	-0.010993	-0.681755	0.580150	0.445687	-0.582249	-0.799132	0.149579	0.442942	-0.157524	0.882603
04551	4.643185	1.573914	9.055862	0.034384	-0.098734	-0.009730	-0.681221	0.580088	0.446583	-0.582189	-0.799111	0.149929	0.443841	-0.157861	0.882091
04552	4.619074	1.588527	9.051621	0.039082	-0.096865	-0.012410	-0.680671	0.580060	0.447456	-0.582136	-0.799073	0.150332	0.444752	-0.158154	0.881580
04553	4.681651	1.592493	9.041585	0.037298	-0.089686	-0.014603	-0.680152	0.580046	0.448263	-0.582090	-0.799032	0.150729	0.445606	-0.158411	0.881102
04554	4.679004	1.564334	9.044443	0.035930	-0.084617	-0.011432	-0.679661	0.580029	0.449029	-0.582044	-0.798995	0.151100	0.446414	-0.158658	0.880649
04555	4.709869	1.471487	9.057407	0.030616	-0.083600	-0.009068	-0.679233	0.579942	0.449789	-0.581945	-0.799009	0.151410	0.447194	-0.158909	0.880207
04556	4.715106	1.581766	9.031451	0.032243	-0.077062	-0.009873	-0.678784	0.579924	0.450490	-0.581904	-0.798976	0.151742	0.447929	-0.159142	0.879792
04557	4.688603	1.483185	9.026435	0.015628	-0.073938	-0.005399	-0.678385	0.579861	0.451171	-0.581891	-0.798954	0.151906	0.448549	-0.159481	0.879414
04558	4.704539	1.571145	9.004126	0.031414	-0.074815	-0.006325	-0.677965	0.579818	0.451857	-0.581830	-0.798940	0.152215	0.449263	-0.159707	0.879009
04559	4.689679	1.562602	9.004593	0.013473	-0.074157	0.002282	-0.677585	0.579722	0.452549	-0.581808	-0.798934	0.152327	0.449865	-0.160082	0.878633
04560	4.716569	1.516181	8.983600	0.015217	-0.075860	-0.002546	-0.677181	0.579647	0.453250	-0.581794	-0.798916	0.152476	0.450491	-0.160444	0.878246
04561	4.715801	1.602285	9.013264	0.016177	-0.073270	0.002235	-0.676824	0.579530	0.453932	-0.581734	-0.798934	0.152611	0.451104	-0.160777	0.877870
04562	4.713500	1.629488	9.030207	0.008362	-0.070419	0.006872	-0.676499	0.579388	0.454598	-0.581686	-0.798960	0.152656	0.451653	-0.161162	0.877517
04563	4.704819	1.587757	8.986883	0.003074	-0.069414	0.009237	-0.676193	0.579226	0.455259	-0.581645	-0.798992	0.152645	0.452164	-0.161582	0.877177
04564	4.648913	1.448270	9.018557	-0.006401	-0.075152	0.008632	-0.675855	0.579061	0.455969	-0.581652	-0.799004	0.152553	0.452659	-0.162111	0.876824
04565	4.693390	1.513095	8.947421	0.013398	-0.085615	0.011537	-0.675492	0.578850	0.456775	-0.581544	-0.799070	0.152622	0.453341	-0.162540	0.876392
04566	4.723049	1.623772	9.043465	0.012149	-0.088782	0.010696	-0.675104	0.578646	0.457607	-0.581453	-0.799125	0.152683	0.454034	-0.163000	0.875947
04567	4.794064	1.609550	8.910346	-0.001880	-0.077937	0.018039	-0.674828	0.578374	0.458357	-0.581348	-0.799220	0.152586	0.454580	-0.163495	0.875572
04568	4.797445	1.645662	8.974678	0.020609	-0.073920	0.017745	-0.674547	0.578137	0.459068	-0.581171	-0.799329	0.152689	0.455222	-0.163801	0.875181
04569	4.811667	1.673613	8.939545	0.016353	-0.064939	0.017790	-0.674298	0.577925	0.459700	-0.581026	-0.799422	0.152755	0.455775	-0.164095	0.874838
04570	4.872364	1.620407	8.941674	0.015442	-0.048369	0.023208	-0.674165	0.577686	0.460196	-0.580836	-0.799554	0.152787	0.456215	-0.164294	0.874572
04571	4.874872	1.562167	8.926595	0.013537	-0.034376	0.023861	-0.674112	0.577449	0.460572	-0.580632	-0.799700	0.152799	0.456553	-0.164419	0.874372
04572	4.773676	1.626608	8.973027	0.030901	-0.028036	0.026991	-0.674093	0.577213	0.460896	-0.580345	-0.799879	0.152949	0.456945	-0.164377	0.874175
04573	4.833091	1.644848	8.886463	0.023804	-0.021269	0.026020	-0.674093	0.577004	0.461157	-0.580108	-0.800033	0.153041	0.457246	-0.164357	0.874021
04574	4.806642	1.554913	8.932342	0.034850	-0.008293	0.030739	-0.674185	0.576770	0.461314	-0.579778	-0.800241	0.153208	0.457528	-0.164169	0.873909
04575	4.786138	1.534448	9.038842	0.050673	-0.001706	0.028723	-0.674281	0.576582	0.461409	-0.579410	-0.800446	0.153524	0.457852	-0.163827	0.873803
04576	4.719947	1.625545	8.926760	0.066165	0.005015	0.035611	-0.674463	0.576331	0.461458	-0.578904	-0.800732	0.153941	0.458225	-0.163312	0.873704
04577	4.775958	1.687904	8.932768	0.065495	0.006502	0.034145	-0.674655	0.576077	0.461492	-0.578392	-0.801022	0.154359	0.458588	-0.162784	0.873612
04578	4.793106	1.627638	8.993878	0.078107	0.011034	0.040041	-0.674890	0.575801	0.461495	-0.577800	-0.801352	0.154861	0.458989	-0.162138	0.873522
04579	4.763229	1.607902	8.926429	0.095307	0.016047	0.042102	-0.675175	0.575495	0.461460	-0.577092	-0.801738	0.155502	0.459460	-0.161314	0.873427
04580	4.702218	1.647023	8.975548	0.116180	0.017034	0.049871	-0.675493	0.575148	0.461426	-0.576258	-0.802184	0.156290	0.460039	-0.160327	0.873304
04581	4.694997	1.575587	9.017026	0.135963	0.007976	0.053937	-0.675791	0.574754	0.461481	-0.575305	-0.802684	0.157233	0.460793	-0.159236	0.873106
04582	4.614370	1.566033	8.977929	0.159678	0.002982	0.058794	-0.676095	0.574313	0.461585	-0.574208	-0.803248	0.158360	0.461715	-0.157980	0.872847
04583	4.603496	1.695418	9.051427	0.185379	-0.020735	0.066327	-0.676320	0.573786	0.461910	-0.572954	-0.803883	0.159676	0.462941	-0.156661	0.872435
04584	4.356433	1.640483	9.265139	0.173806	-0.052394	0.080970	-0.676493	0.573079	0.462534	-0.571637	-0.804591	0.160822	0.464314	-0.155607	0.871894
04585	4.598339	1.705475	9.170892	0.209389	-0.116764	0.088115	-0.676397	0.572223	0.463732	-0.570114	-0.805386	0.162243	0.466323	-0.154640	0.870993
04586	4.236322	1.645548	9.547397	0.231919	-0.147858	0.102010	-0.676239	0.571200	0.465223	-0.568377	-0.806300	0.163792	0.468667	-0.153659	0.869908
04587	3.686454	1.980006	9.881867	0.239034	-0.272972	0.142293	-0.675710	0.569663	0.467868	-0.566332	-0.807448	0.165211	0.471894	-0.153334	0.868219
04588	4.056748	2.320226	9.800202	0.196855	-0.521624	0.204683	-0.674345	0.567232	0.472765	-0.564054	-0.808888	0.165959	0.476551	-0.154752	0.865420
04589	4.217391	1.521302	9.616236	0.155282	-0.647112	0.237189	-0.672526	0.564333	0.478786	-0.561756	-0.810441	0.166177	0.481808	-0.157203	0.862061
04590	4.144128	1.653294	9.801186	0.168496	-0.776466	0.257569	-0.670157	0.561038	0.485929	-0.559247	-0.812131	0.166389	0.487989	-0.160247	0.858014
04591	4.057688	2.009667	9.933237	0.151014	-0.992415	0.274718	-0.666759	0.557219	0.494913	-0.556706	-0.813885	0.166340	0.495490	-0.164613	0.852873
04592	4.146041	2.322315	10.019647	0.123709	-1.210044	0.316285	-0.662418	0.552642	0.505756	-0.554023	-0.815821	0.165814	0.504242	-0.170362	0.846591
04593	4.142256	2.485162	9.921197	0.044732	-1.462498	0.372170	-0.656978	0.547080	0.518733	-0.551378	-0.817919	0.164292	0.514162	-0.178081	0.839002
04594	4.366445	2.379318	10.195772	-0.051933	-1.692297	0.436403	-0.650536	0.540435	0.533603	-0.548832	-0.820170	0.161570	0.524963	-0.187751	0.830159
04595	4.599408	2.515258	10.224296	-0.200720	-1.904657	0.531971	-0.643293	0.532402	0.550202	-0.546492	-0.822609	0.157040	0.536209	-0.199659	0.820132
04596	5.102611	2.851207	10.187492	-0.384314	-2.076062	0.647732	-0.635527	0.522797	0.568144	-0.544470	-0.825205	0.150296	0.547410	-0.213820	0.809088
04597	4.813851	2.988412	10.867880	-0.656719	-2.289097	0.801836	-0.627180	0.511101	0.587725	-0.543074	-0.827864	0.140400	0.558314	-0.231122	0.796786
04598	5.240811	3.525833	11.185136	-0.953502	-2.549596	0.988821	-0.618123	0.496766	0.609218	-0.542329	-0.830518	0.126962	0.569037	-0.251918	0.782773
04599	4.669200	3.933352	11.451978	-1.315335	-2.853952	1.231276	-0.608360	0.479001	0.632816	-0.542366	-0.833023	0.109138	0.579428	-0.276823	0.766572
04600	4.813221	3.593586	10.654941	-1.639131	-3.247378	1.443442	-0.597152	0.457522	0.658850	-0.543287	-0.834983	0.087421	0.590126	-0.305741	0.747177
04601	6.410530	3.104453	11.577537	-1.634199	-3.521068	1.640229	-0.585021	0.432544	0.686044	-0.543368	-0.837022	0.064380	0.602081	-0.335111	0.724706
04602	8.704417	3.448055	11.420483	-1.665178	-3.575308	1.835120	-0.573198	0.404681	0.712515	-0.542899	-0.838859	0.039694	0.613763	-0.364071	0.700533
04603	8.536673	3.149712	11.503832	-1.840028	-3.697641	1.946559	-0.560816	0.374346	0.738478	-0.543290	-0.839446	0.012942	0.624757	-0.393950	0.674153
04604	9.919154	1.877695	10.369773	-1.910254	-3.729263	1.919407	-0.547710	0.343012	0.763123	-0.544719	-0.838501	-0.014064	0.635055	-0.423390	0.646100
04605	9.966627	1.018523	9.333918	-1.475692	-3.605965	1.791926	-0.534307	0.312300	0.785484	-0.544513	-0.837926	-0.037241	0.646547	-0.447604	0.617760
04606	9.602369	0.606800	8.968657	-1.158521	-3.425398	1.688370	-0.521082	0.282491	0.805402	-0.543196	-0.837625	-0.057647	0.658340	-0.467529	0.589919
04607	8.987732	0.324384	8.057215	-0.831462	-3.217036	1.572226	-0.508173	0.254040	0.822936	-0.540659	-0.837873	-0.075213	0.670408	-0.483149	0.563134
04608	7.594726	0.507308	7.506299	-0.528620	-2.988732	1.524407	-0.496108	0.226654	0.838156	-0.536614	-0.838933	-0.090760	0.682586	-0.494792	0.537827
04609	7.062288	0.670756	7.215939	-0.309385	-2.825607	1.551805	-0.484876	0.199532	0.851517	-0.531162	-0.840681	-0.105466	0.694811	-0.503432	0.513610
04610	5.592091	1.093848	6.249492	0.017017	-2.587567	1.638402	-0.475315	0.172653	0.862709	-0.523209	-0.843799	-0.119397	0.707339	-0.508128	0.491404
04611	1.155167	2.301312	5.384903	0.179298	-2.715024	1.893061	-0.465676	0.142822	0.873354	-0.513050	-0.847687	-0.134935	0.721059	-0.510910	0.468022
04612	2.351835	3.231751	7.520080	-0.153084	-2.807617	1.785942	-0.454301	0.113264	0.883618	-0.505979	-0.849173	-0.151294	0.733209	-0.515826	0.443090
04613	15.885237	3.646739	11.551062	-0.345013	-1.663022	0.428689	-0.444175	0.101026	0.890226	-0.506620	-0.847835	-0.156561	0.738948	-0.520547	0.427769
04614	8.237403	4.618102	13.056110	0.342521	0.921479	-0.338356	-0.449202	0.108686	0.886795	-0.505637	-0.849243	-0.152044	0.736579	-0.516694	0.436438
04615	1.697673	6.082454	10.931967	-0.330432	1.190263	-0.791433	-0.453848	0.121576	0.882747	-0.511658	-0.846614	-0.146460	0.729540	-0.518135	0.446439
04616	-1.828805	2.254880	6.157294	-0.686185	1.290934	-0.781502	-0.459114	0.134900	0.878075	-0.520231	-0.842028	-0.142649	0.720120	-0.522294	0.456766
04617	-1.431039	0.522629	5.805309	-0.265752	1.232502	-0.815623	-0.463628	0.148219	0.873545	-0.525922	-0.839477	-0.136691	0.713060	-0.522791	0.467156
04618	-0.091488	0.373798	6.947496	0.013630	1.308025	-0.732103	-0.468995	0.161195	0.868366	-0.529272	-0.838399	-0.130222	0.707047	-0.520675	0.478521
04619	1.177389	0.063821	7.506025	0.286234	1.558096	-0.658264	-0.476428	0.174811	0.861660	-0.530391	-0.838769	-0.123097	0.701214	-0.515663	0.492331
04620	1.709647	0.345916	8.034397	0.569162	1.937821	-0.611917	-0.486656	0.189872	0.852710	-0.529397	-0.840547	-0.114973	0.694913	-0.507374	0.509575
04621	1.911353	0.174412	8.018921	0.772543	2.320681	-0.582692	-0.499573	0.206447	0.841312	-0.526952	-0.843261	-0.105981	0.687567	-0.496276	0.530058
04622	2.001861	0.395587	8.364715	0.948394	2.654645	-0.549320	-0.514773	0.224093	0.827521	-0.523291	-0.846703	-0.096234	0.679099	-0.482573	0.553126
04623	2.019375	0.181204	8.209746	1.076985	2.923888	-0.525283	-0.531709	0.242453	0.811482	-0.518799	-0.850580	-0.085799	0.669428	-0.466615	0.578045
04624	1.935680	0.067051	8.306233	1.200739	3.126511	-0.493203	-0.549872	0.260980	0.793429	-0.513526	-0.854815	-0.074719	0.658735	-0.448533	0.604059
04625	2.211813	-0.160942	8.418267	1.367458	3.272965	-0.485276	-0.568732	0.279510	0.773575	-0.507331	-0.859487	-0.062437	0.647426	-0.427968	0.630622
04626	2.617956	-0.046644	8.806963	1.542503	3.389957	-0.513662	-0.587839	0.298073	0.752062	-0.500441	-0.864408	-0.048563	0.635613	-0.404910	0.657301
04627	2.856948	0.243779	9.181447	1.687728	3.474871	-0.578503	-0.606803	0.316747	0.729014	-0.493294	-0.869239	-0.032926	0.623259	-0.379598	0.683706
04628	3.186436	0.489495	9.715157	1.777010	3.489115	-0.654066	-0.625073	0.335244	0.704908	-0.486397	-0.873594	-0.015841	0.610493	-0.352767	0.709122
04629	3.929858	0.623046	10.366055	1.812715	3.475277	-0.739242	-0.642455	0.353521	0.679907	-0.480157	-0.877179	0.002386	0.597244	-0.324929	0.733294
04630	4.829082	0.684772	11.199869	1.859780	3.466517	-0.842883	-0.658850	0.371714	0.654022	-0.474698	-0.879877	0.021876	0.583591	-0.296050	0.756159
04631	5.805131	0.975030	12.168264	1.856024	3.485849	-0.948299	-0.674432	0.389901	0.626992	-0.470345	-0.881472	0.042219	0.569138	-0.266429	0.777881
04632	6.450499	1.335319	12.798176	1.760220	3.487674	-1.047060	-0.689055	0.407938	0.598991	-0.467640	-0.881705	0.062525	0.553640	-0.237029	0.798311
04633	7.685704	1.588173	13.567283	1.632878	3.477562	-1.127865	-0.702725	0.425649	0.570088	-0.466607	-0.880624	0.082339	0.537081	-0.208145	0.817447
04634	9.665438	1.208284	14.444877	1.520337	3.575645	-1.225067	-0.715838	0.443379	0.539436	-0.467309	-0.878223	0.101715	0.518843	-0.179272	0.835861
04635	10.623076	0.685849	14.930252	1.498745	3.800790	-1.405083	-0.728561	0.461962	0.505756	-0.469859	-0.874305	0.121749	0.498429	-0.148933	0.854042
04636	10.276170	1.017746	15.091529	1.498125	3.989212	-1.625021	-0.740286	0.481464	0.469222	-0.474533	-0.868609	0.142605	0.476230	-0.117093	0.871490
04637	9.372038	1.533341	14.834585	1.300069	4.008427	-1.795042	-0.750293	0.501096	0.431235	-0.481902	-0.861092	0.162144	0.452583	-0.086158	0.887550
04638	8.954820	1.229194	14.293700	0.984289	3.861437	-1.913844	-0.757938	0.520309	0.393457	-0.492041	-0.852003	0.178846	0.428281	-0.058043	0.901779
04639	9.185701	0.322476	13.481194	0.683199	3.628878	-1.990491	-0.763100	0.538852	0.356816	-0.504366	-0.841752	0.192532	0.404097	-0.033045	0.914119
04640	9.410252	-0.151828	13.075159	0.481136	3.340660	-1.942137	-0.766251	0.555866	0.322292	-0.517369	-0.831202	0.203549	0.381036	-0.010774	0.924498
04641	9.531297	-0.740689	12.588585	0.306347	2.987826	-1.737479	-0.768197	0.570287	0.290941	-0.529595	-0.821401	0.211731	0.359727	0.008570	0.933018
04642	7.832958	1.370731	13.779253	0.362607	2.134425	-1.322512	-0.768617	0.580790	0.268161	-0.538518	-0.813706	0.218816	0.345290	0.023776	0.938195
04643	11.710722	-3.843720	8.328279	-1.670222	1.734682	-0.887051	-0.769554	0.587634	0.249945	-0.550951	-0.808871	0.205381	0.322862	0.020344	0.946227
04644	13.111092	-7.394176	7.467806	0.244932	1.782979	-0.685464	-0.771369	0.592727	0.231657	-0.555495	-0.804736	0.209347	0.310508	0.032799	0.950005
04645	14.698358	-2.446781	6.417170	1.744578	2.290681	-0.901282	-0.773349	0.598915	0.207925	-0.557140	-0.798531	0.227912	0.302535	0.060412	0.951222
04646	15.088516	0.585594	8.388757	1.400075	2.369679	0.031968	-0.780531	0.596966	0.185479	-0.552768	-0.797675	0.241169	0.291922	0.085713	0.952594
04647	13.307861	-2.893482	5.162833	-0.063823	1.696557	0.869762	-0.790117	0.588504	0.171399	-0.546153	-0.802866	0.239003	0.278265	0.095230	0.955772
04648	13.557805	-5.001679	-0.278343	-0.508406	1.685459	1.081421	-0.800502	0.578171	0.157843	-0.538964	-0.809650	0.232344	0.262132	0.100920	0.959741
04649	13.146468	-4.670682	-4.721255	0.997889	1.413115	0.954384	-0.809229	0.568918	0.146565	-0.528732	-0.814016	0.240459	0.256108	0.117093	0.959530
04650	13.206874	-1.648058	-2.521050	1.980783	0.923948	0.790957	-0.815710	0.561333	0.139726	-0.517243	-0.815933	0.258287	0.258992	0.138416	0.955910
04651	13.982274	-0.036036	-1.432277	0.947042	0.303047	0.736261	-0.820243	0.554921	0.138794	-0.508795	-0.818666	0.266296	0.261400	0.147810	0.953846
04652	13.802994	-1.820620	-2.656698	-0.140884	-0.330379	0.665494	-0.822710	0.549986	0.143747	-0.503737	-0.822528	0.264001	0.263433	0.144786	0.953751
04653	11.025125	-2.821017	-2.952522	-0.137733	-0.807763	0.405377	-0.822559	0.547836	0.152551	-0.500809	-0.824928	0.262078	0.269420	0.139176	0.952913
04654	3.272467	-0.561770	2.907805	1.728812	-1.791832	0.244025	-0.818701	0.548400	0.170254	-0.493986	-0.823800	0.278084	0.292757	0.143564	0.945348
04655	6.102118	1.282851	4.947167	-1.207056	-2.929249	0.346656	-0.811537	0.549405	0.198900	-0.494844	-0.827257	0.266036	0.310703	0.117474	0.943220
04656	1.238793	-0.795266	4.874351	-0.636983	-2.983381	0.654233	-0.805144	0.547200	0.228725	-0.491641	-0.831502	0.258636	0.331711	0.095789	0.938505
04657	-1.020737	6.984356	15.919225	1.001393	-2.549259	0.633126	-0.799409	0.544340	0.254242	-0.483154	-0.834005	0.266455	0.357081	0.090168	0.929711
04658	-5.746347	12.295687	20.565426	-1.845090	-2.485235	1.062408	-0.795484	0.537361	0.280087	-0.481412	-0.841126	0.246473	0.368034	0.061228	0.927794
04659	-6.957687	5.934554	21.373913	-1.275842	-1.978298	1.176476	-0.793704	0.528464	0.301264	-0.476861	-0.848019	0.231231	0.377674	0.039868	0.925080
04660	9.538627	8.070806	10.967637	-1.814636	-2.235067	1.091350	-0.790316	0.519800	0.324359	-0.475193	-0.854194	0.211052	0.386770	0.012665	0.922089
04661	5.766910	-3.258755	8.714658	-2.291273	-1.923065	1.423569	-0.789545	0.507583	0.344933	-0.472900	-0.861437	0.185182	0.391133	-0.016909	0.920179
04662	6.940673	-9.284001	10.185480	-1.492442	-2.051320	0.453954	-0.783540	0.503118	0.364606	-0.475275	-0.863283	0.169871	0.400223	-0.040188	0.915536
04663	17.804517	-2.916300	17.526950	1.364218	-0.969129	-0.163262	-0.778779	0.504206	0.373202	-0.471036	-0.862940	0.182921	0.414281	-0.033336	0.909539
04664	3.869646	2.809610	12.514814	-0.303204	-0.503869	0.197503	-0.777575	0.502355	0.378177	-0.470799	-0.863803	0.179423	0.416804	-0.038530	0.908179
04665	3.811300	2.762894	8.617601	-0.199137	-0.985412	0.167173	-0.774178	0.500532	0.387448	-0.470381	-0.864535	0.176977	0.423545	-0.045237	0.904745
04666	7.768297	3.053261	11.896822	-0.453922	-0.723939	0.229359	-0.772137	0.498228	0.394429	-0.470578	-0.865436	0.171978	0.427037	-0.052819	0.902690
04667	4.372205	1.069817	7.987917	-0.575705	-0.611471	0.211426	-0.770472	0.496084	0.400343	-0.471454	-0.866137	0.165945	0.429075	-0.060887	0.901215
04668	5.623409	3.311844	9.676987	-0.058300	-0.534959	0.164361	-0.768898	0.494359	0.405469	-0.470480	-0.866893	0.164759	0.432948	-0.064082	0.899138
04669	5.220990	2.056970	9.752359	-0.502251	-0.474171	0.162391	-0.767563	0.492665	0.410035	-0.471452	-0.867332	0.159584	0.434258	-0.070821	0.898000
04670	4.789031	0.865543	9.154922	-0.264829	-0.380666	0.115757	-0.766410	0.491416	0.413673	-0.471757	-0.867687	0.156732	0.435959	-0.075032	0.896833
04671	4.397702	1.286430	9.554170	-0.170897	-0.391835	0.082610	-0.765043	0.490432	0.417355	-0.471914	-0.867938	0.154857	0.438186	-0.078483	0.895452
04672	4.204996	0.904418	9.268617	-0.160715	-0.387538	0.069903	-0.763628	0.489548	0.420969	-0.472126	-0.868130	0.153128	0.440419	-0.081817	0.894056
04673	3.987604	0.956315	9.253461	-0.055719	-0.436498	0.050463	-0.761892	0.488780	0.424987	-0.472029	-0.868307	0.152418	0.443518	-0.084481	0.892275
04674	4.507775	1.207416	9.336683	0.002805	-0.479378	0.039503	-0.759902	0.488059	0.429358	-0.471756	-0.868480	0.152276	0.447209	-0.086837	0.890204
04675	4.826560	1.333589	9.185299	0.019279	-0.456202	0.040254	-0.757998	0.487341	0.433519	-0.471406	-0.868671	0.152275	0.450794	-0.088940	0.888186
04676	4.966555	1.172311	9.576345	0.055679	-0.422920	0.033600	-0.756200	0.486702	0.437360	-0.470940	-0.868862	0.152625	0.454288	-0.090555	0.886240
04677	6.619465	0.624013	9.256843	-0.009666	-0.227736	-0.018126	-0.755032	0.486684	0.439392	-0.471163	-0.868742	0.152620	0.455996	-0.091792	0.885236
04678	4.368712	1.748794	9.434605	0.367690	-0.253662	-0.058946	-0.753550	0.486998	0.441582	-0.469964	-0.868767	0.156134	0.459669	-0.089873	0.883531
04679	4.560848	1.700951	9.067818	0.036855	-0.253017	-0.037772	-0.752161	0.487130	0.443799	-0.470121	-0.868593	0.156627	0.461779	-0.090830	0.882332
