// General information: 
//  MT Manager version: 2022.2.0 
//  XDA version: 2022.2.0 build 7381 rev 124627 built on 2023-07-19
// Device information: 
//  DeviceId: 00B4CBA7
//  ProductCode: MTW2-3A7G6
//  Firmware Version: 4.6.0
//  Hardware Version: 2.0.0
// Device settings: 
//  Filter Profile: human(46.1)
//  Option Flags: Orientation Smoother Disabled, Position/Velocity Smoother Disabled, Continuous Zero Rotation Update Disabled, AHS Disabled, ICC Disabled
// Coordinate system: ENU
PacketCounter	Acc_X	Acc_Y	Acc_Z	Gyr_X	Gyr_Y	Gyr_Z	Mat[1][1]	Mat[2][1]	Mat[3][1]	Mat[1][2]	Mat[2][2]	Mat[3][2]	Mat[1][3]	Mat[2][3]	Mat[3][3]
40005	9.777271	0.059155	-0.263283	0.008363	-0.000121	0.002736	0.008143	0.026722	0.999610	0.856664	-0.515829	0.006811	0.515810	0.856275	-0.027093
40006	9.760756	0.104797	-0.268659	0.013604	0.001451	-0.003631	0.008062	0.026740	0.999610	0.856724	-0.515729	0.006887	0.515712	0.856335	-0.027067
40007	9.774718	0.107611	-0.288322	0.005107	0.002559	0.000515	0.008010	0.026750	0.999610	0.856740	-0.515701	0.006936	0.515686	0.856351	-0.027049
40008	9.764733	0.076604	-0.299382	-0.002962	0.000998	-0.002123	0.007943	0.026765	0.999610	0.856715	-0.515743	0.007002	0.515729	0.856325	-0.027026
40009	9.791241	0.062407	-0.282593	0.002507	0.001380	-0.004952	0.007850	0.026813	0.999610	0.856718	-0.515736	0.007106	0.515725	0.856328	-0.027020
40010	9.778696	0.080010	-0.318949	0.005174	0.002065	-0.002925	0.007771	0.026822	0.999610	0.856734	-0.515708	0.007177	0.515699	0.856344	-0.026987
40011	9.762171	0.126026	-0.324367	0.007847	-0.001403	-0.005513	0.007688	0.026897	0.999609	0.856765	-0.515655	0.007285	0.515649	0.856374	-0.027009
40012	9.749614	0.143718	-0.360945	-0.005629	0.000312	-0.004150	0.007608	0.026927	0.999608	0.856726	-0.515719	0.007372	0.515715	0.856335	-0.026993
40013	9.752180	0.095769	-0.335519	-0.005273	0.002289	-0.002880	0.007528	0.026957	0.999608	0.856689	-0.515780	0.007457	0.515779	0.856297	-0.026977
40014	9.810901	0.092629	-0.324411	-0.000099	0.004355	-0.005806	0.007413	0.026962	0.999609	0.856678	-0.515796	0.007559	0.515798	0.856287	-0.026921
40015	9.738240	0.094012	-0.314802	0.003641	0.006818	-0.004583	0.007295	0.026961	0.999610	0.856686	-0.515781	0.007659	0.515786	0.856296	-0.026860
40016	9.769036	0.085700	-0.263935	-0.007873	0.001109	-0.008348	0.007175	0.027007	0.999610	0.856636	-0.515863	0.007789	0.515872	0.856245	-0.026836
40017	9.774729	0.111900	-0.286314	0.000196	0.002672	-0.005709	0.007069	0.027047	0.999609	0.856627	-0.515876	0.007901	0.515888	0.856236	-0.026816
40018	9.774729	0.112449	-0.286114	0.003874	0.001476	-0.005659	0.006970	0.027076	0.999609	0.856637	-0.515858	0.008000	0.515873	0.856246	-0.026790
40019	9.729979	0.119318	-0.316459	0.002635	0.004546	-0.007220	0.006842	0.027108	0.999609	0.856640	-0.515850	0.008126	0.515869	0.856250	-0.026751
40020	9.760493	0.077055	-0.330399	0.004652	0.004937	-0.006560	0.006717	0.027112	0.999610	0.856654	-0.515826	0.008234	0.515848	0.856264	-0.026690
40021	9.764775	0.083202	-0.296231	-0.001171	0.002575	-0.005002	0.006618	0.027150	0.999609	0.856638	-0.515851	0.008339	0.515876	0.856248	-0.026671
40022	9.764777	0.084003	-0.295949	-0.002698	0.003173	-0.011274	0.006461	0.027193	0.999609	0.856614	-0.515888	0.008497	0.515917	0.856225	-0.026627
40023	9.770468	0.110550	-0.318087	0.001041	0.005637	-0.010051	0.006303	0.027230	0.999609	0.856610	-0.515892	0.008652	0.515926	0.856221	-0.026577
40024	9.716030	0.120543	-0.294609	0.000619	0.004154	-0.007880	0.006171	0.027247	0.999610	0.856603	-0.515902	0.008774	0.515939	0.856214	-0.026524
40025	9.762197	0.134998	-0.319951	-0.002765	0.003666	-0.007834	0.006042	0.027290	0.999609	0.856579	-0.515939	0.008908	0.515981	0.856190	-0.026493
40026	9.774502	0.084577	-0.347838	0.000324	0.005836	-0.007977	0.005900	0.027293	0.999610	0.856570	-0.515951	0.009031	0.515997	0.856183	-0.026422
40027	9.774753	0.119537	-0.282386	0.005144	0.005925	-0.012172	0.005722	0.027338	0.999610	0.856587	-0.515920	0.009206	0.515970	0.856201	-0.026370
40028	9.748247	0.135031	-0.298341	-0.000267	0.009199	-0.008172	0.005562	0.027314	0.999611	0.856576	-0.515937	0.009332	0.515991	0.856191	-0.026266
40029	9.756550	0.113068	-0.294777	-0.009051	0.007830	-0.008740	0.005404	0.027326	0.999612	0.856519	-0.516028	0.009476	0.516087	0.856135	-0.026193
40030	9.770538	0.116549	-0.313786	-0.003001	0.009006	-0.006758	0.005256	0.027295	0.999614	0.856493	-0.516069	0.009588	0.516132	0.856112	-0.026091
40031	9.730069	0.129177	-0.309766	0.000452	0.008999	-0.010246	0.005079	0.027304	0.999614	0.856486	-0.516079	0.009745	0.516146	0.856106	-0.026007
40032	9.798714	0.157813	-0.286912	-0.001269	0.006925	-0.010809	0.004907	0.027313	0.999615	0.856469	-0.516103	0.009897	0.516175	0.856091	-0.025925
40033	9.740014	0.162094	-0.297058	-0.005441	0.007129	-0.005249	0.004782	0.027312	0.999616	0.856431	-0.516164	0.010005	0.516239	0.856054	-0.025859
40034	9.721811	0.154469	-0.310214	-0.010713	0.009412	-0.008132	0.004621	0.027285	0.999617	0.856365	-0.516271	0.010133	0.516349	0.855991	-0.025752
40035	9.744102	0.135255	-0.326449	-0.019497	0.008040	-0.008703	0.004462	0.027295	0.999617	0.856254	-0.516452	0.010280	0.516535	0.855881	-0.025676
40036	9.770468	0.087752	-0.373729	-0.015041	0.010307	-0.009552	0.004283	0.027268	0.999619	0.856166	-0.516595	0.010423	0.516683	0.855795	-0.025559
40037	9.725934	0.128787	-0.338399	-0.016055	0.012186	-0.007575	0.004113	0.027236	0.999621	0.856073	-0.516747	0.010558	0.516839	0.855705	-0.025441
40038	9.730052	0.101447	-0.368048	-0.025951	0.017043	-0.011977	0.003879	0.027164	0.999623	0.855929	-0.516983	0.010728	0.517079	0.855565	-0.025256
40039	9.735778	0.128261	-0.389033	-0.020607	0.014266	-0.012534	0.003655	0.027140	0.999625	0.855812	-0.517172	0.010912	0.517274	0.855451	-0.025117
40040	9.731726	0.157751	-0.356424	-0.024357	0.015948	-0.009146	0.003451	0.027063	0.999628	0.855676	-0.517395	0.011054	0.517501	0.855319	-0.024943
40041	9.730287	0.138840	-0.298532	-0.040849	0.014972	-0.011100	0.003235	0.027026	0.999630	0.855454	-0.517756	0.011229	0.517868	0.855101	-0.024794
40042	9.732944	0.091815	-0.271805	-0.035377	0.015360	-0.013923	0.002994	0.026978	0.999632	0.855261	-0.518072	0.011421	0.518189	0.854911	-0.024624
40043	9.731475	0.073218	-0.214317	-0.025762	0.008035	-0.014236	0.002787	0.027017	0.999631	0.855117	-0.518304	0.011624	0.518427	0.854769	-0.024547
40044	9.721672	0.077240	-0.160077	-0.020195	0.004073	-0.011256	0.002627	0.027052	0.999631	0.855002	-0.518491	0.011785	0.518618	0.854655	-0.024492
40045	9.801202	0.034536	-0.109402	-0.002056	0.007618	-0.005288	0.002499	0.027048	0.999631	0.854981	-0.518523	0.011892	0.518653	0.854636	-0.024421
40046	9.829218	0.040750	-0.147710	0.007036	0.018986	-0.008060	0.002289	0.026939	0.999634	0.855007	-0.518478	0.012015	0.518612	0.854667	-0.024220
40047	9.790239	0.073471	-0.198896	-0.001914	0.022450	-0.011001	0.002035	0.026837	0.999638	0.854987	-0.518507	0.012179	0.518646	0.854652	-0.024000
40048	9.809939	0.069409	-0.304496	0.000011	0.011383	-0.017312	0.001785	0.026841	0.999638	0.854976	-0.518519	0.012396	0.518664	0.854645	-0.023874
40049	9.780823	0.167692	-0.279881	-0.017388	0.019587	-0.014943	0.001513	0.026784	0.999640	0.854876	-0.518679	0.012603	0.518830	0.854549	-0.023682
40050	9.772512	0.192151	-0.280813	-0.045744	0.015040	-0.017356	0.001244	0.026757	0.999641	0.854628	-0.519082	0.012831	0.519239	0.854305	-0.023513
40051	9.772521	0.194018	-0.279211	-0.051436	0.015823	-0.018077	0.000964	0.026748	0.999642	0.854351	-0.519532	0.013077	0.519696	0.854032	-0.023353
40052	9.758554	0.159610	-0.322841	-0.067200	0.014626	-0.022123	0.000656	0.026750	0.999642	0.853990	-0.520117	0.013358	0.520288	0.853676	-0.023186
40053	9.732127	0.142967	-0.402999	-0.068786	0.015703	-0.024960	0.000318	0.026779	0.999641	0.853622	-0.520714	0.013677	0.520893	0.853311	-0.023025
40054	9.873448	0.139436	-0.452642	-0.078375	0.018848	-0.029277	-0.000073	0.026783	0.999641	0.853202	-0.521392	0.014031	0.521580	0.852897	-0.022813
40055	9.781093	0.114867	-0.399388	-0.085176	0.025845	-0.033821	-0.000539	0.026771	0.999641	0.852746	-0.522126	0.014443	0.522325	0.852448	-0.022548
40056	9.778180	0.044640	-0.349558	-0.082705	0.023569	-0.039955	-0.001046	0.026792	0.999640	0.852303	-0.522837	0.014904	0.523048	0.852012	-0.022288
40057	9.775129	0.008333	-0.234553	-0.077397	0.028809	-0.045124	-0.001623	0.026815	0.999639	0.851886	-0.523499	0.015426	0.523724	0.851604	-0.021993
40058	9.756648	0.071648	-0.115562	-0.059813	0.027461	-0.048568	-0.002224	0.026848	0.999637	0.851561	-0.524012	0.015968	0.524251	0.851287	-0.021697
40059	9.792642	0.126472	-0.019696	-0.063583	0.021315	-0.051007	-0.002812	0.026966	0.999632	0.851215	-0.524557	0.016545	0.524810	0.850948	-0.021479
40060	9.641492	0.106294	0.021711	-0.051644	0.012742	-0.050570	-0.003353	0.027136	0.999626	0.850931	-0.524999	0.017105	0.525267	0.850670	-0.021330
40061	9.743764	0.014810	-0.009875	-0.023712	0.003962	-0.056397	-0.003896	0.027430	0.999616	0.850793	-0.525203	0.017728	0.525487	0.850535	-0.021291
40062	9.770579	0.095402	-0.130010	0.012658	0.002422	-0.057074	-0.004437	0.027722	0.999606	0.850845	-0.525096	0.018339	0.525397	0.850591	-0.021257
40063	9.768789	0.326507	-0.217621	-0.012207	-0.002218	-0.063032	-0.005004	0.028103	0.999593	0.850767	-0.525198	0.019024	0.525519	0.850516	-0.021281
40064	9.714112	0.218342	-0.123372	-0.065856	-0.008898	-0.064669	-0.005550	0.028531	0.999578	0.850406	-0.525756	0.019728	0.526097	0.850157	-0.021344
40065	9.805394	0.076814	-0.112695	-0.070077	-0.020200	-0.066147	-0.006049	0.029082	0.999559	0.850022	-0.526350	0.020458	0.526712	0.849771	-0.021536
40066	9.781690	0.049553	-0.106546	-0.054079	-0.020407	-0.072419	-0.006600	0.029649	0.999539	0.849721	-0.526805	0.021237	0.527191	0.849469	-0.021717
40067	9.788205	0.136692	-0.121846	-0.041198	-0.026449	-0.079767	-0.007180	0.030325	0.999514	0.849488	-0.527146	0.022096	0.527560	0.849234	-0.021975
40068	9.775460	0.162260	-0.160861	-0.044186	-0.029147	-0.083099	-0.007775	0.031023	0.999488	0.849237	-0.527512	0.022980	0.527955	0.848981	-0.022244
40069	9.769812	0.144781	-0.141536	-0.042427	-0.031220	-0.087169	-0.008393	0.031778	0.999460	0.848994	-0.527860	0.023913	0.528335	0.848736	-0.022549
40070	9.717606	0.026105	-0.171755	-0.031292	-0.035201	-0.090465	-0.009018	0.032567	0.999429	0.848810	-0.528113	0.024868	0.528622	0.848549	-0.022881
40071	9.721602	0.040547	-0.141396	-0.016280	-0.037642	-0.099408	-0.009704	0.033442	0.999394	0.848703	-0.528234	0.025917	0.528780	0.848440	-0.023256
40072	9.799982	0.163572	-0.101640	-0.014212	-0.041397	-0.103396	-0.010406	0.034352	0.999356	0.848606	-0.528336	0.026997	0.528923	0.848340	-0.023653
40073	9.695028	0.161855	-0.091456	-0.018587	-0.047885	-0.107229	-0.011104	0.035355	0.999313	0.848484	-0.528473	0.028125	0.529104	0.848214	-0.024130
40074	9.669981	0.030620	-0.106839	-0.003036	-0.053190	-0.112567	-0.011821	0.036413	0.999267	0.848444	-0.528474	0.029294	0.529154	0.848168	-0.024648
40075	9.743246	0.096215	-0.111787	0.030767	-0.055729	-0.118800	-0.012576	0.037543	0.999216	0.848581	-0.528184	0.030525	0.528916	0.848299	-0.025216
40076	9.762968	0.277777	-0.075745	0.016277	-0.063838	-0.122521	-0.013321	0.038744	0.999160	0.848639	-0.528016	0.031789	0.528804	0.848350	-0.025846
40077	9.744076	0.314306	-0.031187	-0.013154	-0.073726	-0.121927	-0.014008	0.040042	0.999100	0.848542	-0.528095	0.033062	0.528943	0.848241	-0.026580
40078	9.763977	0.211957	0.046621	-0.031261	-0.084872	-0.130339	-0.014708	0.041463	0.999032	0.848346	-0.528323	0.034416	0.529238	0.848030	-0.027405
40079	9.753641	0.172905	0.082193	-0.018531	-0.097238	-0.133255	-0.015365	0.043020	0.998956	0.848216	-0.528439	0.035803	0.529427	0.847881	-0.028371
40080	9.762697	0.217146	0.084075	-0.002718	-0.103724	-0.135107	-0.016005	0.044626	0.998876	0.848169	-0.528418	0.037198	0.529484	0.847810	-0.029393
40081	9.767356	0.343345	0.125796	0.012760	-0.115853	-0.139460	-0.016616	0.046372	0.998786	0.848202	-0.528262	0.038638	0.529412	0.847814	-0.030556
40082	9.748296	0.414553	0.230411	0.000544	-0.132169	-0.141372	-0.017158	0.048252	0.998688	0.848169	-0.528206	0.040093	0.529448	0.847744	-0.031863
40083	9.674775	0.352394	0.272770	-0.018809	-0.154770	-0.142224	-0.017587	0.050342	0.998577	0.848033	-0.528310	0.041570	0.529651	0.847557	-0.033400
40084	9.719096	0.265490	0.389735	-0.013570	-0.178595	-0.143182	-0.017898	0.052625	0.998454	0.847924	-0.528367	0.043048	0.529816	0.847383	-0.035165
40085	9.673923	0.350696	0.471853	-0.004611	-0.203576	-0.144131	-0.018084	0.055137	0.998315	0.847862	-0.528342	0.044539	0.529908	0.847239	-0.037194
40086	9.697048	0.378503	0.498530	-0.001394	-0.231075	-0.143535	-0.018120	0.057866	0.998160	0.847817	-0.528289	0.046017	0.529979	0.847091	-0.039487
40087	9.670402	0.460140	0.467668	0.001861	-0.265975	-0.145376	-0.017986	0.060910	0.997981	0.847789	-0.528201	0.047517	0.530028	0.846932	-0.042139
40088	9.670586	0.548561	0.393932	0.003406	-0.291525	-0.140733	-0.017677	0.064135	0.997785	0.847770	-0.528099	0.048964	0.530069	0.846757	-0.045037
40089	9.652260	0.574162	0.294243	0.004680	-0.326495	-0.139821	-0.017176	0.067660	0.997561	0.847759	-0.527981	0.050407	0.530103	0.846557	-0.048291
40090	9.679116	0.594722	0.221047	-0.000699	-0.355818	-0.139821	-0.016518	0.071423	0.997309	0.847720	-0.527904	0.051846	0.530187	0.846295	-0.051827
40091	9.643771	0.709798	0.297955	0.045605	-0.384572	-0.124680	-0.015582	0.075357	0.997035	0.847929	-0.527441	0.053116	0.529880	0.846243	-0.055679
40092	9.877646	0.864718	0.201303	0.111032	-0.402845	-0.096577	-0.014311	0.079288	0.996749	0.848491	-0.526442	0.054059	0.529016	0.846506	-0.059741
40093	9.672921	0.783723	0.100780	0.090922	-0.402556	-0.091492	-0.013005	0.083198	0.996448	0.848948	-0.525611	0.054966	0.528317	0.846647	-0.063795
40094	9.508666	0.752113	0.356738	0.087038	-0.456428	-0.090350	-0.011406	0.087549	0.996095	0.849384	-0.524811	0.055853	0.527651	0.846704	-0.068377
40095	9.670707	0.808916	0.683467	0.138030	-0.500574	-0.075738	-0.009458	0.092205	0.995695	0.850093	-0.523586	0.056561	0.526547	0.846969	-0.073430
40096	9.841045	0.884918	0.896254	0.150342	-0.492216	-0.076756	-0.007565	0.096788	0.995276	0.850866	-0.522254	0.057255	0.525329	0.847280	-0.078403
40097	9.794114	1.138653	1.434278	0.172894	-0.534294	-0.072145	-0.005425	0.101709	0.994799	0.851757	-0.520730	0.057885	0.523910	0.847641	-0.083806
40098	9.777644	1.259171	1.837973	0.245170	-0.685399	-0.047842	-0.002292	0.107782	0.994172	0.853026	-0.518615	0.058192	0.521864	0.848187	-0.090752
40099	10.023875	1.021203	2.062255	0.265764	-0.809333	-0.035279	0.001569	0.114845	0.993382	0.854398	-0.516333	0.058343	0.519616	0.848653	-0.098934
40100	10.053742	1.139949	2.538827	0.375354	-0.941454	-0.022683	0.006209	0.122967	0.992391	0.856333	-0.513132	0.058224	0.516387	0.849456	-0.108487
40101	10.342276	1.217138	2.510722	0.414476	-1.043955	-0.006327	0.011471	0.131881	0.991199	0.858454	-0.509615	0.057871	0.512762	0.850235	-0.119060
40102	10.350122	1.396424	2.291147	0.420654	-1.196353	0.011171	0.017636	0.142011	0.989708	0.860591	-0.506065	0.057279	0.508990	0.850724	-0.131138
40103	10.779252	1.550954	1.886598	0.394362	-1.371261	0.036356	0.024844	0.153497	0.987837	0.862573	-0.502776	0.056431	0.505322	0.850679	-0.144894
40104	11.096747	1.716596	1.565689	0.385008	-1.526041	0.068286	0.033073	0.166145	0.985547	0.864482	-0.499622	0.055216	0.501574	0.850161	-0.160153
40105	11.379979	1.595235	0.863969	0.339800	-1.655309	0.086485	0.042030	0.179776	0.982809	0.866137	-0.496897	0.053853	0.498037	0.848984	-0.176595
40106	11.397380	1.150493	-0.178233	0.303127	-1.705752	0.085095	0.051190	0.193833	0.979698	0.867593	-0.494495	0.052503	0.494633	0.847292	-0.193482
40107	10.834374	0.760369	-1.195023	0.288073	-1.716426	0.071392	0.060205	0.208005	0.976273	0.868963	-0.492212	0.051284	0.491201	0.845258	-0.210382
40108	10.299374	0.365521	-2.190414	0.282537	-1.700528	0.075041	0.069137	0.222003	0.972592	0.870290	-0.489997	0.049981	0.487663	0.842982	-0.227083
40109	10.141149	0.226581	-2.668558	0.248297	-1.657033	0.085385	0.077868	0.235531	0.968742	0.871425	-0.488112	0.048630	0.484309	0.840400	-0.243255
40110	9.712246	0.041352	-3.348740	0.193414	-1.552993	0.096178	0.086161	0.248102	0.964895	0.872274	-0.486729	0.047262	0.481368	0.837580	-0.258350
40111	9.074560	0.119273	-3.973108	0.215612	-1.489184	0.096738	0.094086	0.260084	0.960991	0.873213	-0.485180	0.045818	0.478170	0.834839	-0.272758
40112	8.784335	0.408173	-4.495070	0.203191	-1.366894	0.084896	0.101299	0.271077	0.957212	0.874093	-0.483718	0.044483	0.475079	0.832186	-0.285947
40113	8.579277	0.906272	-4.814091	0.080025	-1.190854	0.089846	0.107668	0.280537	0.953785	0.874371	-0.483308	0.043452	0.473162	0.829284	-0.297331
40114	8.153119	1.242609	-4.920499	-0.087735	-0.968402	0.091170	0.113003	0.288122	0.950903	0.873851	-0.484299	0.042896	0.472880	0.826100	-0.306503
40115	7.951617	1.375201	-4.638565	-0.297849	-0.717991	0.079321	0.117035	0.293661	0.948718	0.872342	-0.486990	0.043127	0.474681	0.822559	-0.313168
40116	7.842580	1.146616	-4.474267	-0.498912	-0.441565	0.056475	0.119589	0.297020	0.947353	0.869892	-0.491256	0.044211	0.478525	0.818808	-0.317124
40117	7.736273	0.927486	-4.032857	-0.630273	-0.157696	0.016604	0.120431	0.298234	0.946865	0.866833	-0.496460	0.046119	0.483835	0.815220	-0.318309
40118	7.914337	0.769001	-3.837129	-0.704432	0.146757	-0.035676	0.119364	0.297230	0.947315	0.863441	-0.502090	0.048741	0.490125	0.812133	-0.316572
40119	7.891932	0.547379	-3.877910	-0.715538	0.431715	-0.092689	0.116375	0.294208	0.948630	0.860012	-0.507624	0.051931	0.496826	0.809790	-0.312097
40120	8.317843	0.171368	-3.907604	-0.668498	0.669111	-0.118167	0.111971	0.289410	0.950634	0.856798	-0.512692	0.055165	0.503348	0.808325	-0.305372
40121	9.076182	0.229819	-3.068296	-0.547910	0.916065	-0.146516	0.106021	0.282773	0.953310	0.854177	-0.516707	0.058270	0.509059	0.808117	-0.296320
40122	9.719121	0.100677	-2.363147	-0.419401	1.144594	-0.184545	0.098550	0.274486	0.956528	0.852214	-0.519589	0.061299	0.513827	0.809126	-0.285126
40123	10.090241	0.013532	-1.792504	-0.199679	1.339310	-0.234094	0.089595	0.264862	0.960115	0.851398	-0.520582	0.064161	0.516812	0.811691	-0.272144
40124	10.137534	0.186495	-1.460190	0.041304	1.476485	-0.282878	0.079505	0.254331	0.963844	0.851843	-0.519518	0.066819	0.517728	0.815731	-0.257955
40125	10.215710	0.616203	-1.193147	0.258131	1.573295	-0.317838	0.068599	0.243113	0.967569	0.853404	-0.516622	0.069303	0.516716	0.820974	-0.242913
40126	10.215694	1.095868	-0.941525	0.382299	1.619455	-0.330248	0.057383	0.231482	0.971145	0.855575	-0.512696	0.071652	0.514488	0.826776	-0.227471
40127	10.255898	1.325693	-0.789492	0.433304	1.637593	-0.314917	0.046223	0.219510	0.974515	0.857951	-0.508399	0.073823	0.511647	0.832674	-0.211829
40128	10.153907	1.379369	-0.727672	0.478076	1.635227	-0.292227	0.035330	0.207337	0.977632	0.860499	-0.503789	0.075747	0.508225	0.838575	-0.196212
40129	10.060554	1.492333	-0.576631	0.516273	1.610411	-0.254188	0.024924	0.195066	0.980473	0.863178	-0.498943	0.077323	0.504283	0.844396	-0.180812
40130	9.893123	1.626164	-0.383162	0.520638	1.559217	-0.207247	0.015258	0.182897	0.983014	0.865825	-0.494150	0.078501	0.500114	0.849920	-0.165896
40131	9.680770	1.721705	-0.366093	0.467572	1.487271	-0.149381	0.006489	0.170959	0.985257	0.868158	-0.489912	0.079290	0.496245	0.854844	-0.151598
40132	9.515561	1.818537	-0.754137	0.395472	1.424520	-0.089162	-0.001375	0.159197	0.987246	0.870106	-0.486387	0.079643	0.492862	0.859118	-0.137849
40133	9.154295	2.143850	-1.064777	0.272699	1.369198	-0.022772	-0.008371	0.147524	0.989023	0.871433	-0.484018	0.079573	0.490443	0.862533	-0.124506
40134	8.659184	2.444723	-1.444073	0.071087	1.323750	0.032206	-0.014622	0.135946	0.990608	0.871774	-0.483461	0.079216	0.489690	0.864745	-0.111446
40135	8.107798	2.487330	-1.910032	-0.205592	1.299598	0.097369	-0.020216	0.124237	0.992047	0.870769	-0.485381	0.078530	0.491277	0.865431	-0.098369
40136	7.732201	2.226472	-2.188741	-0.503532	1.293589	0.154623	-0.025297	0.112304	0.993352	0.868309	-0.489932	0.077502	0.495379	0.864496	-0.085121
40137	7.405728	1.748847	-2.683598	-0.803505	1.340770	0.197480	-0.030342	0.099764	0.994548	0.864342	-0.497093	0.076234	0.501988	0.861943	-0.071148
40138	7.132026	1.251466	-3.167896	-1.067907	1.393620	0.226442	-0.035491	0.086655	0.995606	0.858997	-0.506501	0.074706	0.510749	0.857874	-0.056460
40139	6.958541	0.931110	-3.314853	-1.299050	1.433777	0.241051	-0.040896	0.073173	0.996480	0.852370	-0.517818	0.073006	0.521337	0.852356	-0.041194
40140	7.671918	0.845241	-2.947245	-1.539229	1.477947	0.250253	-0.046613	0.059328	0.997150	0.844346	-0.531064	0.071067	0.533767	0.845252	-0.025338
40141	9.249650	1.365464	-0.596991	-1.869833	1.590971	0.267207	-0.053048	0.044531	0.997599	0.834343	-0.546938	0.068781	0.548688	0.835988	-0.008140
40142	8.601694	-0.389673	-1.434357	-1.928330	1.328078	0.265596	-0.058277	0.032036	0.997786	0.823748	-0.563079	0.066191	0.563953	0.825782	0.006425
40143	8.587553	-2.883428	-2.452958	-1.681021	0.614303	0.237435	-0.059903	0.025659	0.997874	0.814279	-0.576966	0.063718	0.577375	0.816365	0.013668
40144	8.569281	-9.038073	-3.487533	-1.149063	-0.654371	0.365385	-0.053171	0.028869	0.998168	0.807780	-0.586423	0.059990	0.587081	0.809490	0.007861
40145	13.910414	-7.097637	0.215906	0.333070	-1.509287	0.402033	-0.041127	0.038765	0.998402	0.809907	-0.583876	0.056032	0.585115	0.810917	-0.007383
40146	15.583887	4.465431	3.811827	1.375108	-1.475556	0.107205	-0.031741	0.050180	0.998236	0.817905	-0.572738	0.054798	0.574477	0.818201	-0.022863
40147	12.636433	8.370012	1.506788	1.062734	-1.407318	-0.004232	-0.023802	0.061770	0.997807	0.823951	-0.564027	0.054572	0.566161	0.823442	-0.037471
40148	9.457753	3.724577	0.108192	0.777811	-1.316435	0.349745	-0.013542	0.070686	0.997407	0.828383	-0.557855	0.050782	0.559998	0.826923	-0.051000
40149	7.140534	1.015001	-0.387308	0.829738	-1.194395	0.553543	-0.002357	0.077532	0.996987	0.833032	-0.551403	0.044850	0.553219	0.830628	-0.063287
40150	7.297236	1.291509	-2.667884	0.583800	-1.264994	0.496972	0.008716	0.085338	0.996314	0.836220	-0.546967	0.039534	0.548324	0.832794	-0.076128
40151	9.308755	1.012443	-5.320813	0.238690	-1.312778	0.522202	0.020209	0.093437	0.995420	0.837439	-0.545460	0.034199	0.546157	0.832913	-0.089271
40152	9.853291	1.569384	-4.819762	-0.116234	-1.151700	0.538736	0.030970	0.100091	0.994496	0.836656	-0.546961	0.028994	0.546853	0.831153	-0.100681
40153	9.593082	1.277384	-3.687800	-0.553482	-1.011582	0.558349	0.041128	0.105435	0.993575	0.833405	-0.552137	0.024093	0.551130	0.827060	-0.110578
40154	10.014283	0.075476	-3.461823	-0.849478	-0.951219	0.543864	0.050878	0.110265	0.992599	0.828435	-0.559738	0.019716	0.557770	0.821301	-0.119826
40155	10.554297	-1.746096	-3.837357	-0.892639	-0.860238	0.470547	0.059536	0.114681	0.991617	0.823155	-0.567584	0.016220	0.564686	0.815289	-0.128192
40156	10.444103	-2.638915	-3.542596	-0.598808	-0.752715	0.397639	0.067026	0.118549	0.990683	0.819500	-0.572929	0.013114	0.569146	0.810986	-0.135552
40157	10.054048	-2.056886	-2.975033	-0.178907	-0.670634	0.331975	0.073514	0.122106	0.989791	0.818238	-0.574790	0.010137	0.570160	0.809139	-0.142167
40158	9.966083	-0.808921	-2.613083	0.036305	-0.612055	0.281928	0.079266	0.125452	0.988928	0.818221	-0.574857	0.007341	0.569413	0.808580	-0.148214
40159	9.878595	0.019034	-2.467965	0.045712	-0.564110	0.274758	0.084676	0.128463	0.988093	0.818247	-0.574848	0.004616	0.568596	0.808113	-0.153790
40160	9.791993	0.223680	-2.686697	0.013647	-0.531474	0.271910	0.089879	0.131208	0.987272	0.818079	-0.575102	0.001955	0.568039	0.807491	-0.159028
40161	9.621371	0.427348	-2.806134	-0.068838	-0.494125	0.273234	0.094873	0.133654	0.986476	0.817428	-0.576031	-0.000571	0.568165	0.806427	-0.163902
40162	9.477789	0.049902	-2.870179	-0.152586	-0.429246	0.262089	0.099412	0.135616	0.985761	0.816298	-0.577625	-0.002856	0.569013	0.804959	-0.168126
40163	9.456632	-0.439575	-2.718744	-0.073007	-0.386112	0.262606	0.103706	0.137237	0.985094	0.815608	-0.578581	-0.005259	0.569235	0.803996	-0.171934
40164	9.705396	-0.609479	-2.507236	0.051520	-0.337098	0.264516	0.107739	0.138432	0.984494	0.815614	-0.578543	-0.007907	0.568477	0.803819	-0.175239
40165	9.789998	-0.582772	-2.064658	0.209020	-0.301347	0.260402	0.111529	0.139384	0.983938	0.816507	-0.577235	-0.010780	0.566460	0.804594	-0.178187
40166	10.025455	0.031860	-1.971384	0.326170	-0.293019	0.268399	0.115336	0.140213	0.983381	0.818038	-0.574994	-0.013959	0.563481	0.806053	-0.181017
40167	9.911994	0.477096	-2.140408	0.277142	-0.264892	0.275201	0.119033	0.140804	0.982856	0.819267	-0.573156	-0.017111	0.560921	0.807258	-0.183580
40168	9.737524	0.518276	-2.322681	0.136532	-0.257178	0.274494	0.122681	0.141323	0.982333	0.819694	-0.572452	-0.020014	0.559510	0.807667	-0.186071
40169	9.732533	0.002397	-2.534444	-0.033284	-0.236856	0.279708	0.126253	0.141668	0.981830	0.819153	-0.573128	-0.022638	0.559507	0.807127	-0.188407
40170	9.747885	-0.375655	-2.601466	-0.051515	-0.218562	0.278107	0.129711	0.141851	0.981353	0.818503	-0.573949	-0.025224	0.559668	0.806512	-0.190553
40171	9.827043	-0.526902	-2.599553	-0.081374	-0.190632	0.262852	0.132884	0.141913	0.980919	0.817696	-0.574989	-0.027587	0.560103	0.805760	-0.192449
40172	9.865650	-0.843414	-2.476947	-0.032130	-0.172958	0.238278	0.135759	0.141951	0.980520	0.817190	-0.575597	-0.029815	0.560152	0.805319	-0.194143
40173	10.002692	-0.746896	-2.241405	0.102103	-0.180492	0.230911	0.138613	0.142111	0.980097	0.817439	-0.575114	-0.032219	0.559089	0.805635	-0.195885
40174	10.124366	-0.654785	-2.724619	0.149647	-0.134298	0.204686	0.140994	0.142032	0.979769	0.817982	-0.574209	-0.034472	0.557697	0.806294	-0.197140
40175	9.968009	-0.621312	-3.127763	0.103427	-0.072068	0.171209	0.142754	0.141667	0.979567	0.818310	-0.573630	-0.036295	0.556767	0.806771	-0.197815
40176	9.868567	-0.694119	-3.241717	0.043025	-0.024222	0.140574	0.143997	0.141071	0.979471	0.818343	-0.573492	-0.037710	0.556399	0.806973	-0.198025
40177	9.842482	-0.588493	-3.208907	0.026384	0.019096	0.126925	0.144888	0.140225	0.979461	0.818301	-0.573469	-0.038947	0.556230	0.807137	-0.197835
40178	9.776423	-0.570258	-3.150590	0.028423	0.057930	0.113069	0.145449	0.139124	0.979535	0.818289	-0.573409	-0.040064	0.556100	0.807370	-0.197246
40179	9.827088	-0.515218	-3.164359	-0.007577	0.100005	0.096975	0.145646	0.137798	0.979693	0.818101	-0.573616	-0.040941	0.556326	0.807451	-0.196278
40180	9.808362	-0.300469	-3.021735	-0.048476	0.136403	0.086210	0.145550	0.136217	0.979929	0.817700	-0.574137	-0.041645	0.556940	0.807349	-0.194950
40181	9.776009	-0.112785	-2.777766	-0.123776	0.165757	0.073643	0.145188	0.134495	0.980220	0.816897	-0.575247	-0.042068	0.558211	0.806847	-0.193387
40182	9.669317	-0.098025	-2.401676	-0.197276	0.180010	0.072116	0.144728	0.132643	0.980540	0.815684	-0.576946	-0.042349	0.560101	0.805940	-0.191695
40183	9.622689	-0.065249	-1.882945	-0.238935	0.171931	0.072911	0.144319	0.130876	0.980838	0.814232	-0.578978	-0.042550	0.562315	0.804771	-0.190121
40184	9.478081	-0.216300	-1.248715	-0.279369	0.141235	0.082083	0.144148	0.129280	0.981075	0.812534	-0.581342	-0.042779	0.564810	0.803323	-0.188844
40185	9.363386	-0.361094	-0.683323	-0.286158	0.117292	0.091782	0.144190	0.127844	0.981257	0.810776	-0.583769	-0.043082	0.567320	0.801792	-0.187826
40186	9.088288	-0.481682	-0.004533	-0.300094	0.062507	0.111951	0.144699	0.126704	0.981330	0.808902	-0.586327	-0.043571	0.569859	0.800105	-0.187332
40187	8.981149	-0.685908	0.766598	-0.268788	-0.018812	0.122979	0.145760	0.126169	0.981242	0.807183	-0.588643	-0.044215	0.572022	0.798487	-0.187642
40188	8.753002	-1.076415	1.163298	-0.211360	-0.117227	0.119414	0.147352	0.126417	0.980972	0.805792	-0.590491	-0.044943	0.573574	0.797082	-0.188876
40189	8.584151	-1.270936	1.500371	-0.123515	-0.238673	0.109845	0.149565	0.127703	0.980471	0.804914	-0.591627	-0.045727	0.574233	0.796034	-0.191276
40190	8.543444	-1.297984	1.669102	-0.041501	-0.367663	0.109546	0.152515	0.129996	0.979714	0.804505	-0.592109	-0.046674	0.574030	0.795304	-0.194888
40191	8.510451	-1.295957	1.751340	-0.018557	-0.511433	0.106397	0.156261	0.133461	0.978657	0.804229	-0.592409	-0.047623	0.573409	0.794506	-0.199904
40192	8.701706	-1.233833	1.964065	-0.036846	-0.674279	0.108022	0.160952	0.138190	0.977240	0.803841	-0.592859	-0.048558	0.572655	0.793361	-0.206505
40193	9.196745	-1.180851	1.863085	-0.013424	-0.826044	0.091814	0.166370	0.144219	0.975460	0.803609	-0.593106	-0.049370	0.571431	0.792102	-0.214571
40194	9.295483	-1.334415	1.470019	-0.027665	-0.960720	0.077418	0.172433	0.151378	0.973320	0.803315	-0.593450	-0.050017	0.570045	0.790507	-0.223935
40195	9.595226	-0.316488	1.258555	0.128058	-1.104380	0.061764	0.179161	0.159757	0.970762	0.803931	-0.592545	-0.050857	0.567095	0.789537	-0.234595
40196	9.940925	0.247014	0.599972	0.095126	-1.219606	0.062814	0.186523	0.169022	0.967802	0.804350	-0.591907	-0.051648	0.564119	0.788085	-0.246357
40197	9.789198	0.322828	-0.249140	0.103042	-1.316443	0.074558	0.194477	0.178961	0.964444	0.804784	-0.591235	-0.052573	0.560805	0.786393	-0.259007
40198	9.924517	0.082452	-1.238743	0.073934	-1.401040	0.068945	0.202824	0.189573	0.960690	0.805057	-0.590790	-0.053386	0.557446	0.784238	-0.272443
40199	10.229613	-0.053227	-2.251298	0.106213	-1.438561	0.063402	0.211274	0.200480	0.956646	0.805513	-0.590091	-0.054234	0.553635	0.782049	-0.286160
40200	10.261222	-0.249671	-2.900640	0.092932	-1.427816	0.053335	0.219540	0.211330	0.952440	0.805909	-0.589483	-0.054968	0.549830	0.779647	-0.299728
40201	9.918285	-0.936457	-3.278891	-0.006563	-1.433471	0.047751	0.227731	0.222217	0.948029	0.805764	-0.589645	-0.055344	0.546701	0.776491	-0.313335
40202	10.282428	-0.907601	-3.328535	-0.052460	-1.440225	0.046790	0.235920	0.233115	0.943398	0.805368	-0.590164	-0.055571	0.543805	0.772893	-0.326975
40203	10.241688	-0.338921	-3.235368	-0.126398	-1.426920	0.072208	0.244191	0.243702	0.938605	0.804508	-0.591317	-0.055772	0.541422	0.768735	-0.340455
40204	10.257922	-0.164568	-3.078658	-0.253872	-1.428867	0.080934	0.252526	0.254187	0.933606	0.802934	-0.593469	-0.055601	0.539933	0.763664	-0.353962
40205	10.577088	-0.424194	-2.772462	-0.375820	-1.434409	0.058104	0.260679	0.264768	0.928410	0.800757	-0.596484	-0.054729	0.539291	0.757697	-0.367506
40206	11.180180	-0.917433	-2.082629	-0.337538	-1.489809	0.006429	0.268715	0.275990	0.922834	0.798921	-0.599053	-0.053476	0.538068	0.751641	-0.381469
40207	11.924339	-0.042317	-1.358424	-0.091814	-1.565807	-0.035237	0.276777	0.287945	0.916778	0.798526	-0.599646	-0.052738	0.534557	0.746668	-0.395900
40208	11.998903	0.928871	-0.412222	-0.043476	-1.637811	-0.039092	0.285145	0.300384	0.910199	0.798405	-0.599857	-0.052157	0.530322	0.741580	-0.410874
40209	11.426744	1.069276	0.416822	-0.069586	-1.759366	-0.049331	0.293984	0.313686	0.902870	0.798182	-0.600223	-0.051360	0.525812	0.735754	-0.426835
40210	11.192880	0.524135	0.779947	-0.072093	-1.909127	-0.055532	0.303490	0.328021	0.894593	0.797973	-0.600574	-0.050499	0.520705	0.729186	-0.444020
40211	11.305025	0.600739	0.614724	0.025377	-2.016519	-0.044537	0.313509	0.342932	0.885500	0.798244	-0.600242	-0.050157	0.514314	0.722570	-0.461925
40212	11.298251	0.876555	0.395122	-0.038187	-2.112668	-0.002585	0.324246	0.358150	0.875553	0.798060	-0.600508	-0.049906	0.507902	0.714926	-0.480538
40213	11.272652	0.928294	0.254250	-0.133370	-2.229897	0.071572	0.336006	0.373564	0.864609	0.797155	-0.601717	-0.049813	0.501642	0.705965	-0.499969
40214	11.051322	1.158347	-0.390892	-0.080212	-2.358236	0.173904	0.349094	0.389072	0.852500	0.796164	-0.602941	-0.050849	0.494223	0.696481	-0.520248
40215	11.053807	1.121054	-1.299311	-0.198132	-2.419222	0.259229	0.362958	0.404223	0.839563	0.794274	-0.605337	-0.051928	0.487228	0.685690	-0.540776
40216	10.398737	0.750152	-1.838718	-0.298761	-2.486890	0.335067	0.377607	0.419111	0.825687	0.791593	-0.608743	-0.053023	0.480409	0.673630	-0.561631
40217	10.210190	-0.621538	-2.839130	-0.347506	-2.580769	0.344161	0.392560	0.434221	0.810770	0.788618	-0.612527	-0.053786	0.473264	0.660502	-0.582888
40218	10.064219	-1.790592	-4.159159	-0.180653	-2.664366	0.339096	0.407678	0.449586	0.794777	0.786422	-0.615202	-0.055388	0.464047	0.647611	-0.604368
40219	9.944704	-1.442773	-4.716136	0.029997	-2.740650	0.292417	0.422464	0.465360	0.777795	0.785354	-0.616341	-0.057809	0.452485	0.635267	-0.625854
40220	9.790980	-1.045341	-5.439339	0.112527	-2.809902	0.232485	0.436784	0.481620	0.759778	0.784867	-0.616727	-0.060266	0.439550	0.622648	-0.647384
40221	9.929606	-0.822288	-5.640597	0.159830	-2.841812	0.192304	0.450517	0.497939	0.741007	0.784716	-0.616676	-0.062700	0.425741	0.609727	-0.668564
40222	9.994442	-0.316623	-5.653391	0.084407	-2.776792	0.149039	0.463285	0.513783	0.722076	0.784400	-0.616912	-0.064317	0.412412	0.596193	-0.688818
40223	9.589244	-0.583121	-5.910816	-0.021376	-2.684155	0.105359	0.474945	0.528940	0.703313	0.783831	-0.617578	-0.064858	0.400044	0.582082	-0.707916
40224	8.923300	-1.026394	-6.357245	-0.042311	-2.542727	0.071694	0.485490	0.543142	0.685052	0.783333	-0.618194	-0.065007	0.388187	0.568184	-0.725588
40225	8.297841	-1.096108	-6.406200	-0.031462	-2.347715	0.051235	0.494805	0.556005	0.667853	0.782975	-0.618641	-0.065063	0.376985	0.555106	-0.741444
40226	7.949141	-0.767555	-6.648068	-0.066312	-2.098300	0.037753	0.502868	0.567311	0.652136	0.782554	-0.619204	-0.064772	0.367059	0.542903	-0.755330
40227	7.547176	0.202098	-6.053739	-0.173923	-1.759644	0.031496	0.509440	0.576565	0.638783	0.781778	-0.620306	-0.063593	0.359575	0.531783	-0.766754
40228	6.462204	-0.029246	-7.487828	-0.450342	-1.442374	0.027991	0.514779	0.584001	0.627650	0.780038	-0.622824	-0.060253	0.355728	0.520608	-0.776160
40229	6.734770	-0.684114	-7.474504	-0.631958	-1.115061	0.057900	0.519125	0.589381	0.618982	0.777509	-0.626406	-0.055627	0.354949	0.510142	-0.783432
40230	8.021995	-0.560495	-5.640515	-0.665323	-0.675241	0.004767	0.521527	0.592789	0.613686	0.775132	-0.629787	-0.050386	0.356623	0.501966	-0.787941
40231	8.432866	-1.553625	-5.627563	-0.549289	-0.225899	-0.105473	0.521452	0.594577	0.612018	0.773730	-0.631890	-0.045350	0.359764	0.497184	-0.789543
40232	7.929860	-2.899407	-6.282989	-0.125496	0.173610	-0.249014	0.518860	0.595308	0.613509	0.774587	-0.631018	-0.042791	0.361661	0.497419	-0.788528
40233	7.841501	-3.443796	-6.554568	0.493525	0.548167	-0.418520	0.513562	0.595185	0.618068	0.778545	-0.626041	-0.044041	0.360723	0.503812	-0.784890
40234	8.056650	-3.390956	-6.416354	1.119747	0.945131	-0.591157	0.505510	0.594059	0.625743	0.785589	-0.616799	-0.049075	0.356805	0.516385	-0.778484
40235	8.068214	-3.000067	-6.211028	1.726585	1.355022	-0.740774	0.494797	0.591441	0.636689	0.795411	-0.603317	-0.057705	0.349996	0.534982	-0.768958
40236	7.984971	-1.852500	-5.763433	2.163039	1.742553	-0.865722	0.481798	0.587086	0.650539	0.807128	-0.586378	-0.068587	0.341196	0.558113	-0.756370
40237	7.715994	-0.444197	-5.421871	2.253429	2.076556	-0.982667	0.466738	0.580886	0.666879	0.819399	-0.567764	-0.078932	0.332779	0.583280	-0.740974
40238	7.419767	0.799283	-5.297582	1.970624	2.361871	-1.080595	0.449984	0.572873	0.685077	0.830870	-0.549779	-0.086012	0.327367	0.607914	-0.723375
40239	7.038462	1.258412	-5.163377	1.474000	2.624924	-1.146656	0.431741	0.562804	0.704877	0.840761	-0.534124	-0.088503	0.326682	0.630843	-0.703787
40240	7.251507	1.164020	-5.148651	0.977316	2.886078	-1.184417	0.412206	0.550555	0.725930	0.848983	-0.521250	-0.086757	0.330626	0.652064	-0.682274
40241	7.160771	0.903714	-5.347880	0.528748	3.138150	-1.186286	0.391511	0.535877	0.748034	0.855534	-0.511294	-0.081494	0.338794	0.671874	-0.658638
40242	7.053316	0.689503	-5.453580	0.133336	3.382777	-1.183091	0.369657	0.518854	0.770807	0.860505	-0.504137	-0.073323	0.350548	0.690388	-0.632835
40243	6.992228	0.431529	-5.847502	-0.185532	3.617039	-1.155563	0.346662	0.499332	0.794036	0.863990	-0.499543	-0.063064	0.365165	0.707901	-0.604591
40244	7.003002	0.204002	-5.989372	-0.387972	3.845771	-1.114349	0.322621	0.477346	0.817348	0.866278	-0.496874	-0.051751	0.381416	0.724746	-0.573816
40245	7.126878	0.084786	-6.163982	-0.492418	4.059969	-1.071038	0.297415	0.452865	0.840510	0.867685	-0.495498	-0.040057	0.398331	0.741212	-0.540313
40246	7.307867	0.001280	-6.320498	-0.528256	4.262704	-1.034846	0.271049	0.426059	0.863138	0.868482	-0.494905	-0.028434	0.415057	0.757326	-0.504167
40247	7.578486	-0.116555	-6.355844	-0.503287	4.442871	-0.998106	0.243490	0.396961	0.884949	0.868922	-0.494650	-0.017196	0.430914	0.773139	-0.465370
40248	7.893659	-0.204245	-6.486519	-0.418091	4.610023	-0.966688	0.214847	0.365747	0.905577	0.869307	-0.494228	-0.006632	0.445136	0.788649	-0.424130
40249	8.157560	-0.092809	-6.417918	-0.333234	4.765267	-0.924411	0.185203	0.332335	0.924799	0.869649	-0.493660	0.003243	0.457614	0.803650	-0.380442
40250	8.358406	-0.176629	-6.440940	-0.265028	4.884630	-0.892422	0.154779	0.297143	0.942205	0.869937	-0.493003	0.012571	0.468245	0.817713	-0.334802
40251	8.739615	-0.136347	-6.620666	-0.173915	4.989535	-0.852602	0.123686	0.260178	0.957606	0.870296	-0.492069	0.021284	0.476746	0.830768	-0.287294
40252	9.121668	0.050585	-6.612961	-0.119055	5.078954	-0.815454	0.092158	0.221699	0.970750	0.870599	-0.491108	0.029508	0.483285	0.842415	-0.238271
40253	9.674321	0.388068	-6.413685	-0.136554	5.136197	-0.785723	0.060266	0.182003	0.981449	0.870524	-0.490692	0.037541	0.488422	0.852113	-0.188010
40254	10.013575	0.695105	-5.649796	-0.253490	5.141983	-0.733468	0.028603	0.141610	0.989509	0.869597	-0.491686	0.045229	0.492932	0.859181	-0.137207
40255	10.234516	0.644804	-4.552279	-0.435092	5.045127	-0.668024	-0.002276	0.101426	0.994841	0.867517	-0.494639	0.052414	0.497403	0.863160	-0.086862
40256	10.560676	0.415289	-3.157182	-0.561181	4.859463	-0.602930	-0.031817	0.062451	0.997541	0.864599	-0.499008	0.058817	0.501454	0.864344	-0.038118
40257	12.281564	1.462883	1.089120	-0.678016	4.575470	-0.520963	-0.059434	0.025524	0.997906	0.860931	-0.504656	0.064183	0.505237	0.862943	0.008020
40258	10.203406	-3.285790	-1.727252	-0.785388	3.878522	-0.402562	-0.082611	-0.005823	0.996565	0.856647	-0.511398	0.068024	0.509245	0.859324	0.047235
40259	8.229516	-2.976838	-2.684438	0.022619	3.002569	-0.347774	-0.100921	-0.029861	0.994446	0.856424	-0.511290	0.071562	0.506313	0.858890	0.077173
40260	6.956205	-2.471135	-1.302108	0.310678	2.090526	-0.291093	-0.113993	-0.046328	0.992401	0.857661	-0.508751	0.074766	0.501421	0.859667	0.097728
40261	5.536115	-2.714356	-1.532122	0.547060	1.228334	-0.153664	-0.121513	-0.056141	0.991001	0.860187	-0.504145	0.076913	0.495291	0.861792	0.109552
40262	5.197810	-2.016971	-2.468556	0.943970	0.385876	-0.020866	-0.123631	-0.059359	0.990551	0.864781	-0.496022	0.078209	0.486693	0.866279	0.112656
40263	5.056013	-1.010635	-3.906229	1.158957	-0.331363	0.085014	-0.121369	-0.056914	0.990974	0.870451	-0.485923	0.078701	0.477059	0.872146	0.108517
40264	5.022867	-0.714212	-5.304914	0.935976	-0.896883	0.147564	-0.115878	-0.049770	0.992016	0.875043	-0.477679	0.078249	0.469971	0.877123	0.098903
40265	5.513274	-1.604444	-7.341787	0.761032	-1.261692	0.270371	-0.107678	-0.039972	0.993382	0.878884	-0.470891	0.076319	0.464723	0.881286	0.085835
40266	6.862179	-1.795520	-7.463868	0.712674	-1.422400	0.353215	-0.098035	-0.029052	0.994759	0.882528	-0.464494	0.073409	0.459927	0.885099	0.071175
40267	10.066902	1.155164	-2.964304	0.727548	-1.544023	0.446889	-0.087080	-0.017423	0.996049	0.886255	-0.457959	0.069470	0.454939	0.888802	0.055320
40268	13.292623	4.234658	1.505052	-0.052727	-1.330785	0.391817	-0.077586	-0.007381	0.996958	0.886324	-0.458399	0.065582	0.456520	0.888716	0.042107
40269	14.064137	-2.434526	-3.978511	-0.398002	-1.756645	0.604104	-0.064236	0.005433	0.997920	0.884911	-0.461947	0.059476	0.461309	0.886891	0.024866
40270	15.624295	-3.682915	-8.071254	0.791495	-2.059512	0.751656	-0.048172	0.020296	0.998633	0.888950	-0.455029	0.052129	0.455465	0.890245	0.003877
40271	11.972039	4.276270	-5.670614	1.397452	-1.843087	0.479223	-0.035661	0.034609	0.998764	0.895422	-0.442697	0.047312	0.443788	0.896003	-0.015203
40272	8.771233	5.096361	-6.021686	0.783705	-1.923536	0.504365	-0.022705	0.049663	0.998508	0.899012	-0.435894	0.042123	0.437336	0.898627	-0.034750
