// General information: 
//  MT Manager version: 2022.2.0 
//  XDA version: 2022.2.0 build 7381 rev 124627 built on 2023-07-19
// Device information: 
//  DeviceId: 00B4CAF0
//  ProductCode: MTW2-3A7G6
//  Firmware Version: 4.6.0
//  Hardware Version: 2.0.0
// Device settings: 
//  Filter Profile: human(46.1)
//  Option Flags: Orientation Smoother Disabled, Position/Velocity Smoother Disabled, Continuous Zero Rotation Update Disabled, AHS Disabled, ICC Disabled
// Coordinate system: ENU
PacketCounter	Acc_X	Acc_Y	Acc_Z	Gyr_X	Gyr_Y	Gyr_Z	Mat[1][1]	Mat[2][1]	Mat[3][1]	Mat[1][2]	Mat[2][2]	Mat[3][2]	Mat[1][3]	Mat[2][3]	Mat[3][3]
56007	4.197438	-1.460305	9.211849	0.027121	-0.002937	-0.007061	-0.506228	-0.748177	0.428911	0.787069	-0.604103	-0.124828	0.352500	0.274391	0.894681
56008	4.217920	-1.512197	9.225234	0.028935	-0.000872	-0.005948	-0.506285	-0.748108	0.428965	0.787111	-0.604103	-0.124560	0.352323	0.274580	0.894692
56009	4.231896	-1.542160	9.247992	0.036058	-0.006289	-0.004973	-0.506313	-0.748024	0.429077	0.787185	-0.604077	-0.124224	0.352118	0.274867	0.894685
56010	4.212264	-1.483687	9.235253	0.036290	-0.003361	-0.013525	-0.506421	-0.747902	0.429162	0.787215	-0.604113	-0.123858	0.351896	0.275119	0.894695
56011	4.239020	-1.437063	9.283053	0.036928	-0.007535	-0.007341	-0.506464	-0.747800	0.429289	0.787279	-0.604101	-0.123504	0.351690	0.275420	0.894683
56012	4.297711	-1.315261	9.370283	0.025054	0.001616	-0.005430	-0.506525	-0.747741	0.429319	0.787310	-0.604108	-0.123273	0.351532	0.275566	0.894700
56013	4.226861	-1.443281	9.300939	0.017085	-0.006264	-0.000651	-0.506520	-0.747684	0.429426	0.787339	-0.604101	-0.123125	0.351476	0.275738	0.894669
56014	4.233532	-1.408495	9.292916	0.021193	-0.005449	0.000898	-0.506507	-0.747643	0.429512	0.787389	-0.604070	-0.122957	0.351383	0.275914	0.894652
56015	4.201870	-1.418010	9.295769	0.020260	-0.013345	0.005638	-0.506427	-0.747604	0.429674	0.787460	-0.604008	-0.122807	0.351338	0.276158	0.894594
56016	4.262020	-1.426913	9.297545	0.015679	-0.015817	0.002351	-0.506366	-0.747544	0.429850	0.787498	-0.603981	-0.122694	0.351341	0.276378	0.894525
56017	4.230988	-1.436817	9.300063	0.020189	-0.017509	0.010423	-0.506234	-0.747522	0.430044	0.787593	-0.603883	-0.122566	0.351317	0.276653	0.894449
56018	4.238532	-1.412508	9.250324	0.015136	-0.021637	0.005400	-0.506129	-0.747464	0.430269	0.787644	-0.603836	-0.122471	0.351354	0.276912	0.894354
56019	4.266698	-1.433052	9.254769	0.017743	-0.019999	0.011340	-0.505981	-0.747440	0.430484	0.787736	-0.603737	-0.122369	0.351363	0.277191	0.894265
56020	4.261492	-1.420238	9.222376	0.020037	-0.021254	0.011776	-0.505827	-0.747422	0.430697	0.787836	-0.603628	-0.122258	0.351359	0.277477	0.894177
56021	4.295644	-1.407723	9.218791	0.017502	-0.018342	0.011674	-0.505682	-0.747405	0.430896	0.787928	-0.603528	-0.122160	0.351361	0.277742	0.894095
56022	4.244966	-1.417831	9.206862	0.016159	-0.018757	0.012301	-0.505532	-0.747397	0.431086	0.788018	-0.603426	-0.122086	0.351375	0.277986	0.894013
56023	4.240209	-1.385165	9.256685	0.018214	-0.018351	0.013072	-0.505377	-0.747388	0.431284	0.788120	-0.603313	-0.121987	0.351371	0.278255	0.893931
56024	4.229746	-1.450266	9.272222	0.012848	-0.024979	0.013178	-0.505198	-0.747367	0.431529	0.788202	-0.603213	-0.121946	0.351443	0.278525	0.893819
56025	4.277028	-1.426978	9.250939	0.014034	-0.023331	0.016314	-0.504999	-0.747364	0.431767	0.788306	-0.603088	-0.121899	0.351496	0.278806	0.893710
56026	4.272798	-1.459619	9.258236	0.007629	-0.022892	0.014333	-0.504819	-0.747356	0.431991	0.788376	-0.602994	-0.121910	0.351599	0.279029	0.893600
56027	4.268649	-1.492568	9.265452	0.006525	-0.024967	0.014626	-0.504627	-0.747338	0.432247	0.788444	-0.602902	-0.121923	0.351720	0.279277	0.893475
56028	4.212161	-1.482055	9.262370	0.005813	-0.029943	0.010818	-0.504450	-0.747289	0.432538	0.788490	-0.602839	-0.121936	0.351872	0.279541	0.893332
56029	4.201181	-1.384357	9.280880	0.003128	-0.030769	0.012075	-0.504258	-0.747239	0.432848	0.788534	-0.602776	-0.121968	0.352049	0.279812	0.893178
56030	4.198436	-1.482434	9.245198	-0.002393	-0.046119	0.011138	-0.504021	-0.747147	0.433283	0.788552	-0.602734	-0.122055	0.352347	0.280147	0.892955
56031	4.275441	-1.462183	9.309647	-0.004604	-0.055253	0.009316	-0.503764	-0.747012	0.433814	0.788554	-0.602713	-0.122144	0.352709	0.280554	0.892685
56032	4.286806	-1.484739	9.297994	-0.007375	-0.050680	0.009550	-0.503523	-0.746897	0.434291	0.788547	-0.602697	-0.122270	0.353069	0.280894	0.892435
56033	4.336493	-1.408490	9.276150	-0.005800	-0.056920	0.006172	-0.503285	-0.746737	0.434842	0.788530	-0.602702	-0.122356	0.353448	0.281306	0.892156
56034	4.386002	-1.396900	9.212059	-0.009044	-0.049020	0.007082	-0.503069	-0.746612	0.435307	0.788504	-0.602710	-0.122485	0.353812	0.281622	0.891911
56035	4.362757	-1.331748	9.165076	-0.005076	-0.041992	0.014790	-0.502815	-0.746546	0.435713	0.788532	-0.602649	-0.122602	0.354110	0.281927	0.891697
56036	4.378877	-1.321600	9.145798	-0.006413	-0.037425	0.017828	-0.502555	-0.746518	0.436061	0.788570	-0.602569	-0.122756	0.354396	0.282173	0.891506
56037	4.414907	-1.420845	9.138750	-0.004914	-0.028290	0.018247	-0.502322	-0.746512	0.436340	0.788616	-0.602482	-0.122886	0.354623	0.282376	0.891351
56038	4.398308	-1.456490	9.204433	-0.004747	-0.014581	0.021709	-0.502112	-0.746571	0.436480	0.788679	-0.602368	-0.123042	0.354781	0.282461	0.891261
56039	4.379816	-1.566654	9.187340	-0.001994	-0.004607	0.018070	-0.501965	-0.746630	0.436548	0.788734	-0.602274	-0.123146	0.354866	0.282506	0.891213
56040	4.367397	-1.568756	9.245906	0.002192	0.005354	0.017228	-0.501861	-0.746719	0.436516	0.788799	-0.602174	-0.123220	0.354869	0.282484	0.891219
56041	4.339495	-1.557478	9.200272	0.001304	0.011192	0.011382	-0.501822	-0.746783	0.436452	0.788832	-0.602120	-0.123265	0.354849	0.282430	0.891244
56042	4.338107	-1.557485	9.200925	0.009923	0.014891	0.012756	-0.501787	-0.746872	0.436339	0.788902	-0.602032	-0.123251	0.354743	0.282383	0.891301
56043	4.297558	-1.481749	9.256620	0.014013	0.020291	0.006076	-0.501823	-0.746929	0.436201	0.788954	-0.601982	-0.123160	0.354577	0.282338	0.891381
56044	4.269499	-1.394289	9.294959	0.014728	0.020283	0.007473	-0.501848	-0.747002	0.436046	0.789015	-0.601919	-0.123081	0.354406	0.282279	0.891468
56045	4.254342	-1.360218	9.273363	0.012596	0.010727	0.009083	-0.501826	-0.747050	0.435990	0.789077	-0.601851	-0.123015	0.354300	0.282297	0.891504
56046	4.286282	-1.348598	9.270507	0.007389	-0.001730	0.013650	-0.501725	-0.747098	0.436024	0.789142	-0.601763	-0.123028	0.354297	0.282359	0.891486
56047	4.298988	-1.337285	9.253033	0.006136	-0.002565	0.017709	-0.501588	-0.747160	0.436075	0.789225	-0.601649	-0.123058	0.354308	0.282437	0.891457
56048	4.312356	-1.435581	9.233190	0.001484	-0.004214	0.021633	-0.501415	-0.747249	0.436121	0.789309	-0.601517	-0.123158	0.354364	0.282481	0.891420
56049	4.266853	-1.468757	9.212551	0.003442	-0.008370	0.016564	-0.501266	-0.747288	0.436225	0.789376	-0.601419	-0.123207	0.354426	0.282586	0.891363
56050	4.293945	-1.545675	9.216073	0.003619	-0.009220	0.023420	-0.501061	-0.747374	0.436314	0.789477	-0.601269	-0.123296	0.354490	0.282681	0.891307
56051	4.308645	-1.514501	9.280294	0.005633	-0.014191	0.011158	-0.500934	-0.747364	0.436477	0.789525	-0.601205	-0.123302	0.354564	0.282843	0.891227
56052	4.341000	-1.523580	9.194482	0.003106	-0.011268	0.011064	-0.500820	-0.747370	0.436598	0.789562	-0.601148	-0.123342	0.354642	0.282949	0.891161
56053	4.348988	-1.470669	9.268132	0.001363	-0.004183	0.007582	-0.500757	-0.747366	0.436676	0.789577	-0.601123	-0.123371	0.354699	0.283011	0.891119
56054	4.355547	-1.438069	9.259746	-0.002752	-0.004988	0.006049	-0.500704	-0.747360	0.436748	0.789568	-0.601120	-0.123441	0.354793	0.283035	0.891074
56055	4.310671	-1.461319	9.280141	-0.009159	-0.004532	0.004086	-0.500667	-0.747335	0.436833	0.789528	-0.601151	-0.123548	0.354935	0.283036	0.891018
56056	4.350352	-1.353938	9.310490	-0.013253	-0.009932	0.010766	-0.500560	-0.747342	0.436943	0.789505	-0.601142	-0.123733	0.355136	0.283033	0.890938
56057	4.369930	-1.430730	9.240859	-0.017603	-0.009074	0.009569	-0.500463	-0.747337	0.437062	0.789462	-0.601156	-0.123939	0.355367	0.283017	0.890851
56058	4.383697	-1.476214	9.221488	-0.020679	-0.011977	0.012525	-0.500335	-0.747350	0.437188	0.789422	-0.601155	-0.124198	0.355637	0.282986	0.890753
56059	4.435361	-1.487778	9.149755	-0.018216	-0.004512	0.014006	-0.500219	-0.747384	0.437261	0.789399	-0.601137	-0.124429	0.355850	0.282932	0.890685
56060	4.447823	-1.532816	9.131041	-0.007685	0.010396	0.014108	-0.500158	-0.747470	0.437186	0.789413	-0.601088	-0.124579	0.355906	0.282811	0.890701
56061	4.446195	-1.533860	9.131659	-0.002144	0.020762	0.012634	-0.500143	-0.747568	0.437035	0.789441	-0.601035	-0.124661	0.355866	0.282665	0.890764
56062	4.429696	-1.500756	9.110657	0.011231	0.040231	0.010118	-0.500219	-0.747714	0.436698	0.789502	-0.600962	-0.124625	0.355623	0.282435	0.890934
56063	4.200896	-1.309997	9.344536	-0.001594	0.026585	0.009582	-0.500249	-0.747809	0.436500	0.789516	-0.600930	-0.124688	0.355549	0.282248	0.891022
56064	4.326731	-1.524704	9.164020	-0.001259	0.029474	0.015080	-0.500247	-0.747955	0.436253	0.789558	-0.600855	-0.124786	0.355459	0.282023	0.891130
56065	4.200914	-1.462342	9.253071	-0.004747	0.029087	0.011515	-0.500271	-0.748069	0.436029	0.789570	-0.600818	-0.124886	0.355397	0.281799	0.891225
56066	4.244601	-1.485812	9.273208	-0.013692	0.017912	0.012847	-0.500246	-0.748168	0.435888	0.789557	-0.600795	-0.125084	0.355463	0.281585	0.891266
56067	4.249957	-1.498930	9.305482	-0.008249	0.014142	0.011344	-0.500218	-0.748239	0.435798	0.789556	-0.600768	-0.125215	0.355504	0.281452	0.891292
56068	4.261071	-1.499100	9.247218	-0.013401	0.005861	0.011120	-0.500164	-0.748294	0.435766	0.789535	-0.600757	-0.125403	0.355628	0.281330	0.891281
56069	4.280045	-1.446396	9.262757	-0.011824	0.004608	0.010152	-0.500111	-0.748332	0.435762	0.789515	-0.600750	-0.125560	0.355745	0.281246	0.891261
56070	4.318986	-1.513116	9.248942	-0.013577	-0.002863	0.010065	-0.500034	-0.748356	0.435809	0.789488	-0.600747	-0.125746	0.355914	0.281188	0.891212
56071	4.318228	-1.469947	9.208868	-0.006295	0.000410	0.012077	-0.499952	-0.748393	0.435840	0.789498	-0.600710	-0.125862	0.356008	0.281170	0.891180
56072	4.318332	-1.471232	9.208614	-0.012482	-0.005769	0.007362	-0.499886	-0.748393	0.435916	0.789461	-0.600724	-0.126027	0.356183	0.281140	0.891120
56073	4.312694	-1.495948	9.257470	-0.015301	-0.000378	0.014796	-0.499779	-0.748444	0.435951	0.789452	-0.600691	-0.126235	0.356352	0.281073	0.891073
56074	4.332655	-1.552327	9.270278	-0.006310	-0.004570	0.009667	-0.499699	-0.748461	0.436013	0.789449	-0.600671	-0.126355	0.356472	0.281071	0.891026
56075	4.305218	-1.496907	9.184176	-0.007724	0.000427	0.009280	-0.499638	-0.748481	0.436048	0.789439	-0.600659	-0.126471	0.356577	0.281043	0.890992
56076	4.318428	-1.531278	9.206514	-0.008671	0.002099	0.008218	-0.499593	-0.748509	0.436052	0.789420	-0.600655	-0.126606	0.356683	0.280977	0.890971
56077	4.351243	-1.511129	9.244457	-0.002980	0.001645	0.008788	-0.499541	-0.748529	0.436076	0.789425	-0.600634	-0.126678	0.356744	0.280969	0.890949
56078	4.383330	-1.446170	9.242622	-0.003928	0.003318	0.007727	-0.499504	-0.748557	0.436071	0.789420	-0.600621	-0.126768	0.356806	0.280922	0.890939
56079	4.336832	-1.479543	9.222236	-0.009370	0.007086	0.009230	-0.499468	-0.748596	0.436046	0.789405	-0.600613	-0.126899	0.356891	0.280835	0.890932
56080	4.368492	-1.524063	9.218172	-0.004463	0.012049	0.007385	-0.499465	-0.748646	0.435963	0.789397	-0.600604	-0.126993	0.356914	0.280719	0.890960
56081	4.347288	-1.524458	9.204422	-0.001442	0.015751	0.011626	-0.499441	-0.748723	0.435858	0.789421	-0.600557	-0.127064	0.356893	0.280614	0.891001
56082	4.358773	-1.503760	9.228848	-0.002939	0.021178	0.007812	-0.499467	-0.748802	0.435692	0.789421	-0.600541	-0.127146	0.356858	0.280439	0.891070
56083	4.330167	-1.482458	9.224899	-0.003241	0.028245	0.007132	-0.499523	-0.748888	0.435482	0.789416	-0.600532	-0.127213	0.356789	0.280230	0.891164
56084	4.242565	-1.504605	9.217982	0.003163	0.027778	0.009103	-0.499562	-0.748993	0.435256	0.789444	-0.600488	-0.127247	0.356673	0.280042	0.891269
56085	4.247175	-1.571013	9.249569	0.001174	0.021971	0.009348	-0.499578	-0.749073	0.435098	0.789467	-0.600451	-0.127285	0.356601	0.279907	0.891341
56086	4.258403	-1.549968	9.274152	0.000692	0.020319	0.007612	-0.499603	-0.749149	0.434941	0.789478	-0.600425	-0.127334	0.356541	0.279760	0.891411
56087	4.295336	-1.506161	9.263882	0.001323	0.020738	0.005584	-0.499644	-0.749203	0.434799	0.789482	-0.600415	-0.127354	0.356474	0.279634	0.891477
56088	4.293552	-1.506475	9.264658	-0.003670	0.016207	0.003997	-0.499682	-0.749246	0.434682	0.789460	-0.600429	-0.127426	0.356469	0.279492	0.891523
56089	4.350483	-1.527649	9.226092	-0.000285	0.012040	0.001730	-0.499723	-0.749253	0.434623	0.789439	-0.600453	-0.127444	0.356458	0.279422	0.891550
56090	4.303323	-1.505613	9.207267	-0.001148	0.013281	0.004094	-0.499750	-0.749287	0.434532	0.789426	-0.600459	-0.127494	0.356448	0.279316	0.891587
56091	4.334351	-1.494839	9.204891	0.000210	0.018663	0.005874	-0.499782	-0.749338	0.434408	0.789428	-0.600450	-0.127525	0.356400	0.279199	0.891643
56092	4.280576	-1.495684	9.235565	0.003378	0.021131	0.006353	-0.499819	-0.749408	0.434244	0.789443	-0.600427	-0.127546	0.356316	0.279061	0.891720
56093	4.297690	-1.505722	9.209880	0.007178	0.024018	0.004805	-0.499878	-0.749467	0.434074	0.789464	-0.600406	-0.127510	0.356185	0.278947	0.891808
56094	4.269748	-1.527939	9.245811	0.005752	0.024039	0.002006	-0.499960	-0.749520	0.433890	0.789466	-0.600409	-0.127490	0.356068	0.278801	0.891900
56095	4.274088	-1.494729	9.238724	0.002185	0.019488	0.003216	-0.500015	-0.749556	0.433762	0.789461	-0.600414	-0.127492	0.356000	0.278690	0.891962
56096	4.291881	-1.494587	9.254066	0.010330	0.021509	0.002875	-0.500081	-0.749607	0.433599	0.789483	-0.600397	-0.127436	0.355858	0.278591	0.892049
56097	4.315615	-1.525860	9.219083	0.003137	0.022417	-0.003931	-0.500204	-0.749609	0.433454	0.789446	-0.600453	-0.127398	0.355768	0.278464	0.892125
56098	4.300555	-1.536755	9.237579	0.005518	0.025694	0.002339	-0.500289	-0.749668	0.433255	0.789448	-0.600454	-0.127382	0.355644	0.278304	0.892224
56099	4.272060	-1.514333	9.233662	0.004960	0.024473	-0.002824	-0.500409	-0.749682	0.433090	0.789424	-0.600497	-0.127333	0.355529	0.278173	0.892311
56100	4.295794	-1.481137	9.241168	0.005205	0.027782	-0.000754	-0.500526	-0.749728	0.432875	0.789409	-0.600521	-0.127307	0.355397	0.277995	0.892419
56101	4.280376	-1.491880	9.259830	0.005127	0.028210	-0.004181	-0.500671	-0.749745	0.432679	0.789378	-0.600574	-0.127251	0.355262	0.277837	0.892522
56102	4.264756	-1.512592	9.237322	0.004248	0.024478	-0.004226	-0.500803	-0.749761	0.432498	0.789343	-0.600627	-0.127218	0.355154	0.277678	0.892615
56103	4.288709	-1.479520	9.244717	0.000847	0.023671	-0.004374	-0.500933	-0.749764	0.432343	0.789296	-0.600693	-0.127200	0.355075	0.277528	0.892693
56104	4.247530	-1.468331	9.258056	0.007881	0.023621	-0.004416	-0.501064	-0.749776	0.432169	0.789272	-0.600738	-0.127134	0.354942	0.277397	0.892786
56105	4.239148	-1.500795	9.267118	0.001466	0.019488	0.001808	-0.501130	-0.749805	0.432043	0.789258	-0.600756	-0.127136	0.354880	0.277282	0.892847
56106	4.263294	-1.423140	9.234370	0.006359	0.014501	-0.004840	-0.501232	-0.749789	0.431952	0.789227	-0.600808	-0.127082	0.354805	0.277210	0.892898
56107	4.229556	-1.488323	9.236736	0.001765	0.012427	0.002493	-0.501268	-0.749802	0.431888	0.789218	-0.600820	-0.127085	0.354775	0.277150	0.892929
56108	4.261194	-1.477183	9.234243	0.002466	0.007446	0.001488	-0.501295	-0.749805	0.431851	0.789205	-0.600835	-0.127093	0.354767	0.277108	0.892946
56109	4.286649	-1.498937	9.239738	0.003176	0.007436	0.002888	-0.501310	-0.749807	0.431831	0.789202	-0.600840	-0.127085	0.354751	0.277093	0.892956
56110	4.298911	-1.487433	9.222693	0.001989	0.005797	-0.000248	-0.501344	-0.749795	0.431812	0.789179	-0.600870	-0.127091	0.354755	0.277061	0.892965
56111	4.285709	-1.488491	9.281474	0.003100	0.007865	-0.000539	-0.501388	-0.749777	0.431792	0.789159	-0.600901	-0.127068	0.354737	0.277042	0.892978
56112	4.284654	-1.498188	9.240785	0.004520	0.007843	0.002262	-0.501410	-0.749786	0.431751	0.789157	-0.600905	-0.127062	0.354710	0.277009	0.892999
56113	4.290312	-1.509576	9.273145	0.001932	0.016164	0.001134	-0.501470	-0.749801	0.431655	0.789141	-0.600926	-0.127057	0.354661	0.276922	0.893045
56114	4.301587	-1.508005	9.215355	0.006107	0.011560	0.003706	-0.501493	-0.749829	0.431579	0.789152	-0.600915	-0.127043	0.354603	0.276870	0.893084
56115	4.267763	-1.508406	9.260174	0.007481	0.021533	-0.002728	-0.501603	-0.749836	0.431440	0.789137	-0.600950	-0.126972	0.354482	0.276776	0.893161
56116	4.298404	-1.506841	9.217030	0.002801	0.014921	-0.001228	-0.501677	-0.749844	0.431340	0.789111	-0.600985	-0.126966	0.354434	0.276679	0.893211
56117	4.270850	-1.484458	9.212582	0.005491	0.015736	-0.002480	-0.501764	-0.749836	0.431253	0.789090	-0.601024	-0.126914	0.354358	0.276616	0.893260
56118	4.282812	-1.507093	9.277015	0.005023	0.019054	-0.001812	-0.501858	-0.749852	0.431116	0.789069	-0.601057	-0.126887	0.354271	0.276501	0.893330
56119	4.267714	-1.473254	9.255428	0.006843	0.021110	-0.000703	-0.501950	-0.749869	0.430978	0.789062	-0.601078	-0.126830	0.354158	0.276406	0.893405
56120	4.220501	-1.494879	9.276580	0.007545	0.016131	-0.001706	-0.502032	-0.749878	0.430868	0.789051	-0.601104	-0.126780	0.354066	0.276329	0.893465
56121	4.238526	-1.449739	9.251880	0.008650	0.013229	-0.004401	-0.502125	-0.749851	0.430805	0.789031	-0.601148	-0.126692	0.353978	0.276304	0.893508
56122	4.250780	-1.482090	9.275023	0.007845	0.009074	-0.001016	-0.502177	-0.749845	0.430757	0.789024	-0.601167	-0.126642	0.353919	0.276281	0.893538
56123	4.288913	-1.437115	9.264604	0.012590	0.010286	-0.001491	-0.502237	-0.749827	0.430717	0.789033	-0.601179	-0.126531	0.353814	0.276301	0.893573
56124	4.274995	-1.501957	9.281452	0.010139	0.012779	0.001828	-0.502280	-0.749848	0.430631	0.789049	-0.601171	-0.126473	0.353719	0.276264	0.893623
56125	4.280156	-1.478244	9.232888	0.008553	0.009062	0.000384	-0.502320	-0.749839	0.430600	0.789053	-0.601180	-0.126406	0.353652	0.276270	0.893647
56126	4.279313	-1.477471	9.233402	0.008553	0.009062	0.000384	-0.502361	-0.749841	0.430549	0.789056	-0.601186	-0.126357	0.353588	0.276250	0.893679
56127	4.232870	-1.499047	9.254181	0.008319	0.010721	0.000717	-0.502405	-0.749838	0.430503	0.789061	-0.601193	-0.126293	0.353515	0.276242	0.893710
56128	4.231996	-1.498262	9.254708	0.010913	0.007372	0.004254	-0.502409	-0.749858	0.430462	0.789091	-0.601164	-0.126240	0.353440	0.276250	0.893737
56129	4.263941	-1.486395	9.252263	0.009730	0.005732	0.001119	-0.502432	-0.749844	0.430460	0.789103	-0.601165	-0.126165	0.353381	0.276287	0.893749
56130	4.263489	-1.485458	9.252622	0.009185	0.004509	-0.004043	-0.502492	-0.749807	0.430455	0.789086	-0.601203	-0.126091	0.353335	0.276306	0.893761
56131	4.269244	-1.506382	9.243843	0.006809	0.011545	0.005101	-0.502504	-0.749833	0.430396	0.789107	-0.601181	-0.126060	0.353270	0.276282	0.893794
56132	4.281361	-1.484264	9.268158	0.011952	0.009863	0.000534	-0.502546	-0.749838	0.430337	0.789123	-0.601177	-0.125981	0.353174	0.276277	0.893834
56133	4.241091	-1.482812	9.239786	0.008318	0.010718	0.000715	-0.502590	-0.749835	0.430291	0.789128	-0.601184	-0.125918	0.353102	0.276269	0.893865
56134	4.266167	-1.449261	9.246755	0.009594	0.011551	-0.003338	-0.502669	-0.749822	0.430222	0.789115	-0.601216	-0.125844	0.353017	0.276237	0.893909
56135	4.258639	-1.481257	9.255529	0.008721	0.012793	-0.000979	-0.502734	-0.749815	0.430159	0.789113	-0.601234	-0.125769	0.352930	0.276216	0.893949
56136	4.250920	-1.458608	9.265470	0.012120	0.013596	-0.000828	-0.502800	-0.749822	0.430069	0.789122	-0.601240	-0.125683	0.352815	0.276183	0.894005
56137	4.282693	-1.490946	9.303254	0.011951	0.009861	0.000533	-0.502842	-0.749816	0.430030	0.789139	-0.601239	-0.125587	0.352718	0.276203	0.894037
56138	4.255345	-1.478394	9.257501	0.004683	0.011571	0.000894	-0.502888	-0.749828	0.429956	0.789131	-0.601252	-0.125575	0.352671	0.276141	0.894074
56139	4.260864	-1.499632	9.248806	0.004210	0.009921	-0.000839	-0.502941	-0.749814	0.429918	0.789113	-0.601282	-0.125541	0.352635	0.276114	0.894097
56140	4.364172	-1.532110	9.271685	0.005894	0.017795	-0.004189	-0.503049	-0.749813	0.429794	0.789083	-0.601330	-0.125497	0.352547	0.276013	0.894163
56141	4.296612	-1.563541	9.237467	0.003878	0.031916	-0.008391	-0.503239	-0.749814	0.429570	0.789027	-0.601418	-0.125434	0.352403	0.275819	0.894280
56142	4.274075	-1.497773	9.266614	0.003271	0.036080	-0.014585	-0.503493	-0.749800	0.429295	0.788935	-0.601551	-0.125368	0.352244	0.275564	0.894421
56143	4.277375	-1.463911	9.260080	0.003977	0.036067	-0.013185	-0.503735	-0.749784	0.429039	0.788855	-0.601675	-0.125284	0.352078	0.275340	0.894555
56144	4.222298	-1.463696	9.290940	0.003100	0.032340	-0.013225	-0.503965	-0.749768	0.428797	0.788770	-0.601798	-0.125226	0.351940	0.275112	0.894680
56145	4.212755	-1.461248	9.219456	0.008853	0.031456	-0.009198	-0.504160	-0.749763	0.428577	0.788726	-0.601878	-0.125116	0.351758	0.274951	0.894801
56146	4.223329	-1.428639	9.285598	0.006632	0.027324	-0.008613	-0.504336	-0.749761	0.428373	0.788677	-0.601957	-0.125046	0.351617	0.274782	0.894908
56147	4.207936	-1.394418	9.264095	0.010163	0.022312	-0.003998	-0.504457	-0.749762	0.428228	0.788664	-0.601995	-0.124946	0.351471	0.274698	0.894991
56148	4.193166	-1.414966	9.241270	0.005485	0.015711	-0.002497	-0.504544	-0.749765	0.428121	0.788641	-0.602031	-0.124913	0.351397	0.274609	0.895047
56149	4.237870	-1.481485	9.301746	-0.008880	0.012927	-0.007950	-0.504664	-0.749716	0.428065	0.788542	-0.602151	-0.124966	0.351449	0.274481	0.895066
56150	4.204030	-1.448969	9.264864	-0.017966	0.012578	-0.008710	-0.504788	-0.749674	0.427993	0.788405	-0.602298	-0.125117	0.351576	0.274274	0.895080
56151	4.262333	-1.496383	9.348461	-0.040944	0.006125	-0.015589	-0.504944	-0.749560	0.428008	0.788154	-0.602563	-0.125425	0.351915	0.274004	0.895030
56152	4.326848	-1.487919	9.301599	-0.051747	0.012833	-0.019860	-0.505158	-0.749451	0.427947	0.787842	-0.602886	-0.125830	0.352307	0.273591	0.895002
56153	4.240941	-1.479644	9.211258	-0.058783	0.012870	-0.019847	-0.505371	-0.749330	0.427908	0.787506	-0.603231	-0.126279	0.352752	0.273162	0.894957
56154	4.181434	-1.462935	9.249432	-0.047814	0.009883	-0.016945	-0.505551	-0.749230	0.427870	0.787223	-0.603521	-0.126662	0.353127	0.272795	0.894921
56155	4.213324	-1.475250	9.164305	-0.036312	0.008122	-0.008878	-0.505661	-0.749162	0.427859	0.787021	-0.603722	-0.126957	0.353419	0.272537	0.894885
56156	4.134579	-1.446997	9.229064	-0.031433	0.003519	-0.004887	-0.505723	-0.749118	0.427863	0.786856	-0.603877	-0.127244	0.353697	0.272316	0.894842
56157	4.173630	-1.395308	9.259019	-0.021976	-0.003599	0.000000	-0.505722	-0.749071	0.427945	0.786750	-0.603972	-0.127449	0.353935	0.272232	0.894773
56158	4.219942	-1.439305	9.196156	-0.016154	-0.009867	0.005061	-0.505659	-0.749051	0.428056	0.786689	-0.604010	-0.127643	0.354161	0.272203	0.894693
56159	4.148698	-1.386842	9.211538	-0.010170	-0.007441	0.011166	-0.505556	-0.749061	0.428159	0.786681	-0.603990	-0.127789	0.354326	0.272220	0.894623
56160	4.209003	-1.508026	9.210886	-0.005922	-0.022386	0.012374	-0.505391	-0.749051	0.428373	0.786693	-0.603946	-0.127923	0.354534	0.272347	0.894501
56161	4.256164	-1.476420	9.231133	0.001577	-0.015820	0.016497	-0.505217	-0.749071	0.428543	0.786753	-0.603853	-0.127987	0.354649	0.272497	0.894410
56162	4.335605	-1.552364	9.205398	0.007902	-0.010891	0.017481	-0.505052	-0.749122	0.428647	0.786840	-0.603733	-0.128019	0.354691	0.272621	0.894356
56163	4.290057	-1.519957	9.226617	0.014628	0.001074	0.019175	-0.504916	-0.749204	0.428663	0.786960	-0.603585	-0.127978	0.354617	0.272723	0.894354
56164	4.257040	-1.520437	9.270764	0.015738	0.003139	0.018886	-0.504790	-0.749303	0.428640	0.787082	-0.603433	-0.127946	0.354526	0.272789	0.894370
56165	4.289084	-1.562923	9.267284	0.023883	0.005157	0.018579	-0.504674	-0.749392	0.428621	0.787232	-0.603264	-0.127820	0.354359	0.272916	0.894397
56166	4.242494	-1.474650	9.290336	0.025229	0.005563	0.017955	-0.504563	-0.749492	0.428577	0.787383	-0.603093	-0.127699	0.354181	0.273021	0.894435
56167	4.209496	-1.429493	9.294664	0.026002	-0.004802	0.017982	-0.504416	-0.749551	0.428647	0.787537	-0.602923	-0.127552	0.354048	0.273236	0.894423
56168	4.255525	-1.460241	9.273517	0.025961	-0.009394	0.026196	-0.504188	-0.749659	0.428726	0.787732	-0.602688	-0.127460	0.353940	0.273458	0.894398
56169	4.249871	-1.491492	9.281481	0.033935	-0.016078	0.024847	-0.503947	-0.749728	0.428889	0.787949	-0.602444	-0.127271	0.353800	0.273805	0.894347
56170	4.232039	-1.469032	9.348678	0.034062	-0.026865	0.026901	-0.503651	-0.749792	0.429124	0.788175	-0.602182	-0.127110	0.353716	0.274206	0.894257
56171	4.286416	-1.531041	9.276441	0.031772	-0.030573	0.024053	-0.503365	-0.749817	0.429417	0.788380	-0.601950	-0.126937	0.353666	0.274648	0.894141
56172	4.269246	-1.518869	9.302195	0.029248	-0.027659	0.023935	-0.503090	-0.749861	0.429662	0.788575	-0.601722	-0.126806	0.353624	0.275026	0.894042
56173	4.271592	-1.561506	9.341455	0.030528	-0.026832	0.019881	-0.502850	-0.749870	0.429927	0.788755	-0.601525	-0.126626	0.353565	0.275433	0.893940
56174	4.195644	-1.527988	9.405921	0.029520	-0.024742	0.015381	-0.502653	-0.749870	0.430157	0.788907	-0.601361	-0.126457	0.353506	0.275790	0.893853
56175	4.334904	-1.558326	9.383647	0.025173	-0.028844	0.011760	-0.502469	-0.749825	0.430450	0.789027	-0.601238	-0.126290	0.353499	0.276180	0.893736
56176	4.291199	-1.544239	9.322079	0.024743	-0.020945	0.004203	-0.502374	-0.749768	0.430660	0.789106	-0.601171	-0.126116	0.353458	0.276479	0.893659
56177	4.312950	-1.488151	9.336945	0.019185	-0.026301	0.008064	-0.502229	-0.749707	0.430935	0.789186	-0.601093	-0.125987	0.353485	0.276814	0.893545
56178	4.301942	-1.517850	9.271420	0.026856	-0.025949	0.006008	-0.502101	-0.749648	0.431188	0.789282	-0.601006	-0.125801	0.353453	0.277164	0.893449
56179	4.245733	-1.494365	9.309329	0.031971	-0.027257	0.012056	-0.501921	-0.749608	0.431466	0.789427	-0.600863	-0.125575	0.353384	0.277582	0.893346
56180	4.281236	-1.490454	9.264489	0.046147	-0.043143	0.011667	-0.501688	-0.749535	0.431865	0.789619	-0.600679	-0.125242	0.353285	0.278176	0.893201
56181	4.290910	-1.463519	9.214343	0.054634	-0.033684	0.008603	-0.501513	-0.749456	0.432205	0.789827	-0.600498	-0.124799	0.353070	0.278779	0.893098
56182	4.261418	-1.514657	9.256669	0.045383	-0.032787	0.011616	-0.501316	-0.749410	0.432511	0.790016	-0.600317	-0.124473	0.352925	0.279291	0.892995
56183	4.245324	-1.500456	9.282310	0.042366	-0.041464	0.004987	-0.501142	-0.749288	0.432925	0.790163	-0.600197	-0.124123	0.352845	0.279878	0.892843
56184	4.242939	-1.485829	9.248963	0.028511	-0.052947	-0.000050	-0.500967	-0.749115	0.433426	0.790234	-0.600150	-0.123898	0.352934	0.280439	0.892632
56185	4.229086	-1.462534	9.314565	0.022262	-0.058692	-0.008189	-0.500836	-0.748865	0.434010	0.790243	-0.600184	-0.123671	0.353099	0.281034	0.892379
56186	4.241770	-1.482451	9.302858	0.002094	-0.070524	-0.022389	-0.500776	-0.748508	0.434694	0.790109	-0.600379	-0.123584	0.353485	0.281568	0.892058
56187	3.925825	-1.245937	9.621352	0.007570	-0.084296	-0.014609	-0.500604	-0.748146	0.435514	0.790035	-0.600502	-0.123460	0.353894	0.282266	0.891675
56188	4.170629	-1.223258	9.462836	-0.048505	-0.149816	-0.006949	-0.500140	-0.747658	0.436885	0.789798	-0.600724	-0.123891	0.355075	0.283088	0.890945
56189	4.340068	-1.508511	9.321228	-0.030516	-0.152954	-0.004178	-0.499640	-0.747162	0.438302	0.789641	-0.600877	-0.124152	0.356128	0.284070	0.890212
56190	4.244279	-1.500504	9.341795	-0.027801	-0.162593	-0.006829	-0.499126	-0.746635	0.439784	0.789478	-0.601040	-0.124398	0.357208	0.285110	0.889446
56191	4.300502	-1.547406	9.402853	-0.023454	-0.178910	-0.009422	-0.498571	-0.746030	0.441437	0.789319	-0.601213	-0.124572	0.358332	0.286326	0.888603
56192	4.368300	-1.568024	9.282665	0.001146	-0.189197	-0.007477	-0.497963	-0.745418	0.443153	0.789256	-0.601298	-0.124558	0.359315	0.287736	0.887750
56193	4.372557	-1.588604	9.250973	0.010442	-0.190621	-0.007167	-0.497345	-0.744788	0.444903	0.789230	-0.601357	-0.124441	0.360227	0.289241	0.886891
56194	4.338364	-1.597665	9.231827	0.012857	-0.199040	-0.020133	-0.496797	-0.744066	0.446719	0.789147	-0.601502	-0.124266	0.361164	0.290792	0.886002
56195	4.404492	-1.661945	9.282355	0.014598	-0.207068	-0.023888	-0.496248	-0.743282	0.448632	0.789053	-0.601673	-0.124036	0.362124	0.292441	0.885068
56196	4.416436	-1.766686	9.198751	0.024139	-0.216827	-0.040731	-0.495794	-0.742377	0.450626	0.788909	-0.601937	-0.123668	0.363058	0.294189	0.884105
56197	4.389552	-1.786331	9.342132	0.029203	-0.225315	-0.062194	-0.495477	-0.741300	0.452744	0.788679	-0.602348	-0.123136	0.363990	0.296058	0.883097
56198	4.415640	-2.032128	9.410058	0.038297	-0.243874	-0.094166	-0.495341	-0.739985	0.455037	0.788322	-0.602965	-0.122400	0.364946	0.298086	0.882020
56199	4.521546	-2.360974	9.409593	0.053086	-0.260452	-0.144824	-0.495542	-0.738294	0.457559	0.787770	-0.603912	-0.121278	0.365864	0.300353	0.880870
56200	4.523299	-2.369437	9.566809	0.118718	-0.260392	-0.202216	-0.496191	-0.736264	0.460120	0.787173	-0.605077	-0.119334	0.366270	0.302981	0.879800
56201	4.616519	-2.462112	9.425597	0.174430	-0.285123	-0.293300	-0.497465	-0.733580	0.463022	0.786326	-0.606737	-0.116453	0.366360	0.306155	0.878663
56202	4.584041	-2.123700	9.428665	0.203277	-0.295380	-0.384621	-0.499415	-0.730310	0.466082	0.785124	-0.608959	-0.112912	0.366286	0.309542	0.877507
56203	4.690175	-2.050813	9.319145	0.176069	-0.336472	-0.498455	-0.502101	-0.726181	0.469634	0.783245	-0.612076	-0.109042	0.366636	0.313088	0.876101
56204	4.821901	-2.215735	9.267882	0.121394	-0.368300	-0.632309	-0.505702	-0.721115	0.473559	0.780474	-0.616302	-0.105029	0.367594	0.316487	0.874477
56205	5.250213	-2.781780	9.016037	0.100542	-0.392461	-0.781808	-0.510355	-0.714988	0.477839	0.776844	-0.621632	-0.100437	0.368851	0.319948	0.872687
56206	5.370542	-2.711670	8.817110	0.120718	-0.381016	-0.956746	-0.516366	-0.707761	0.482120	0.772348	-0.628081	-0.094826	0.369924	0.323400	0.870958
56207	5.322016	-2.512435	8.913016	0.004512	-0.389196	-1.170202	-0.523935	-0.699059	0.486630	0.766249	-0.636333	-0.089123	0.371961	0.326185	0.869050
56208	5.590359	-2.818110	8.613706	-0.118439	-0.403242	-1.386984	-0.533009	-0.688822	0.491352	0.758446	-0.646377	-0.083403	0.375049	0.328209	0.866959
56209	5.344410	-3.820011	8.968586	-0.288689	-0.389789	-1.559512	-0.543302	-0.677328	0.496034	0.748934	-0.658013	-0.078208	0.379370	0.329006	0.864774
56210	6.422577	-5.823499	8.272255	-0.099100	-0.336022	-1.711488	-0.554760	-0.664834	0.500237	0.739129	-0.669857	-0.070576	0.382008	0.330586	0.863008
56211	5.495845	-4.453089	8.923718	0.196607	-0.168973	-1.818059	-0.567475	-0.651950	0.502925	0.729646	-0.681208	-0.059765	0.381561	0.333043	0.862261
56212	5.342146	-3.001398	8.745377	0.360214	-0.131608	-1.904461	-0.580779	-0.638408	0.505105	0.720052	-0.692320	-0.047103	0.379765	0.336345	0.861772
56213	4.935049	-2.193230	8.791340	0.424729	-0.069023	-1.968424	-0.594601	-0.624395	0.506538	0.710059	-0.703346	-0.033490	0.377182	0.339759	0.861567
56214	4.488086	-1.343043	8.834518	0.419008	-0.057963	-2.020223	-0.608619	-0.609854	0.507603	0.699448	-0.714412	-0.019681	0.374640	0.343064	0.861366
56215	4.352373	-1.042304	8.906745	0.261115	-0.087306	-2.021450	-0.622323	-0.594953	0.508670	0.687950	-0.725723	-0.007164	0.373416	0.345481	0.860932
56216	4.167660	-2.347626	8.779763	0.138623	-0.130634	-1.750125	-0.633781	-0.581691	0.509860	0.677443	-0.735569	0.002896	0.373353	0.347236	0.860253
56217	4.312579	-6.617656	7.560692	-0.148281	-0.426123	-0.848041	-0.637908	-0.573902	0.513527	0.671461	-0.741016	0.005957	0.377113	0.348614	0.858053
56218	5.835918	-9.512577	7.909641	-0.218009	-0.566693	0.308378	-0.633679	-0.574186	0.518422	0.672562	-0.740037	0.002448	0.382246	0.350222	0.855121
56219	5.050334	-10.344579	8.537341	0.017220	-0.467555	1.323289	-0.622935	-0.582239	0.522446	0.680909	-0.732356	-0.004295	0.385117	0.353062	0.852662
56220	3.182934	-9.644744	9.004052	0.319632	-0.391869	2.153014	-0.606599	-0.596452	0.525625	0.695346	-0.718559	-0.012916	0.385397	0.357657	0.850618
56221	1.575316	-8.236419	9.505026	0.584122	-0.413517	2.806660	-0.585232	-0.614816	0.528682	0.714287	-0.699483	-0.022753	0.383793	0.364315	0.848515
56222	0.919593	-6.490260	10.065001	0.731983	-0.456680	3.325867	-0.559353	-0.636002	0.531626	0.736094	-0.676012	-0.034252	0.381170	0.372168	0.846286
56223	0.936592	-3.371488	10.190330	0.939879	-0.434169	3.785111	-0.529394	-0.659383	0.533813	0.760232	-0.647987	-0.046475	0.376549	0.381218	0.844324
56224	-0.098948	-0.036664	10.806572	0.801084	-0.360052	4.172575	-0.495802	-0.684386	0.534599	0.784596	-0.616891	-0.062080	0.372276	0.388665	0.842823
56225	-0.403290	0.310072	11.194835	0.609442	-0.403935	4.331149	-0.459830	-0.708779	0.534966	0.807527	-0.584364	-0.080117	0.369400	0.395160	0.841066
56226	0.107545	1.003851	11.733759	0.557316	-0.387990	4.298483	-0.423230	-0.731644	0.534391	0.828533	-0.551211	-0.098485	0.366618	0.401079	0.839480
56227	0.941897	1.087733	12.084752	0.583585	-0.261557	4.097403	-0.387952	-0.752465	0.532250	0.847258	-0.518484	-0.115446	0.362832	0.406166	0.838679
56228	1.567879	1.660653	12.685042	0.701688	-0.002619	3.732605	-0.356010	-0.771228	0.527696	0.863645	-0.487210	-0.129400	0.356896	0.409674	0.839519
56229	1.564886	2.701467	13.132820	0.755862	0.306602	3.229537	-0.328992	-0.787728	0.520816	0.877354	-0.458973	-0.139980	0.349306	0.410887	0.842114
56230	1.687388	3.458384	13.254072	0.623259	0.585265	2.612579	-0.307965	-0.801819	0.512098	0.887805	-0.435682	-0.148264	0.341993	0.408983	0.846034
56231	2.000082	3.841957	13.168429	0.391079	0.858688	1.926715	-0.293717	-0.813502	0.501942	0.894907	-0.418572	-0.154719	0.335963	0.403748	0.850950
56232	2.482566	3.727082	13.044927	0.061591	1.118555	1.231083	-0.286430	-0.823062	0.490435	0.898662	-0.408284	-0.160345	0.332211	0.394807	0.856600
56233	3.070984	2.931555	12.735818	-0.236871	1.360448	0.573985	-0.285794	-0.830648	0.477855	0.899500	-0.404500	-0.165166	0.330487	0.382627	0.862772
56234	3.682510	2.200556	12.507651	-0.505605	1.578405	0.005061	-0.290988	-0.836592	0.464155	0.897822	-0.406386	-0.169607	0.330518	0.367375	0.869364
56235	4.284119	1.352439	12.025138	-0.717224	1.752496	-0.429601	-0.300658	-0.841083	0.449649	0.894156	-0.412603	-0.173910	0.331799	0.349768	0.876112
56236	4.614544	0.476434	11.471680	-0.888847	1.877539	-0.748758	-0.313609	-0.844345	0.434432	0.888874	-0.421967	-0.178455	0.333994	0.330191	0.882849
56237	4.878436	-0.311023	10.985195	-1.005530	1.932489	-0.968979	-0.328688	-0.846350	0.419113	0.882369	-0.433416	-0.183237	0.336733	0.309585	0.889252
56238	5.179013	-1.051123	10.417880	-1.084892	1.944888	-1.102942	-0.344985	-0.847314	0.403787	0.874960	-0.446031	-0.188417	0.339750	0.288296	0.895240
56239	5.301566	-1.585092	9.856424	-1.115764	1.933084	-1.159823	-0.361699	-0.847401	0.388697	0.867032	-0.458996	-0.193850	0.342679	0.266897	0.900742
56240	5.114805	-2.117259	9.287780	-1.101254	1.884848	-1.151591	-0.378146	-0.846872	0.373915	0.858959	-0.471604	-0.199447	0.345246	0.245758	0.905764
56241	4.853647	-2.525534	8.906767	-1.057267	1.776395	-1.105010	-0.393762	-0.845753	0.360074	0.851008	-0.483487	-0.205002	0.347472	0.225704	0.910121
56242	4.804193	-2.828770	8.661179	-0.987313	1.619846	-1.005721	-0.407951	-0.844339	0.347373	0.843510	-0.494150	-0.210493	0.349381	0.207142	0.913797
56243	4.857741	-3.071801	8.439978	-0.903400	1.457799	-0.871787	-0.420394	-0.842860	0.335941	0.836711	-0.503337	-0.215795	0.350977	0.190367	0.916829
56244	4.830050	-3.232877	8.120470	-0.801267	1.301433	-0.714993	-0.430952	-0.841609	0.325538	0.830822	-0.510849	-0.220834	0.352157	0.175295	0.919379
56245	4.823328	-3.157288	7.951431	-0.696613	1.143286	-0.550164	-0.439554	-0.840683	0.316298	0.825946	-0.516688	-0.225493	0.352995	0.162128	0.921471
56246	4.859311	-3.057700	7.749880	-0.595246	0.985893	-0.381324	-0.446199	-0.840242	0.308059	0.822126	-0.520846	-0.229843	0.353576	0.150708	0.923186
56247	4.894703	-2.987642	7.551457	-0.501289	0.828606	-0.222344	-0.450968	-0.840263	0.300975	0.819329	-0.523482	-0.233811	0.354018	0.141157	0.924525
56248	5.003639	-2.892697	7.396240	-0.382199	0.688608	-0.088898	-0.454152	-0.840736	0.294804	0.817544	-0.524775	-0.237134	0.354073	0.133321	0.925666
56249	5.101875	-2.465887	7.295687	-0.273493	0.559730	0.012146	-0.456046	-0.841503	0.289647	0.816605	-0.525064	-0.239716	0.353805	0.127206	0.926629
56250	5.230573	-2.062587	7.201577	-0.219041	0.443323	0.098518	-0.456826	-0.842566	0.285293	0.816251	-0.524528	-0.242083	0.353615	0.122281	0.927364
56251	5.502220	-1.811793	7.146604	-0.188258	0.334354	0.155090	-0.456756	-0.843755	0.281871	0.816267	-0.523482	-0.244283	0.353670	0.118504	0.927833
56252	5.773831	-1.497519	7.006171	-0.180916	0.262061	0.188451	-0.456160	-0.845040	0.278973	0.816458	-0.522123	-0.246543	0.353997	0.115306	0.928111
56253	5.887489	-1.316725	6.824562	-0.192372	0.196072	0.203245	-0.455208	-0.846298	0.276706	0.816676	-0.520658	-0.248908	0.354719	0.112674	0.928159
56254	6.042408	-1.362452	6.552618	-0.187744	0.128292	0.189360	-0.454132	-0.847417	0.275042	0.816841	-0.519285	-0.251225	0.355717	0.110577	0.928029
56255	6.149316	-1.250613	6.331698	-0.161971	0.065360	0.162934	-0.453046	-0.848309	0.274081	0.816977	-0.518116	-0.253190	0.356789	0.109212	0.927779
56256	6.193001	-1.238397	6.116488	-0.136660	-0.005970	0.126725	-0.452003	-0.848950	0.273820	0.817033	-0.517210	-0.254855	0.357982	0.108524	0.927400
56257	6.074122	-1.314731	6.007476	-0.119453	-0.086486	0.095366	-0.450925	-0.849324	0.274435	0.817008	-0.516564	-0.256239	0.359393	0.108671	0.926837
56258	4.679086	-4.892928	4.616868	0.118067	-0.460418	0.012427	-0.449179	-0.848868	0.278677	0.817460	-0.516349	-0.255230	0.360551	0.113164	0.925849
56259	6.471020	-1.849399	4.452415	0.703832	-0.712697	-0.080456	-0.447289	-0.847587	0.285534	0.819602	-0.516236	-0.248501	0.358029	0.122872	0.925590
56260	8.354865	-1.672747	5.204021	1.002555	-1.003067	-0.056476	-0.444190	-0.845984	0.294967	0.822892	-0.515436	-0.239111	0.354321	0.136515	0.925106
56261	8.937066	-1.052478	5.706736	1.055968	-1.113308	0.056423	-0.439814	-0.844645	0.305185	0.826838	-0.513474	-0.229530	0.350576	0.151388	0.924218
56262	9.151944	-1.580115	5.582094	1.228232	-1.203997	0.231971	-0.433706	-0.843899	0.315806	0.832099	-0.509579	-0.218954	0.345703	0.167820	0.923215
56263	5.976770	-1.353587	6.994232	1.492450	-1.182897	0.420186	-0.426163	-0.843910	0.325884	0.838985	-0.503434	-0.206540	0.338363	0.185392	0.922573
56264	5.829448	-2.231830	10.586338	1.254327	-1.193560	0.700542	-0.416262	-0.845084	0.335497	0.846119	-0.495116	-0.197341	0.332880	0.201724	0.921140
56265	2.094706	-3.212592	9.326406	1.361704	-0.940184	0.933831	-0.405244	-0.847663	0.342410	0.854411	-0.484403	-0.187979	0.325207	0.216381	0.920554
56266	-1.736147	-0.758733	8.820437	1.361424	-1.052016	0.932524	-0.393864	-0.849759	0.350401	0.862488	-0.473465	-0.178731	0.317781	0.231821	0.919388
56267	1.467154	4.227606	9.567321	0.754327	-1.701345	0.934494	-0.380384	-0.850011	0.364403	0.868481	-0.463744	-0.175165	0.317882	0.249847	0.914619
56268	2.634892	2.171669	10.428457	0.479509	-1.896721	0.701156	-0.368234	-0.848311	0.380488	0.872613	-0.456578	-0.173447	0.320860	0.268150	0.908375
56269	8.114448	2.835151	15.581695	0.707147	-1.988032	0.021499	-0.361673	-0.842848	0.398498	0.874942	-0.454468	-0.167140	0.321978	0.288213	0.901811
56270	27.050018	12.374940	22.208764	0.892136	-0.985624	-0.721961	-0.364852	-0.836637	0.408560	0.875149	-0.457938	-0.156227	0.317800	0.300552	0.899262
56271	0.160004	0.170878	9.270310	-0.657918	1.713710	0.015826	-0.370172	-0.841680	0.393126	0.873096	-0.459764	-0.162235	0.317295	0.283182	0.905059
56272	-1.617279	-11.986552	4.960930	0.019912	-1.200538	-0.206436	-0.368156	-0.837248	0.404322	0.872374	-0.461475	-0.161256	0.321596	0.293353	0.900289
56273	7.537179	-5.667497	10.162381	0.841779	-0.494590	-0.245838	-0.368742	-0.834611	0.409211	0.874130	-0.461066	-0.152690	0.316110	0.301400	0.899574
