// General information: 
//  MT Manager version: 2022.2.0 
//  XDA version: 2022.2.0 build 7381 rev 124627 built on 2023-07-19
// Device information: 
//  DeviceId: 00B4CBA7
//  ProductCode: MTW2-3A7G6
//  Firmware Version: 4.6.0
//  Hardware Version: 2.0.0
// Device settings: 
//  Filter Profile: human(46.1)
//  Option Flags: Orientation Smoother Disabled, Position/Velocity Smoother Disabled, Continuous Zero Rotation Update Disabled, AHS Disabled, ICC Disabled
// Coordinate system: ENU
PacketCounter	Acc_X	Acc_Y	Acc_Z	Gyr_X	Gyr_Y	Gyr_Z	Mat[1][1]	Mat[2][1]	Mat[3][1]	Mat[1][2]	Mat[2][2]	Mat[3][2]	Mat[1][3]	Mat[2][3]	Mat[3][3]
25922	9.600060	1.114048	-0.695268	0.043205	-0.007650	0.001533	0.041289	-0.128297	0.990876	-0.767549	0.630832	0.113662	-0.639659	-0.765239	-0.072427
25923	9.660277	1.225034	-0.692536	0.054552	-0.009538	0.003416	0.041226	-0.128377	0.990868	-0.767887	0.630427	0.113627	-0.639257	-0.765560	-0.072590
25924	9.708002	1.083639	-0.767211	0.043372	-0.009846	0.004467	0.041164	-0.128440	0.990863	-0.768152	0.630111	0.113590	-0.638943	-0.765809	-0.072724
25925	9.675331	0.985417	-0.838979	0.054005	-0.009047	0.004873	0.041102	-0.128509	0.990856	-0.768522	0.629668	0.113544	-0.638502	-0.766162	-0.072881
25926	9.718378	1.233908	-0.688405	0.043226	-0.007641	0.001515	0.041077	-0.128573	0.990849	-0.768784	0.629349	0.113536	-0.638188	-0.766413	-0.072993
25927	9.671738	1.242009	-0.662190	0.007705	-0.007810	-0.003526	0.041084	-0.128684	0.990834	-0.768830	0.629280	0.113607	-0.638131	-0.766451	-0.073083
25928	9.708693	1.175130	-0.688931	-0.018434	-0.012242	-0.002337	0.041060	-0.128808	0.990819	-0.768697	0.629429	0.113682	-0.638293	-0.766308	-0.073170
25929	9.680050	1.068799	-0.706459	-0.030778	-0.011499	-0.005756	0.041061	-0.128962	0.990799	-0.768505	0.629642	0.113802	-0.638525	-0.766107	-0.073254
25930	9.688515	1.105992	-0.812495	-0.027016	-0.007690	-0.004824	0.041084	-0.129067	0.990785	-0.768316	0.629853	0.113908	-0.638751	-0.765915	-0.073287
25931	9.688401	1.106632	-0.812985	-0.025097	-0.008370	-0.004021	0.041093	-0.129185	0.990769	-0.768166	0.630019	0.114008	-0.638931	-0.765760	-0.073347
25932	9.665151	1.068914	-0.884813	-0.032039	-0.000187	-0.004168	0.041159	-0.129229	0.990760	-0.767945	0.630269	0.114111	-0.639192	-0.765546	-0.073299
25933	9.695884	0.981694	-0.980603	-0.019017	-0.003526	-0.006697	0.041217	-0.129327	0.990745	-0.767833	0.630384	0.114231	-0.639323	-0.765435	-0.073319
25934	9.661750	1.102355	-0.834353	-0.002156	-0.000087	-0.006017	0.041298	-0.129382	0.990735	-0.767802	0.630404	0.114330	-0.639355	-0.765409	-0.073305
25935	9.545165	1.164740	-0.682049	0.044043	-0.023723	0.009467	0.041098	-0.129533	0.990723	-0.768081	0.630079	0.114242	-0.639032	-0.765651	-0.073597
25936	9.699630	1.126230	-0.780941	0.062038	-0.013108	0.008797	0.040982	-0.129594	0.990720	-0.768467	0.629626	0.114148	-0.638576	-0.766013	-0.073785
25937	9.693383	1.033935	-0.831141	0.058702	0.001085	0.006636	0.040968	-0.129573	0.990723	-0.768857	0.629162	0.114079	-0.638107	-0.766398	-0.073848
25938	9.703931	1.184812	-0.750131	0.053874	0.001305	0.003487	0.040985	-0.129557	0.990725	-0.769188	0.628764	0.114043	-0.637707	-0.766727	-0.073884
25939	9.710388	1.049988	-0.830169	0.030897	0.001248	-0.000331	0.041021	-0.129578	0.990720	-0.769380	0.628526	0.114063	-0.637473	-0.766919	-0.073912
25940	9.692479	0.869363	-0.893991	0.032018	0.000279	-0.003272	0.041083	-0.129612	0.990713	-0.769568	0.628287	0.114110	-0.637242	-0.767109	-0.073933
25941	9.711287	1.143016	-0.747999	0.035617	-0.001856	-0.006879	0.041154	-0.129699	0.990699	-0.769803	0.627984	0.114191	-0.636954	-0.767342	-0.073998
25942	9.698493	1.256861	-0.738468	-0.007114	0.002233	-0.004683	0.041240	-0.129726	0.990692	-0.769741	0.628043	0.114282	-0.637023	-0.767289	-0.073955
25943	9.680572	1.076965	-0.801573	-0.023144	0.002131	-0.006755	0.041331	-0.129782	0.990681	-0.769592	0.628204	0.114404	-0.637197	-0.767148	-0.073915
25944	9.658265	1.062080	-0.768996	-0.001398	0.000274	-0.009691	0.041443	-0.129856	0.990666	-0.769564	0.628213	0.114539	-0.637223	-0.767128	-0.073898
25945	9.673932	1.213065	-0.721633	-0.009673	0.000425	-0.006284	0.041516	-0.129921	0.990655	-0.769484	0.628292	0.114646	-0.637316	-0.767052	-0.073888
25946	9.661117	1.257069	-0.690550	-0.033416	-0.000010	-0.006421	0.041601	-0.129977	0.990644	-0.769254	0.628551	0.114773	-0.637588	-0.766831	-0.073837
25947	9.682348	1.110919	-0.784159	-0.048239	0.001892	-0.009170	0.041712	-0.130049	0.990630	-0.768943	0.628901	0.114939	-0.637956	-0.766532	-0.073767
25948	9.684581	0.987361	-0.916764	-0.037402	0.003551	-0.010978	0.041854	-0.130106	0.990616	-0.768685	0.629184	0.115114	-0.638257	-0.766290	-0.073677
25949	9.687511	1.111776	-0.816565	-0.035758	0.007186	-0.008645	0.041996	-0.130134	0.990607	-0.768448	0.629446	0.115266	-0.638533	-0.766070	-0.073567
25950	9.704354	1.130789	-0.813456	-0.053851	0.009967	-0.014477	0.042206	-0.130164	0.990594	-0.768083	0.629850	0.115488	-0.638958	-0.765733	-0.073394
25951	9.658981	1.007908	-0.830464	-0.047653	0.009557	-0.009064	0.042371	-0.130177	0.990585	-0.767793	0.630172	0.115655	-0.639295	-0.765465	-0.073248
25952	9.712934	1.029851	-0.873991	-0.022878	0.014199	-0.012526	0.042593	-0.130163	0.990577	-0.767627	0.630342	0.115834	-0.639480	-0.765328	-0.073068
25953	9.734789	1.201766	-0.754786	-0.006062	0.014585	-0.006697	0.042765	-0.130122	0.990575	-0.767585	0.630374	0.115944	-0.639520	-0.765309	-0.072922
25954	9.640886	1.055797	-0.761226	-0.011017	0.008773	-0.006967	0.042910	-0.130114	0.990570	-0.767497	0.630460	0.116059	-0.639615	-0.765239	-0.072810
25955	9.685391	1.018129	-0.804256	0.011432	0.004238	-0.008413	0.043028	-0.130164	0.990558	-0.767564	0.630356	0.116173	-0.639526	-0.765316	-0.072786
25956	9.699649	1.231275	-0.689291	0.013832	0.008246	-0.009750	0.043191	-0.130178	0.990549	-0.767634	0.630248	0.116298	-0.639432	-0.765402	-0.072708
25957	9.658358	1.238562	-0.695239	-0.021642	0.007969	-0.007382	0.043324	-0.130192	0.990542	-0.767482	0.630410	0.116425	-0.639605	-0.765267	-0.072608
25958	9.633241	1.100897	-0.761624	-0.013247	0.005716	-0.015260	0.043512	-0.130260	0.990525	-0.767376	0.630502	0.116625	-0.639719	-0.765179	-0.072524
25959	9.627675	1.173617	-0.748742	0.022090	-0.011328	-0.003780	0.043494	-0.130399	0.990507	-0.767507	0.630331	0.116684	-0.639563	-0.765297	-0.072666
25960	9.641891	1.315579	-0.615269	0.035026	-0.020778	0.003992	0.043366	-0.130548	0.990493	-0.767719	0.630079	0.116658	-0.639318	-0.765479	-0.072900
25961	9.672785	1.227247	-0.712982	0.011702	-0.011362	0.001021	0.043310	-0.130657	0.990481	-0.767781	0.629999	0.116677	-0.639247	-0.765526	-0.073031
25962	9.666684	1.065980	-0.742227	0.004394	-0.009984	-0.001460	0.043293	-0.130758	0.990469	-0.767794	0.629975	0.116727	-0.639233	-0.765529	-0.073122
25963	9.596906	1.035136	-0.788520	0.060483	-0.021867	0.007145	0.043129	-0.130909	0.990456	-0.768186	0.629510	0.116653	-0.638773	-0.765885	-0.073412
25964	9.720078	1.309809	-0.662202	0.114207	0.006104	0.012479	0.043107	-0.130799	0.990471	-0.768906	0.628662	0.116484	-0.637907	-0.766600	-0.073473
25965	9.640243	1.196152	-0.809240	0.066712	0.013444	0.006349	0.043175	-0.130684	0.990483	-0.769344	0.628138	0.116412	-0.637374	-0.767049	-0.073422
25966	9.734906	0.976253	-0.888019	0.060527	0.005712	-0.000665	0.043252	-0.130660	0.990483	-0.769715	0.627684	0.116413	-0.636921	-0.767425	-0.073423
25967	9.679700	1.087797	-0.797472	0.066013	0.007996	0.003267	0.043307	-0.130607	0.990488	-0.770143	0.627166	0.116372	-0.636399	-0.767857	-0.073425
25968	9.706881	1.256846	-0.714670	0.025312	0.001115	0.000200	0.043348	-0.130612	0.990485	-0.770290	0.626983	0.116390	-0.636219	-0.768006	-0.073431
25969	9.681868	1.047745	-0.759988	-0.007473	0.003566	-0.005425	0.043436	-0.130647	0.990477	-0.770228	0.627041	0.116486	-0.636288	-0.767953	-0.073392
25970	9.680655	1.040737	-0.672164	-0.012635	-0.003105	-0.003469	0.043479	-0.130708	0.990467	-0.770131	0.627144	0.116568	-0.636402	-0.767858	-0.073395
25971	9.673836	1.245715	-0.614302	-0.025313	-0.009259	-0.001784	0.043461	-0.130818	0.990453	-0.769972	0.627326	0.116643	-0.636596	-0.767690	-0.073462
25972	9.676126	1.191237	-0.769145	-0.049139	-0.012683	-0.004189	0.043448	-0.130958	0.990435	-0.769643	0.627708	0.116759	-0.636995	-0.767354	-0.073518
25973	9.656210	1.051090	-0.870964	-0.035942	-0.018206	-0.003778	0.043387	-0.131149	0.990413	-0.769407	0.627978	0.116861	-0.637284	-0.767101	-0.073661
25974	9.649483	1.115716	-0.771909	-0.008558	-0.019966	0.000171	0.043293	-0.131316	0.990395	-0.769338	0.628055	0.116904	-0.637373	-0.767009	-0.073836
25975	9.691669	1.116992	-0.854829	-0.014433	-0.023955	0.000645	0.043162	-0.131524	0.990373	-0.769240	0.628167	0.116947	-0.637501	-0.766882	-0.074060
25976	9.727435	1.112646	-0.815583	0.000121	-0.010258	-0.006066	0.043179	-0.131656	0.990355	-0.769223	0.628169	0.117045	-0.637519	-0.766858	-0.074149
25977	9.698486	1.231896	-0.704371	-0.010592	-0.005896	-0.007142	0.043223	-0.131774	0.990337	-0.769156	0.628229	0.117162	-0.637597	-0.766788	-0.074201
25978	9.659466	1.114012	-0.845242	-0.028778	-0.017379	-0.004248	0.043180	-0.131950	0.990315	-0.768956	0.628455	0.117263	-0.637841	-0.766573	-0.074327
25979	9.700665	1.038153	-0.818636	-0.012069	-0.011725	-0.006533	0.043185	-0.132108	0.990294	-0.768877	0.628531	0.117377	-0.637937	-0.766483	-0.074432
25980	9.573655	1.019544	-0.768830	0.015831	-0.017025	0.001090	0.043104	-0.132247	0.990279	-0.768964	0.628422	0.117393	-0.637838	-0.766549	-0.074606
25981	9.679984	1.277285	-0.644947	0.131566	-0.005048	0.012854	0.043001	-0.132233	0.990286	-0.769809	0.627421	0.117207	-0.636824	-0.767371	-0.074814
25982	9.678944	1.322973	-0.771393	0.095730	0.007284	0.003530	0.043055	-0.132170	0.990291	-0.770405	0.626701	0.117139	-0.636099	-0.767969	-0.074842
25983	9.654987	1.135780	-0.713706	0.061074	-0.005945	0.001370	0.043035	-0.132235	0.990284	-0.770796	0.626224	0.117118	-0.635627	-0.768347	-0.074977
25984	9.647500	1.176188	-0.719006	0.083489	-0.016549	0.010194	0.042887	-0.132314	0.990280	-0.771316	0.625607	0.116993	-0.635005	-0.768836	-0.075226
25985	9.658953	1.264173	-0.707635	0.073225	-0.026835	0.008956	0.042677	-0.132492	0.990265	-0.771787	0.625045	0.116888	-0.634447	-0.769262	-0.075581
25986	9.586011	1.194510	-0.683857	0.048349	-0.034459	0.010212	0.042415	-0.132708	0.990247	-0.772084	0.624697	0.116789	-0.634103	-0.769508	-0.075966
25987	9.730786	1.096424	-0.782661	0.032191	-0.040596	0.011057	0.042103	-0.132979	0.990224	-0.772297	0.624452	0.116695	-0.633865	-0.769660	-0.076408
25988	9.703904	1.228833	-0.850530	0.021947	-0.031561	0.007830	0.041878	-0.133188	0.990206	-0.772425	0.624304	0.116640	-0.633724	-0.769744	-0.076733
25989	9.710171	1.249497	-0.783781	-0.033122	-0.031966	0.007412	0.041645	-0.133415	0.990185	-0.772200	0.624583	0.116631	-0.634013	-0.769478	-0.077012
25990	9.711026	0.960329	-0.979564	-0.042169	-0.020930	0.003511	0.041520	-0.133569	0.990169	-0.771920	0.624923	0.116667	-0.634363	-0.769175	-0.077158
25991	9.746817	1.026039	-0.961332	-0.020286	-0.008612	-0.000794	0.041504	-0.133668	0.990157	-0.771803	0.625055	0.116731	-0.634505	-0.769051	-0.077223
25992	9.698281	1.160260	-0.801794	-0.041571	-0.010231	-0.001545	0.041486	-0.133771	0.990143	-0.771525	0.625383	0.116817	-0.634845	-0.768766	-0.077263
25993	9.711942	0.985028	-0.877684	-0.060421	-0.004803	-0.008811	0.041553	-0.133890	0.990125	-0.771133	0.625834	0.116991	-0.635317	-0.768379	-0.077242
25994	9.687473	1.010187	-0.882478	-0.038492	-0.000693	-0.007270	0.041640	-0.133957	0.990112	-0.770871	0.626130	0.117131	-0.635629	-0.768126	-0.077191
25995	9.627092	1.195345	-0.779361	-0.017042	-0.009407	-0.005155	0.041652	-0.134088	0.990094	-0.770769	0.626236	0.117236	-0.635752	-0.768016	-0.077267
25996	9.639639	1.152303	-0.811187	0.009528	-0.014499	0.000149	0.041594	-0.134214	0.990079	-0.770815	0.626173	0.117266	-0.635700	-0.768045	-0.077409
25997	9.666070	1.158348	-0.791278	0.045292	-0.005284	0.004458	0.041553	-0.134254	0.990075	-0.771096	0.625835	0.117226	-0.635362	-0.768314	-0.077517
25998	9.707350	1.151323	-0.785426	0.035129	-0.001412	0.001927	0.041565	-0.134268	0.990073	-0.771305	0.625578	0.117218	-0.635107	-0.768521	-0.077559
25999	9.661676	1.166476	-0.846521	0.028613	-0.007888	0.001625	0.041528	-0.134345	0.990064	-0.771474	0.625371	0.117218	-0.634905	-0.768676	-0.077673
26000	9.673335	1.185580	-0.811807	0.019170	-0.006696	0.000574	0.041517	-0.134408	0.990056	-0.771581	0.625234	0.117236	-0.634775	-0.768776	-0.077749
26001	9.654299	1.137113	-0.830368	0.020979	-0.005247	0.005845	0.041467	-0.134439	0.990054	-0.771710	0.625081	0.117201	-0.634621	-0.768895	-0.077828
26002	9.692489	1.162664	-0.774211	0.009726	-0.005505	-0.000476	0.041471	-0.134500	0.990045	-0.771758	0.625017	0.117237	-0.634563	-0.768937	-0.077881
26003	9.693379	1.099846	-0.841174	-0.003036	-0.006490	0.000563	0.041457	-0.134573	0.990036	-0.771749	0.625020	0.117274	-0.634574	-0.768921	-0.077945
26004	9.685890	1.141275	-0.844964	0.000362	-0.001338	0.000739	0.041478	-0.134594	0.990032	-0.771738	0.625029	0.117305	-0.634587	-0.768911	-0.077946
26005	9.695468	1.130411	-0.825323	-0.016411	0.001218	-0.002767	0.041536	-0.134629	0.990025	-0.771629	0.625148	0.117384	-0.634715	-0.768808	-0.077917
26006	9.733225	1.071013	-0.938419	-0.025938	-0.000567	-0.006080	0.041615	-0.134687	0.990014	-0.771447	0.625350	0.117503	-0.634931	-0.768634	-0.077880
26007	9.693238	1.101542	-0.840579	-0.024627	0.007452	-0.009651	0.041766	-0.134716	0.990004	-0.771285	0.625521	0.117658	-0.635118	-0.768489	-0.077779
26008	9.698385	1.101015	-0.873450	-0.043512	0.009835	-0.011752	0.041955	-0.134730	0.989994	-0.770989	0.625850	0.117846	-0.635465	-0.768219	-0.077618
26009	9.583140	1.172713	-0.806952	-0.004399	-0.006301	-0.001711	0.041956	-0.134816	0.989982	-0.770957	0.625879	0.117906	-0.635504	-0.768180	-0.077678
26010	9.640296	1.246336	-0.733369	0.045941	-0.010929	0.003659	0.041894	-0.134892	0.989974	-0.771236	0.625541	0.117872	-0.635170	-0.768441	-0.077828
26011	9.674271	1.210703	-0.709810	0.046416	0.001893	0.003083	0.041912	-0.134885	0.989974	-0.771536	0.625176	0.117845	-0.634804	-0.768740	-0.077866
26012	9.601333	1.211934	-0.704226	0.046062	-0.004907	0.000760	0.041911	-0.134934	0.989968	-0.771814	0.624834	0.117841	-0.634466	-0.769010	-0.077957
26013	9.674424	1.139559	-0.690471	0.055042	-0.010771	0.003958	0.041839	-0.135019	0.989959	-0.772160	0.624414	0.117797	-0.634049	-0.769336	-0.078131
26014	9.685526	1.142044	-0.848096	0.046130	-0.013105	0.006594	0.041741	-0.135094	0.989953	-0.772441	0.624078	0.117734	-0.633713	-0.769595	-0.078302
26015	9.647706	1.201377	-0.736554	0.035683	-0.013066	0.004015	0.041659	-0.135195	0.989943	-0.772669	0.623801	0.117707	-0.633441	-0.769801	-0.078475
26016	9.728665	1.234499	-0.850288	0.017119	-0.015064	0.007824	0.041538	-0.135278	0.989937	-0.772766	0.623690	0.117655	-0.633330	-0.769877	-0.078631
26017	9.685368	1.139781	-0.852932	0.002457	-0.012341	0.002914	0.041469	-0.135381	0.989925	-0.772789	0.623661	0.117664	-0.633307	-0.769882	-0.078759
26018	9.669668	1.215185	-0.773357	0.001342	-0.011363	0.005855	0.041387	-0.135448	0.989920	-0.772785	0.623669	0.117644	-0.633317	-0.769864	-0.078860
26019	9.657029	1.258045	-0.743890	-0.021711	-0.014500	0.007283	0.041269	-0.135540	0.989912	-0.772654	0.623835	0.117628	-0.633485	-0.769713	-0.078981
26020	9.661174	1.022467	-0.818285	-0.030770	-0.011612	0.001821	0.041217	-0.135634	0.989901	-0.772445	0.624085	0.117673	-0.633743	-0.769494	-0.079047
26021	9.727284	1.069136	-0.916801	-0.016468	-0.013000	0.005985	0.041118	-0.135722	0.989893	-0.772338	0.624219	0.117667	-0.633880	-0.769370	-0.079157
26022	9.718882	1.173522	-0.855022	-0.030654	-0.013737	-0.002653	0.041087	-0.135860	0.989876	-0.772128	0.624462	0.117756	-0.634138	-0.769149	-0.079244
26023	9.697553	1.095618	-0.889324	-0.050385	-0.006553	-0.001743	0.041090	-0.135948	0.989863	-0.771818	0.624826	0.117852	-0.634514	-0.768837	-0.079253
26024	9.707090	1.085378	-0.869666	-0.049351	-0.002361	-0.005373	0.041151	-0.136015	0.989852	-0.771488	0.625209	0.117983	-0.634911	-0.768514	-0.079206
26025	9.719943	1.269198	-0.771980	-0.072361	0.005692	-0.007532	0.041278	-0.136045	0.989842	-0.771040	0.625729	0.118155	-0.635447	-0.768085	-0.079067
26026	9.678788	1.206950	-0.755594	-0.110785	0.004941	-0.007359	0.041402	-0.136069	0.989834	-0.770318	0.626580	0.118354	-0.636314	-0.767387	-0.078875
26027	9.595075	1.058069	-0.828478	-0.091041	0.005907	-0.006704	0.041520	-0.136092	0.989826	-0.769730	0.627269	0.118531	-0.637018	-0.766820	-0.078710
26028	9.644920	1.173985	-0.756250	-0.027063	-0.002627	0.002015	0.041523	-0.136115	0.989822	-0.769544	0.627489	0.118571	-0.637242	-0.766635	-0.078691
26029	9.642598	1.213678	-0.793600	-0.032295	-0.004126	0.003299	0.041496	-0.136152	0.989818	-0.769327	0.627750	0.118601	-0.637506	-0.766416	-0.078696
26030	9.716554	1.079434	-0.845397	-0.040617	-0.003898	-0.000692	0.041512	-0.136202	0.989811	-0.769053	0.628070	0.118679	-0.637835	-0.766144	-0.078674
26031	9.696439	1.164507	-0.817754	-0.022826	-0.002271	-0.000809	0.041532	-0.136251	0.989803	-0.768904	0.628241	0.118743	-0.638014	-0.765995	-0.078671
26032	9.744970	1.186853	-0.829295	-0.015779	-0.007470	0.001583	0.041508	-0.136314	0.989796	-0.768789	0.628374	0.118779	-0.638154	-0.765875	-0.078714
26033	9.702870	1.255696	-0.769092	-0.014310	0.006494	0.002572	0.041559	-0.136274	0.989799	-0.768703	0.628475	0.118804	-0.638254	-0.765799	-0.078635
26034	9.627151	1.219389	-0.690851	-0.026496	-0.003107	0.000535	0.041571	-0.136310	0.989794	-0.768520	0.628689	0.118858	-0.638474	-0.765617	-0.078622
26035	9.663486	1.067049	-0.887388	-0.020456	-0.001317	0.002991	0.041569	-0.136327	0.989791	-0.768388	0.628846	0.118884	-0.638633	-0.765485	-0.078612
26036	9.659665	1.161607	-0.770289	-0.017783	-0.001623	0.000110	0.041593	-0.136355	0.989787	-0.768260	0.628993	0.118935	-0.638786	-0.765360	-0.078594
26037	9.696480	1.164739	-0.816935	-0.033091	0.003727	0.001146	0.041637	-0.136345	0.989786	-0.768046	0.629243	0.118989	-0.639040	-0.765155	-0.078519
26038	9.695191	1.072276	-0.899236	-0.046277	0.001121	-0.000832	0.041686	-0.136357	0.989782	-0.767735	0.629607	0.119072	-0.639410	-0.764854	-0.078441
26039	9.707644	1.099754	-0.950311	-0.037288	0.006430	-0.001189	0.041763	-0.136342	0.989781	-0.767489	0.629891	0.119151	-0.639700	-0.764623	-0.078335
26040	9.699390	1.203969	-0.885695	-0.035921	0.006235	0.001078	0.041830	-0.136303	0.989784	-0.767246	0.630178	0.119207	-0.639988	-0.764393	-0.078218
26041	9.533815	1.151682	-0.802894	-0.010096	-0.004340	0.003293	0.041805	-0.136342	0.989779	-0.767175	0.630261	0.119221	-0.640074	-0.764318	-0.078250
26042	9.510076	1.259075	-0.639734	0.091426	-0.043082	0.021043	0.041403	-0.136554	0.989767	-0.767754	0.629601	0.118979	-0.639406	-0.764824	-0.078773
26043	9.698493	1.262368	-0.825632	0.068477	-0.023812	0.015336	0.041160	-0.136666	0.989762	-0.768187	0.629104	0.118812	-0.638901	-0.765212	-0.079091
26044	9.667912	1.053054	-0.840207	0.040905	-0.022886	0.013663	0.040944	-0.136771	0.989756	-0.768439	0.628820	0.118683	-0.638611	-0.765427	-0.079353
26045	9.690052	0.997267	-0.853871	0.037174	-0.015504	0.009188	0.040806	-0.136858	0.989750	-0.768686	0.628535	0.118603	-0.638324	-0.765646	-0.079552
26046	9.711140	1.144692	-0.842564	0.033526	-0.013288	0.005385	0.040715	-0.136941	0.989742	-0.768887	0.628296	0.118561	-0.638087	-0.765827	-0.079711
26047	9.713291	1.174454	-0.827610	0.020523	-0.006904	0.002814	0.040681	-0.137003	0.989735	-0.769028	0.628124	0.118556	-0.637919	-0.765957	-0.079806
26048	9.697794	1.249737	-0.747178	0.008351	-0.005317	-0.002763	0.040704	-0.137076	0.989724	-0.769066	0.628067	0.118616	-0.637872	-0.765991	-0.079856
26049	9.677918	1.264547	-0.698798	-0.029618	-0.004421	0.000433	0.040700	-0.137134	0.989716	-0.768878	0.628286	0.118673	-0.638099	-0.765801	-0.079868
26050	9.655065	1.093683	-0.816149	-0.019152	-0.009561	-0.003743	0.040703	-0.137246	0.989700	-0.768740	0.628438	0.118764	-0.638265	-0.765656	-0.079927
26051	9.676268	1.172398	-0.782623	-0.022183	-0.007911	-0.001596	0.040696	-0.137343	0.989687	-0.768603	0.628591	0.118837	-0.638430	-0.765513	-0.079981
26052	9.666527	1.183872	-0.802835	-0.025575	-0.013057	-0.001785	0.040661	-0.137469	0.989671	-0.768425	0.628795	0.118914	-0.638647	-0.765323	-0.080067
26053	9.671481	1.182582	-0.837855	-0.034646	-0.013195	-0.002093	0.040622	-0.137609	0.989653	-0.768199	0.629054	0.119001	-0.638921	-0.765085	-0.080157
26054	9.662401	1.131736	-0.924744	-0.041154	-0.011526	-0.000805	0.040590	-0.137718	0.989639	-0.767921	0.629378	0.119081	-0.639257	-0.764799	-0.080210
26055	9.666823	1.122959	-0.871923	-0.041043	-0.013637	-0.005288	0.040573	-0.137881	0.989617	-0.767648	0.629688	0.119205	-0.639586	-0.764514	-0.080296
26056	9.652814	1.003916	-0.903769	-0.030326	-0.009868	-0.002649	0.040565	-0.137989	0.989603	-0.767439	0.629926	0.119294	-0.639838	-0.764298	-0.080345
26057	9.712222	1.178604	-0.834227	-0.025544	-0.009996	-0.006944	0.040584	-0.138135	0.989582	-0.767273	0.630103	0.119422	-0.640035	-0.764126	-0.080415
26058	9.648122	1.232507	-0.741964	-0.039009	-0.008289	-0.007370	0.040623	-0.138260	0.989562	-0.767006	0.630401	0.119565	-0.640353	-0.763858	-0.080438
26059	9.688387	1.072108	-0.885844	-0.045234	-0.010928	-0.007625	0.040643	-0.138418	0.989540	-0.766720	0.630720	0.119717	-0.640694	-0.763566	-0.080494
26060	9.644519	1.119355	-0.930202	-0.014547	-0.010535	-0.005850	0.040655	-0.138551	0.989521	-0.766610	0.630833	0.119825	-0.640824	-0.763448	-0.080568
26061	9.472352	1.263298	-0.703009	0.041110	-0.038309	0.008173	0.040375	-0.138817	0.989495	-0.766868	0.630534	0.119750	-0.640533	-0.763647	-0.080996
26062	9.655028	1.269419	-0.856237	0.035699	-0.059979	0.013571	0.039922	-0.139205	0.989458	-0.767088	0.630291	0.119625	-0.640299	-0.763777	-0.081620
26063	9.755366	1.148327	-0.980420	0.023917	-0.037345	0.001670	0.039697	-0.139506	0.989425	-0.767229	0.630118	0.119627	-0.640144	-0.763865	-0.082019
26064	9.477603	1.056386	-0.776457	0.014031	-0.048952	0.001157	0.039410	-0.139888	0.989383	-0.767305	0.630023	0.119642	-0.640070	-0.763873	-0.082508
26065	9.545905	1.272747	-0.538824	0.101723	-0.068287	0.013308	0.038898	-0.140351	0.989337	-0.767953	0.629266	0.119464	-0.639324	-0.764412	-0.083306
26066	9.659197	1.131181	-0.958281	0.043463	-0.045383	0.002893	0.038621	-0.140696	0.989299	-0.768218	0.628948	0.119438	-0.639023	-0.764610	-0.083794
26067	9.548038	1.230572	-0.513793	0.110481	-0.058648	0.014418	0.038169	-0.141079	0.989262	-0.768929	0.628116	0.119243	-0.638194	-0.765223	-0.084505
26068	9.631990	1.457151	-0.554962	0.036253	-0.060335	0.004657	0.037783	-0.141527	0.989213	-0.769147	0.627855	0.119205	-0.637954	-0.765355	-0.085133
26069	9.681951	1.088648	-0.797388	-0.039087	-0.080367	-0.000185	0.037301	-0.142168	0.989139	-0.768889	0.628158	0.119280	-0.638293	-0.764988	-0.085880
26070	9.604123	0.929303	-0.459653	-0.036105	-0.107323	0.002435	0.036632	-0.142989	0.989046	-0.768645	0.628447	0.119325	-0.638626	-0.764597	-0.086886
26071	9.604712	1.240119	-0.538331	-0.033030	-0.120129	0.003778	0.035869	-0.143908	0.988941	-0.768436	0.628697	0.119358	-0.638921	-0.764219	-0.088033
26072	9.607675	1.635570	-0.447403	-0.067696	-0.137266	0.016535	0.034900	-0.144868	0.988835	-0.767995	0.629248	0.119293	-0.639505	-0.763583	-0.089297
26073	9.616695	1.443958	-0.727880	-0.136348	-0.147803	0.014319	0.033874	-0.145930	0.988715	-0.767121	0.630309	0.119313	-0.640607	-0.762506	-0.090595
26074	9.630775	1.360144	-0.734254	-0.145655	-0.152649	0.023519	0.032750	-0.146961	0.988600	-0.766181	0.631463	0.119252	-0.641790	-0.761352	-0.091918
26075	9.599092	1.346357	-0.646058	-0.184439	-0.160926	0.023655	0.031565	-0.148060	0.988475	-0.764992	0.632908	0.119229	-0.643266	-0.759938	-0.093287
26076	9.634777	1.146001	-0.732640	-0.212004	-0.168867	0.022598	0.030339	-0.149214	0.988339	-0.763619	0.634560	0.119244	-0.644954	-0.758333	-0.094691
26077	9.631271	1.114989	-0.763311	-0.211515	-0.176138	0.026003	0.029037	-0.150408	0.988198	-0.762260	0.636195	0.119229	-0.646620	-0.756725	-0.096177
26078	9.678817	0.717307	-1.068840	-0.185006	-0.166877	0.014910	0.027878	-0.151591	0.988050	-0.761052	0.637626	0.119300	-0.648091	-0.755284	-0.097593
26079	9.663663	0.589305	-1.028308	-0.070740	-0.162188	0.011979	0.026766	-0.152763	0.987900	-0.760598	0.638169	0.119291	-0.648671	-0.754588	-0.099110
26080	9.687133	0.721278	-1.289536	-0.012511	-0.162828	0.014866	0.025632	-0.153913	0.987752	-0.760507	0.638296	0.119195	-0.648824	-0.754247	-0.100691
26081	9.792768	0.839953	-1.539193	0.032502	-0.139746	0.001686	0.024745	-0.154980	0.987608	-0.760717	0.638047	0.119186	-0.648611	-0.754239	-0.102108
26082	9.721705	1.158197	-1.295198	0.044305	-0.128854	0.002945	0.023922	-0.155949	0.987475	-0.760991	0.637727	0.119150	-0.648321	-0.754310	-0.103420
26083	9.778014	1.238614	-1.321044	0.029577	-0.115844	0.004384	0.023163	-0.156818	0.987356	-0.761165	0.637527	0.119113	-0.648145	-0.754300	-0.104598
26084	9.825363	0.987497	-1.351074	0.028660	-0.104927	-0.002797	0.022539	-0.157644	0.987239	-0.761336	0.637315	0.119149	-0.647966	-0.754306	-0.105655
26085	9.619589	1.057198	-1.024345	0.076627	-0.113706	0.003186	0.021809	-0.158506	0.987117	-0.761834	0.636734	0.119075	-0.647405	-0.754617	-0.106869
26086	9.467839	1.481385	-0.672763	0.146282	-0.131336	0.018235	0.020855	-0.159398	0.986994	-0.762771	0.635667	0.118776	-0.646333	-0.755327	-0.108327
26087	9.475208	1.367551	-0.663792	0.120100	-0.126487	0.004412	0.020033	-0.160349	0.986857	-0.763544	0.634764	0.118640	-0.645445	-0.755885	-0.109717
26088	9.519251	0.953369	-0.759378	0.100196	-0.150306	-0.001818	0.019113	-0.161513	0.986685	-0.764176	0.634013	0.118586	-0.644725	-0.756268	-0.111307
26089	9.502408	0.794842	-0.735249	0.108484	-0.164525	-0.004314	0.018115	-0.162809	0.986491	-0.764867	0.633187	0.118546	-0.643934	-0.756682	-0.113057
26090	9.653426	0.857533	-0.859958	0.146959	-0.177911	-0.004070	0.017037	-0.164197	0.986280	-0.765798	0.632077	0.118457	-0.642855	-0.757310	-0.114973
26091	9.550085	0.954632	-0.860047	0.146098	-0.187084	-0.007385	0.015920	-0.165683	0.986051	-0.766719	0.630970	0.118399	-0.641785	-0.757909	-0.116987
26092	9.591517	0.883814	-0.975910	0.128545	-0.198807	-0.013231	0.014782	-0.167289	0.985797	-0.767528	0.629983	0.118417	-0.640845	-0.758377	-0.119087
26093	9.699267	1.187976	-1.034462	0.126985	-0.200252	-0.011182	0.013618	-0.168901	0.985539	-0.768342	0.628990	0.118413	-0.639894	-0.758844	-0.121209
26094	9.651698	1.278551	-1.290693	0.083331	-0.204397	-0.020822	0.012506	-0.170599	0.985261	-0.768859	0.628331	0.118555	-0.639296	-0.759010	-0.123309
26095	9.683105	1.085653	-1.505818	0.053844	-0.196744	-0.025516	0.011472	-0.172274	0.984982	-0.769183	0.627893	0.118777	-0.638926	-0.758994	-0.125307
26096	9.577469	1.003746	-1.235948	0.018299	-0.198974	-0.034166	0.010499	-0.174014	0.984687	-0.769283	0.627704	0.119130	-0.638822	-0.758754	-0.127276
26097	9.693597	1.129819	-1.249646	-0.004039	-0.198623	-0.041117	0.009574	-0.175801	0.984379	-0.769249	0.627661	0.119576	-0.638878	-0.758377	-0.129225
26098	9.602718	1.544667	-0.916298	-0.058447	-0.197289	-0.037164	0.008634	-0.177545	0.984075	-0.768858	0.628047	0.120057	-0.639361	-0.757651	-0.131084
26099	9.422981	0.737572	-0.997141	-0.131838	-0.219854	-0.051714	0.007658	-0.179557	0.983718	-0.768011	0.628945	0.120779	-0.640391	-0.756431	-0.133085
26100	9.439169	0.560564	-1.198378	0.076342	-0.234514	-0.029414	0.006418	-0.181531	0.983364	-0.768484	0.628323	0.121005	-0.639837	-0.756476	-0.135471
26101	9.531512	1.615977	-0.972704	0.200471	-0.240603	-0.023933	0.005090	-0.183521	0.983003	-0.769743	0.626781	0.121002	-0.638334	-0.757275	-0.138074
26102	9.656748	1.871541	-1.175281	0.108955	-0.265730	-0.008026	0.003492	-0.185600	0.982619	-0.770425	0.625949	0.120969	-0.637521	-0.757457	-0.140805
26103	9.529708	1.491665	-1.574130	0.077561	-0.261302	-0.005911	0.001901	-0.187635	0.982237	-0.770899	0.625367	0.120955	-0.636954	-0.757436	-0.143459
26104	9.773785	1.522068	-1.598297	0.093250	-0.250434	0.003118	0.000318	-0.189528	0.981875	-0.771480	0.624675	0.120829	-0.636254	-0.757535	-0.146019
26105	9.670026	1.715770	-1.451016	0.023216	-0.234854	0.001241	-0.001152	-0.191321	0.981527	-0.771623	0.624499	0.120822	-0.636079	-0.757230	-0.148347
26106	9.639899	0.967276	-1.832783	-0.021795	-0.233003	-0.005395	-0.002558	-0.193134	0.981169	-0.771472	0.624662	0.120948	-0.636258	-0.756635	-0.150595
26107	9.753671	0.550386	-1.978190	0.018819	-0.216293	-0.014091	-0.003795	-0.194880	0.980820	-0.771586	0.624493	0.121096	-0.636114	-0.756327	-0.152736
26108	9.714969	0.857135	-2.053261	0.067261	-0.202267	-0.019961	-0.004892	-0.196550	0.980482	-0.772002	0.623953	0.121228	-0.635601	-0.756341	-0.154789
26109	9.708329	0.860349	-2.037975	0.062354	-0.179510	-0.033486	-0.005746	-0.198137	0.980157	-0.772385	0.623426	0.121496	-0.635129	-0.756361	-0.156621
26110	9.758809	0.842485	-1.876790	0.063099	-0.162567	-0.044964	-0.006396	-0.199663	0.979844	-0.772776	0.622867	0.121877	-0.634647	-0.756420	-0.158278
26111	9.739198	1.130170	-1.493631	0.046366	-0.140524	-0.053189	-0.006847	-0.201078	0.979551	-0.773061	0.622417	0.122364	-0.634294	-0.756415	-0.159708
26112	9.475134	0.607248	-1.756393	0.100041	-0.174214	-0.048713	-0.007539	-0.202715	0.979209	-0.773686	0.621570	0.122720	-0.633524	-0.756675	-0.161524
26113	9.546758	0.939833	-1.530825	0.415272	-0.190996	-0.014646	-0.008603	-0.204274	0.978876	-0.776302	0.618398	0.122226	-0.630303	-0.758852	-0.163898
26114	9.540886	1.751517	-1.398792	0.435798	-0.192782	-0.010198	-0.009700	-0.205817	0.978542	-0.779030	0.615073	0.121647	-0.626912	-0.761134	-0.166304
26115	9.563814	2.061467	-1.323321	0.351697	-0.199243	0.005189	-0.010961	-0.207324	0.978211	-0.781212	0.612418	0.121043	-0.624169	-0.762863	-0.168677
26116	9.442561	1.761177	-1.508601	0.271491	-0.215146	0.020573	-0.012427	-0.208856	0.977867	-0.782889	0.610396	0.120421	-0.622037	-0.764065	-0.171097
26117	9.489910	1.603912	-1.554696	0.256642	-0.229195	0.035094	-0.014097	-0.210415	0.977511	-0.784461	0.608522	0.119675	-0.620018	-0.765132	-0.173641
26118	9.518058	1.809184	-1.352972	0.238461	-0.239442	0.049054	-0.015929	-0.211965	0.977147	-0.785918	0.606807	0.118818	-0.618126	-0.766065	-0.176253
26119	9.582130	1.734696	-1.457876	0.192136	-0.245934	0.057781	-0.017871	-0.213521	0.976775	-0.787084	0.605463	0.117953	-0.616587	-0.766696	-0.178879
26120	9.559373	1.434419	-1.634867	0.179924	-0.237376	0.075063	-0.019888	-0.214902	0.976433	-0.788166	0.604252	0.116936	-0.615141	-0.767266	-0.181396
26121	9.541070	1.058084	-1.856185	0.155621	-0.251312	0.071454	-0.021965	-0.216421	0.976053	-0.789092	0.603223	0.115996	-0.613882	-0.767648	-0.184026
26122	9.613656	1.140001	-1.972818	0.183493	-0.245580	0.077338	-0.024046	-0.217855	0.975685	-0.790188	0.601989	0.114941	-0.612392	-0.768211	-0.186622
26123	9.537358	1.171625	-1.866285	0.172749	-0.242583	0.070064	-0.026051	-0.219320	0.975305	-0.791220	0.600817	0.113974	-0.610976	-0.768712	-0.189182
26124	9.423948	0.762899	-1.790873	0.179246	-0.241002	0.051929	-0.027897	-0.220876	0.974903	-0.792289	0.599560	0.113166	-0.609508	-0.769247	-0.191724
26125	9.444727	1.124356	-1.466388	0.192783	-0.248753	0.057851	-0.029842	-0.222464	0.974484	-0.793425	0.598224	0.112270	-0.607936	-0.769830	-0.194361
26126	9.497167	1.303498	-1.455739	0.129157	-0.265131	0.054164	-0.031847	-0.224196	0.974024	-0.794182	0.597357	0.111530	-0.606845	-0.770000	-0.197076
26127	9.506297	1.197839	-1.768413	0.126791	-0.275949	0.064227	-0.034001	-0.225958	0.973544	-0.794912	0.596541	0.110694	-0.605771	-0.770118	-0.199899
26128	9.467968	1.577323	-1.591980	0.135962	-0.290940	0.081949	-0.036377	-0.227724	0.973046	-0.795695	0.595687	0.109663	-0.604604	-0.770259	-0.202868
26129	9.457889	1.711512	-1.601618	0.113644	-0.305858	0.101516	-0.039002	-0.229496	0.972528	-0.796329	0.595055	0.108485	-0.603605	-0.770221	-0.205963
26130	9.417031	1.570868	-1.552752	0.110078	-0.334389	0.121618	-0.041952	-0.231362	0.971963	-0.796933	0.594495	0.107114	-0.602609	-0.770096	-0.209320
26131	9.379233	1.356084	-1.516380	0.144264	-0.363327	0.137186	-0.045202	-0.233365	0.971338	-0.797726	0.593716	0.105518	-0.601323	-0.770092	-0.212998
26132	9.316857	1.274383	-1.392220	0.186086	-0.394159	0.145586	-0.048695	-0.235551	0.970641	-0.798765	0.592631	0.103745	-0.599670	-0.770262	-0.217008
26133	9.373732	1.250076	-1.605295	0.220827	-0.428891	0.163662	-0.052539	-0.237906	0.969866	-0.799986	0.591334	0.101716	-0.597714	-0.770535	-0.221389
26134	9.378556	1.285501	-1.690225	0.242100	-0.459531	0.175603	-0.056651	-0.240424	0.969013	-0.801325	0.589895	0.099513	-0.595541	-0.770857	-0.226076
26135	9.426846	1.239517	-1.787119	0.262777	-0.485316	0.190476	-0.061030	-0.243063	0.968089	-0.802762	0.588339	0.097110	-0.593169	-0.771218	-0.231028
26136	9.543437	0.973525	-2.279574	0.296274	-0.499008	0.195875	-0.065521	-0.245776	0.967110	-0.804382	0.586539	0.094564	-0.590489	-0.771729	-0.236128
26137	9.659280	0.930288	-2.294305	0.303640	-0.495465	0.203616	-0.070047	-0.248427	0.966115	-0.806015	0.584715	0.091915	-0.587736	-0.772265	-0.241193
26138	9.487724	0.794597	-2.295295	0.271859	-0.499955	0.214986	-0.074677	-0.251047	0.965090	-0.807445	0.583158	0.089217	-0.585198	-0.772594	-0.246255
26139	9.469060	0.882044	-2.340500	0.238813	-0.495992	0.222259	-0.079340	-0.253602	0.964050	-0.808648	0.581895	0.086522	-0.582918	-0.772712	-0.251242
26140	9.480315	0.895642	-2.447392	0.217757	-0.504713	0.222765	-0.084043	-0.256220	0.962958	-0.809724	0.580787	0.083865	-0.580761	-0.772682	-0.256279
26141	9.478213	0.825879	-2.266232	0.218290	-0.512758	0.224091	-0.088799	-0.258899	0.961814	-0.810779	0.579694	0.081186	-0.578577	-0.772610	-0.261386
26142	9.382283	0.564520	-2.354740	0.250769	-0.531505	0.227376	-0.093676	-0.261703	0.960592	-0.812011	0.578355	0.078380	-0.576075	-0.772669	-0.266684
26143	9.450268	1.238712	-1.942567	0.293805	-0.543226	0.239407	-0.098714	-0.264534	0.959311	-0.813449	0.576738	0.075333	-0.573199	-0.772914	-0.272116
26144	9.369765	1.492943	-1.823519	0.259514	-0.580359	0.257524	-0.104092	-0.267549	0.957905	-0.814664	0.575423	0.072192	-0.570515	-0.772856	-0.277860
26145	9.541856	1.216894	-2.017037	0.241033	-0.618409	0.270708	-0.109788	-0.270787	0.956358	-0.815727	0.574310	0.068969	-0.567922	-0.772556	-0.283940
26146	9.560917	1.114421	-2.107073	0.262703	-0.639697	0.285916	-0.115709	-0.274101	0.954715	-0.816886	0.573065	0.065524	-0.565074	-0.772311	-0.290218
26147	9.714838	1.210045	-1.922548	0.276055	-0.677020	0.309510	-0.122022	-0.277572	0.952924	-0.818057	0.571807	0.061806	-0.562044	-0.772005	-0.296842
26148	9.709696	1.054989	-1.696913	0.254246	-0.710489	0.323683	-0.128618	-0.281219	0.950985	-0.819070	0.570754	0.058003	-0.559090	-0.771463	-0.303747
26149	9.525793	0.801102	-1.795320	0.254427	-0.759066	0.350930	-0.135696	-0.285083	0.948849	-0.820001	0.569816	0.053933	-0.556045	-0.770738	-0.311090
26150	9.640495	0.787794	-2.254157	0.262474	-0.789752	0.370149	-0.143075	-0.289072	0.946555	-0.820934	0.568862	0.049640	-0.552808	-0.769957	-0.318699
26151	9.612696	0.545582	-2.741207	0.267150	-0.818728	0.380750	-0.150683	-0.293219	0.944096	-0.821825	0.567943	0.045225	-0.549453	-0.769067	-0.326554
26152	9.692323	0.306054	-3.417718	0.285982	-0.827336	0.379022	-0.158294	-0.297441	0.941526	-0.822800	0.566868	0.040748	-0.545841	-0.768238	-0.334466
26153	9.744149	-0.142263	-4.096282	0.318953	-0.814407	0.378913	-0.165814	-0.301558	0.938919	-0.823895	0.565588	0.036152	-0.541943	-0.767576	-0.342234
26154	9.811136	-0.221692	-4.270379	0.378268	-0.795170	0.379337	-0.173197	-0.305531	0.936298	-0.825289	0.563840	0.031328	-0.537494	-0.767291	-0.349807
26155	9.842428	-0.434925	-4.629892	0.378749	-0.785002	0.365236	-0.180389	-0.309504	0.933631	-0.826645	0.562094	0.026620	-0.533027	-0.766979	-0.357246
26156	9.865455	-0.289309	-4.568691	0.436745	-0.757595	0.357391	-0.187329	-0.313323	0.930987	-0.828301	0.559861	0.021754	-0.528039	-0.767062	-0.364404
26157	9.760777	0.178518	-3.762981	0.475933	-0.741906	0.353749	-0.194136	-0.317045	0.928328	-0.830099	0.557364	0.016759	-0.522730	-0.767351	-0.371383
26158	9.858434	0.164497	-3.224613	0.489090	-0.751937	0.331731	-0.200766	-0.320985	0.925560	-0.831984	0.554672	0.011893	-0.517200	-0.767664	-0.378414
26159	9.868769	0.135841	-2.830092	0.525201	-0.775186	0.333334	-0.207503	-0.325099	0.922634	-0.833981	0.551751	0.006851	-0.511291	-0.768037	-0.385616
26160	9.749963	0.613728	-2.418495	0.530373	-0.817040	0.362378	-0.214644	-0.329394	0.919471	-0.835909	0.548866	0.001490	-0.505157	-0.768274	-0.393154
26161	9.857099	1.449007	-1.853780	0.464257	-0.863426	0.413002	-0.222409	-0.333768	0.916042	-0.837316	0.546704	-0.004099	-0.499436	-0.767928	-0.401061
26162	9.992648	1.528819	-1.786208	0.314518	-0.918308	0.473155	-0.230901	-0.338241	0.912293	-0.837805	0.545884	-0.009657	-0.494739	-0.766553	-0.409425
26163	10.031656	0.973514	-1.475755	0.232819	-0.989255	0.524936	-0.240147	-0.342947	0.908139	-0.837688	0.545934	-0.015352	-0.490519	-0.764424	-0.418387
26164	9.949162	0.698099	-1.036611	0.214645	-1.065788	0.563949	-0.250038	-0.348014	0.903530	-0.837353	0.546246	-0.021326	-0.486128	-0.761906	-0.427993
26165	9.905158	0.945911	-1.002298	0.210240	-1.155461	0.616151	-0.260758	-0.353429	0.898384	-0.836770	0.546851	-0.027740	-0.481478	-0.758974	-0.438335
26166	9.927645	1.038826	-1.052984	0.157231	-1.248094	0.676382	-0.272359	-0.359189	0.892639	-0.835721	0.548073	-0.034453	-0.476856	-0.755380	-0.449454
26167	10.091412	1.025086	-1.529531	0.115434	-1.330454	0.736640	-0.284796	-0.365158	0.886313	-0.834187	0.549919	-0.041482	-0.472253	-0.751165	-0.461224
26168	10.367100	0.611678	-1.938762	0.119974	-1.404812	0.779058	-0.297851	-0.371399	0.879402	-0.832482	0.551891	-0.048878	-0.467181	-0.746645	-0.473565
26169	10.402729	-0.720651	-3.379533	0.146049	-1.459782	0.762128	-0.310942	-0.378036	0.872011	-0.830808	0.553714	-0.056203	-0.461598	-0.741950	-0.486249
26170	10.412452	-1.296898	-4.152467	0.394416	-1.469665	0.724418	-0.323649	-0.384918	0.864343	-0.830317	0.553558	-0.064392	-0.453679	-0.738520	-0.498763
26171	10.410840	-0.642847	-3.826381	0.621946	-1.488268	0.703366	-0.336139	-0.391990	0.856361	-0.830763	0.551748	-0.073535	-0.443671	-0.736151	-0.511114
26172	9.889948	-0.260587	-3.282839	0.726942	-1.503618	0.679533	-0.348339	-0.399317	0.848060	-0.831626	0.549092	-0.083044	-0.432502	-0.734196	-0.523352
26173	9.448001	-0.715959	-3.621188	0.715951	-1.536546	0.648657	-0.360266	-0.407008	0.839377	-0.832359	0.546504	-0.092258	-0.421173	-0.731900	-0.535664
26174	9.291351	-1.051872	-3.669311	0.813753	-1.559452	0.627967	-0.371932	-0.414998	0.830327	-0.833442	0.543137	-0.101867	-0.408707	-0.729917	-0.547887
26175	9.362052	-1.158535	-3.362815	0.956760	-1.612643	0.613797	-0.383515	-0.423402	0.820760	-0.834928	0.538803	-0.112186	-0.394729	-0.728301	-0.560149
26176	9.412093	-1.136889	-3.676755	1.095750	-1.673571	0.622864	-0.395162	-0.432253	0.810558	-0.836749	0.533494	-0.123430	-0.379075	-0.727009	-0.572504
26177	9.726797	-0.687780	-3.593770	1.245686	-1.757362	0.640418	-0.407022	-0.441584	0.799585	-0.838758	0.527311	-0.135746	-0.361687	-0.725910	-0.585010
26178	9.747273	-0.360221	-3.093428	1.371582	-1.874321	0.666121	-0.419181	-0.451702	0.787561	-0.840844	0.520336	-0.149104	-0.342446	-0.724717	-0.597926
26179	9.975453	-0.466372	-3.293588	1.710894	-2.095035	0.772606	-0.432610	-0.462843	0.773708	-0.843175	0.511554	-0.165433	-0.319224	-0.723939	-0.611562
26180	10.891591	-0.412810	-4.178109	2.215767	-2.205952	0.907997	-0.446974	-0.474244	0.758490	-0.845951	0.499754	-0.186045	-0.290828	-0.724802	-0.624564
26181	11.591887	-0.082519	-4.152738	2.267004	-2.265609	0.959585	-0.461364	-0.485864	0.742347	-0.847807	0.488025	-0.207497	-0.261468	-0.725099	-0.637076
26182	12.367078	-0.217176	-4.557069	2.017658	-2.344600	1.010996	-0.475705	-0.497970	0.725073	-0.848075	0.478381	-0.227859	-0.233394	-0.723310	-0.649884
26183	12.474389	-0.390089	-4.930294	1.738921	-2.296729	0.984018	-0.489141	-0.509781	0.707718	-0.847104	0.470923	-0.246265	-0.207740	-0.719969	-0.662185
26184	12.470094	-0.207559	-5.133773	1.698002	-2.340932	0.976743	-0.501934	-0.522032	0.689597	-0.845585	0.463767	-0.264397	-0.181789	-0.715823	-0.674204
26185	12.825387	0.014761	-6.027205	1.515382	-2.203562	0.902966	-0.513356	-0.533474	0.672213	-0.843505	0.457883	-0.280789	-0.158001	-0.711160	-0.685045
