// General information: 
//  MT Manager version: 2022.2.0 
//  XDA version: 2022.2.0 build 7381 rev 124627 built on 2023-07-19
// Device information: 
//  DeviceId: 00B4CBA7
//  ProductCode: MTW2-3A7G6
//  Firmware Version: 4.6.0
//  Hardware Version: 2.0.0
// Device settings: 
//  Filter Profile: human(46.1)
//  Option Flags: Orientation Smoother Disabled, Position/Velocity Smoother Disabled, Continuous Zero Rotation Update Disabled, AHS Disabled, ICC Disabled
// Coordinate system: ENU
PacketCounter	Acc_X	Acc_Y	Acc_Z	Gyr_X	Gyr_Y	Gyr_Z	Mat[1][1]	Mat[2][1]	Mat[3][1]	Mat[1][2]	Mat[2][2]	Mat[3][2]	Mat[1][3]	Mat[2][3]	Mat[3][3]
52664	9.314095	-0.027344	-3.031124	0.005122	0.021482	0.008997	0.263398	0.138743	0.954658	0.503632	-0.863814	-0.013416	0.822786	0.484330	-0.297402
52665	9.335633	-0.077964	-2.964433	-0.017029	0.016845	0.008146	0.263270	0.138622	0.954711	0.503463	-0.863913	-0.013396	0.822930	0.484188	-0.297234
52666	9.332451	-0.107891	-2.911107	-0.012095	0.015756	0.007421	0.263160	0.138533	0.954754	0.503336	-0.863987	-0.013373	0.823043	0.484081	-0.297096
52667	9.338371	-0.131994	-2.911297	-0.005998	0.016524	0.006075	0.263024	0.138432	0.954806	0.503263	-0.864030	-0.013365	0.823131	0.484034	-0.296928
52668	9.371625	-0.102087	-2.878653	-0.002911	0.013534	0.008033	0.262936	0.138347	0.954843	0.503207	-0.864062	-0.013375	0.823193	0.484000	-0.296811
52669	9.346877	-0.059857	-2.854916	-0.005721	0.008009	0.007837	0.262879	0.138272	0.954869	0.503132	-0.864106	-0.013385	0.823257	0.483944	-0.296725
52670	9.352523	-0.084115	-2.855961	-0.008914	0.005871	0.007761	0.262853	0.138227	0.954883	0.503027	-0.864167	-0.013374	0.823330	0.483848	-0.296681
52671	9.372224	-0.103772	-2.876640	0.001145	0.002001	0.006255	0.262837	0.138195	0.954892	0.503013	-0.864175	-0.013389	0.823344	0.483842	-0.296651
52672	9.336754	-0.036766	-2.886274	0.009646	-0.000265	0.008929	0.262866	0.138169	0.954888	0.503057	-0.864148	-0.013445	0.823307	0.483898	-0.296662
52673	9.366738	-0.082001	-2.875008	0.002383	-0.002890	0.010894	0.262914	0.138121	0.954882	0.503041	-0.864157	-0.013508	0.823302	0.483896	-0.296679
52674	9.356600	-0.080396	-2.943733	0.000064	-0.006675	0.008699	0.262995	0.138128	0.954858	0.503011	-0.864174	-0.013534	0.823294	0.483864	-0.296753
52675	9.347662	-0.109658	-2.926792	0.008574	-0.009016	0.007933	0.263078	0.138135	0.954834	0.503053	-0.864149	-0.013587	0.823242	0.483907	-0.296828
52676	9.331943	-0.084444	-2.994221	0.007891	-0.009062	0.009993	0.263185	0.138142	0.954804	0.503084	-0.864130	-0.013648	0.823189	0.483938	-0.296923
52677	9.308400	-0.095849	-2.922169	0.000938	-0.008324	0.006580	0.263256	0.138157	0.954782	0.503067	-0.864140	-0.013666	0.823177	0.483917	-0.296992
52678	9.332701	-0.116930	-2.909955	-0.002939	-0.010505	0.008564	0.263367	0.138184	0.954748	0.503010	-0.864172	-0.013681	0.823176	0.483851	-0.297102
52679	9.351465	-0.114286	-2.896386	0.000347	-0.015264	0.007024	0.263497	0.138229	0.954705	0.502987	-0.864186	-0.013701	0.823149	0.483814	-0.297238
52680	9.326439	-0.094667	-2.910869	0.004406	-0.014705	0.008418	0.263642	0.138277	0.954658	0.502991	-0.864182	-0.013736	0.823100	0.483806	-0.297387
52681	9.334643	-0.067332	-2.930112	0.011751	-0.018906	0.008272	0.263809	0.138328	0.954605	0.503058	-0.864142	-0.013802	0.823005	0.483863	-0.297555
52682	9.364061	-0.112490	-2.920588	0.006526	-0.021322	0.007500	0.264003	0.138417	0.954538	0.503085	-0.864126	-0.013835	0.822926	0.483866	-0.297767
52683	9.371778	-0.062576	-2.904327	0.013789	-0.018702	0.005529	0.264154	0.138491	0.954486	0.503176	-0.864072	-0.013881	0.822822	0.483941	-0.297933
52684	9.341149	-0.019362	-2.917691	0.002650	-0.023504	0.009486	0.264376	0.138572	0.954412	0.503166	-0.864078	-0.013922	0.822757	0.483908	-0.298166
52685	9.361340	-0.070273	-2.855205	-0.006452	-0.028100	0.010702	0.264630	0.138648	0.954331	0.503077	-0.864129	-0.013957	0.822730	0.483795	-0.298425
52686	9.347121	-0.120652	-2.910119	0.001192	-0.028872	0.008610	0.264892	0.138762	0.954242	0.503054	-0.864142	-0.013985	0.822660	0.483740	-0.298709
52687	9.346168	-0.121864	-2.913126	0.014327	-0.035676	0.012486	0.265218	0.138859	0.954137	0.503131	-0.864095	-0.014099	0.822507	0.483796	-0.299037
52688	9.357078	-0.042858	-2.950179	0.015689	-0.035591	0.008365	0.265534	0.139008	0.954028	0.503229	-0.864037	-0.014168	0.822346	0.483856	-0.299384
52689	9.345534	-0.019307	-2.985894	0.010072	-0.034473	0.014592	0.265860	0.139080	0.953926	0.503266	-0.864014	-0.014289	0.822218	0.483877	-0.299701
52690	9.278526	-0.081511	-3.051373	-0.007049	-0.034979	0.014593	0.266201	0.139173	0.953817	0.503162	-0.864073	-0.014350	0.822170	0.483745	-0.300044
52691	9.293675	-0.153812	-3.059607	-0.006559	-0.033243	0.012591	0.266507	0.139257	0.953720	0.503068	-0.864127	-0.014402	0.822129	0.483624	-0.300352
52692	9.312186	-0.174246	-3.083565	0.005926	-0.028142	0.014811	0.266794	0.139314	0.953631	0.503069	-0.864124	-0.014503	0.822035	0.483612	-0.300628
52693	9.309476	-0.122502	-3.136217	0.011832	-0.025687	0.013513	0.267042	0.139354	0.953556	0.503123	-0.864091	-0.014620	0.821922	0.483660	-0.300861
52694	9.303308	-0.100176	-3.136782	0.006714	-0.022970	0.010868	0.267266	0.139420	0.953483	0.503143	-0.864079	-0.014686	0.821837	0.483663	-0.301088
52695	9.341059	-0.094704	-3.109390	0.004303	-0.019857	0.010293	0.267451	0.139459	0.953426	0.503143	-0.864077	-0.014749	0.821777	0.483654	-0.301266
52696	9.331585	-0.101621	-3.057537	0.003924	-0.016466	0.010412	0.267619	0.139498	0.953373	0.503138	-0.864079	-0.014802	0.821725	0.483640	-0.301431
52697	9.317301	-0.129725	-3.075226	-0.000031	-0.011817	0.010582	0.267739	0.139495	0.953340	0.503102	-0.864099	-0.014855	0.821708	0.483605	-0.301534
52698	9.336008	-0.104981	-3.025623	0.009072	-0.007227	0.009348	0.267827	0.139499	0.953315	0.503143	-0.864075	-0.014914	0.821654	0.483648	-0.301610
52699	9.349623	-0.079087	-3.009940	0.006363	-0.007549	0.010717	0.267912	0.139475	0.953294	0.503159	-0.864064	-0.014987	0.821617	0.483674	-0.301671
52700	9.329996	-0.060906	-2.989409	-0.001466	-0.005149	0.009443	0.267982	0.139467	0.953276	0.503114	-0.864090	-0.015015	0.821622	0.483630	-0.301729
52701	9.326442	-0.113848	-2.974089	-0.004962	-0.010720	0.011318	0.268097	0.139453	0.953246	0.503035	-0.864135	-0.015060	0.821632	0.483554	-0.301821
52702	9.303396	-0.147777	-2.937838	0.005197	-0.009408	0.011341	0.268212	0.139450	0.953214	0.503040	-0.864131	-0.015126	0.821592	0.483561	-0.301919
52703	9.316737	-0.099334	-2.886702	0.006253	-0.012758	0.009160	0.268332	0.139464	0.953178	0.503059	-0.864119	-0.015185	0.821541	0.483579	-0.302029
52704	9.302450	-0.127414	-2.904366	-0.001008	-0.015373	0.011148	0.268495	0.139491	0.953128	0.503012	-0.864145	-0.015230	0.821517	0.483524	-0.302184
52705	9.277255	-0.108146	-2.919206	0.006221	-0.024724	0.012866	0.268732	0.139531	0.953055	0.503021	-0.864138	-0.015323	0.821433	0.483525	-0.302409
52706	9.309771	-0.101543	-2.926380	0.003700	-0.026816	0.010738	0.268987	0.139616	0.952971	0.503012	-0.864142	-0.015379	0.821355	0.483493	-0.302672
52707	9.294982	-0.129706	-2.945531	0.004454	-0.033606	0.010500	0.269285	0.139720	0.952871	0.503013	-0.864141	-0.015444	0.821257	0.483466	-0.302981
52708	9.346652	-0.142210	-2.974558	0.011904	-0.032692	0.008448	0.269576	0.139854	0.952769	0.503083	-0.864099	-0.015504	0.821119	0.483502	-0.303299
52709	9.340467	-0.142150	-3.011592	0.016456	-0.030403	0.007826	0.269834	0.139965	0.952680	0.503190	-0.864035	-0.015580	0.820968	0.483583	-0.303576
52710	9.323764	-0.139783	-3.116840	0.022252	-0.033089	0.008401	0.270128	0.140101	0.952577	0.503340	-0.863946	-0.015670	0.820780	0.483703	-0.303895
52711	9.320681	-0.042634	-3.098347	0.016265	-0.028784	0.004447	0.270356	0.140233	0.952493	0.503454	-0.863879	-0.015714	0.820635	0.483785	-0.304156
52712	9.302566	-0.122604	-3.101121	0.003699	-0.026900	0.007303	0.270594	0.140350	0.952408	0.503461	-0.863875	-0.015738	0.820552	0.483759	-0.304420
52713	9.293260	-0.196867	-3.157171	0.010096	-0.022636	0.007427	0.270786	0.140427	0.952342	0.503516	-0.863841	-0.015791	0.820455	0.483796	-0.304623
52714	9.309893	-0.118851	-3.158796	0.019013	-0.016356	0.006235	0.270932	0.140501	0.952290	0.503650	-0.863763	-0.015851	0.820325	0.483915	-0.304784
52715	9.300619	-0.103031	-3.070908	0.011372	-0.015645	0.004914	0.271054	0.140566	0.952245	0.503723	-0.863719	-0.015885	0.820240	0.483973	-0.304921
52716	9.319480	-0.100726	-3.057546	0.017095	-0.011424	0.007097	0.271164	0.140609	0.952208	0.503837	-0.863652	-0.015947	0.820133	0.484081	-0.305035
52717	9.333111	-0.097623	-3.078086	0.029477	-0.011546	0.007730	0.271267	0.140630	0.952175	0.504050	-0.863525	-0.016063	0.819968	0.484301	-0.305130
52718	9.311465	-0.004079	-3.072377	0.022328	-0.009020	0.007845	0.271361	0.140654	0.952145	0.504202	-0.863435	-0.016148	0.819844	0.484455	-0.305220
52719	9.297185	-0.032807	-3.089598	0.013047	-0.011754	0.016034	0.271507	0.140604	0.952110	0.504258	-0.863399	-0.016292	0.819761	0.484533	-0.305320
52720	9.284834	-0.114628	-3.056608	0.008106	-0.010798	0.009904	0.271626	0.140620	0.952074	0.504288	-0.863381	-0.016353	0.819703	0.484562	-0.305430
52721	9.342446	-0.151215	-3.085159	0.007738	-0.007327	0.013458	0.271723	0.140571	0.952054	0.504308	-0.863367	-0.016457	0.819658	0.484600	-0.305488
52722	9.326248	-0.081389	-3.080867	0.009091	-0.007170	0.012770	0.271826	0.140544	0.952028	0.504343	-0.863345	-0.016549	0.819603	0.484647	-0.305562
52723	9.341963	-0.108986	-3.014963	0.000103	-0.006537	0.015578	0.271927	0.140473	0.952010	0.504294	-0.863371	-0.016650	0.819599	0.484621	-0.305614
52724	9.303155	-0.116890	-3.044764	-0.001257	-0.006770	0.012828	0.272028	0.140444	0.951986	0.504242	-0.863401	-0.016711	0.819598	0.484577	-0.305687
52725	9.302937	-0.140824	-3.081100	0.004844	-0.005948	0.014890	0.272121	0.140376	0.951969	0.504234	-0.863403	-0.016819	0.819572	0.484592	-0.305732
52726	9.286821	-0.070878	-3.076696	0.004837	-0.006023	0.011453	0.272208	0.140355	0.951947	0.504234	-0.863402	-0.016886	0.819543	0.484600	-0.305797
52727	9.316499	-0.139071	-3.101748	-0.001250	-0.006696	0.016265	0.272314	0.140278	0.951928	0.504172	-0.863436	-0.016989	0.819546	0.484562	-0.305850
52728	9.300440	-0.091707	-3.132908	0.001569	-0.001244	0.013002	0.272370	0.140220	0.951921	0.504139	-0.863454	-0.017059	0.819548	0.484547	-0.305869
52729	9.389651	-0.022465	-3.144482	0.002937	-0.000939	0.019188	0.272444	0.140091	0.951919	0.504104	-0.863472	-0.017203	0.819545	0.484553	-0.305868
52730	9.370400	-0.027565	-3.158899	-0.008643	0.004521	0.021485	0.272495	0.139932	0.951927	0.503965	-0.863550	-0.017323	0.819613	0.484459	-0.305834
52731	9.345953	-0.031436	-3.207050	-0.004089	0.006806	0.020855	0.272514	0.139750	0.951949	0.503868	-0.863604	-0.017461	0.819667	0.484415	-0.305760
52732	9.307673	-0.017312	-3.199623	-0.008027	0.011544	0.024467	0.272522	0.139532	0.951978	0.503730	-0.863682	-0.017612	0.819749	0.484339	-0.305659
52733	9.385304	-0.074234	-3.246927	-0.004395	0.022393	0.027565	0.272447	0.139217	0.952046	0.503612	-0.863747	-0.017813	0.819846	0.484314	-0.305436
52734	9.492935	0.050032	-3.291606	0.007931	0.029231	0.033238	0.272355	0.138837	0.952128	0.503576	-0.863761	-0.018095	0.819899	0.484397	-0.305165
52735	9.385350	0.153654	-3.372557	-0.014539	0.040344	0.042634	0.272208	0.138305	0.952247	0.503334	-0.863896	-0.018409	0.820096	0.484309	-0.304773
52736	9.244896	0.091596	-3.331089	-0.045457	0.046785	0.044343	0.272028	0.137745	0.952380	0.502832	-0.864184	-0.018635	0.820464	0.483956	-0.304344
52737	9.225491	-0.042052	-3.310306	-0.058076	0.055586	0.048805	0.271786	0.137086	0.952544	0.502215	-0.864537	-0.018875	0.820922	0.483512	-0.303816
52738	9.139603	-0.169054	-3.243400	-0.039158	0.064943	0.054553	0.271507	0.136351	0.952729	0.501739	-0.864806	-0.019217	0.821305	0.483239	-0.303213
52739	9.073440	-0.045191	-3.134739	-0.027323	0.070000	0.062243	0.271214	0.135506	0.952933	0.501338	-0.865027	-0.019680	0.821646	0.483079	-0.302541
52740	9.008828	0.047070	-2.939954	-0.043578	0.068159	0.073890	0.271004	0.134587	0.953123	0.500770	-0.865345	-0.020193	0.822062	0.482768	-0.301909
52741	8.820765	0.105950	-2.658840	-0.072424	0.049229	0.083590	0.270987	0.133658	0.953258	0.499941	-0.865812	-0.020724	0.822572	0.482189	-0.301445
52742	8.754048	0.015931	-2.386486	-0.078685	0.024577	0.095776	0.271244	0.132760	0.953311	0.499027	-0.866324	-0.021341	0.823042	0.481517	-0.301236
52743	8.845475	-0.186744	-2.180174	-0.050484	-0.007900	0.102809	0.271791	0.131939	0.953269	0.498325	-0.866708	-0.022121	0.823287	0.481050	-0.301312
52744	8.962808	-0.328778	-2.065559	-0.008427	-0.035261	0.107933	0.272598	0.131224	0.953137	0.497959	-0.866894	-0.023066	0.823242	0.480911	-0.301658
52745	9.106331	-0.409902	-2.042281	0.026658	-0.061853	0.109654	0.273623	0.130603	0.952929	0.497872	-0.866915	-0.024144	0.822955	0.481043	-0.302231
52746	9.314553	-0.446014	-2.117086	0.040039	-0.091201	0.108568	0.274893	0.130149	0.952625	0.497891	-0.866872	-0.025240	0.822519	0.481242	-0.303097
52747	9.497516	-0.484471	-2.243313	0.046417	-0.112813	0.109144	0.276333	0.129778	0.952259	0.497965	-0.866796	-0.026373	0.821992	0.481480	-0.304149
52748	9.520222	-0.357860	-2.358015	0.059880	-0.130234	0.104351	0.277902	0.129548	0.951834	0.498157	-0.866651	-0.027490	0.821346	0.481803	-0.305379
52749	9.367653	-0.160327	-2.585121	0.076290	-0.162657	0.108621	0.279748	0.129423	0.951310	0.498474	-0.866429	-0.028709	0.820527	0.482235	-0.306895
52750	9.189470	-0.085692	-2.919931	0.068028	-0.175794	0.109551	0.281714	0.129368	0.950737	0.498708	-0.866254	-0.029901	0.819712	0.482564	-0.308552
52751	9.052779	-0.073891	-3.299234	0.049231	-0.179846	0.112238	0.283716	0.129295	0.950151	0.498788	-0.866167	-0.031072	0.818972	0.482739	-0.310237
52752	9.135363	-0.189999	-3.700923	0.049385	-0.174812	0.110327	0.285675	0.129231	0.949573	0.498868	-0.866079	-0.032215	0.818242	0.482915	-0.311886
52753	9.355277	-0.217809	-3.892894	0.021037	-0.145529	0.112206	0.287394	0.128993	0.949087	0.498712	-0.866128	-0.033298	0.817735	0.482891	-0.313251
52754	9.537265	-0.053931	-4.068921	-0.019696	-0.109083	0.111709	0.288821	0.128599	0.948707	0.498217	-0.866376	-0.034236	0.817534	0.482550	-0.314298
52755	9.536503	-0.117887	-4.360046	-0.032050	-0.067431	0.117355	0.289926	0.127940	0.948459	0.497609	-0.866687	-0.035201	0.817513	0.482168	-0.314939
52756	9.418492	-0.182151	-4.609607	-0.070377	-0.013413	0.115438	0.290589	0.127052	0.948375	0.496688	-0.867182	-0.036014	0.817838	0.481512	-0.315098
52757	9.493760	-0.403814	-4.874804	-0.095367	0.036832	0.101625	0.290761	0.126025	0.948460	0.495606	-0.867775	-0.036630	0.818433	0.480713	-0.314774
52758	9.488875	-0.490221	-4.800196	-0.065549	0.108938	0.085384	0.290273	0.124811	0.948770	0.494814	-0.868203	-0.037175	0.819085	0.480256	-0.313774
52759	9.453498	-0.348929	-4.512120	-0.042828	0.162986	0.071335	0.289260	0.123440	0.949258	0.494250	-0.868503	-0.037670	0.819784	0.480067	-0.312233
52760	9.445359	-0.108206	-4.149084	-0.046092	0.210757	0.075794	0.287888	0.121821	0.949884	0.493646	-0.868824	-0.038187	0.820631	0.479900	-0.310260
52761	9.338107	-0.017640	-3.702885	-0.070932	0.240444	0.077670	0.286266	0.120025	0.950603	0.492834	-0.869264	-0.038658	0.821685	0.479555	-0.307993
52762	9.377842	-0.101366	-3.216588	-0.059018	0.238363	0.090538	0.284736	0.118145	0.951297	0.492073	-0.869668	-0.039277	0.822672	0.479291	-0.305762
52763	9.339359	0.201635	-2.823382	0.056217	0.246609	0.119881	0.283267	0.115952	0.952006	0.492188	-0.869544	-0.040541	0.823110	0.480050	-0.303383
52764	9.296539	0.235997	-2.581261	0.104574	0.243690	0.150487	0.281985	0.113524	0.952679	0.492614	-0.869223	-0.042230	0.823296	0.481211	-0.301031
52765	9.082463	-0.016548	-2.311547	0.133147	0.188693	0.177960	0.281278	0.111100	0.953173	0.493202	-0.868787	-0.044278	0.823186	0.482561	-0.299166
52766	9.203674	-0.587665	-2.630598	0.172734	0.197760	0.156273	0.280404	0.108839	0.953692	0.494174	-0.868133	-0.046222	0.822900	0.484251	-0.297214
52767	8.986716	-0.973864	-2.943222	0.205646	0.190500	0.127889	0.279439	0.106837	0.954201	0.495501	-0.867280	-0.048004	0.822431	0.486222	-0.295290
52768	9.010404	-0.948941	-3.117026	0.156088	0.200040	0.109571	0.278320	0.104964	0.954736	0.496469	-0.866645	-0.049449	0.822227	0.487759	-0.293316
52769	9.163275	-0.680948	-2.777009	0.082348	0.196876	0.098290	0.277158	0.103183	0.955268	0.496866	-0.866352	-0.050580	0.822379	0.488659	-0.291385
52770	9.382403	-0.753932	-2.704065	0.007503	0.183457	0.089368	0.276075	0.101562	0.955755	0.496668	-0.866418	-0.051396	0.822863	0.488882	-0.289639
52771	9.641850	-1.063723	-3.081287	0.016560	0.182421	0.076330	0.274922	0.100041	0.956248	0.496587	-0.866420	-0.052126	0.823298	0.489191	-0.287877
52772	9.950743	-1.066158	-3.451599	0.071182	0.201394	0.049074	0.273490	0.098680	0.956800	0.497025	-0.866132	-0.052741	0.823510	0.489978	-0.285925
52773	10.110156	-0.975537	-3.759504	0.111847	0.230799	0.023459	0.271676	0.097376	0.957450	0.497875	-0.865613	-0.053236	0.823597	0.491154	-0.283647
52774	10.024725	-0.415994	-3.911431	0.082889	0.256367	0.008207	0.269589	0.096094	0.958169	0.498519	-0.865227	-0.053490	0.823893	0.492086	-0.281160
52775	9.919385	-0.371237	-3.746093	-0.064256	0.284892	-0.003914	0.267190	0.094758	0.958974	0.497993	-0.865546	-0.053225	0.824993	0.491783	-0.278454
52776	9.921443	-0.288982	-3.365639	-0.123459	0.296917	-0.021336	0.264618	0.093534	0.959807	0.497011	-0.866147	-0.052619	0.826412	0.490959	-0.275685
52777	9.770411	-0.561573	-2.892336	-0.165001	0.293946	-0.023327	0.262040	0.092326	0.960631	0.495700	-0.866942	-0.051895	0.828020	0.489783	-0.272939
52778	9.662564	-1.057939	-2.712778	-0.109672	0.297665	-0.034878	0.259386	0.091222	0.961456	0.494865	-0.867460	-0.051203	0.829354	0.489073	-0.270149
52779	9.587320	-1.107304	-2.416054	-0.096289	0.312121	-0.056909	0.256483	0.090222	0.962329	0.494205	-0.867886	-0.050349	0.830649	0.488501	-0.267186
52780	9.506225	-0.997568	-1.869497	-0.091716	0.301946	-0.070916	0.253608	0.089414	0.963166	0.493614	-0.868279	-0.049366	0.831883	0.487951	-0.264338
52781	9.372913	-0.767692	-1.401626	-0.082973	0.276933	-0.086683	0.250844	0.088848	0.963941	0.493133	-0.868614	-0.048265	0.833005	0.487459	-0.261701
52782	9.196640	-0.596043	-0.918167	-0.108233	0.233126	-0.096149	0.248412	0.088597	0.964594	0.492459	-0.869066	-0.047000	0.834132	0.486698	-0.259517
52783	9.010993	-0.575268	-0.446316	-0.143362	0.161259	-0.097165	0.246557	0.088690	0.965061	0.491494	-0.869684	-0.045644	0.835250	0.485576	-0.258017
52784	8.751834	-0.764208	-0.053404	-0.178643	0.077484	-0.101393	0.245397	0.089245	0.965306	0.490235	-0.870471	-0.044149	0.836331	0.484061	-0.257362
52785	8.654890	-1.202439	0.406303	-0.196377	-0.024726	-0.105266	0.245058	0.090313	0.965293	0.488842	-0.871333	-0.042580	0.837246	0.482310	-0.257676
52786	8.719793	-1.222650	0.632814	-0.140315	-0.132253	-0.101654	0.245651	0.091882	0.964994	0.487903	-0.871926	-0.041181	0.837619	0.480940	-0.259018
52787	8.651365	-1.029982	0.631138	-0.109403	-0.247778	-0.103098	0.247193	0.094003	0.964396	0.487232	-0.872363	-0.039855	0.837556	0.479736	-0.261443
52788	8.661860	-1.013434	0.516321	-0.080887	-0.363889	-0.117102	0.249646	0.096811	0.963486	0.486842	-0.872643	-0.038461	0.837055	0.478667	-0.264984
52789	8.759931	-1.318068	0.260977	-0.071044	-0.485789	-0.129075	0.253052	0.100293	0.962240	0.486564	-0.872862	-0.036981	0.836194	0.477549	-0.269678
52790	9.406430	-0.937799	-0.018705	0.045434	-0.589067	-0.141577	0.257258	0.104381	0.960689	0.487294	-0.872508	-0.035690	0.834484	0.477320	-0.275323
52791	9.516211	-0.026901	-0.448055	0.005179	-0.676582	-0.143526	0.262168	0.108892	0.958859	0.487702	-0.872337	-0.034280	0.832715	0.476625	-0.281805
52792	9.684038	0.157935	-1.001644	-0.078402	-0.762800	-0.146463	0.267770	0.113837	0.956734	0.487429	-0.872554	-0.032600	0.831091	0.475070	-0.289132
52793	9.794688	0.052223	-1.451287	-0.114518	-0.842458	-0.162429	0.273943	0.119281	0.954320	0.486911	-0.872913	-0.030665	0.829381	0.473070	-0.297208
52794	10.083142	-0.953536	-1.703967	-0.099191	-0.894394	-0.195751	0.280367	0.125249	0.951687	0.486625	-0.873147	-0.028447	0.827400	0.471091	-0.305751
52795	10.285486	-0.427114	-1.647925	0.147524	-0.947862	-0.210154	0.287139	0.131581	0.948809	0.488433	-0.872188	-0.026860	0.824005	0.471142	-0.314707
52796	10.172647	0.500586	-1.790714	0.131906	-0.984962	-0.202419	0.294214	0.138020	0.945721	0.490096	-0.871301	-0.025310	0.820515	0.470940	-0.323992
52797	10.017637	0.119599	-1.626834	-0.043185	-1.068031	-0.203340	0.301935	0.144843	0.942261	0.490342	-0.871221	-0.023200	0.817558	0.469035	-0.334075
52798	10.697890	-0.542536	-1.694602	-0.025190	-1.159702	-0.243799	0.310162	0.152430	0.938384	0.490872	-0.870984	-0.020766	0.814152	0.467067	-0.344970
52799	11.487300	0.149858	-1.796272	0.093467	-1.214760	-0.246308	0.318785	0.160273	0.934178	0.492400	-0.870167	-0.018739	0.809888	0.465963	-0.356315
52800	11.728574	0.960354	-1.973798	0.070809	-1.204045	-0.221232	0.327378	0.167832	0.929869	0.493684	-0.869478	-0.016879	0.805667	0.464587	-0.367504
52801	10.619444	1.146975	-1.757930	0.024930	-1.304925	-0.178607	0.336950	0.175466	0.925028	0.494473	-0.869059	-0.015267	0.801225	0.462546	-0.379592
52802	10.555799	1.194286	-2.263439	-0.140795	-1.389539	-0.171226	0.347161	0.183386	0.919701	0.493929	-0.869404	-0.013087	0.797191	0.458810	-0.392402
52803	10.211540	0.730038	-2.208705	-0.300484	-1.416363	-0.166872	0.357574	0.191331	0.914075	0.492123	-0.870464	-0.010310	0.793697	0.453524	-0.405414
52804	10.020577	0.354750	-1.991181	-0.342314	-1.493873	-0.156202	0.368585	0.199453	0.907945	0.489975	-0.871705	-0.007416	0.789981	0.447603	-0.419024
52805	10.136922	0.173619	-1.853706	-0.309916	-1.537373	-0.144508	0.379961	0.207583	0.901409	0.488072	-0.872791	-0.004739	0.785758	0.441753	-0.432942
52806	10.058336	0.184298	-1.617690	-0.224662	-1.602733	-0.121619	0.391866	0.215711	0.894377	0.486778	-0.873522	-0.002599	0.780697	0.436382	-0.447307
52807	10.062741	0.165070	-1.467155	-0.147540	-1.677321	-0.094631	0.404422	0.223848	0.886755	0.486007	-0.873954	-0.001036	0.774752	0.431388	-0.462238
52808	10.173002	0.096868	-1.398960	-0.076653	-1.757597	-0.077244	0.417552	0.232094	0.878512	0.485733	-0.874107	0.000064	0.767928	0.426696	-0.477721
52809	10.332409	0.166926	-1.755261	-0.003213	-1.811523	-0.062220	0.431063	0.240361	0.869719	0.485973	-0.873973	0.000672	0.760273	0.422371	-0.493546
52810	10.109784	0.290591	-1.810176	0.064647	-1.885701	-0.049969	0.445024	0.248754	0.860276	0.486682	-0.873579	0.000838	0.751727	0.418309	-0.509827
52811	10.218718	0.197850	-2.181858	0.068996	-1.955979	-0.039249	0.459418	0.257269	0.850146	0.487378	-0.873191	0.000864	0.742562	0.413945	-0.526546
52812	10.118229	0.105691	-2.667933	0.072514	-2.018525	-0.055900	0.473981	0.266093	0.839367	0.488177	-0.872744	0.001007	0.732820	0.409282	-0.543565
52813	10.162835	-0.460079	-3.468894	0.042553	-2.089477	-0.063174	0.488849	0.275174	0.827832	0.488794	-0.872398	0.001347	0.722570	0.403981	-0.560974
52814	10.068524	-0.840631	-3.985080	0.077884	-2.154304	-0.069162	0.503901	0.284449	0.815581	0.489701	-0.871889	0.001529	0.711531	0.398620	-0.578641
52815	10.027180	-0.832166	-4.343983	0.140657	-2.220616	-0.069033	0.519201	0.293878	0.802537	0.491052	-0.871129	0.001310	0.699498	0.393408	-0.596601
52816	9.843843	-0.771117	-4.732956	0.160594	-2.251238	-0.068642	0.534412	0.303297	0.788932	0.492534	-0.870293	0.000940	0.686887	0.388074	-0.614479
52817	9.673286	-0.794567	-5.514114	0.184624	-2.243685	-0.057790	0.549364	0.312481	0.774955	0.494111	-0.869399	0.000289	0.673835	0.382755	-0.632017
52818	9.273678	-0.444882	-5.745520	0.172730	-2.228136	-0.044608	0.563953	0.321359	0.760714	0.495521	-0.868596	-0.000421	0.660618	0.377187	-0.649087
52819	8.889301	-0.269249	-6.247052	0.093335	-2.179454	-0.036300	0.578002	0.329859	0.746396	0.496349	-0.868123	-0.000713	0.647728	0.370884	-0.665502
52820	8.473973	-0.081920	-6.654371	0.015479	-2.087907	-0.009715	0.591293	0.337639	0.732374	0.496516	-0.868028	-0.000692	0.635488	0.364044	-0.680902
52821	7.981331	0.012784	-6.994800	-0.072743	-1.977958	0.025150	0.603847	0.344582	0.718772	0.495918	-0.868369	-0.000326	0.624047	0.356649	-0.695246
52822	7.672676	-0.016034	-7.128836	-0.130467	-1.832520	0.062872	0.615442	0.350526	0.705948	0.494740	-0.869041	0.000194	0.613566	0.349141	-0.708263
52823	7.478501	0.209122	-6.873369	-0.185243	-1.642582	0.086383	0.625843	0.355482	0.694228	0.493089	-0.869978	0.000959	0.604304	0.341716	-0.719754
52824	7.254501	0.395305	-6.687883	-0.284400	-1.410565	0.087805	0.634692	0.359509	0.684047	0.490841	-0.871246	0.002467	0.596860	0.334192	-0.729434
52825	6.783428	-0.144854	-6.686792	-0.387595	-1.123280	0.065309	0.641659	0.362685	0.675821	0.488135	-0.872754	0.004911	0.591607	0.326740	-0.737050
52826	6.778115	-1.773744	-7.276188	-0.318799	-0.842285	0.023313	0.646685	0.365233	0.669629	0.486119	-0.873863	0.007165	0.587781	0.320886	-0.742661
52827	7.584490	-2.303848	-6.231441	0.057304	-0.500528	-0.016845	0.649509	0.367017	0.665911	0.486579	-0.873610	0.006897	0.584277	0.319538	-0.746000
52828	8.210525	-2.239072	-5.498701	0.457401	-0.139641	-0.082965	0.649864	0.368212	0.664904	0.489798	-0.871826	0.004084	0.581184	0.323015	-0.746918
52829	8.082554	-2.193806	-5.703453	0.869273	0.202668	-0.149417	0.647925	0.368883	0.666422	0.495822	-0.868423	-0.001363	0.578234	0.331310	-0.745573
52830	7.902298	-1.594744	-5.919078	1.214090	0.526637	-0.213932	0.643761	0.368978	0.670393	0.504224	-0.863527	-0.008916	0.575612	0.343768	-0.741953
52831	7.953578	-0.668958	-6.013161	1.360455	0.852198	-0.288509	0.637365	0.368501	0.676737	0.513908	-0.857678	-0.016981	0.574164	0.358603	-0.736029
52832	7.880152	0.054206	-5.756393	1.322268	1.179070	-0.345242	0.628743	0.367148	0.685481	0.523706	-0.851554	-0.024260	0.574817	0.374244	-0.727686
52833	7.783935	0.483156	-5.648653	1.148810	1.475967	-0.402441	0.618080	0.364960	0.696262	0.532850	-0.845687	-0.029733	0.577969	0.389381	-0.717171
52834	7.696608	0.507607	-5.568173	0.921182	1.775691	-0.458889	0.605239	0.361803	0.709073	0.541025	-0.840359	-0.033008	0.583933	0.403603	-0.704362
52835	7.620048	0.290067	-5.630968	0.724291	2.054498	-0.519208	0.590298	0.357755	0.723575	0.548401	-0.835512	-0.034289	0.592288	0.417050	-0.689394
52836	7.537414	0.158018	-5.719308	0.571400	2.328801	-0.588320	0.573071	0.352807	0.739673	0.555251	-0.830994	-0.033824	0.602731	0.430088	-0.672116
52837	7.502121	0.134923	-5.749166	0.478990	2.588422	-0.644795	0.553682	0.346880	0.757040	0.561810	-0.826642	-0.032123	0.614658	0.443099	-0.652578
52838	7.430802	0.128863	-5.751138	0.441909	2.832449	-0.691129	0.532115	0.339850	0.775471	0.568320	-0.822275	-0.029610	0.627587	0.456471	-0.630689
52839	7.411025	0.257839	-5.768954	0.456035	3.060541	-0.728605	0.508505	0.331669	0.794618	0.575011	-0.817711	-0.026663	0.640925	0.470473	-0.606524
52840	7.484292	0.360310	-5.912824	0.481492	3.266105	-0.756186	0.482906	0.322240	0.814226	0.581888	-0.812933	-0.023381	0.654377	0.485079	-0.580077
52841	7.495741	0.659735	-5.918381	0.509214	3.461705	-0.780896	0.455416	0.311544	0.833988	0.588923	-0.807947	-0.019778	0.667657	0.500162	-0.551428
52842	7.674949	1.020569	-5.933286	0.514667	3.641698	-0.790627	0.426105	0.299428	0.853684	0.595884	-0.802915	-0.015807	0.680703	0.515432	-0.520551
52843	7.754409	1.301663	-5.936075	0.494055	3.806678	-0.785568	0.395207	0.285835	0.872989	0.602507	-0.798031	-0.011466	0.693395	0.530513	-0.487605
52844	7.917799	1.625248	-5.921382	0.458727	3.955396	-0.768513	0.362806	0.270685	0.891685	0.608631	-0.793425	-0.006781	0.705649	0.545167	-0.452606
52845	8.182424	1.796666	-5.868604	0.396161	4.076734	-0.738488	0.329246	0.254048	0.909427	0.614004	-0.789301	-0.001801	0.717353	0.558985	-0.415861
52846	8.436654	1.888680	-5.760602	0.321376	4.195577	-0.695099	0.294550	0.235810	0.926085	0.618494	-0.785783	0.003367	0.728496	0.571786	-0.377300
52847	8.657662	1.845391	-5.589011	0.235532	4.285037	-0.651269	0.259031	0.216195	0.941362	0.622020	-0.782954	0.008656	0.738914	0.583304	-0.337287
52848	8.882545	1.737028	-5.232250	0.140869	4.369690	-0.603757	0.222685	0.195218	0.955145	0.624515	-0.780887	0.014001	0.748593	0.593384	-0.295809
52849	9.074610	1.365613	-4.913905	0.040751	4.409517	-0.565937	0.185903	0.173306	0.967163	0.625970	-0.779606	0.019377	0.757365	0.601813	-0.253415
52850	9.401492	1.040582	-4.843619	0.012608	4.426098	-0.539312	0.148757	0.150724	0.977320	0.626957	-0.778663	0.024658	0.764720	0.609069	-0.210329
52851	10.156202	1.570531	-5.362449	0.084742	4.436684	-0.499382	0.111536	0.127458	0.985553	0.628246	-0.777458	0.029447	0.769979	0.615885	-0.166790
52852	10.356498	1.526046	-4.534518	-0.005804	4.406444	-0.455900	0.074570	0.103769	0.991802	0.628610	-0.776976	0.034029	0.774138	0.620919	-0.123169
52853	10.042406	1.401080	-3.061913	-0.080611	4.295875	-0.451143	0.038374	0.080552	0.996011	0.628224	-0.777073	0.038641	0.777086	0.624235	-0.080424
52854	10.128479	1.421387	-0.177281	-0.224465	4.052374	-0.444379	0.003971	0.058710	0.998267	0.626551	-0.778178	0.043274	0.779370	0.625294	-0.039875
52855	12.543551	-0.881009	0.140774	-0.586239	3.782823	-0.478208	-0.028596	0.038862	0.998835	0.621895	-0.781615	0.048215	0.782578	0.622550	-0.001817
52856	10.143454	-1.415351	-3.219674	-0.313954	3.220609	-0.534936	-0.057205	0.023044	0.998096	0.619185	-0.783415	0.053575	0.783159	0.621071	0.030547
52857	9.258181	1.659275	-2.232095	-0.251798	2.577391	-0.532162	-0.080713	0.011255	0.996674	0.616825	-0.784899	0.058816	0.782951	0.619521	0.056409
52858	7.860576	2.410372	-1.730146	-0.883383	1.938219	-0.440950	-0.098697	0.002812	0.995114	0.609472	-0.790326	0.062682	0.786640	0.612681	0.076289
52859	6.749729	0.375591	-2.138689	-1.202646	1.345516	-0.233992	-0.110771	-0.003482	0.993840	0.599708	-0.797651	0.064048	0.792515	0.603109	0.090445
52860	5.781437	-0.671721	-1.942636	-0.966619	0.777603	-0.066815	-0.117417	-0.007577	0.993054	0.591922	-0.803462	0.063858	0.797397	0.595308	0.098825
52861	5.555915	-0.371635	-2.337524	-0.684110	0.232330	0.010587	-0.119246	-0.009011	0.992824	0.586443	-0.807529	0.063108	0.801165	0.589760	0.101579
52862	5.466866	-0.414438	-3.343968	-0.650374	-0.240157	0.068799	-0.116978	-0.008126	0.993101	0.581274	-0.811356	0.061829	0.805256	0.584496	0.099634
52863	5.505007	-1.317351	-5.098940	-0.560763	-0.626250	0.136300	-0.111167	-0.005560	0.993786	0.576879	-0.814625	0.059974	0.809230	0.579961	0.093766
52864	5.637118	-2.045520	-6.424610	-0.264926	-0.880425	0.203937	-0.102912	-0.002092	0.994688	0.574924	-0.816165	0.057767	0.811709	0.577815	0.085196
52865	6.008270	-1.956592	-7.231472	0.067948	-1.012586	0.263421	-0.093208	0.001641	0.995645	0.575712	-0.815785	0.055240	0.812323	0.578353	0.075093
52866	8.220316	-0.577947	-5.581455	0.125633	-0.975291	0.372652	-0.083183	0.004285	0.996525	0.577037	-0.815082	0.051672	0.812471	0.579330	0.065328
52867	11.917109	3.154240	1.536567	-0.430405	-0.576476	0.453332	-0.075916	0.003943	0.997106	0.573872	-0.817600	0.046925	0.815419	0.575774	0.059806
52868	13.367756	2.096700	3.103415	-1.230960	-0.409056	0.471275	-0.069927	0.002448	0.997549	0.564109	-0.824653	0.041567	0.822734	0.565633	0.056285
52869	14.386455	-2.838503	0.951011	-1.354160	-0.604982	0.468711	-0.062340	0.001982	0.998053	0.553202	-0.832260	0.036206	0.830711	0.554382	0.050787
52870	14.280583	-6.877520	-3.012864	-0.308762	-0.910793	0.486782	-0.052119	0.003003	0.998636	0.550889	-0.833993	0.031259	0.832950	0.551767	0.041813
52871	12.259584	-1.990824	-3.274223	1.042643	-1.041045	0.368638	-0.041461	0.005758	0.999124	0.559698	-0.828224	0.027999	0.827659	0.560368	0.031117
52872	10.503642	3.480524	-1.557063	1.215826	-1.082358	0.242258	-0.031206	0.009914	0.999464	0.569788	-0.821382	0.025938	0.821199	0.570292	0.019983
52873	9.224358	3.925322	-1.210643	0.839864	-1.138937	0.281201	-0.020300	0.014173	0.999693	0.576719	-0.816611	0.023289	0.816691	0.577015	0.008403
52874	9.220622	2.019752	-1.213948	0.404417	-1.183897	0.402973	-0.008350	0.017777	0.999807	0.580054	-0.814349	0.019324	0.814535	0.580104	-0.003512
52875	9.564730	-0.106806	-1.549316	0.231992	-1.159074	0.461953	0.003733	0.020780	0.999777	0.581934	-0.813102	0.014727	0.813227	0.581750	-0.015128
52876	9.811742	-0.416378	-1.938806	0.367609	-1.123953	0.459123	0.015503	0.023647	0.999600	0.584856	-0.811074	0.010117	0.810989	0.584465	-0.026404
52877	9.737412	0.355314	-1.771036	0.282584	-1.085580	0.440250	0.026842	0.026464	0.999289	0.587034	-0.809542	0.005670	0.809117	0.586465	-0.037265
52878	9.411512	0.859719	-1.092601	-0.021326	-1.073307	0.445809	0.038107	0.029189	0.998847	0.586698	-0.809805	0.001281	0.808909	0.585973	-0.047984
52879	9.442353	0.360922	-0.482619	-0.344391	-1.087635	0.445941	0.049489	0.031957	0.998263	0.583698	-0.811966	-0.002944	0.810462	0.582830	-0.058837
52880	9.545826	-0.818177	-0.353954	-0.403788	-1.129587	0.426107	0.061099	0.035098	0.997514	0.580168	-0.814468	-0.006878	0.812202	0.579146	-0.070126
52881	9.723165	-1.170531	-0.209641	-0.228588	-1.178087	0.405339	0.072984	0.038632	0.996585	0.578023	-0.815950	-0.010702	0.812750	0.576830	-0.081882
52882	9.586352	-0.945235	-0.089905	-0.080201	-1.204751	0.367113	0.084859	0.042620	0.995481	0.577065	-0.816574	-0.014231	0.812277	0.575665	-0.093888
52883	9.410464	-0.754648	-0.383571	0.009690	-1.226583	0.344996	0.096772	0.046889	0.994201	0.576816	-0.816684	-0.017628	0.811122	0.575177	-0.106079
52884	9.519365	-0.692821	-1.035646	0.062516	-1.230786	0.325480	0.108589	0.051351	0.992760	0.576973	-0.816497	-0.020876	0.809513	0.575062	-0.118291
52885	9.585086	-0.749011	-1.458733	0.065841	-1.205034	0.309813	0.120088	0.055779	0.991195	0.577137	-0.816295	-0.023986	0.807770	0.574936	-0.130219
52886	9.645768	-0.895088	-2.134268	0.149285	-1.164317	0.295370	0.131152	0.060107	0.989539	0.577956	-0.815619	-0.027059	0.805460	0.575458	-0.141709
52887	9.723470	-0.619261	-2.536937	0.193641	-1.124239	0.278351	0.141769	0.064341	0.987807	0.579121	-0.814688	-0.030050	0.802821	0.576319	-0.152758
52888	9.735843	-0.638537	-3.040812	0.128985	-1.062452	0.268529	0.151810	0.068319	0.986046	0.579747	-0.814134	-0.032849	0.800529	0.576644	-0.163201
52889	9.664226	-0.617829	-3.437412	0.127765	-1.016246	0.251675	0.161359	0.072161	0.984254	0.580363	-0.813584	-0.035497	0.798212	0.576952	-0.173159
52890	9.783805	-0.278154	-3.404026	0.071400	-0.975121	0.233960	0.170461	0.075924	0.982435	0.580531	-0.813357	-0.037870	0.796195	0.576790	-0.182722
52891	9.880383	-0.644095	-3.428405	-0.044107	-0.922401	0.218124	0.179031	0.079493	0.980627	0.579788	-0.813790	-0.039882	0.794854	0.575696	-0.191782
52892	9.874309	-1.239304	-3.638620	0.010849	-0.870766	0.189604	0.187015	0.083002	0.978844	0.579516	-0.813893	-0.041706	0.793213	0.575055	-0.200311
52893	9.883742	-0.918766	-3.605434	0.102296	-0.807130	0.158794	0.194296	0.086380	0.977132	0.580013	-0.813449	-0.043421	0.791096	0.575186	-0.208151
52894	9.795436	-0.663536	-3.469709	0.049575	-0.750652	0.142914	0.201030	0.089577	0.975481	0.580111	-0.813301	-0.044867	0.789340	0.574907	-0.215462
52895	9.733991	-0.776013	-3.358450	0.000401	-0.700578	0.122740	0.207233	0.092632	0.973896	0.579855	-0.813419	-0.046017	0.787923	0.574255	-0.222281
52896	9.697296	-0.758804	-3.304462	-0.008923	-0.670312	0.100991	0.213071	0.095700	0.972339	0.579561	-0.813576	-0.046926	0.786581	0.573528	-0.228814
52897	9.787142	-0.811917	-3.217730	0.005899	-0.627714	0.075618	0.218409	0.098712	0.970852	0.579436	-0.813625	-0.047627	0.785208	0.572949	-0.234900
52898	9.718901	-0.865687	-2.974871	0.031822	-0.595249	0.057573	0.223388	0.101696	0.969410	0.579548	-0.813511	-0.048208	0.783723	0.572589	-0.240666
52899	9.666890	-0.844815	-2.803586	0.106804	-0.573291	0.040723	0.228078	0.104677	0.968000	0.580284	-0.812950	-0.048815	0.781825	0.572848	-0.246158
52900	9.532946	-0.491934	-2.624709	0.147885	-0.550529	0.031253	0.232535	0.107621	0.966615	0.581357	-0.812146	-0.049432	0.779713	0.573443	-0.251418
52901	9.443109	-0.207000	-2.513606	0.092119	-0.548142	0.028798	0.236938	0.110559	0.965214	0.581999	-0.811657	-0.049897	0.777906	0.573576	-0.256658
52902	9.424719	-0.482617	-2.476608	0.031184	-0.541518	0.020179	0.241240	0.113543	0.963800	0.582184	-0.811511	-0.050119	0.776444	0.573199	-0.261872
52903	9.398309	-0.613801	-2.552663	0.050277	-0.552797	0.014952	0.245582	0.116618	0.962336	0.582530	-0.811248	-0.050348	0.774822	0.572954	-0.267161
52904	9.353991	-0.473249	-2.610226	0.073079	-0.553583	0.008797	0.249894	0.119761	0.960838	0.583065	-0.810850	-0.050577	0.773039	0.572870	-0.272455
52905	9.253904	-0.567204	-2.644210	0.039294	-0.551318	-0.000480	0.254115	0.122951	0.959327	0.583362	-0.810632	-0.050633	0.771436	0.572502	-0.277719
52906	9.216899	-0.701373	-2.787545	0.056632	-0.552674	-0.007445	0.258307	0.126217	0.957782	0.583809	-0.810308	-0.050666	0.769704	0.572250	-0.282995
52907	9.142431	-0.542050	-2.893111	0.054179	-0.548590	-0.008369	0.262442	0.129452	0.956225	0.584241	-0.809995	-0.050693	0.767975	0.571970	-0.288208
52908	9.075336	-0.516967	-2.675089	-0.022522	-0.549878	-0.010949	0.266574	0.132725	0.954632	0.584089	-0.810119	-0.050470	0.766667	0.571044	-0.293480
52909	9.221623	-0.649662	-2.565994	-0.062120	-0.564714	-0.010560	0.270805	0.136060	0.952970	0.583636	-0.810466	-0.050137	0.765528	0.569765	-0.298888
52910	9.263983	-0.777694	-2.444134	-0.096791	-0.581682	-0.021066	0.275109	0.139582	0.951227	0.582945	-0.810997	-0.049591	0.764519	0.568156	-0.304481
52911	9.264531	-0.989280	-2.365031	-0.122467	-0.607069	-0.039009	0.279486	0.143371	0.949385	0.582112	-0.811643	-0.048796	0.763566	0.566287	-0.310301
52912	9.347703	-1.004961	-2.211002	-0.119692	-0.641500	-0.050335	0.284065	0.147447	0.947400	0.581334	-0.812255	-0.047891	0.762469	0.564360	-0.316449
52913	9.341465	-1.013900	-2.063236	-0.121126	-0.677323	-0.073296	0.288766	0.151887	0.945275	0.580616	-0.812834	-0.046762	0.761249	0.562345	-0.322906
52914	9.348758	-0.916571	-1.840730	-0.137942	-0.730472	-0.095724	0.293742	0.156804	0.942936	0.579839	-0.813468	-0.045356	0.759936	0.560074	-0.329871
52915	9.417741	-0.706128	-1.659569	-0.132022	-0.790001	-0.112503	0.299054	0.162164	0.940356	0.579165	-0.814032	-0.043808	0.758376	0.557723	-0.337359
52916	9.638880	-0.386413	-1.433946	-0.154146	-0.860786	-0.118852	0.304861	0.167959	0.937470	0.578351	-0.814700	-0.042114	0.756683	0.555025	-0.345510
52917	9.730424	0.230887	-1.120157	-0.208085	-0.930889	-0.109795	0.311230	0.174035	0.934263	0.577112	-0.815669	-0.040310	0.755035	0.551720	-0.354298
52918	9.646511	0.255963	-0.969457	-0.324167	-1.029371	-0.101488	0.318383	0.180556	0.930608	0.574982	-0.817277	-0.038147	0.753677	0.547228	-0.364023
52919	9.627869	0.093810	-0.814184	-0.387577	-1.159048	-0.099093	0.326508	0.187708	0.926368	0.572380	-0.819209	-0.035746	0.752180	0.541906	-0.374919
52920	9.625703	-0.241485	-0.772603	-0.381971	-1.276209	-0.106448	0.335456	0.195497	0.921548	0.569859	-0.821070	-0.033255	0.750153	0.536307	-0.386839
52921	9.477602	-0.460570	-0.587676	-0.348084	-1.401213	-0.128208	0.345186	0.204056	0.916083	0.567686	-0.822674	-0.030659	0.747381	0.530631	-0.399815
52922	9.547195	-0.734022	-0.360172	-0.287976	-1.534763	-0.140624	0.355798	0.213348	0.909885	0.566029	-0.823904	-0.028150	0.743652	0.525037	-0.413905
52923	9.659271	-0.871101	-0.362690	-0.221651	-1.670689	-0.146882	0.367319	0.223315	0.902888	0.564916	-0.824744	-0.025836	0.738882	0.519546	-0.429098
52924	9.989979	-1.051815	-0.611145	-0.211544	-1.819840	-0.169904	0.379719	0.234149	0.894979	0.563992	-0.825450	-0.023331	0.733298	0.513620	-0.445498
52925	10.469144	-1.267145	-0.900370	-0.184221	-1.970394	-0.209633	0.392890	0.245969	0.886079	0.563457	-0.825889	-0.020578	0.726742	0.507353	-0.463076
52926	10.867586	-0.717896	-1.174572	-0.094204	-2.114005	-0.246634	0.406741	0.258695	0.876150	0.563763	-0.825742	-0.017908	0.718841	0.501225	-0.481706
52927	11.354889	-0.461653	-1.559891	-0.101261	-2.242000	-0.287825	0.421105	0.272263	0.865184	0.564232	-0.825482	-0.014856	0.710150	0.494421	-0.501234
52928	11.898061	0.183529	-2.266580	0.062815	-2.331719	-0.320992	0.435687	0.286395	0.853320	0.566053	-0.824276	-0.012368	0.699829	0.488413	-0.521241
52929	12.167456	1.436949	-3.195178	0.171947	-2.378617	-0.316238	0.450371	0.300580	0.840724	0.568651	-0.822511	-0.010554	0.688333	0.482832	-0.541360
52930	12.022068	2.013259	-3.558784	0.050821	-2.367245	-0.296766	0.464798	0.314392	0.827720	0.570360	-0.821353	-0.008306	0.677238	0.475959	-0.561080
