// General information: 
//  MT Manager version: 2022.2.0 
//  XDA version: 2022.2.0 build 7381 rev 124627 built on 2023-07-19
// Device information: 
//  DeviceId: 00B4CAF0
//  ProductCode: MTW2-3A7G6
//  Firmware Version: 4.6.0
//  Hardware Version: 2.0.0
// Device settings: 
//  Filter Profile: human(46.1)
//  Option Flags: Orientation Smoother Disabled, Position/Velocity Smoother Disabled, Continuous Zero Rotation Update Disabled, AHS Disabled, ICC Disabled
// Coordinate system: ENU
PacketCounter	Acc_X	Acc_Y	Acc_Z	Gyr_X	Gyr_Y	Gyr_Z	Mat[1][1]	Mat[2][1]	Mat[3][1]	Mat[1][2]	Mat[2][2]	Mat[3][2]	Mat[1][3]	Mat[2][3]	Mat[3][3]
42372	5.954393	0.442232	8.268211	0.008105	-0.013234	0.001682	-0.104224	0.794973	0.597625	-0.982642	-0.175036	0.061466	0.153469	-0.580845	0.799416
42373	5.936418	0.486738	8.292765	0.010238	-0.030104	0.000423	-0.104137	0.794778	0.597899	-0.982634	-0.175051	0.061547	0.153579	-0.581106	0.799205
42374	6.110684	0.483077	8.245290	0.009545	-0.031001	0.001487	-0.104110	0.794568	0.598183	-0.982617	-0.175126	0.061602	0.153704	-0.581371	0.798988
42375	6.089514	0.472842	8.220738	0.008737	-0.029290	0.002052	-0.104040	0.794375	0.598451	-0.982610	-0.175146	0.061661	0.153798	-0.581629	0.798783
42376	6.097290	0.405323	8.245913	0.005746	-0.027676	0.005315	-0.104054	0.794178	0.598711	-0.982595	-0.175227	0.061663	0.153882	-0.581874	0.798588
42377	6.040686	0.423996	8.191656	0.009246	-0.022756	0.002604	-0.103999	0.794022	0.598927	-0.982586	-0.175254	0.061723	0.153974	-0.582078	0.798421
42378	5.970531	0.409583	8.299180	0.011426	-0.022657	-0.000093	-0.103968	0.793863	0.599143	-0.982569	-0.175325	0.061803	0.154108	-0.582273	0.798253
42379	5.970538	0.442263	8.311064	0.013431	-0.036906	-0.001850	-0.103847	0.793633	0.599469	-0.982558	-0.175341	0.061923	0.154255	-0.582583	0.797999
42380	6.052321	0.481692	8.234375	0.009920	-0.045243	-0.003872	-0.103745	0.793349	0.599862	-0.982547	-0.175374	0.062013	0.154398	-0.582959	0.797696
42381	6.114030	0.469139	8.229974	0.011294	-0.040005	-0.001273	-0.103624	0.793099	0.600214	-0.982539	-0.175382	0.062112	0.154528	-0.583297	0.797424
42382	6.116650	0.474618	8.173163	0.005145	-0.038013	-0.002587	-0.103545	0.792855	0.600550	-0.982534	-0.175397	0.062156	0.154615	-0.583624	0.797168
42383	6.160465	0.473893	8.181388	0.007212	-0.031878	-0.001054	-0.103439	0.792652	0.600836	-0.982532	-0.175383	0.062222	0.154697	-0.583904	0.796947
42384	6.162763	0.474613	8.179615	0.008420	-0.024452	-0.001568	-0.103393	0.792484	0.601065	-0.982520	-0.175428	0.062286	0.154804	-0.584118	0.796769
42385	6.198861	0.450555	8.153950	0.002919	-0.015122	0.002904	-0.103353	0.792371	0.601220	-0.982521	-0.175421	0.062293	0.154826	-0.584273	0.796652
42386	6.173546	0.471292	8.144419	0.001777	-0.005603	0.001977	-0.103369	0.792308	0.601301	-0.982516	-0.175453	0.062283	0.154848	-0.584349	0.796592
42387	6.167682	0.443561	8.164009	0.003625	0.005734	0.002514	-0.103357	0.792318	0.601290	-0.982516	-0.175447	0.062299	0.154855	-0.584338	0.796599
42388	6.147263	0.487309	8.190488	-0.001133	0.012947	0.003804	-0.103423	0.792359	0.601224	-0.982513	-0.175479	0.062254	0.154830	-0.584272	0.796652
42389	6.128943	0.499286	8.203522	-0.000445	0.013848	0.002738	-0.103425	0.792416	0.601148	-0.982519	-0.175451	0.062236	0.154789	-0.584203	0.796710
42390	6.130076	0.467321	8.190817	0.000310	0.018588	0.009017	-0.103551	0.792481	0.601041	-0.982508	-0.175534	0.062171	0.154773	-0.584090	0.796796
42391	6.096327	0.459623	8.202824	-0.005318	0.023669	0.003528	-0.103577	0.792594	0.600888	-0.982521	-0.175484	0.062109	0.154673	-0.583952	0.796917
42392	6.118207	0.470077	8.226816	0.000822	0.021686	0.004838	-0.103660	0.792687	0.600752	-0.982516	-0.175528	0.062074	0.154654	-0.583813	0.797022
42393	6.118620	0.438127	8.214642	-0.002449	0.028099	0.004492	-0.103701	0.792824	0.600564	-0.982523	-0.175501	0.062030	0.154578	-0.583635	0.797167
42394	6.090129	0.458341	8.207498	-0.001704	0.029415	0.006040	-0.103811	0.792958	0.600367	-0.982519	-0.175544	0.061967	0.154528	-0.583440	0.797320
42395	6.160132	0.468172	8.154749	-0.004060	0.031518	0.005624	-0.103869	0.793113	0.600152	-0.982528	-0.175518	0.061902	0.154433	-0.583237	0.797487
42396	6.116703	0.464063	8.200993	-0.004405	0.042774	0.008857	-0.104033	0.793319	0.599852	-0.982525	-0.175574	0.061800	0.154346	-0.582940	0.797720
42397	6.138508	0.447015	8.158465	-0.007798	0.051805	0.008008	-0.104146	0.793587	0.599477	-0.982537	-0.175545	0.061692	0.154193	-0.582583	0.798011
42398	5.878085	0.384666	8.301080	-0.002640	0.053731	0.006776	-0.104302	0.793861	0.599087	-0.982533	-0.175590	0.061617	0.154109	-0.582196	0.798309
42399	5.724726	0.431843	8.385085	0.008384	0.015068	-0.002821	-0.104252	0.793935	0.598998	-0.982532	-0.175569	0.061702	0.154153	-0.582102	0.798370
42400	5.897822	0.514658	8.401675	0.012461	-0.013039	-0.003707	-0.104201	0.793839	0.599134	-0.982516	-0.175617	0.061811	0.154286	-0.582218	0.798259
42401	6.101113	0.436856	8.227721	0.014297	-0.021668	-0.003842	-0.104084	0.793701	0.599338	-0.982506	-0.175623	0.061950	0.154427	-0.582405	0.798096
42402	6.094857	0.537490	8.213165	0.009644	-0.017052	-0.002062	-0.104044	0.793578	0.599507	-0.982493	-0.175669	0.062025	0.154536	-0.582558	0.797963
42403	6.104174	0.439025	8.225335	0.011996	-0.019151	-0.001646	-0.103952	0.793451	0.599692	-0.982485	-0.175678	0.062133	0.154652	-0.582729	0.797816
42404	6.175410	0.481803	8.183573	0.007173	-0.008908	0.001750	-0.103961	0.793369	0.599798	-0.982472	-0.175738	0.062166	0.154728	-0.582822	0.797733
42405	6.155204	0.435185	8.201207	0.008494	-0.004087	0.001734	-0.103926	0.793324	0.599864	-0.982466	-0.175754	0.062225	0.154793	-0.582879	0.797678
42406	6.111933	0.468761	8.204281	0.008265	0.001128	0.000735	-0.103936	0.793304	0.599889	-0.982453	-0.175808	0.062273	0.154867	-0.582890	0.797656
42407	6.128874	0.456996	8.192335	0.002700	0.006623	-0.002148	-0.103880	0.793327	0.599868	-0.982459	-0.175760	0.062309	0.154864	-0.582873	0.797669
42408	6.122103	0.429605	8.212533	0.007061	0.013679	0.001916	-0.103930	0.793376	0.599795	-0.982445	-0.175827	0.062340	0.154919	-0.582786	0.797722
42409	6.118033	0.466200	8.172648	0.005567	0.014486	0.003547	-0.103942	0.793435	0.599714	-0.982441	-0.175840	0.062365	0.154936	-0.582702	0.797780
42410	6.095935	0.419127	8.191725	0.000861	0.018688	0.002711	-0.104005	0.793512	0.599601	-0.982437	-0.175874	0.062342	0.154923	-0.582586	0.797867
42411	6.113760	0.375348	8.167321	0.003443	0.027922	0.000063	-0.104003	0.793656	0.599411	-0.982440	-0.175847	0.062370	0.154905	-0.582399	0.798008
42412	6.090515	0.328537	8.187229	0.004759	0.032749	0.000045	-0.104063	0.793819	0.599185	-0.982432	-0.175884	0.062394	0.154916	-0.582165	0.798176
42413	6.072784	0.309733	8.187847	0.005160	0.038458	-0.004637	-0.104031	0.794032	0.598908	-0.982437	-0.175829	0.062464	0.154904	-0.581891	0.798378
42414	6.039223	0.385127	8.317349	0.005039	0.041074	-0.005139	-0.104052	0.794253	0.598611	-0.982434	-0.175826	0.062521	0.154909	-0.581590	0.798596
42415	5.991724	0.637502	8.297466	0.011870	0.036559	-0.009610	-0.103969	0.794464	0.598346	-0.982434	-0.175771	0.062675	0.154965	-0.581319	0.798783
42416	5.939084	0.648339	8.267756	0.004685	0.032356	-0.002575	-0.103997	0.794631	0.598119	-0.982430	-0.175780	0.062714	0.154971	-0.581088	0.798950
42417	6.041023	0.575443	8.196392	0.006196	0.011552	-0.004860	-0.103922	0.794688	0.598057	-0.982434	-0.175730	0.062794	0.154998	-0.581025	0.798990
42418	6.134893	0.506689	8.158025	0.011805	0.023032	-0.003426	-0.103931	0.794801	0.597904	-0.982419	-0.175778	0.062894	0.155087	-0.580856	0.799096
42419	6.029792	0.363296	8.257488	0.013807	0.028765	-0.004510	-0.103886	0.794957	0.597705	-0.982410	-0.175775	0.063033	0.155170	-0.580643	0.799235
42420	6.123023	0.604243	8.202046	0.013178	0.024842	-0.005558	-0.103877	0.795085	0.597536	-0.982395	-0.175813	0.063157	0.155270	-0.580456	0.799351
42421	6.056094	0.490946	8.325877	0.009311	0.031195	0.000373	-0.103883	0.795247	0.597320	-0.982389	-0.175823	0.063231	0.155307	-0.580232	0.799506
42422	6.062990	0.583456	8.247549	0.008802	0.024659	-0.000173	-0.103927	0.795364	0.597157	-0.982375	-0.175879	0.063288	0.155364	-0.580055	0.799624
42423	6.052461	0.587521	8.282238	0.002241	0.024378	0.007906	-0.103997	0.795472	0.597000	-0.982372	-0.175908	0.063260	0.155338	-0.579897	0.799743
42424	6.109994	0.455223	8.206633	-0.005279	0.024562	0.008704	-0.104127	0.795573	0.596842	-0.982371	-0.175952	0.063151	0.155257	-0.579745	0.799869
42425	6.129970	0.374516	8.223688	0.003127	0.040079	0.008490	-0.104227	0.795772	0.596560	-0.982366	-0.175990	0.063127	0.155223	-0.579461	0.800082
42426	6.089377	0.430532	8.263980	0.002097	0.043578	0.003319	-0.104333	0.795993	0.596247	-0.982359	-0.176033	0.063109	0.155194	-0.579144	0.800317
42427	6.094177	0.426411	8.233552	-0.002571	0.048209	0.005080	-0.104412	0.796244	0.595897	-0.982366	-0.176012	0.063060	0.155096	-0.578805	0.800581
42428	6.049240	0.422866	8.280350	0.001657	0.054465	0.003918	-0.104545	0.796525	0.595498	-0.982359	-0.176061	0.063034	0.155053	-0.578403	0.800880
42429	6.046076	0.509059	8.345541	-0.001899	0.049132	0.004010	-0.104614	0.796784	0.595140	-0.982366	-0.176035	0.062997	0.154960	-0.578055	0.801149
42430	6.214052	0.499734	8.358411	0.006348	0.050278	0.004768	-0.104750	0.797039	0.594774	-0.982350	-0.176120	0.063004	0.154968	-0.577677	0.801420
42431	6.136262	0.503531	8.252646	0.008097	0.061261	0.002675	-0.104826	0.797369	0.594318	-0.982343	-0.176140	0.063054	0.154961	-0.577215	0.801754
42432	6.170076	0.420929	8.151451	0.008549	0.084430	-0.000877	-0.104953	0.797832	0.593674	-0.982331	-0.176186	0.063113	0.154951	-0.576561	0.802227
42433	6.020198	0.456104	8.313148	0.011822	0.095046	-0.001987	-0.105035	0.798365	0.592943	-0.982324	-0.176191	0.063221	0.154944	-0.575821	0.802759
42434	5.981319	0.550059	8.227899	0.008172	0.092765	0.000205	-0.105188	0.798872	0.592232	-0.982311	-0.176246	0.063270	0.154923	-0.575100	0.803280
42435	5.967865	0.522622	8.252748	0.002532	0.084731	0.003479	-0.105308	0.799335	0.591586	-0.982312	-0.176241	0.063271	0.154836	-0.574459	0.803755
42436	5.973145	0.573275	8.273022	-0.002617	0.083251	0.007291	-0.105517	0.799774	0.590956	-0.982308	-0.176291	0.063191	0.154719	-0.573832	0.804225
42437	5.919362	0.541476	8.340777	-0.005323	0.076622	0.009429	-0.105682	0.800178	0.590378	-0.982314	-0.176289	0.063094	0.154563	-0.573269	0.804657
42438	5.995299	0.541986	8.312721	-0.013954	0.066320	0.008605	-0.105876	0.800517	0.589883	-0.982327	-0.176283	0.062915	0.154351	-0.572797	0.805034
42439	5.944050	0.604803	8.332728	-0.012836	0.060213	0.014283	-0.106064	0.800818	0.589441	-0.982340	-0.176277	0.062729	0.154139	-0.572378	0.805372
42440	5.853953	0.541246	8.374347	-0.018424	0.052569	0.020166	-0.106349	0.801058	0.589063	-0.982347	-0.176336	0.062445	0.153896	-0.572024	0.805671
42441	5.925964	0.512305	8.364411	-0.021441	0.037145	0.024884	-0.106605	0.801208	0.588813	-0.982362	-0.176366	0.062127	0.153623	-0.571804	0.805878
42442	5.818593	0.500991	8.321146	-0.021716	0.024919	0.022740	-0.106873	0.801285	0.588659	-0.982371	-0.176428	0.061802	0.153377	-0.571677	0.806015
42443	5.693181	0.401955	8.389956	-0.018779	0.009274	0.023092	-0.107068	0.801279	0.588632	-0.982384	-0.176458	0.061516	0.153160	-0.571677	0.806057
42444	5.692369	0.299324	8.490457	-0.010398	-0.030640	0.017404	-0.107198	0.801048	0.588923	-0.982381	-0.176542	0.061315	0.153086	-0.571974	0.805860
42445	5.860981	0.396594	8.377209	-0.010399	-0.047696	0.018881	-0.107265	0.800723	0.589352	-0.982386	-0.176587	0.061121	0.153013	-0.572415	0.805561
42446	5.833157	0.387411	8.384392	-0.019215	-0.056216	0.012315	-0.107308	0.800354	0.589846	-0.982401	-0.176582	0.060878	0.152880	-0.572933	0.805218
42447	5.863678	0.491710	8.356843	-0.017519	-0.079727	0.010559	-0.107244	0.799860	0.590527	-0.982425	-0.176519	0.060676	0.152771	-0.573642	0.804733
42448	5.828452	0.608690	8.416720	-0.026051	-0.092628	0.010226	-0.107213	0.799285	0.591312	-0.982454	-0.176459	0.060390	0.152611	-0.574462	0.804179
42449	5.688811	0.616500	8.531518	-0.035890	-0.126972	0.013982	-0.107111	0.798511	0.592374	-0.982502	-0.176316	0.060020	0.152372	-0.575580	0.803424
42450	5.704914	0.671898	8.517689	-0.036708	-0.161853	0.017945	-0.107048	0.797522	0.593717	-0.982539	-0.176254	0.059603	0.152179	-0.576969	0.802464
42451	5.724411	0.499139	8.635369	-0.042612	-0.204637	0.018865	-0.106877	0.796287	0.595402	-0.982592	-0.176110	0.059150	0.151957	-0.578715	0.801247
42452	5.746017	0.463243	8.609176	-0.041021	-0.237818	0.005455	-0.106574	0.794875	0.597341	-0.982649	-0.175918	0.058774	0.151801	-0.580712	0.799831
42453	5.944414	0.386090	8.576877	-0.052490	-0.260506	0.002484	-0.106158	0.793336	0.599457	-0.982734	-0.175585	0.058341	0.151540	-0.582913	0.798278
42454	4.970643	1.390243	10.093482	-0.169372	-0.309732	-0.087768	-0.104834	0.791655	0.601907	-0.983082	-0.173903	0.057503	0.150196	-0.585696	0.796493
42455	3.420668	1.213164	9.375990	0.042221	-0.486252	0.065324	-0.104698	0.788665	0.605843	-0.982959	-0.174620	0.057446	0.151098	-0.589504	0.793507
42456	4.588567	-0.183199	10.039934	-0.014174	-0.921989	0.097270	-0.104267	0.783001	0.613219	-0.982878	-0.175309	0.056726	0.151919	-0.596804	0.787874
42457	4.878904	1.033792	9.438927	0.098571	-1.059726	0.145423	-0.104030	0.776358	0.621648	-0.982584	-0.176988	0.056604	0.153969	-0.604933	0.781249
42458	4.664465	0.585186	10.489559	0.152513	-1.501819	0.268829	-0.104344	0.766684	0.633488	-0.982066	-0.180001	0.056088	0.157030	-0.616275	0.771717
42459	5.136780	-0.154340	10.161602	0.337422	-1.916719	0.503175	-0.106176	0.753797	0.648473	-0.981006	-0.185882	0.055450	0.162337	-0.630269	0.759215
42460	6.172036	2.381388	10.598186	0.714619	-2.257935	0.775471	-0.110011	0.737886	0.665900	-0.978973	-0.196233	0.055713	0.171781	-0.645769	0.743958
42461	5.999204	2.370598	9.034856	0.743615	-2.372021	0.937353	-0.114938	0.720464	0.683901	-0.976614	-0.207882	0.054864	0.181698	-0.661602	0.727509
42462	7.791088	5.056037	10.644127	0.833276	-2.406460	0.983444	-0.120022	0.702232	0.701759	-0.973900	-0.220452	0.054035	0.192649	-0.676957	0.710363
42463	9.453939	9.180105	14.548903	0.193908	-1.855514	1.058520	-0.126662	0.687154	0.715386	-0.972227	-0.229084	0.047907	0.196803	-0.689449	0.697086
42464	11.047177	4.586478	15.704279	0.138061	-1.010473	0.729266	-0.131737	0.678445	0.722743	-0.971012	-0.235017	0.043623	0.199453	-0.696046	0.689738
42465	3.454497	2.162809	14.099867	0.303589	-0.362087	0.458613	-0.135412	0.674810	0.725462	-0.969799	-0.240190	0.042401	0.202862	-0.697811	0.686955
42466	-0.255137	2.909888	12.423683	0.640575	-0.106331	0.314953	-0.138234	0.673290	0.726342	-0.968049	-0.246777	0.044518	0.209218	-0.696980	0.685891
42467	-0.999761	3.922673	12.037436	0.711007	0.001007	0.353681	-0.141609	0.672390	0.726525	-0.966054	-0.254060	0.046834	0.216072	-0.695230	0.685542
42468	-0.103384	3.583970	12.782319	0.624831	0.258627	0.408641	-0.146093	0.673134	0.724947	-0.964104	-0.261119	0.048168	0.221721	-0.691887	0.687119
42469	0.206374	2.764982	13.174951	0.597976	0.644657	0.386206	-0.151210	0.676533	0.720721	-0.962202	-0.267800	0.049507	0.226502	-0.685993	0.691456
42470	-0.125868	2.304126	12.920686	0.654313	1.057571	0.314856	-0.156636	0.682895	0.713526	-0.960224	-0.274383	0.051811	0.231160	-0.677029	0.698710
42471	-0.444576	2.209665	12.214107	0.711375	1.431644	0.240938	-0.162241	0.691816	0.703611	-0.958192	-0.280767	0.055117	0.235682	-0.665252	0.708444
42472	-0.307897	2.046552	11.604249	0.736636	1.738021	0.161621	-0.167918	0.702803	0.691282	-0.956171	-0.286748	0.059265	0.239875	-0.651032	0.720151
42473	0.201094	1.690448	11.059454	0.757295	2.007568	0.083689	-0.173523	0.715450	0.676773	-0.954211	-0.292164	0.064203	0.243663	-0.634643	0.733387
42474	0.839065	1.372608	10.610872	0.781549	2.222532	-0.014292	-0.178837	0.729408	0.660289	-0.952317	-0.296948	0.070101	0.247203	-0.616268	0.747733
42475	1.599666	1.169415	10.216725	0.797516	2.390437	-0.138574	-0.183418	0.744301	0.642164	-0.950598	-0.300716	0.077031	0.250444	-0.596311	0.762687
42476	2.048263	1.146020	9.617941	0.793554	2.489941	-0.280881	-0.187070	0.759731	0.622747	-0.949099	-0.303314	0.084928	0.253410	-0.575161	0.777800
42477	2.752535	1.305712	9.131329	0.760174	2.468433	-0.440994	-0.189125	0.774994	0.603006	-0.948006	-0.304176	0.093601	0.255960	-0.553951	0.792226
42478	4.341026	2.010787	9.249438	0.667471	2.395909	-0.617966	-0.189470	0.789894	0.583240	-0.947443	-0.303024	0.102607	0.257784	-0.533146	0.805794
42479	5.955732	2.663753	9.489270	0.456430	2.377789	-0.784803	-0.188112	0.804682	0.563117	-0.947763	-0.299108	0.110813	0.257602	-0.512856	0.818914
42480	6.274043	2.611257	9.275002	0.204649	2.367942	-0.955785	-0.185202	0.819407	0.542468	-0.948993	-0.292470	0.117789	0.255172	-0.492983	0.831778
42481	6.100981	2.458289	8.726465	0.007934	2.262385	-1.115616	-0.180282	0.833551	0.522198	-0.951026	-0.283242	0.123792	0.251095	-0.474306	0.843792
42482	6.405871	2.303534	8.372030	-0.141913	2.074259	-1.280264	-0.173371	0.846744	0.502958	-0.953602	-0.271963	0.129147	0.246140	-0.457231	0.854608
42483	7.397339	2.164197	8.073468	-0.231890	1.833231	-1.449043	-0.163946	0.858824	0.485328	-0.956624	-0.258516	0.134310	0.240814	-0.442257	0.863954
42484	8.881600	1.902471	7.648916	-0.304792	1.608219	-1.609398	-0.152318	0.869893	0.469132	-0.959906	-0.243231	0.139352	0.235329	-0.429097	0.872064
42485	10.570013	0.710741	7.002469	-0.354271	1.428515	-1.743136	-0.138829	0.880024	0.454185	-0.963280	-0.226433	0.144291	0.229822	-0.417475	0.879145
42486	11.945040	-1.038367	6.187572	-0.292962	1.276157	-1.829720	-0.124044	0.889288	0.440204	-0.966362	-0.208992	0.149892	0.225296	-0.406804	0.885298
42487	12.831025	-2.157701	5.371819	-0.158801	1.163811	-1.805581	-0.109129	0.897576	0.427139	-0.968833	-0.192175	0.156305	0.222381	-0.396769	0.890573
42488	11.665575	0.347557	4.504299	-0.281177	0.736442	-1.560484	-0.095582	0.903371	0.418074	-0.971060	-0.176969	0.160386	0.218874	-0.390645	0.894142
42489	12.879979	-2.822879	-0.109781	-0.653714	0.423167	-1.089419	-0.085854	0.906868	0.412578	-0.973467	-0.164517	0.159048	0.212112	-0.387976	0.896930
42490	15.770055	-3.981687	-0.440065	-1.125170	0.159643	-0.608978	-0.080209	0.908468	0.410186	-0.976306	-0.154575	0.151439	0.200982	-0.388320	0.899341
42491	14.774319	-4.519563	-0.658229	-1.156070	-0.021871	-0.231019	-0.077861	0.908721	0.410078	-0.978755	-0.147929	0.141971	0.189675	-0.390312	0.900933
42492	13.318234	-5.256822	-1.815131	-1.152046	-0.323853	0.111236	-0.078317	0.907289	0.413150	-0.980798	-0.144369	0.131118	0.178608	-0.394948	0.901174
42493	11.418865	-5.576507	-2.963125	-0.972279	-0.815318	0.353812	-0.080324	0.903511	0.420970	-0.982219	-0.143643	0.120883	0.169688	-0.403775	0.898984
42494	9.266407	-6.026245	-3.190979	-0.717729	-1.425295	0.614900	-0.083952	0.896762	0.434476	-0.982920	-0.146184	0.111799	0.163771	-0.417669	0.893718
42495	3.209985	1.215405	6.045110	-0.487744	-1.545305	0.801906	-0.089285	0.888990	0.449138	-0.983023	-0.151224	0.103905	0.160292	-0.432236	0.887400
42496	7.564395	0.266696	14.366657	-0.809646	-1.487722	1.101080	-0.097739	0.880747	0.463393	-0.983274	-0.157363	0.091700	0.153685	-0.446679	0.881396
42497	9.789612	-2.548746	15.334445	-0.216112	-1.140965	0.673704	-0.102569	0.874500	0.474056	-0.982939	-0.162252	0.086637	0.152681	-0.457082	0.876222
42498	5.780016	1.203808	10.230233	0.034693	-1.004392	0.148955	-0.102458	0.869615	0.482982	-0.982742	-0.163664	0.086205	0.154012	-0.465814	0.871377
42499	3.731523	3.475141	6.003504	-0.002941	-1.067896	-0.055167	-0.100220	0.864667	0.492247	-0.982811	-0.163125	0.086444	0.155043	-0.475122	0.866153
42500	6.217519	3.419462	7.239781	-0.117713	-1.129979	0.002782	-0.098460	0.859230	0.502026	-0.983000	-0.162537	0.085394	0.154971	-0.485084	0.860626
42501	10.265618	1.598703	11.050304	-0.062152	-1.045260	-0.009792	-0.096697	0.854112	0.511021	-0.983114	-0.162102	0.084907	0.155357	-0.494182	0.855365
42502	9.469592	-1.853290	10.336185	-0.105695	-0.679413	-0.062513	-0.094992	0.850826	0.516790	-0.983347	-0.160996	0.084309	0.154933	-0.500176	0.851951
42503	5.454391	-3.816849	9.084268	-0.057112	-0.654514	0.110022	-0.095014	0.847340	0.522482	-0.983339	-0.161596	0.083249	0.154971	-0.505868	0.848576
42504	4.627700	-6.323101	10.183051	0.202664	-0.850618	0.140958	-0.095035	0.842767	0.529822	-0.982898	-0.163772	0.084202	0.157733	-0.512759	0.843918
42505	7.615012	-1.927198	10.563060	0.430528	-1.072217	0.005917	-0.093328	0.837198	0.538877	-0.982210	-0.166000	0.087788	0.162950	-0.521098	0.837797
42506	10.533250	4.078534	9.575688	0.338272	-0.885506	-0.054273	-0.091302	0.832632	0.546248	-0.981713	-0.167273	0.090884	0.167046	-0.527961	0.832678
42507	9.244338	5.870019	8.035258	0.073367	-0.491368	-0.043828	-0.090002	0.830085	0.550326	-0.981638	-0.167251	0.091733	0.168188	-0.531965	0.829895
42508	6.205375	3.517518	8.383815	-0.102245	-0.274452	-0.004866	-0.089518	0.828601	0.552636	-0.981812	-0.166687	0.090888	0.167427	-0.534448	0.828452
42509	5.641040	0.217070	8.902226	-0.168871	-0.295409	0.059874	-0.089567	0.826902	0.555168	-0.982048	-0.166231	0.089157	0.166010	-0.537216	0.826946
42510	5.750127	0.291480	8.915265	-0.116365	-0.369561	0.062334	-0.089593	0.824778	0.558314	-0.982183	-0.166143	0.087826	0.165197	-0.540498	0.824968
42511	5.881895	1.610811	8.136823	-0.141031	-0.351297	0.093773	-0.089889	0.822700	0.561324	-0.982339	-0.166103	0.086138	0.164104	-0.543667	0.823101
42512	5.499272	1.616767	8.117598	-0.222407	-0.319704	0.158530	-0.090942	0.820667	0.564124	-0.982558	-0.166208	0.083396	0.162202	-0.546700	0.821468
42513	5.383752	0.381217	8.481141	-0.259373	-0.334159	0.183614	-0.092163	0.818511	0.567050	-0.982816	-0.166244	0.080228	0.159936	-0.549911	0.819767
42514	5.660651	-0.426328	8.631233	-0.237501	-0.359245	0.188270	-0.093466	0.816187	0.570178	-0.983016	-0.166495	0.077191	0.157934	-0.553279	0.817887
42515	6.015064	-0.827528	8.732584	-0.175146	-0.343641	0.136513	-0.094222	0.814035	0.573122	-0.983171	-0.166589	0.074980	0.156512	-0.556413	0.816032
42516	6.770901	-0.094493	8.939781	-0.083931	-0.373706	0.073673	-0.094384	0.811798	0.576260	-0.983232	-0.166739	0.073850	0.156036	-0.559627	0.813923
42517	9.067803	0.857476	7.831891	-0.326214	-0.178336	0.159239	-0.095629	0.810515	0.577859	-0.983592	-0.166154	0.070278	0.152975	-0.561657	0.813105
42518	5.309790	-0.363255	9.690143	-0.085622	0.078898	0.043001	-0.096195	0.810856	0.577286	-0.983680	-0.166043	0.069310	0.152055	-0.561198	0.813595
42519	6.418714	-0.218259	8.093811	-0.090226	-0.052581	0.019766	-0.096264	0.810509	0.577761	-0.983806	-0.165649	0.068462	0.151195	-0.561814	0.813330
42520	5.727905	1.418459	8.445791	-0.091642	-0.054371	0.021873	-0.096418	0.810137	0.578257	-0.983921	-0.165329	0.067567	0.150341	-0.562445	0.813052
42521	6.414845	0.950070	8.222648	-0.109295	-0.003632	0.032388	-0.096686	0.810045	0.578342	-0.984062	-0.164929	0.066491	0.149246	-0.562695	0.813080
42522	5.823842	0.485964	8.610355	-0.098898	-0.012146	0.044124	-0.097127	0.809873	0.578509	-0.984164	-0.164752	0.065409	0.148284	-0.562995	0.813049
42523	5.742215	0.919290	8.481932	-0.078368	-0.045202	0.041910	-0.097427	0.809531	0.578937	-0.984247	-0.164603	0.064530	0.147533	-0.563530	0.812815
42524	5.937629	0.302143	8.834958	-0.079631	-0.064569	0.042877	-0.097780	0.809065	0.579529	-0.984320	-0.164524	0.063611	0.146812	-0.564222	0.812465
42525	5.693036	0.311646	8.431976	-0.026313	-0.111554	0.018845	-0.097756	0.808385	0.580480	-0.984348	-0.164481	0.063288	0.146639	-0.565208	0.811811
42526	5.995193	0.611678	8.403264	-0.019232	-0.103344	0.019227	-0.097819	0.807738	0.581370	-0.984355	-0.164550	0.062997	0.146550	-0.566112	0.811197
42527	6.050916	0.544429	8.381150	-0.027385	-0.107087	0.018871	-0.097802	0.807081	0.582284	-0.984384	-0.164500	0.062666	0.146362	-0.567062	0.810567
42528	6.007995	0.496256	8.293626	-0.019003	-0.093615	0.021865	-0.097907	0.806482	0.583096	-0.984388	-0.164593	0.062361	0.146267	-0.567887	0.810007
42529	6.211906	0.506038	8.215753	-0.019719	-0.079995	0.021960	-0.097961	0.805973	0.583791	-0.984403	-0.164611	0.062074	0.146128	-0.568605	0.809528
42530	6.282786	0.436651	8.075475	-0.013321	-0.039914	0.028848	-0.098210	0.805668	0.584170	-0.984393	-0.164788	0.061775	0.146034	-0.568986	0.809277
42531	6.073053	0.082811	8.270129	-0.008952	0.007241	0.025385	-0.098425	0.805648	0.584161	-0.984389	-0.164894	0.061555	0.145916	-0.568983	0.809300
42532	6.006401	0.285023	8.265983	0.000827	0.002933	0.012025	-0.098575	0.805613	0.584184	-0.984373	-0.165022	0.061468	0.145922	-0.568996	0.809290
42533	6.098826	0.338073	8.251240	0.000830	0.031521	0.007510	-0.098650	0.805761	0.583967	-0.984372	-0.165039	0.061432	0.145877	-0.568781	0.809449
42534	6.027923	0.127082	8.420143	0.008541	0.053058	-0.007192	-0.098674	0.806045	0.583571	-0.984366	-0.165044	0.061520	0.145903	-0.568377	0.809728
42535	5.956253	0.555573	8.340242	0.012094	0.054611	-0.014598	-0.098565	0.806360	0.583153	-0.984370	-0.164948	0.061704	0.145945	-0.567957	0.810015
42536	5.801647	0.480325	8.399975	0.007660	0.054400	-0.009261	-0.098581	0.806652	0.582747	-0.984366	-0.164942	0.061796	0.145967	-0.567544	0.810301
42537	5.624538	0.661693	8.514699	0.001719	0.035826	-0.013936	-0.098450	0.806860	0.582481	-0.984385	-0.164792	0.061891	0.145926	-0.567292	0.810484
42538	5.570987	0.880437	8.567001	-0.000884	-0.013595	-0.003724	-0.098419	0.806758	0.582628	-0.984387	-0.164779	0.061882	0.145929	-0.567442	0.810379
42539	5.963858	0.668704	8.355398	-0.008503	-0.038586	0.006246	-0.098379	0.806510	0.582978	-0.984401	-0.164734	0.061777	0.145860	-0.567807	0.810136
42540	5.884688	0.573986	8.376355	-0.004675	-0.037655	0.012427	-0.098472	0.806244	0.583330	-0.984394	-0.164830	0.061644	0.145850	-0.568156	0.809893
42541	5.953299	0.678314	8.362329	-0.008449	-0.051861	0.015044	-0.098499	0.805906	0.583793	-0.984399	-0.164856	0.061488	0.145795	-0.568628	0.809571
42542	6.129547	0.491013	8.301580	-0.013392	-0.040722	0.023609	-0.098702	0.805603	0.584176	-0.984392	-0.164999	0.061218	0.145706	-0.569016	0.809315
42543	6.023060	0.410643	8.367827	-0.015097	-0.023585	0.018537	-0.098805	0.805419	0.584412	-0.984404	-0.165015	0.060988	0.145558	-0.569271	0.809162
42544	5.985100	0.591340	8.371459	-0.016509	-0.025815	0.018035	-0.098971	0.805211	0.584671	-0.984407	-0.165090	0.060726	0.145421	-0.569544	0.808995
42545	6.096119	0.489611	8.231422	-0.016438	-0.010509	0.022321	-0.099130	0.805095	0.584803	-0.984417	-0.165129	0.060463	0.145247	-0.569696	0.808919
42546	6.019447	0.416202	8.289652	-0.017912	0.005197	0.025606	-0.099413	0.805052	0.584815	-0.984415	-0.165254	0.060145	0.145063	-0.569722	0.808934
42547	5.980529	0.201058	8.248325	-0.014269	0.007948	0.026051	-0.099636	0.805035	0.584800	-0.984418	-0.165335	0.059878	0.144892	-0.569721	0.808965
42548	5.989042	-0.204674	8.223632	-0.001779	0.025226	0.012252	-0.099818	0.805128	0.584642	-0.984406	-0.165446	0.059769	0.144848	-0.569559	0.809087
42549	5.961658	0.089364	8.240861	0.016217	0.035328	-0.009060	-0.099735	0.805325	0.584384	-0.984400	-0.165417	0.059954	0.144950	-0.569288	0.809259
42550	5.980182	0.097286	8.321166	0.014381	0.055105	-0.014628	-0.099693	0.805632	0.583968	-0.984392	-0.165400	0.060132	0.145032	-0.568858	0.809547
42551	5.972654	0.313627	8.355186	0.020091	0.070059	-0.033500	-0.099419	0.806067	0.583414	-0.984404	-0.165197	0.060491	0.145138	-0.568301	0.809919
42552	5.710270	0.713694	8.478455	0.025106	0.060564	-0.031606	-0.099227	0.806431	0.582944	-0.984395	-0.165114	0.060853	0.145326	-0.567809	0.810231
42553	5.750587	0.780443	8.432828	0.017822	0.040973	-0.028941	-0.098956	0.806692	0.582628	-0.984406	-0.164934	0.061167	0.145438	-0.567489	0.810434
42554	5.791289	0.659829	8.423998	0.018259	0.018960	-0.023865	-0.098776	0.806808	0.582498	-0.984400	-0.164870	0.061430	0.145599	-0.567344	0.810507
42555	5.825500	0.638279	8.401048	0.013805	0.003823	-0.020190	-0.098538	0.806844	0.582488	-0.984408	-0.164738	0.061660	0.145708	-0.567330	0.810497
42556	5.940318	0.650181	8.359682	0.007973	-0.013150	-0.014398	-0.098405	0.806762	0.582625	-0.984408	-0.164693	0.061784	0.145799	-0.567461	0.810389
42557	5.826473	0.641450	8.400132	0.006924	-0.004939	-0.007001	-0.098284	0.806727	0.582694	-0.984413	-0.164629	0.061882	0.145850	-0.567530	0.810332
42558	5.658834	0.795909	8.442697	0.005686	-0.038431	-0.002469	-0.098231	0.806481	0.583043	-0.984404	-0.164666	0.061918	0.145943	-0.567867	0.810079
42559	5.885924	0.473741	8.447841	-0.006596	-0.048117	0.000916	-0.098124	0.806188	0.583467	-0.984421	-0.164588	0.061860	0.145903	-0.568307	0.809778
42560	6.037894	0.405251	8.331142	0.008970	-0.060206	-0.006356	-0.097996	0.805826	0.583988	-0.984412	-0.164607	0.061946	0.146046	-0.568814	0.809396
42561	6.048971	0.529943	8.262778	0.007644	-0.032214	-0.000921	-0.097895	0.805625	0.584281	-0.984410	-0.164596	0.062014	0.146130	-0.569101	0.809178
42562	6.092966	0.443792	8.209678	0.012891	-0.033703	-0.006820	-0.097807	0.805413	0.584588	-0.984395	-0.164641	0.062134	0.146291	-0.569388	0.808947
42563	6.018341	0.470786	8.220703	0.017951	0.000288	-0.007788	-0.097686	0.805409	0.584615	-0.984384	-0.164633	0.062326	0.146445	-0.569397	0.808914
42564	5.865014	0.422943	8.345145	0.024481	-0.010426	-0.010116	-0.097593	0.805336	0.584730	-0.984356	-0.164710	0.062559	0.146692	-0.569477	0.808812
42565	5.821705	0.458326	8.346997	0.023884	-0.000285	-0.014747	-0.097402	0.805340	0.584757	-0.984343	-0.164679	0.062840	0.146905	-0.569480	0.808771
42566	5.419491	0.435190	8.579176	0.034876	-0.024455	-0.016225	-0.097231	0.805197	0.584982	-0.984306	-0.164769	0.063193	0.147269	-0.569657	0.808581
42567	5.483764	0.380846	8.724733	0.043512	-0.098477	-0.035190	-0.096694	0.804675	0.585789	-0.984284	-0.164686	0.063751	0.147770	-0.570418	0.807953
42568	5.738936	0.526564	8.536004	0.041159	-0.142798	-0.034875	-0.096162	0.803887	0.586956	-0.984254	-0.164661	0.064265	0.148310	-0.571535	0.807064
42569	5.707985	0.741222	8.599515	0.030504	-0.169484	-0.026393	-0.095606	0.802942	0.588340	-0.984242	-0.164576	0.064667	0.148750	-0.572886	0.806024
42570	5.806560	0.837491	8.564362	0.003629	-0.217353	-0.012341	-0.095187	0.801685	0.590119	-0.984246	-0.164521	0.064745	0.148992	-0.574660	0.804716
42571	5.846379	0.697934	8.571773	-0.018314	-0.246483	-0.003557	-0.094739	0.800253	0.592132	-0.984285	-0.164340	0.064620	0.149023	-0.576704	0.803246
42572	6.055577	0.712064	8.515098	-0.036717	-0.273179	0.003040	-0.094387	0.798639	0.594362	-0.984334	-0.164175	0.064284	0.148919	-0.578983	0.801624
42573	5.944163	0.831528	8.575907	-0.073716	-0.258967	0.007900	-0.094035	0.797105	0.596474	-0.984444	-0.163763	0.063648	0.148414	-0.581211	0.800105
42574	5.830393	0.701456	8.681286	-0.091049	-0.284445	0.032257	-0.093955	0.795365	0.598804	-0.984547	-0.163511	0.062705	0.147784	-0.583659	0.798437
42575	5.439448	1.075475	8.908721	-0.113494	-0.335166	0.052368	-0.093932	0.793299	0.601543	-0.984672	-0.163216	0.061487	0.146959	-0.586547	0.796471
42576	5.558407	0.727235	8.804250	-0.162751	-0.397050	0.049211	-0.093855	0.790855	0.604765	-0.984863	-0.162664	0.059874	0.145725	-0.589991	0.794150
42577	4.243514	1.299163	9.884478	-0.234391	-0.460921	0.014897	-0.093289	0.788082	0.608460	-0.985196	-0.161347	0.057928	0.143825	-0.594049	0.791467
42578	2.498599	1.212011	10.673859	0.033520	-0.916380	0.213985	-0.094102	0.782228	0.615845	-0.984944	-0.163255	0.056861	0.145018	-0.601222	0.785813
42579	4.876114	1.068606	9.204567	0.043902	-1.261002	0.233110	-0.094513	0.774181	0.625868	-0.984668	-0.165288	0.055760	0.146616	-0.611002	0.777933
42580	3.943588	1.725959	11.173178	0.028392	-1.713271	0.410274	-0.096047	0.762887	0.639358	-0.984232	-0.168638	0.053364	0.148531	-0.624151	0.767055
42581	4.546877	-0.108204	10.548603	0.038574	-2.103949	0.539407	-0.098159	0.748645	0.655664	-0.983659	-0.172911	0.050169	0.150931	-0.640025	0.753384
42582	4.908593	-0.147253	11.340215	0.171328	-2.625804	0.751804	-0.101549	0.730236	0.675606	-0.982644	-0.179601	0.046424	0.155240	-0.659165	0.735800
42583	5.818078	1.053917	10.393115	0.403800	-2.968898	0.992077	-0.106531	0.708505	0.697619	-0.980979	-0.189395	0.042549	0.162272	-0.679817	0.715204
42584	6.062950	1.611760	9.841004	0.635222	-3.379074	1.246855	-0.113111	0.682686	0.721904	-0.978544	-0.202474	0.038152	0.172212	-0.702100	0.690941
42585	8.258245	1.998280	9.822138	0.989907	-3.716061	1.494950	-0.121008	0.652991	0.747636	-0.975029	-0.219477	0.033880	0.186212	-0.724867	0.663244
42586	8.860007	5.215582	10.427245	1.322295	-3.911427	1.737398	-0.130277	0.620192	0.773557	-0.970266	-0.240269	0.029228	0.203989	-0.746748	0.633053
42587	13.914210	14.356568	12.365400	0.482678	-3.694743	2.021305	-0.142089	0.587166	0.796898	-0.966516	-0.256085	0.016354	0.213676	-0.767891	0.603892
42588	8.866904	11.155813	11.824562	-0.964770	-3.199689	2.318949	-0.157693	0.556248	0.815917	-0.965088	-0.261802	-0.008042	0.209135	-0.788700	0.578113
42589	7.636595	4.947688	14.243035	-1.622967	-2.485360	2.073936	-0.172608	0.530985	0.829615	-0.964975	-0.260088	-0.034305	0.197557	-0.806479	0.557281
42590	11.497392	-0.124691	14.245524	-0.485493	-1.770013	1.024594	-0.178970	0.513947	0.838945	-0.964140	-0.261465	-0.045501	0.195969	-0.817003	0.542311
42591	4.179659	1.533061	12.953770	0.351633	-1.185619	0.400948	-0.180430	0.503146	0.845156	-0.962733	-0.266343	-0.046970	0.201469	-0.822135	0.532451
42592	1.510078	6.235626	11.633866	0.538799	-0.732611	0.118137	-0.180030	0.496805	0.848984	-0.961428	-0.271337	-0.045094	0.207958	-0.824355	0.526491
42593	-0.243162	6.218812	10.805005	0.236526	-0.473276	0.151343	-0.180445	0.492461	0.851423	-0.960672	-0.273995	-0.045121	0.211066	-0.826080	0.522534
42594	-0.620733	2.340348	10.981943	0.073978	-0.162014	0.241347	-0.182381	0.490476	0.852157	-0.960088	-0.275763	-0.046760	0.212059	-0.826673	0.521193
42595	-0.446328	-0.088448	11.444623	0.327331	0.218659	0.252117	-0.185219	0.491555	0.850922	-0.958939	-0.279661	-0.047178	0.214779	-0.824720	0.523170
42596	-0.159180	0.324931	11.542457	0.652464	0.680788	0.257029	-0.189123	0.496450	0.847213	-0.957050	-0.286268	-0.045894	0.219745	-0.819505	0.529267
42597	0.007524	1.223822	11.371384	0.764761	1.156486	0.304171	-0.194554	0.504974	0.840922	-0.954780	-0.293985	-0.044357	0.224820	-0.811526	0.539335
42598	0.413592	0.896737	10.918980	0.746352	1.597192	0.368590	-0.201655	0.516788	0.832025	-0.952367	-0.301861	-0.043330	0.228763	-0.801131	0.553044
42599	1.001429	-0.318549	10.340593	0.802839	1.992656	0.390742	-0.209918	0.531405	0.820697	-0.949726	-0.310247	-0.042035	0.232281	-0.788261	0.569816
42600	1.703716	-1.109863	9.645939	0.966318	2.311182	0.398021	-0.219076	0.548230	0.807124	-0.946617	-0.319913	-0.039641	0.236477	-0.772722	0.589049
42601	2.490798	-0.803041	8.974151	1.132936	2.575457	0.420426	-0.229155	0.566511	0.791551	-0.942983	-0.330866	-0.036195	0.241393	-0.754714	0.610030
42602	3.229403	0.131761	8.426480	1.196747	2.773645	0.437197	-0.240001	0.585740	0.774150	-0.939050	-0.342273	-0.032151	0.246138	-0.734682	0.632185
42603	3.789971	1.036830	8.212047	1.120045	2.906144	0.386613	-0.250779	0.605423	0.755363	-0.935342	-0.352643	-0.027888	0.249489	-0.713517	0.654713
42604	4.523670	0.849604	8.462785	0.984538	2.947675	0.213373	-0.260039	0.625477	0.735635	-0.932391	-0.360727	-0.022880	0.251053	-0.691849	0.676992
42605	5.800844	0.058401	8.510641	0.945469	2.936897	-0.082317	-0.266614	0.645757	0.715483	-0.930246	-0.366598	-0.015770	0.252111	-0.669779	0.698452
42606	6.656534	-0.017798	8.511687	0.960845	2.893878	-0.440072	-0.269740	0.666523	0.694973	-0.929046	-0.369918	-0.005816	0.253206	-0.647231	0.719012
42607	7.423653	0.342569	8.547027	0.904385	2.796252	-0.765948	-0.269669	0.687133	0.674631	-0.928836	-0.370443	0.006026	0.254053	-0.624996	0.738131
42608	8.125746	0.760918	8.493275	0.740424	2.694403	-1.037314	-0.266803	0.707578	0.654331	-0.929770	-0.367677	0.018484	0.253662	-0.603446	0.755982
42609	8.257112	0.776871	8.400238	0.513175	2.570773	-1.249618	-0.261619	0.727377	0.634411	-0.931792	-0.361711	0.030463	0.251632	-0.583170	0.772395
42610	8.125678	0.350144	8.364554	0.302040	2.408509	-1.434436	-0.254240	0.746354	0.615075	-0.934741	-0.352863	0.041805	0.248238	-0.564307	0.787360
42611	8.182604	-0.200434	8.440384	0.171300	2.212212	-1.609472	-0.244566	0.764226	0.596780	-0.938350	-0.341613	0.052920	0.244310	-0.547046	0.800658
42612	8.514718	-0.597907	8.481101	0.111429	2.012235	-1.761809	-0.232897	0.780994	0.579489	-0.942276	-0.328625	0.064197	0.240572	-0.531087	0.812448
42613	8.972774	-0.853812	8.427848	0.090107	1.831682	-1.873070	-0.219537	0.796599	0.563235	-0.946314	-0.314276	0.075636	0.237263	-0.516392	0.822828
42614	9.376927	-1.067862	8.330119	0.085120	1.670627	-1.922980	-0.205313	0.811006	0.547828	-0.950172	-0.299331	0.087030	0.234564	-0.502662	0.832052
42615	9.783435	-1.273219	8.266245	0.067112	1.545686	-1.916265	-0.190628	0.824256	0.533164	-0.953823	-0.283950	0.097947	0.232125	-0.489872	0.840323
42616	9.959682	-1.636436	8.249466	0.050081	1.441373	-1.853267	-0.176364	0.836333	0.519078	-0.957073	-0.268929	0.108117	0.230017	-0.477728	0.847861
42617	10.050331	-1.844742	8.226606	0.038402	1.351016	-1.737454	-0.162757	0.847247	0.505651	-0.959944	-0.254438	0.117343	0.228075	-0.466299	0.854721
42618	10.186499	-1.869315	8.222025	0.011718	1.267469	-1.567251	-0.150734	0.856941	0.492881	-0.962330	-0.241313	0.125254	0.226274	-0.455434	0.861034
42619	10.291444	-1.929054	8.087595	-0.022184	1.205548	-1.366724	-0.140235	0.865575	0.480742	-0.964381	-0.229395	0.131711	0.224286	-0.445148	0.866913
42620	9.127488	0.014079	8.713084	-0.031780	1.078436	-1.143170	-0.131583	0.872911	0.469800	-0.966015	-0.219278	0.136863	0.222486	-0.435825	0.872099
42621	10.243903	-2.731736	4.011711	-0.539295	0.623505	-0.732197	-0.125823	0.877178	0.463387	-0.968152	-0.210485	0.135561	0.216447	-0.431573	0.875726
42622	10.304991	-2.307541	5.997420	-0.498516	0.586858	-0.552472	-0.121696	0.880859	0.457469	-0.969911	-0.203447	0.133721	0.210860	-0.427431	0.879114
42623	11.216387	-4.163424	5.790097	-0.298911	0.537838	-0.427538	-0.118624	0.883995	0.452197	-0.971061	-0.198356	0.133027	0.207291	-0.423330	0.881942
42624	11.771180	-3.626679	6.046894	-0.016460	0.506896	-0.364561	-0.116104	0.886859	0.447215	-0.971533	-0.195017	0.134506	0.206502	-0.418867	0.884255
42625	11.884052	-3.112819	5.751612	0.237851	0.520597	-0.298585	-0.114236	0.889595	0.442233	-0.971394	-0.193308	0.137932	0.208191	-0.413826	0.886230
42626	11.653890	-2.277524	5.313965	0.372320	0.539902	-0.201900	-0.113379	0.892214	0.437150	-0.970855	-0.192997	0.142102	0.211154	-0.408298	0.888092
42627	11.821288	-2.633007	4.648006	0.401825	0.623548	-0.103995	-0.113649	0.894930	0.431490	-0.970128	-0.193649	0.146119	0.214324	-0.401994	0.890205
42628	11.737559	-0.835398	4.089595	0.221118	0.500493	0.028768	-0.114974	0.896880	0.427069	-0.969633	-0.194746	0.147941	0.215856	-0.397091	0.892034
42629	9.966996	-0.898364	3.457395	0.044247	0.447208	0.165873	-0.117500	0.898312	0.423355	-0.969355	-0.196364	0.147623	0.215743	-0.393035	0.893856
42630	9.418309	-1.702059	2.321690	-0.242721	0.246724	0.302954	-0.120934	0.898684	0.421594	-0.969527	-0.198089	0.144145	0.213054	-0.391315	0.895254
42631	8.414708	-2.264230	1.872265	-0.353138	-0.065640	0.381071	-0.124443	0.897659	0.422756	-0.969817	-0.200082	0.139366	0.209689	-0.392653	0.895463
42632	7.838861	-2.460793	1.568754	-0.376428	-0.446468	0.451366	-0.127859	0.894985	0.427380	-0.970044	-0.202595	0.134050	0.206558	-0.397438	0.894079
42633	7.610335	-2.565029	1.586677	-0.313376	-0.848053	0.533738	-0.131246	0.890479	0.435685	-0.970008	-0.206055	0.128942	0.204595	-0.405695	0.890816
42634	7.656201	-2.994193	1.795216	-0.168246	-1.230289	0.629314	-0.134800	0.884102	0.447429	-0.969529	-0.210901	0.124637	0.204555	-0.416994	0.885592
42635	6.175611	-1.375705	3.873398	0.163432	-1.492648	0.692062	-0.138378	0.876289	0.461486	-0.968257	-0.217639	0.122927	0.208157	-0.429827	0.878589
42636	7.524577	2.485970	7.276924	-0.129769	-1.633136	0.721786	-0.141924	0.867552	0.476667	-0.967531	-0.223319	0.118373	0.209143	-0.444390	0.871078
42637	8.331169	1.808221	7.627428	-0.260717	-1.527678	0.757646	-0.146013	0.858934	0.490829	-0.966997	-0.228636	0.112441	0.208801	-0.458212	0.863970
42638	6.281459	2.209957	9.002249	-0.379758	-1.372962	0.786826	-0.150776	0.850715	0.503537	-0.966622	-0.233602	0.105226	0.207145	-0.470865	0.857541
