// General information: 
//  MT Manager version: 2022.2.0 
//  XDA version: 2022.2.0 build 7381 rev 124627 built on 2023-07-19
// Device information: 
//  DeviceId: 00B4CB9F
//  ProductCode: MTW2-3A7G6
//  Firmware Version: 4.6.0
//  Hardware Version: 2.0.0
// Device settings: 
//  Filter Profile: human(46.1)
//  Option Flags: Orientation Smoother Disabled, Position/Velocity Smoother Disabled, Continuous Zero Rotation Update Disabled, AHS Disabled, ICC Disabled
// Coordinate system: ENU
PacketCounter	Acc_X	Acc_Y	Acc_Z	Gyr_X	Gyr_Y	Gyr_Z	Mat[1][1]	Mat[2][1]	Mat[3][1]	Mat[1][2]	Mat[2][2]	Mat[3][2]	Mat[1][3]	Mat[2][3]	Mat[3][3]
04412	9.658587	0.292853	1.783785	-0.003635	-0.006404	-0.006352	-0.172087	-0.053690	0.983617	0.487499	-0.872310	0.037676	0.855997	0.485996	0.176287
04413	9.599651	0.248763	1.749930	0.009728	-0.009123	0.000841	-0.171953	-0.053666	0.983642	0.487610	-0.872249	0.037652	0.855961	0.486108	0.176154
04414	9.644184	0.241020	1.788431	0.030490	-0.006695	0.005424	-0.171799	-0.053690	0.983668	0.487929	-0.872072	0.037619	0.855810	0.486423	0.176018
04415	9.640091	0.355866	1.876007	0.030203	-0.000797	-0.002431	-0.171747	-0.053688	0.983677	0.488241	-0.871896	0.037658	0.855642	0.486739	0.175958
04416	9.595907	0.492007	2.043774	0.029469	0.009074	-0.004814	-0.171778	-0.053699	0.983671	0.488534	-0.871729	0.037724	0.855469	0.487037	0.175978
04417	9.532447	0.514357	2.074722	0.009919	0.010056	-0.006635	-0.171839	-0.053717	0.983659	0.488674	-0.871649	0.037768	0.855377	0.487178	0.176033
04418	9.536261	0.497917	2.037746	-0.003063	0.020298	-0.007779	-0.171980	-0.053757	0.983632	0.488683	-0.871642	0.037806	0.855343	0.487186	0.176176
04419	9.504239	0.387773	1.992881	-0.011578	0.021327	-0.011670	-0.172168	-0.053774	0.983599	0.488595	-0.871689	0.037867	0.855356	0.487101	0.176350
04420	9.556551	0.346555	1.957257	-0.009153	0.016652	-0.011952	-0.172298	-0.053760	0.983577	0.488544	-0.871714	0.037935	0.855358	0.487057	0.176459
04421	9.558135	0.372658	1.885866	-0.005037	0.017170	-0.014901	-0.172461	-0.053734	0.983550	0.488527	-0.871719	0.038037	0.855335	0.487050	0.176588
04422	9.597811	0.352788	1.807941	-0.008422	0.014455	-0.005696	-0.172543	-0.053764	0.983534	0.488494	-0.871738	0.038044	0.855338	0.487014	0.176675
04423	9.665064	0.314801	1.740597	-0.003124	0.008797	-0.007863	-0.172600	-0.053756	0.983524	0.488497	-0.871734	0.038081	0.855325	0.487021	0.176721
04424	9.711245	0.332874	1.707598	0.002587	0.004917	-0.009740	-0.172620	-0.053704	0.983523	0.488551	-0.871701	0.038148	0.855290	0.487086	0.176710
04425	9.704875	0.295997	1.662034	0.010723	0.000195	-0.009963	-0.172608	-0.053646	0.983529	0.488699	-0.871615	0.038224	0.855208	0.487247	0.176664
04426	9.700718	0.265672	1.675591	0.018855	-0.000690	-0.008249	-0.172572	-0.053580	0.983539	0.488894	-0.871502	0.038305	0.855103	0.487457	0.176592
04427	9.629083	0.273737	1.757508	0.016781	-0.001907	-0.005829	-0.172522	-0.053558	0.983549	0.489130	-0.871367	0.038348	0.854978	0.487699	0.176527
04428	9.635217	0.409913	1.852536	0.018823	-0.002606	-0.006357	-0.172460	-0.053499	0.983563	0.489329	-0.871253	0.038410	0.854877	0.487910	0.176435
04429	9.554922	0.471039	1.878867	0.011584	0.001835	-0.013208	-0.172486	-0.053406	0.983563	0.489435	-0.871188	0.038527	0.854811	0.488036	0.176407
04430	9.561241	0.461444	1.899899	-0.002769	-0.000937	-0.007662	-0.172445	-0.053344	0.983574	0.489447	-0.871180	0.038564	0.854813	0.488057	0.176340
04431	9.578264	0.374888	1.878893	-0.013742	0.002843	-0.009384	-0.172456	-0.053306	0.983574	0.489390	-0.871211	0.038592	0.854843	0.488007	0.176333
04432	9.609911	0.340710	1.851609	-0.012908	-0.001271	-0.012674	-0.172438	-0.053198	0.983583	0.489307	-0.871254	0.038660	0.854894	0.487940	0.176267
04433	9.614065	0.324347	1.813436	-0.014541	0.005044	-0.009920	-0.172471	-0.053161	0.983579	0.489228	-0.871297	0.038694	0.854933	0.487868	0.176281
04434	9.597075	0.314773	1.785592	-0.014990	0.005183	-0.006382	-0.172476	-0.053140	0.983579	0.489137	-0.871348	0.038697	0.854983	0.487780	0.176279
04435	9.580277	0.256381	1.732637	-0.006884	-0.001454	-0.004714	-0.172429	-0.053115	0.983589	0.489131	-0.871352	0.038694	0.854997	0.487776	0.176226
04436	9.650032	0.224762	1.723151	0.000010	-0.007671	-0.003872	-0.172312	-0.053052	0.983613	0.489173	-0.871328	0.038699	0.854996	0.487825	0.176092
04437	9.681902	0.190112	1.694806	0.010153	-0.011172	-0.000796	-0.172164	-0.053002	0.983641	0.489284	-0.871266	0.038691	0.854962	0.487941	0.175934
04438	9.654326	0.305560	1.732472	0.019973	-0.006857	-0.001749	-0.172044	-0.052963	0.983664	0.489501	-0.871143	0.038710	0.854863	0.488164	0.175800
04439	9.650030	0.371862	1.795288	0.014703	0.000718	-0.001474	-0.171994	-0.052985	0.983672	0.489710	-0.871026	0.038708	0.854753	0.488372	0.175758
04440	9.624606	0.445501	1.868204	0.014744	-0.005033	-0.007235	-0.171916	-0.052906	0.983690	0.489872	-0.870932	0.038772	0.854675	0.488548	0.175645
04441	9.586659	0.443319	1.849500	0.009030	-0.001157	-0.005360	-0.171874	-0.052876	0.983699	0.489997	-0.870860	0.038803	0.854612	0.488679	0.175587
04442	9.567651	0.457879	1.919064	-0.001465	0.004400	-0.012509	-0.171903	-0.052797	0.983698	0.490012	-0.870848	0.038890	0.854598	0.488709	0.175572
04443	9.560997	0.518301	1.923185	-0.018174	0.002462	-0.014333	-0.171939	-0.052696	0.983697	0.489857	-0.870932	0.038966	0.854680	0.488571	0.175561
04444	9.535824	0.446220	1.922436	-0.034471	0.002305	-0.015866	-0.171967	-0.052578	0.983699	0.489583	-0.871083	0.039028	0.854831	0.488314	0.175539
04445	9.554812	0.384586	1.828649	-0.042671	0.003187	-0.011858	-0.171990	-0.052518	0.983698	0.489274	-0.871256	0.039030	0.855003	0.488011	0.175543
04446	9.607833	0.294298	1.766178	-0.041920	-0.010514	-0.011410	-0.171885	-0.052376	0.983724	0.488945	-0.871441	0.039035	0.855212	0.487696	0.175397
04447	9.622650	0.298493	1.734471	-0.027605	-0.005813	-0.013128	-0.171841	-0.052259	0.983738	0.488753	-0.871546	0.039077	0.855331	0.487520	0.175310
04448	9.656821	0.222160	1.740885	-0.026005	-0.010207	-0.012057	-0.171743	-0.052114	0.983762	0.488559	-0.871654	0.039117	0.855462	0.487344	0.175161
04449	9.686210	0.278971	1.702717	-0.018635	-0.010801	-0.014708	-0.171663	-0.051953	0.983785	0.488426	-0.871725	0.039192	0.855554	0.487234	0.175018
04450	9.677875	0.314522	1.778629	-0.000266	-0.009422	-0.015601	-0.171589	-0.051780	0.983807	0.488445	-0.871709	0.039311	0.855557	0.487281	0.174867
04451	9.673573	0.381738	1.841065	-0.003521	-0.008302	-0.015895	-0.171537	-0.051623	0.983824	0.488443	-0.871705	0.039424	0.855569	0.487305	0.174744
04452	9.648510	0.358427	1.863972	-0.012551	-0.007152	-0.010530	-0.171457	-0.051505	0.983844	0.488366	-0.871745	0.039472	0.855629	0.487244	0.174620
04453	9.587610	0.337983	1.928308	-0.017855	-0.001501	-0.008356	-0.171427	-0.051449	0.983853	0.488258	-0.871805	0.039485	0.855697	0.487143	0.174571
04454	9.564134	0.387509	1.903738	-0.018303	-0.001367	-0.004820	-0.171369	-0.051409	0.983865	0.488142	-0.871871	0.039467	0.855775	0.487029	0.174507
04455	9.591671	0.369747	1.914597	-0.013042	-0.001275	-0.001228	-0.171310	-0.051398	0.983876	0.488036	-0.871933	0.039425	0.855847	0.486921	0.174455
04456	9.528348	0.391121	1.944712	-0.014572	-0.000695	-0.009949	-0.171283	-0.051317	0.983885	0.487943	-0.871983	0.039464	0.855905	0.486839	0.174396
04457	9.583139	0.404873	1.991629	-0.014962	0.003282	-0.010190	-0.171306	-0.051261	0.983883	0.487834	-0.872042	0.039504	0.855963	0.486739	0.174393
04458	9.538621	0.413430	1.952706	-0.010848	0.003810	-0.013139	-0.171333	-0.051174	0.983883	0.487768	-0.872076	0.039581	0.855995	0.486688	0.174376
04459	9.576717	0.368851	1.946400	-0.007621	0.000768	-0.010956	-0.171340	-0.051094	0.983886	0.487706	-0.872107	0.039643	0.856029	0.486639	0.174346
04460	9.602031	0.345356	1.897971	-0.006474	0.000332	-0.004416	-0.171294	-0.051066	0.983896	0.487691	-0.872116	0.039642	0.856046	0.486628	0.174293
04461	9.631637	0.304348	1.810925	-0.004077	-0.002435	-0.000878	-0.171218	-0.051071	0.983909	0.487721	-0.872101	0.039604	0.856045	0.486654	0.174228
04462	9.642378	0.276578	1.793020	0.006902	-0.006215	0.000828	-0.171090	-0.051057	0.983932	0.487830	-0.872041	0.039575	0.856008	0.486763	0.174105
04463	9.678255	0.273678	1.751438	0.010661	-0.003619	-0.006190	-0.171033	-0.051000	0.983944	0.487945	-0.871975	0.039620	0.855954	0.486887	0.174022
04464	9.648610	0.286041	1.680516	0.006621	-0.007961	-0.010895	-0.170948	-0.050876	0.983966	0.488032	-0.871922	0.039705	0.855922	0.486994	0.173882
04465	9.676020	0.318107	1.715588	0.004196	-0.007117	-0.012544	-0.170890	-0.050753	0.983982	0.488100	-0.871880	0.039799	0.855894	0.487082	0.173768
04466	9.658978	0.357978	1.711514	0.012769	-0.004298	-0.012436	-0.170844	-0.050633	0.983996	0.488236	-0.871799	0.039910	0.855826	0.487241	0.173662
04467	9.644119	0.404338	1.766853	0.014401	-0.006771	-0.013258	-0.170797	-0.050502	0.984011	0.488377	-0.871714	0.040030	0.855755	0.487405	0.173550
04468	9.606213	0.402865	1.747727	0.004233	-0.009023	-0.016368	-0.170729	-0.050324	0.984032	0.488434	-0.871676	0.040165	0.855736	0.487492	0.173401
04469	9.648297	0.439050	1.751546	-0.017354	-0.011201	-0.019587	-0.170673	-0.050119	0.984052	0.488299	-0.871746	0.040291	0.855824	0.487388	0.173256
04470	9.608357	0.461294	1.830218	-0.033561	-0.009421	-0.028705	-0.170662	-0.049832	0.984069	0.488011	-0.871898	0.040482	0.855990	0.487145	0.173119
04471	9.604140	0.480432	1.868044	-0.054327	-0.008036	-0.031332	-0.170691	-0.049538	0.984079	0.487531	-0.872158	0.040660	0.856258	0.486709	0.173021
04472	9.580601	0.561368	2.001018	-0.073813	0.002536	-0.036850	-0.170822	-0.049238	0.984071	0.486884	-0.872510	0.040861	0.856600	0.486109	0.173017
04473	9.568151	0.517329	2.067339	-0.093341	0.005447	-0.040524	-0.171012	-0.048924	0.984054	0.486045	-0.872968	0.041065	0.857038	0.485317	0.173067
04474	9.530187	0.467633	2.024887	-0.103126	0.003089	-0.041433	-0.171169	-0.048587	0.984043	0.485139	-0.873463	0.041261	0.857520	0.484460	0.173082
04475	9.536790	0.410383	2.021221	-0.097813	-0.002510	-0.043602	-0.171300	-0.048218	0.984038	0.484287	-0.873925	0.041482	0.857976	0.483663	0.173055
04476	9.534542	0.406600	1.961525	-0.090479	-0.010736	-0.044426	-0.171353	-0.047787	0.984050	0.483483	-0.874358	0.041729	0.858418	0.482922	0.172928
04477	9.606941	0.306268	1.827985	-0.085610	-0.016224	-0.043070	-0.171366	-0.047354	0.984069	0.482727	-0.874765	0.041968	0.858841	0.482228	0.172764
04478	9.671282	0.191215	1.745929	-0.077513	-0.015195	-0.037536	-0.171346	-0.046962	0.984091	0.482045	-0.875131	0.042170	0.859228	0.481602	0.172588
04479	9.648524	0.145773	1.670094	-0.071459	-0.013481	-0.031471	-0.171324	-0.046642	0.984110	0.481429	-0.875463	0.042320	0.859578	0.481029	0.172443
04480	9.654842	0.185129	1.714738	-0.063328	-0.020106	-0.029848	-0.171225	-0.046294	0.984144	0.480882	-0.875756	0.042471	0.859904	0.480529	0.172213
04481	9.712049	0.177672	1.661377	-0.055112	-0.024753	-0.035820	-0.171124	-0.045890	0.984180	0.480422	-0.875998	0.042688	0.860181	0.480126	0.171951
04482	9.701171	0.256214	1.702154	-0.049403	-0.024779	-0.035770	-0.171013	-0.045467	0.984219	0.479984	-0.876226	0.042921	0.860447	0.479750	0.171670
04483	9.654499	0.337856	1.784257	-0.057868	-0.023653	-0.045327	-0.170968	-0.044979	0.984249	0.479463	-0.876496	0.043230	0.860747	0.479302	0.171419
04484	9.624544	0.429933	1.895426	-0.075300	-0.015603	-0.055118	-0.171028	-0.044430	0.984264	0.478770	-0.876857	0.043610	0.861121	0.478694	0.171239
04485	9.594378	0.522468	2.007340	-0.098832	-0.013078	-0.067188	-0.171177	-0.043804	0.984266	0.477867	-0.877327	0.044063	0.861593	0.477890	0.171111
04486	9.577408	0.516838	1.978280	-0.116387	-0.010860	-0.065612	-0.171327	-0.043186	0.984267	0.476800	-0.877886	0.044476	0.862154	0.476919	0.170997
04487	9.567027	0.500120	1.969966	-0.115152	-0.015038	-0.066724	-0.171457	-0.042552	0.984272	0.475749	-0.878434	0.044897	0.862708	0.475965	0.170858
04488	9.570975	0.365168	1.952057	-0.109448	-0.009275	-0.066572	-0.171623	-0.041933	0.984270	0.474740	-0.878958	0.045332	0.863231	0.475052	0.170757
04489	9.588840	0.160117	1.949988	-0.091547	-0.009692	-0.062103	-0.171776	-0.041365	0.984267	0.473899	-0.879390	0.045749	0.863662	0.474302	0.170661
04490	9.571962	0.032168	1.942001	-0.061364	-0.006589	-0.062683	-0.171946	-0.040792	0.984261	0.473311	-0.879682	0.046227	0.863951	0.473810	0.170565
04491	9.591614	-0.022948	1.845857	-0.023457	-0.008116	-0.060046	-0.172105	-0.040245	0.984256	0.473046	-0.879797	0.046742	0.864065	0.473643	0.170455
04492	9.638406	0.075813	1.764397	0.009196	-0.015435	-0.061075	-0.172190	-0.039644	0.984266	0.473069	-0.879753	0.047325	0.864035	0.473775	0.170240
04493	9.674750	0.277191	1.653687	0.014961	-0.015373	-0.066742	-0.172315	-0.039013	0.984269	0.473152	-0.879674	0.047967	0.863964	0.473975	0.170040
04494	9.708989	0.378197	1.662402	0.000333	-0.014076	-0.072765	-0.172468	-0.038316	0.984270	0.473079	-0.879676	0.048650	0.863974	0.474028	0.169843
04495	9.711915	0.342709	1.695517	-0.031020	-0.001267	-0.082210	-0.172790	-0.037604	0.984241	0.472706	-0.879836	0.049371	0.864114	0.473787	0.169802
04496	9.701250	0.104785	1.597972	-0.036774	0.000646	-0.078393	-0.173096	-0.036928	0.984212	0.472302	-0.880015	0.050047	0.864274	0.473508	0.169768
04497	9.616385	-0.086696	1.549156	-0.007105	0.001839	-0.067894	-0.173368	-0.036376	0.984185	0.472219	-0.880025	0.050657	0.864264	0.473533	0.169746
04498	9.545881	0.100118	1.695634	0.022677	-0.006415	-0.065162	-0.173551	-0.035782	0.984175	0.472351	-0.879916	0.051303	0.864156	0.473779	0.169612
04499	9.550352	0.389823	1.698907	0.015088	-0.015038	-0.078096	-0.173739	-0.035035	0.984168	0.472358	-0.879868	0.052065	0.864114	0.473925	0.169416
04500	9.610992	0.523126	1.743644	-0.018154	-0.020572	-0.096800	-0.173948	-0.034096	0.984164	0.472082	-0.879963	0.052953	0.864223	0.473817	0.169164
04501	9.671032	0.481368	1.723896	-0.055103	-0.024906	-0.112229	-0.174205	-0.033011	0.984156	0.471456	-0.880239	0.053927	0.864512	0.473381	0.168905
04502	9.665227	0.454190	1.675321	-0.069351	-0.023770	-0.116046	-0.174476	-0.031887	0.984145	0.470704	-0.880581	0.054918	0.864868	0.472823	0.168650
04503	9.635984	0.353880	1.624550	-0.081150	-0.017636	-0.123826	-0.174842	-0.030755	0.984116	0.469894	-0.880948	0.055952	0.865234	0.472213	0.168479
04504	9.682894	0.260972	1.610442	-0.088471	-0.016931	-0.126790	-0.175221	-0.029568	0.984085	0.468956	-0.881379	0.057018	0.865666	0.471483	0.168303
04505	9.651974	0.183012	1.657869	-0.091209	-0.021429	-0.136333	-0.175618	-0.028286	0.984052	0.467971	-0.881827	0.058168	0.866119	0.470723	0.168101
04506	9.641255	0.147237	1.720639	-0.083452	-0.020073	-0.138677	-0.176022	-0.026979	0.984016	0.467054	-0.882234	0.059359	0.866532	0.470037	0.167893
04507	9.637506	0.100592	1.803949	-0.079744	-0.023104	-0.140034	-0.176416	-0.025662	0.983981	0.466183	-0.882613	0.060563	0.866920	0.469399	0.167670
04508	9.717511	0.077284	1.871735	-0.061785	-0.023285	-0.141297	-0.176803	-0.024316	0.983946	0.465447	-0.882915	0.061816	0.867237	0.468904	0.167420
04509	9.677597	0.107473	1.950244	-0.037017	-0.012419	-0.141519	-0.177296	-0.023028	0.983888	0.464915	-0.883103	0.063108	0.867421	0.468613	0.167277
04510	9.580410	0.247341	1.962103	-0.024272	-0.016418	-0.148300	-0.177773	-0.021652	0.983833	0.464491	-0.883226	0.064493	0.867551	0.468447	0.167071
04511	9.615140	0.361384	2.030778	-0.010703	-0.018676	-0.158294	-0.178281	-0.020208	0.983772	0.464223	-0.883257	0.065984	0.867590	0.468453	0.166850
04512	9.594743	0.462510	2.053196	-0.011639	-0.006727	-0.162350	-0.178907	-0.018753	0.983687	0.463882	-0.883320	0.067528	0.867644	0.468396	0.166731
04513	9.507868	0.422142	2.081044	-0.014168	-0.000040	-0.163805	-0.179611	-0.017322	0.983585	0.463490	-0.883406	0.069079	0.867708	0.468289	0.166698
04514	9.470157	0.305586	2.023246	-0.011642	-0.006547	-0.162263	-0.180237	-0.015869	0.983495	0.463146	-0.883464	0.070622	0.867762	0.468231	0.166582
04515	9.425717	0.407785	1.996782	-0.003357	-0.012874	-0.166386	-0.180839	-0.014359	0.983408	0.462857	-0.883486	0.072215	0.867791	0.468237	0.166415
04516	9.103068	0.716276	1.913422	-0.004844	-0.017730	-0.175096	-0.181426	-0.012740	0.983322	0.462548	-0.883510	0.073895	0.867833	0.468240	0.166185
04517	9.623182	0.899783	1.734820	-0.039378	-0.068669	-0.188297	-0.181642	-0.010783	0.983306	0.461924	-0.883688	0.075639	0.868120	0.467951	0.165496
04518	9.547401	1.043002	1.560746	-0.070955	-0.076769	-0.201957	-0.181838	-0.008649	0.983291	0.460990	-0.884017	0.077474	0.868575	0.467375	0.164735
04519	9.582493	1.193675	1.611353	-0.135341	-0.094801	-0.222567	-0.181980	-0.006272	0.983282	0.459488	-0.884628	0.079396	0.869341	0.466255	0.163866
04520	9.633651	1.275450	1.676609	-0.227105	-0.109415	-0.245991	-0.182085	-0.003596	0.983276	0.457114	-0.885674	0.081410	0.870570	0.464293	0.162912
04521	9.428683	1.213021	1.754904	-0.322160	-0.105979	-0.261296	-0.182294	-0.000814	0.983244	0.453884	-0.887148	0.083416	0.872214	0.461485	0.162092
04522	9.587921	0.971687	1.871624	-0.423565	-0.111597	-0.277120	-0.182502	0.002148	0.983203	0.449730	-0.889071	0.085422	0.874320	0.457765	0.161291
04523	9.566501	0.667919	1.989553	-0.499418	-0.097332	-0.278784	-0.182840	0.005055	0.983130	0.444884	-0.891321	0.087321	0.876725	0.453345	0.160720
04524	9.588964	0.211167	2.153936	-0.505090	-0.085045	-0.275749	-0.183244	0.007887	0.983036	0.439995	-0.893560	0.089187	0.879105	0.448874	0.160269
04525	9.574314	-0.193915	2.153487	-0.437290	-0.074110	-0.269927	-0.183713	0.010590	0.982923	0.435754	-0.895445	0.091092	0.881118	0.445047	0.159890
04526	9.412496	-0.612508	2.137973	-0.309979	-0.075409	-0.259934	-0.184107	0.013241	0.982817	0.432593	-0.896768	0.093118	0.882592	0.442303	0.159373
04527	9.416532	-0.734829	2.196419	-0.143506	-0.090268	-0.238539	-0.184284	0.015761	0.982747	0.430915	-0.897357	0.095197	0.883375	0.441023	0.158576
04528	9.555058	-0.605907	2.404829	0.016469	-0.092502	-0.203954	-0.184276	0.017987	0.982710	0.430735	-0.897230	0.097193	0.883465	0.441198	0.157590
04529	9.642994	-0.280641	2.536020	0.165930	-0.082819	-0.185139	-0.184289	0.020001	0.982668	0.431862	-0.896464	0.099238	0.882912	0.442665	0.156571
04530	9.709349	0.134693	2.753857	0.274605	-0.061596	-0.167752	-0.184403	0.021765	0.982610	0.434026	-0.895189	0.101281	0.881826	0.445154	0.155629
04531	9.620809	0.449769	2.825377	0.354209	-0.037856	-0.159694	-0.184708	0.023336	0.982516	0.436896	-0.893554	0.103358	0.880344	0.448348	0.154851
04532	9.493365	0.709838	2.791413	0.444134	-0.030936	-0.138161	-0.184973	0.024697	0.982433	0.440596	-0.891500	0.105367	0.878442	0.452346	0.154022
04533	9.458752	1.082952	2.723030	0.548495	-0.016954	-0.112373	-0.185267	0.025753	0.982351	0.445231	-0.888967	0.107273	0.876040	0.457247	0.153230
04534	9.458650	1.608336	2.427341	0.644760	-0.005310	-0.089901	-0.185554	0.026564	0.982275	0.450753	-0.885955	0.109107	0.873150	0.463009	0.152419
04535	9.336533	2.071749	1.964636	0.701824	-0.016246	-0.078776	-0.185712	0.027312	0.982225	0.456770	-0.882644	0.110906	0.869984	0.469247	0.151442
04536	9.462525	2.184305	1.542387	0.683703	-0.035762	-0.071856	-0.185662	0.028103	0.982212	0.462624	-0.879374	0.112608	0.866896	0.475302	0.150265
04537	9.409314	2.112126	1.123107	0.630205	-0.069584	-0.054783	-0.185257	0.028897	0.982265	0.468014	-0.876331	0.114049	0.864085	0.480842	0.148822
04538	9.503350	2.126987	0.896620	0.587815	-0.093891	-0.035779	-0.184546	0.029654	0.982376	0.473069	-0.873457	0.115235	0.861481	0.485998	0.147164
04539	9.682665	2.223083	0.966899	0.517954	-0.102809	-0.013642	-0.183666	0.030254	0.982523	0.477549	-0.870902	0.116087	0.859194	0.490524	0.145507
04540	9.209671	2.396022	1.033593	0.425931	-0.097390	-0.011367	-0.182815	0.030824	0.982664	0.481233	-0.868779	0.116780	0.857318	0.494240	0.143992
04541	9.385416	2.308869	1.075739	0.318109	-0.128785	-0.018692	-0.181743	0.031604	0.982838	0.483974	-0.867175	0.117380	0.856002	0.497001	0.142307
04542	9.503556	1.965184	1.132042	0.236443	-0.138371	-0.015878	-0.180566	0.032423	0.983028	0.486017	-0.865969	0.117835	0.855093	0.499045	0.140607
04543	9.583014	1.638493	1.270651	0.180115	-0.148196	-0.005903	-0.179268	0.033199	0.983240	0.487582	-0.865052	0.118106	0.854474	0.500583	0.138888
04544	9.513089	1.373387	1.583461	0.131461	-0.133991	0.000249	-0.178052	0.033861	0.983438	0.488755	-0.864370	0.118250	0.854059	0.501715	0.137353
04545	9.465053	1.246082	1.869479	0.122349	-0.140713	0.005464	-0.176763	0.034493	0.983649	0.489875	-0.863726	0.118319	0.853685	0.502779	0.135777
04546	9.386706	1.333302	2.040160	0.137356	-0.137550	0.009731	-0.175471	0.035094	0.983859	0.491113	-0.863015	0.118374	0.853240	0.503957	0.134199
04547	9.262480	1.486520	1.973320	0.167496	-0.146247	0.014234	-0.174097	0.035686	0.984082	0.492623	-0.862149	0.118415	0.852651	0.505397	0.132518
04548	9.299400	1.573939	1.811491	0.209029	-0.175112	0.023902	-0.172417	0.036359	0.984353	0.494494	-0.861076	0.118419	0.851909	0.507174	0.130485
04549	9.368172	1.538959	1.549333	0.234030	-0.195541	0.045498	-0.170464	0.036937	0.984671	0.496628	-0.859874	0.118231	0.851060	0.509169	0.128234
04550	9.433667	1.575910	1.404865	0.277366	-0.237876	0.063703	-0.168054	0.037596	0.985061	0.499143	-0.858459	0.117919	0.850067	0.511503	0.125501
04551	9.617335	1.750644	1.360757	0.303280	-0.241221	0.071270	-0.165589	0.038202	0.985455	0.501889	-0.856906	0.117553	0.848933	0.514055	0.122721
04552	9.265954	2.085856	1.340783	0.273135	-0.263897	0.076054	-0.162897	0.038903	0.985876	0.504380	-0.855505	0.117098	0.847977	0.516331	0.119738
04553	9.796105	2.147950	1.361585	0.212927	-0.279847	0.078401	-0.160071	0.039658	0.986309	0.506368	-0.854407	0.116535	0.847330	0.518089	0.116684
04554	9.858148	2.054496	1.268213	0.137572	-0.272874	0.076858	-0.157299	0.040411	0.986724	0.507703	-0.853701	0.115899	0.847050	0.519194	0.113770
04555	9.706459	1.678461	1.135044	0.071981	-0.252030	0.077978	-0.154708	0.041022	0.987108	0.508521	-0.853314	0.115161	0.847037	0.519782	0.111154
04556	9.534250	1.226340	1.007456	0.061666	-0.250824	0.097574	-0.152016	0.041487	0.987507	0.509241	-0.853010	0.114229	0.847092	0.520243	0.108544
04557	9.652094	0.887411	1.101196	0.108666	-0.258541	0.131334	-0.149097	0.041693	0.987943	0.510414	-0.852471	0.113006	0.846905	0.521109	0.105820
04558	9.615655	0.882516	1.209897	0.173902	-0.241581	0.156279	-0.146182	0.041616	0.988382	0.512164	-0.851605	0.111606	0.846356	0.522529	0.103175
04559	9.537804	1.000240	1.334926	0.233470	-0.239633	0.177529	-0.143187	0.041350	0.988831	0.514422	-0.850446	0.110054	0.845498	0.524435	0.100502
04560	9.508435	1.114764	1.496610	0.271631	-0.222176	0.192619	-0.140246	0.040875	0.989273	0.517037	-0.849074	0.108381	0.844395	0.526691	0.097945
04561	9.398708	1.381540	1.531330	0.295970	-0.221131	0.204532	-0.137262	0.040289	0.989715	0.519867	-0.847570	0.106602	0.843148	0.529152	0.095394
04562	9.396904	1.599467	1.469758	0.301720	-0.237053	0.202934	-0.134136	0.039822	0.990162	0.522731	-0.846027	0.104839	0.841879	0.531651	0.092667
04563	9.464646	1.711615	1.272943	0.303428	-0.255504	0.200712	-0.130879	0.039474	0.990612	0.525586	-0.844471	0.103090	0.840613	0.534144	0.089776
04564	9.652170	1.565048	1.225068	0.289296	-0.261841	0.214422	-0.127478	0.039061	0.991072	0.528339	-0.842983	0.101183	0.839409	0.536521	0.086825
04565	9.714714	1.180991	1.240584	0.268759	-0.249556	0.235017	-0.124083	0.038404	0.991528	0.530942	-0.841600	0.099041	0.838274	0.538734	0.084038
04566	9.641470	1.023770	1.357819	0.293574	-0.235524	0.243228	-0.120745	0.037626	0.991970	0.533745	-0.840083	0.096834	0.836981	0.541151	0.081353
04567	9.583556	1.335216	1.445293	0.335744	-0.233856	0.247668	-0.117407	0.036801	0.992402	0.536893	-0.838329	0.094605	0.835441	0.543921	0.078667
04568	9.503800	1.605696	1.408638	0.349487	-0.229698	0.245392	-0.114097	0.035995	0.992817	0.540139	-0.836488	0.092401	0.833805	0.546802	0.075999
04569	9.378160	1.648182	1.262992	0.350311	-0.253034	0.254195	-0.110558	0.035244	0.993245	0.543382	-0.834636	0.090100	0.832174	0.549672	0.073125
04570	9.282910	1.523045	1.058608	0.350015	-0.312779	0.268901	-0.106421	0.034722	0.993715	0.546628	-0.832776	0.087640	0.830585	0.552519	0.069645
04571	9.886705	1.258763	0.982276	0.351428	-0.304300	0.288450	-0.102258	0.033994	0.994177	0.549892	-0.830902	0.084972	0.828952	0.555379	0.066273
04572	9.529094	1.339559	1.118932	0.365561	-0.310658	0.301557	-0.097951	0.033218	0.994637	0.553265	-0.828942	0.082170	0.827226	0.558347	0.062817
04573	9.683677	1.557710	1.549543	0.343128	-0.327533	0.294267	-0.093557	0.032603	0.995080	0.556421	-0.827097	0.079414	0.825617	0.561113	0.059240
04574	9.343554	1.555762	1.815203	0.309997	-0.304381	0.289969	-0.089358	0.031916	0.995488	0.559287	-0.825421	0.076667	0.824144	0.563614	0.055908
04575	9.353376	1.595591	2.149042	0.256898	-0.321424	0.293419	-0.085016	0.031301	0.995888	0.561690	-0.824045	0.073850	0.822968	0.565658	0.052475
04576	9.201964	1.642240	2.300438	0.229629	-0.312269	0.306145	-0.080654	0.030547	0.996274	0.563875	-0.822813	0.070877	0.821912	0.567491	0.049138
04577	9.318297	1.523352	2.353299	0.223095	-0.322693	0.302977	-0.076240	0.029877	0.996642	0.565987	-0.821611	0.067927	0.820881	0.569265	0.045730
04578	9.099046	1.450206	2.315197	0.239006	-0.311771	0.303305	-0.071891	0.029163	0.996986	0.568215	-0.820311	0.064968	0.819734	0.571173	0.042403
04579	9.368746	1.565562	2.625034	0.253241	-0.324105	0.307454	-0.067434	0.028484	0.997317	0.570548	-0.818923	0.061966	0.818491	0.573196	0.038972
04580	9.712509	1.540511	3.044665	0.239982	-0.273456	0.308065	-0.063365	0.027531	0.997611	0.572755	-0.817605	0.058943	0.817274	0.575121	0.036039
04581	9.447781	1.280196	3.413444	0.230816	-0.206154	0.300845	-0.059906	0.026250	0.997859	0.574862	-0.816333	0.055987	0.816055	0.576985	0.033813
04582	9.449425	1.162268	3.643116	0.237689	-0.144116	0.316344	-0.056838	0.024501	0.998083	0.577026	-0.815013	0.052867	0.814745	0.578925	0.032186
04583	9.366856	1.130677	3.636739	0.288354	-0.083367	0.338043	-0.054157	0.022223	0.998285	0.579593	-0.813398	0.049550	0.813104	0.581283	0.031171
04584	9.480947	1.093883	3.715266	0.353173	-0.047161	0.355046	-0.051640	0.019612	0.998473	0.582691	-0.811387	0.046073	0.811052	0.584180	0.030472
04585	9.206929	1.448716	3.840741	0.397024	0.005598	0.360060	-0.049537	0.016651	0.998633	0.586122	-0.809104	0.042565	0.808707	0.587430	0.030321
04586	8.990378	1.909856	3.186989	0.476827	0.027165	0.357665	-0.047581	0.013601	0.998775	0.590186	-0.806320	0.039097	0.805864	0.591323	0.030338
04587	9.783572	2.344189	2.644622	0.579897	-0.021961	0.361798	-0.045217	0.010809	0.998919	0.595055	-0.802895	0.035623	0.802412	0.596022	0.029873
04588	10.860023	2.244088	2.333760	0.567276	-0.018816	0.360087	-0.042844	0.008036	0.999049	0.599796	-0.799506	0.032153	0.799005	0.600604	0.029434
04589	11.399450	1.752403	1.831436	0.482100	0.062038	0.348338	-0.041201	0.004871	0.999139	0.603825	-0.796597	0.028783	0.796051	0.604491	0.029879
04590	11.335875	1.252105	1.266776	0.427354	0.196339	0.376114	-0.040412	0.000691	0.999183	0.607415	-0.793987	0.025116	0.793356	0.607934	0.031667
04591	11.205973	0.896218	1.059683	0.391408	0.333812	0.435140	-0.040364	-0.004804	0.999173	0.610729	-0.791564	0.020866	0.790810	0.611067	0.034885
04592	11.016443	0.957105	1.471147	0.285356	0.447481	0.463976	-0.040988	-0.011211	0.999097	0.613212	-0.789750	0.016295	0.788854	0.613326	0.039245
04593	11.101739	1.063543	2.074505	0.102591	0.538305	0.413448	-0.042654	-0.017788	0.998932	0.614232	-0.789032	0.012177	0.787972	0.614095	0.044582
04594	11.589863	0.875363	2.750206	-0.100938	0.642447	0.351764	-0.045486	-0.024506	0.998664	0.613631	-0.789546	0.008575	0.788281	0.613202	0.050951
04595	11.176620	0.681713	3.072310	-0.229367	0.832656	0.283941	-0.050275	-0.031858	0.998227	0.611997	-0.790841	0.005584	0.789261	0.611192	0.059256
04596	10.688810	0.535797	3.362801	-0.304713	0.957728	0.237174	-0.056320	-0.039575	0.997628	0.609757	-0.792583	0.002982	0.790585	0.608478	0.068769
04597	10.246206	0.225845	3.627220	-0.325968	1.070907	0.188754	-0.063607	-0.047585	0.996840	0.607330	-0.794449	0.000830	0.791899	0.605464	0.079432
04598	10.501052	-0.184698	3.961144	-0.353880	1.202409	0.157498	-0.072111	-0.056096	0.995818	0.604673	-0.796473	-0.001080	0.793202	0.602067	0.091354
04599	10.467246	-0.472593	3.905946	-0.340599	1.368393	0.130200	-0.082150	-0.065363	0.994474	0.602111	-0.798408	-0.002738	0.794175	0.598559	0.104945
04600	10.777336	-0.769193	3.801737	-0.228410	1.496170	0.119732	-0.093241	-0.075254	0.992796	0.600444	-0.799656	-0.004221	0.794212	0.595725	0.119746
04601	10.346528	-1.055728	3.403836	-0.070264	1.617168	0.121513	-0.105310	-0.085860	0.990726	0.600050	-0.799944	-0.005543	0.793001	0.593901	0.135762
04602	10.124212	-1.067046	3.351456	0.112525	1.711813	0.115583	-0.118098	-0.096946	0.988258	0.601113	-0.799137	-0.006560	0.790390	0.593280	0.152651
04603	11.227663	-0.920907	3.380951	0.295705	1.723161	0.093256	-0.131086	-0.107935	0.985478	0.603604	-0.797253	-0.007030	0.786434	0.593917	0.169659
04604	9.998301	-0.504338	2.687780	0.492513	1.808332	0.061479	-0.144815	-0.119182	0.982255	0.607593	-0.794220	-0.006788	0.780935	0.595828	0.187429
04605	8.112139	-0.008656	1.790127	0.677569	1.751267	0.043909	-0.158129	-0.130009	0.978822	0.612973	-0.790082	-0.005915	0.774119	0.599056	0.204627
04606	9.055680	0.177258	1.808118	0.747754	1.545859	0.016776	-0.169867	-0.139431	0.975553	0.618806	-0.785531	-0.004523	0.766958	0.602910	0.219716
04607	9.691736	0.343013	1.470595	0.794562	1.437503	-0.031776	-0.181000	-0.147895	0.972299	0.624860	-0.780733	-0.002434	0.759466	0.607110	0.233726
04608	9.123054	0.588065	1.406396	0.789721	1.194681	-0.029853	-0.190148	-0.154940	0.969452	0.630818	-0.775930	-0.000283	0.752271	0.611495	0.245280
04609	10.132323	0.332718	1.159365	0.719555	0.980995	-0.069994	-0.197903	-0.160431	0.967004	0.636117	-0.771589	0.002175	0.745781	0.615558	0.254753
04610	10.082349	0.115644	0.660487	0.642974	0.847175	-0.110926	-0.204835	-0.164805	0.964822	0.640715	-0.767763	0.004882	0.739951	0.619176	0.262858
04611	10.875023	-0.101893	0.413466	0.581562	0.705402	-0.115694	-0.210744	-0.168310	0.962943	0.644807	-0.764309	0.007527	0.734718	0.622498	0.269601
04612	10.393155	0.064148	0.319388	0.456445	0.639381	-0.128303	-0.216187	-0.171316	0.961204	0.647921	-0.761642	0.009978	0.730384	0.624942	0.275656
04613	11.834062	-0.028050	0.282730	0.232421	0.681858	-0.192972	-0.222371	-0.174121	0.959288	0.649236	-0.760485	0.012462	0.727354	0.625575	0.282156
04614	11.230822	-0.071249	0.302437	0.016760	0.828231	-0.181406	-0.229495	-0.177914	0.956911	0.648993	-0.760662	0.014221	0.725355	0.624292	0.290033
04615	10.685452	0.082032	0.407636	-0.107098	0.946144	-0.112404	-0.237041	-0.182963	0.954115	0.647998	-0.761495	0.014964	0.723816	0.621812	0.299065
04616	11.110237	0.232724	1.097106	-0.208222	1.004898	-0.082856	-0.244777	-0.188559	0.951068	0.646338	-0.762902	0.015095	0.722725	0.618406	0.308614
04617	11.238771	0.252728	1.433372	-0.362581	1.069571	-0.110765	-0.253179	-0.194310	0.947704	0.643487	-0.765311	0.014994	0.722375	0.613631	0.318797
04618	11.410020	-0.371269	1.574075	-0.604910	1.138629	-0.170252	-0.262433	-0.199950	0.944007	0.638721	-0.769300	0.014618	0.723301	0.606793	0.329601
04619	10.687328	-1.180143	1.373265	-0.808560	1.252635	-0.247821	-0.273038	-0.205592	0.939778	0.632247	-0.774636	0.014225	0.725061	0.598056	0.341490
04620	9.780863	-2.129978	1.294737	-0.926188	1.296521	-0.264800	-0.284049	-0.211222	0.935255	0.624830	-0.780644	0.013465	0.727257	0.588200	0.353719
04621	9.017323	-2.894535	1.180625	-0.925764	1.286815	-0.263514	-0.295015	-0.216672	0.930602	0.617372	-0.786571	0.012579	0.729259	0.578238	0.365817
04622	8.490991	-3.385722	1.065409	-0.830204	1.235045	-0.243795	-0.305459	-0.221834	0.926005	0.610628	-0.791831	0.011735	0.730636	0.569029	0.377330
04623	8.023100	-3.579628	0.981334	-0.652733	1.170136	-0.235566	-0.315397	-0.226590	0.921511	0.605176	-0.796010	0.011398	0.730949	0.561270	0.388186
04624	7.806284	-3.256043	0.935954	-0.460320	1.078100	-0.225925	-0.324569	-0.230808	0.917269	0.601138	-0.799060	0.011645	0.730265	0.555185	0.398098
04625	7.879247	-2.815116	0.899938	-0.288097	0.984580	-0.219895	-0.333023	-0.234508	0.913292	0.598365	-0.801126	0.012481	0.728735	0.550638	0.407115
04626	7.875509	-2.192588	0.932130	-0.160624	0.893148	-0.205782	-0.340685	-0.237764	0.909617	0.596553	-0.802457	0.013677	0.726677	0.547294	0.415224
04627	7.758106	-1.700003	0.913116	-0.078234	0.797776	-0.186047	-0.347531	-0.240644	0.906263	0.595398	-0.803291	0.015020	0.724378	0.544807	0.422448
04628	7.630818	-1.230189	0.878463	-0.033262	0.691520	-0.155808	-0.353393	-0.243156	0.903321	0.594661	-0.803812	0.016271	0.722144	0.542920	0.428657
04629	7.653295	-0.965564	0.969844	-0.001602	0.582841	-0.112294	-0.358212	-0.245431	0.900804	0.594304	-0.804056	0.017259	0.720061	0.541533	0.433883
04630	7.595947	-0.838396	1.053499	0.026279	0.461377	-0.076713	-0.361919	-0.247314	0.898805	0.594266	-0.804066	0.018046	0.718235	0.540661	0.437977
04631	7.600534	-0.722241	1.229737	0.065126	0.341189	-0.063636	-0.364692	-0.248664	0.897310	0.594556	-0.803832	0.018886	0.716591	0.540389	0.440996
04632	7.757947	-0.527643	1.534021	0.096810	0.218675	-0.055296	-0.366520	-0.249404	0.896360	0.595098	-0.803410	0.019793	0.715208	0.540676	0.442886
04633	7.897296	-0.375232	1.813205	0.106666	0.097487	-0.039492	-0.367398	-0.249631	0.895937	0.595769	-0.802891	0.020601	0.714197	0.541340	0.443703
04634	7.972557	-0.273742	2.141281	0.102785	-0.009853	-0.013019	-0.367339	-0.249477	0.896004	0.596505	-0.802330	0.021157	0.713613	0.542243	0.443541
04635	7.865981	-0.149638	2.386552	0.148733	-0.113729	0.013026	-0.366394	-0.248980	0.896529	0.597668	-0.801450	0.021681	0.713125	0.543771	0.442454
04636	7.621185	0.393951	2.721098	0.210199	-0.216675	0.027822	-0.364617	-0.248025	0.897518	0.599319	-0.800199	0.022342	0.712651	0.546045	0.440412
04637	7.601601	1.324813	3.190544	0.241216	-0.323643	0.020419	-0.362132	-0.246432	0.898961	0.601165	-0.798788	0.023198	0.712363	0.548825	0.437413
04638	7.787582	2.329610	3.754869	0.204517	-0.425372	-0.007633	-0.359081	-0.244033	0.900838	0.602645	-0.797644	0.024140	0.712657	0.551554	0.433484
04639	8.115453	3.084940	4.064996	0.065310	-0.511557	-0.054494	-0.355705	-0.240786	0.903048	0.602969	-0.797376	0.024895	0.714075	0.553365	0.428817
04640	8.473897	3.571282	4.767408	-0.141782	-0.573539	-0.137063	-0.352360	-0.236520	0.905484	0.601519	-0.798451	0.025512	0.716950	0.553655	0.423613
04641	8.857309	4.142751	6.130751	-0.411434	-0.536675	-0.229726	-0.349824	-0.231729	0.907703	0.597805	-0.801225	0.025845	0.721285	0.551670	0.418817
04642	9.420670	4.426348	7.804528	-0.709815	-0.412532	-0.312679	-0.348630	-0.226953	0.909368	0.591623	-0.805805	0.025708	0.726939	0.546965	0.415198
04643	9.894461	4.217287	8.864886	-1.024869	-0.230339	-0.377372	-0.349113	-0.222660	0.910243	0.582871	-0.812184	0.024880	0.733745	0.539240	0.413326
04644	9.890567	2.811335	8.560905	-1.437288	-0.070526	-0.439810	-0.351063	-0.218696	0.910454	0.570774	-0.820787	0.022927	0.742275	0.527712	0.412974
04645	9.190388	0.325917	8.295859	-1.877172	0.085870	-0.425841	-0.354055	-0.215637	0.910025	0.555292	-0.831438	0.019027	0.752527	0.512066	0.414116
04646	8.249700	-2.548476	8.174681	-2.094173	0.201142	-0.242074	-0.356836	-0.214629	0.909177	0.538611	-0.842462	0.012516	0.763260	0.494158	0.416223
04647	7.453032	-4.819434	8.871892	-1.760511	0.237336	0.014089	-0.358537	-0.215920	0.908201	0.525201	-0.850964	0.005025	0.771761	0.478790	0.418503
04648	7.553837	-6.201076	9.330854	-1.093615	0.200721	0.088965	-0.359561	-0.217640	0.907386	0.517106	-0.855922	-0.000388	0.776736	0.469075	0.420298
04649	8.294436	-6.266129	9.133185	-0.453975	0.199493	-0.033245	-0.361236	-0.218311	0.906559	0.513512	-0.858080	-0.002018	0.778340	0.464800	0.422075
04650	8.709365	-5.873234	8.411208	0.166512	0.244146	-0.120597	-0.363688	-0.218422	0.905551	0.514423	-0.857537	-0.000239	0.776596	0.465749	0.424237
04651	8.082228	-5.195607	6.977486	0.823033	0.255384	-0.110366	-0.366188	-0.218706	0.904474	0.520450	-0.853882	0.004238	0.771387	0.472286	0.426507
04652	6.550498	-4.412441	5.092465	1.415471	0.220127	-0.115817	-0.368419	-0.218782	0.903549	0.530938	-0.847335	0.011317	0.763133	0.483898	0.428334
04653	5.006876	-3.020112	3.456558	1.807009	0.086380	-0.161989	-0.369896	-0.217874	0.903165	0.544101	-0.838769	0.020500	0.753081	0.498996	0.428803
04654	4.063313	-1.182379	1.955078	1.975687	-0.137469	-0.168210	-0.369729	-0.215780	0.903737	0.558307	-0.829075	0.030456	0.742694	0.515823	0.427004
04655	4.429139	0.270408	1.030658	1.915238	-0.401302	-0.142972	-0.367525	-0.212530	0.905404	0.571976	-0.819301	0.039860	0.733327	0.532519	0.422676
04656	5.307810	0.962015	0.360823	1.629045	-0.556135	-0.142249	-0.364223	-0.208373	0.907702	0.583393	-0.810772	0.047970	0.725944	0.547019	0.416865
04657	5.632328	1.335788	-0.132099	1.145518	-0.715257	-0.159240	-0.359930	-0.203164	0.910590	0.591168	-0.804730	0.054127	0.721783	0.557794	0.409751
04658	6.343268	1.693511	-0.608225	0.694799	-1.062222	-0.190428	-0.353328	-0.195671	0.914807	0.595553	-0.801172	0.058657	0.721440	0.565541	0.399609
04659	9.808665	2.623782	0.161209	0.350617	-1.341592	-0.279394	-0.345248	-0.185836	0.919929	0.597168	-0.799672	0.062573	0.724013	0.570956	0.387060
04660	15.132307	3.705606	3.495304	0.070486	-1.232003	-0.371452	-0.338454	-0.175815	0.924412	0.596460	-0.799904	0.066247	0.727794	0.573796	0.375597
04661	17.338797	5.127187	9.334222	-0.248170	-0.669944	-0.385378	-0.335808	-0.168909	0.926662	0.593405	-0.801952	0.068864	0.731507	0.573011	0.369533
04662	14.177298	4.856325	10.556342	-0.930513	-0.208606	-0.362257	-0.336343	-0.164807	0.927207	0.585402	-0.807821	0.068768	0.737684	0.565918	0.368183
04663	11.620783	1.147130	7.898026	-1.484165	-0.260930	-0.355015	-0.336415	-0.160483	0.927939	0.573244	-0.816675	0.066583	0.747139	0.554335	0.366738
04664	11.617406	-1.725231	6.254400	-1.537998	-0.349015	-0.360020	-0.335764	-0.155617	0.929003	0.560517	-0.825644	0.064281	0.757023	0.542305	0.364447
04665	10.814298	-2.563207	4.462669	-1.491058	-0.383054	-0.321672	-0.334582	-0.150918	0.930204	0.548136	-0.834100	0.061831	0.766552	0.530566	0.361798
04666	9.164672	-2.578783	2.599379	-1.370248	-0.465987	-0.306639	-0.332584	-0.145907	0.931718	0.536600	-0.841720	0.059730	0.775531	0.519825	0.358237
04667	8.215994	-2.353063	1.082783	-1.069658	-0.611264	-0.350968	-0.329638	-0.139819	0.933697	0.527160	-0.847704	0.059170	0.783225	0.511712	0.353143
04668	8.496194	-2.489324	-0.405422	-0.483136	-0.770618	-0.399185	-0.325610	-0.132504	0.936173	0.522108	-0.850682	0.061190	0.788278	0.508707	0.346172
04669	9.555170	-2.356633	-0.368860	0.291325	-0.839302	-0.428975	-0.321179	-0.124604	0.938785	0.523079	-0.849711	0.066176	0.789450	0.512313	0.338088
04670	10.045830	-1.643551	0.869926	0.782591	-0.803827	-0.483749	-0.317314	-0.116360	0.941155	0.527759	-0.846225	0.073313	0.787898	0.519966	0.329929
04671	9.639453	-0.855954	1.971662	0.960004	-0.864091	-0.540508	-0.313331	-0.107297	0.943563	0.533668	-0.841758	0.081496	0.785507	0.529085	0.321010
04672	9.726509	0.049135	2.497299	0.967553	-0.917801	-0.514021	-0.308823	-0.098089	0.946048	0.539709	-0.837092	0.089387	0.783162	0.538196	0.311453
04673	9.042530	1.120027	3.084338	0.918762	-0.899972	-0.436966	-0.304101	-0.089590	0.948418	0.545616	-0.832483	0.096308	0.780913	0.546760	0.302041
04674	9.016342	1.865278	3.803050	0.797495	-0.852721	-0.378153	-0.299455	-0.081759	0.950601	0.550746	-0.828387	0.102246	0.779105	0.554158	0.293093
04675	8.750098	2.185144	4.186648	0.654007	-0.764626	-0.333267	-0.295291	-0.074773	0.952477	0.554906	-0.824968	0.107271	0.777742	0.560211	0.285098
04676	8.715784	2.156427	4.356416	0.558776	-0.643072	-0.288545	-0.291831	-0.068781	0.953994	0.558451	-0.822000	0.111569	0.776509	0.565318	0.278296
04677	9.052075	2.196139	4.917334	0.541211	-0.529725	-0.257097	-0.289109	-0.063691	0.955175	0.561962	-0.819063	0.115477	0.774993	0.570157	0.272591
04678	8.798384	2.325495	5.025540	0.552714	-0.407696	-0.219350	-0.287122	-0.059566	0.956040	0.565657	-0.816003	0.119040	0.773041	0.574970	0.267986
04679	8.241766	2.181821	4.496956	0.614003	-0.375360	-0.176852	-0.285178	-0.055985	0.956838	0.569948	-0.812524	0.122327	0.770606	0.580233	0.263622
04680	7.989146	2.089706	3.535581	0.689791	-0.409826	-0.128879	-0.282694	-0.052551	0.957769	0.574937	-0.808541	0.125335	0.767809	0.586089	0.258784
