// General information: 
//  MT Manager version: 2022.2.0 
//  XDA version: 2022.2.0 build 7381 rev 124627 built on 2023-07-19
// Device information: 
//  DeviceId: 00B4CB9F
//  ProductCode: MTW2-3A7G6
//  Firmware Version: 4.6.0
//  Hardware Version: 2.0.0
// Device settings: 
//  Filter Profile: human(46.1)
//  Option Flags: Orientation Smoother Disabled, Position/Velocity Smoother Disabled, Continuous Zero Rotation Update Disabled, AHS Disabled, ICC Disabled
// Coordinate system: ENU
PacketCounter	Acc_X	Acc_Y	Acc_Z	Gyr_X	Gyr_Y	Gyr_Z	Mat[1][1]	Mat[2][1]	Mat[3][1]	Mat[1][2]	Mat[2][2]	Mat[3][2]	Mat[1][3]	Mat[2][3]	Mat[3][3]
40005	9.701032	-1.553639	-0.350339	0.002569	0.008974	-0.005569	0.131127	-0.107710	0.985497	0.566777	-0.807451	-0.163664	0.813369	0.580018	-0.044831
40006	9.685188	-1.537475	-0.375884	0.000230	0.009491	-0.011293	0.131058	-0.107678	0.985510	0.566825	-0.807430	-0.163600	0.813347	0.580053	-0.044786
40007	9.659287	-1.488404	-0.398774	-0.005125	0.010229	-0.005014	0.131011	-0.107678	0.985516	0.566822	-0.807439	-0.163572	0.813357	0.580042	-0.044749
40008	9.683347	-1.533103	-0.416050	-0.002286	0.012796	-0.012015	0.130911	-0.107659	0.985531	0.566850	-0.807433	-0.163500	0.813353	0.580052	-0.044675
40009	9.693640	-1.564873	-0.417664	-0.009096	0.010562	-0.011236	0.130826	-0.107611	0.985548	0.566823	-0.807471	-0.163410	0.813386	0.580009	-0.044642
40010	9.699778	-1.546286	-0.387530	-0.004710	0.012481	-0.009166	0.130745	-0.107613	0.985558	0.566828	-0.807477	-0.163365	0.813396	0.580001	-0.044575
40011	9.666358	-1.537826	-0.384145	-0.005361	0.013099	-0.007203	0.130662	-0.107613	0.985569	0.566826	-0.807488	-0.163315	0.813410	0.579985	-0.044511
40012	9.654297	-1.501356	-0.422510	-0.002566	0.011297	-0.009248	0.130590	-0.107607	0.985579	0.566848	-0.807481	-0.163270	0.813406	0.579995	-0.044452
40013	9.658249	-1.480043	-0.434717	-0.008214	0.007076	-0.011013	0.130535	-0.107541	0.985594	0.566826	-0.807514	-0.163182	0.813430	0.579962	-0.044452
40014	9.696192	-1.537209	-0.468094	-0.005600	0.008060	-0.008056	0.130496	-0.107527	0.985601	0.566823	-0.807524	-0.163148	0.813439	0.579951	-0.044430
40015	9.700681	-1.541699	-0.383184	-0.013626	0.007894	-0.011928	0.130428	-0.107458	0.985617	0.566758	-0.807589	-0.163048	0.813495	0.579873	-0.044430
40016	9.714740	-1.553138	-0.398177	-0.014651	0.010631	-0.010769	0.130353	-0.107436	0.985629	0.566684	-0.807654	-0.162983	0.813558	0.579786	-0.044398
40017	9.697383	-1.559507	-0.368667	-0.015356	0.011334	-0.015998	0.130235	-0.107355	0.985654	0.566612	-0.807733	-0.162842	0.813628	0.579691	-0.044366
40018	9.705194	-1.517216	-0.393705	-0.015731	0.013454	-0.016803	0.130102	-0.107301	0.985677	0.566537	-0.807811	-0.162717	0.813701	0.579593	-0.044308
40019	9.652159	-1.512865	-0.403789	-0.014474	0.015758	-0.017109	0.129942	-0.107236	0.985706	0.566472	-0.807887	-0.162567	0.813772	0.579499	-0.044232
40020	9.652469	-1.511222	-0.402524	-0.014614	0.015008	-0.015727	0.129803	-0.107200	0.985728	0.566405	-0.807957	-0.162453	0.813841	0.579408	-0.044156
40021	9.656513	-1.489301	-0.414467	-0.015362	0.011337	-0.016002	0.129684	-0.107118	0.985752	0.566332	-0.808036	-0.162312	0.813910	0.579313	-0.044125
40022	9.647131	-1.525900	-0.429778	-0.007614	0.010000	-0.009359	0.129622	-0.107105	0.985762	0.566314	-0.808059	-0.162264	0.813933	0.579284	-0.044087
40023	9.686786	-1.515005	-0.402061	-0.012653	0.008697	-0.009473	0.129562	-0.107061	0.985775	0.566255	-0.808115	-0.162190	0.813984	0.579213	-0.044077
40024	9.663507	-1.539306	-0.401473	-0.013171	0.017977	-0.010225	0.129430	-0.107087	0.985789	0.566192	-0.808171	-0.162131	0.814048	0.579131	-0.043970
40025	9.685136	-1.509903	-0.441960	-0.017138	0.010403	-0.015122	0.129324	-0.107007	0.985812	0.566104	-0.808259	-0.161998	0.814126	0.579023	-0.043950
40026	9.691269	-1.490785	-0.411863	-0.014110	0.013645	-0.016311	0.129193	-0.106958	0.985834	0.566042	-0.808326	-0.161879	0.814190	0.578937	-0.043887
40027	9.669755	-1.491274	-0.466411	-0.015745	0.013462	-0.016811	0.129053	-0.106882	0.985861	0.565968	-0.808408	-0.161731	0.814264	0.578838	-0.043835
40028	9.707437	-1.476758	-0.480421	-0.013975	0.014399	-0.017696	0.128908	-0.106827	0.985886	0.565908	-0.808476	-0.161598	0.814328	0.578752	-0.043765
40029	9.725812	-1.493269	-0.410597	-0.014629	0.015015	-0.015733	0.128761	-0.106769	0.985911	0.565841	-0.808550	-0.161461	0.814398	0.578659	-0.043695
40030	9.698911	-1.537454	-0.396577	-0.015432	0.022791	-0.013718	0.128570	-0.106794	0.985933	0.565765	-0.808623	-0.161367	0.814481	0.578553	-0.043544
40031	9.669334	-1.508174	-0.405301	-0.010396	0.024098	-0.013602	0.128361	-0.106806	0.985959	0.565729	-0.808671	-0.161253	0.814539	0.578485	-0.043378
40032	9.675400	-1.489454	-0.374134	-0.011932	0.020287	-0.010534	0.128209	-0.106843	0.985975	0.565677	-0.808719	-0.161191	0.814599	0.578410	-0.043246
40033	9.679400	-1.467901	-0.385181	-0.013805	0.022978	-0.013221	0.128011	-0.106851	0.986000	0.565614	-0.808785	-0.161079	0.814674	0.578316	-0.043097
40034	9.679695	-1.466501	-0.383080	-0.015818	0.024916	-0.014527	0.127798	-0.106882	0.986024	0.565536	-0.808861	-0.160977	0.814762	0.578204	-0.042925
40035	9.666070	-1.452489	-0.365435	-0.025898	0.022303	-0.014769	0.127596	-0.106874	0.986051	0.565373	-0.809001	-0.160844	0.814906	0.578010	-0.042802
40036	9.624959	-1.458009	-0.433083	-0.028275	0.018447	-0.015550	0.127431	-0.106859	0.986074	0.565194	-0.809150	-0.160726	0.815057	0.577805	-0.042714
40037	9.635467	-1.489190	-0.434643	-0.034434	0.015590	-0.016756	0.127273	-0.106797	0.986101	0.564965	-0.809340	-0.160571	0.815240	0.577549	-0.042671
40038	9.647732	-1.496956	-0.491463	-0.039856	0.016406	-0.017684	0.127112	-0.106753	0.986127	0.564694	-0.809558	-0.160427	0.815453	0.577252	-0.042622
40039	9.616464	-1.490363	-0.446086	-0.040102	0.019286	-0.019872	0.126906	-0.106686	0.986161	0.564425	-0.809783	-0.160239	0.815671	0.576949	-0.042550
40040	9.664488	-1.507928	-0.462589	-0.038521	0.019576	-0.026567	0.126669	-0.106588	0.986202	0.564176	-0.810002	-0.160008	0.815880	0.576659	-0.042468
40041	9.689166	-1.550587	-0.479552	-0.040079	0.023680	-0.024828	0.126400	-0.106506	0.986245	0.563913	-0.810232	-0.159771	0.816104	0.576351	-0.042353
40042	9.687925	-1.571282	-0.422701	-0.038694	0.026746	-0.026512	0.126104	-0.106450	0.986289	0.563662	-0.810452	-0.159540	0.816323	0.576052	-0.042200
40043	9.686686	-1.591985	-0.365543	-0.034178	0.029426	-0.025807	0.125783	-0.106394	0.986336	0.563447	-0.810649	-0.159297	0.816521	0.575785	-0.042019
40044	9.660095	-1.635162	-0.350830	-0.030043	0.034228	-0.025902	0.125430	-0.106385	0.986382	0.563265	-0.810819	-0.159076	0.816700	0.575548	-0.041778
40045	9.656882	-1.653145	-0.335143	-0.021498	0.033031	-0.022584	0.125097	-0.106376	0.986425	0.563150	-0.810939	-0.158869	0.816831	0.575380	-0.041541
40046	9.659302	-1.653843	-0.290026	-0.008612	0.033864	-0.024364	0.124756	-0.106378	0.986468	0.563142	-0.810983	-0.158673	0.816889	0.575317	-0.041269
40047	9.693494	-1.658670	-0.289020	-0.001222	0.031228	-0.029324	0.124400	-0.106303	0.986521	0.563201	-0.810994	-0.158409	0.816903	0.575315	-0.041018
40048	9.665927	-1.604783	-0.351714	0.000726	0.032818	-0.024390	0.124067	-0.106299	0.986564	0.563269	-0.810985	-0.158216	0.816906	0.575330	-0.040742
40049	9.649578	-1.516094	-0.356075	-0.007522	0.027611	-0.029167	0.123742	-0.106206	0.986615	0.563275	-0.811032	-0.157951	0.816951	0.575281	-0.040535
40050	9.667919	-1.504892	-0.382205	-0.023728	0.026517	-0.035607	0.123397	-0.106074	0.986672	0.563157	-0.811175	-0.157637	0.817085	0.575103	-0.040360
40051	9.690896	-1.404998	-0.360045	-0.044386	0.027027	-0.040521	0.123012	-0.105885	0.986740	0.562878	-0.811444	-0.157246	0.817335	0.574758	-0.040217
40052	9.691600	-1.400609	-0.358189	-0.066686	0.027352	-0.045948	0.122603	-0.105674	0.986814	0.562421	-0.811845	-0.156813	0.817711	0.574231	-0.040101
40053	9.674643	-1.377024	-0.425072	-0.083820	0.029756	-0.052628	0.122128	-0.105402	0.986902	0.561831	-0.812355	-0.156286	0.818187	0.573559	-0.039993
40054	9.682247	-1.397752	-0.510761	-0.097381	0.026129	-0.059756	0.121651	-0.105071	0.986996	0.561139	-0.812945	-0.155705	0.818733	0.572783	-0.039936
40055	9.693021	-1.491313	-0.574619	-0.107884	0.017839	-0.066751	0.121195	-0.104615	0.987101	0.560367	-0.813606	-0.155028	0.819329	0.571927	-0.039982
40056	9.748623	-1.557216	-0.582526	-0.113768	0.016383	-0.063573	0.120777	-0.104196	0.987196	0.559544	-0.814292	-0.154403	0.819954	0.571028	-0.040045
40057	9.765037	-1.660644	-0.520509	-0.100597	0.026442	-0.055003	0.120317	-0.103884	0.987285	0.558819	-0.814894	-0.153846	0.820515	0.570224	-0.039994
40058	9.959517	-1.723081	-0.292254	-0.078288	0.030560	-0.054504	0.119834	-0.103618	0.987372	0.558274	-0.815366	-0.153324	0.820957	0.569597	-0.039861
40059	9.610587	-1.731557	-0.175468	-0.052606	0.071378	-0.035658	0.119114	-0.103719	0.987448	0.557916	-0.815676	-0.152977	0.821305	0.569135	-0.039292
40060	9.524278	-1.745397	-0.083522	-0.020222	0.041666	-0.044951	0.118593	-0.103595	0.987524	0.557835	-0.815807	-0.152573	0.821435	0.568970	-0.038960
40061	9.696430	-1.551501	0.040998	-0.013528	0.035395	-0.050203	0.118087	-0.103373	0.987608	0.557813	-0.815911	-0.152098	0.821523	0.568862	-0.038686
40062	9.704892	-1.411054	-0.016084	-0.024412	0.037008	-0.052109	0.117565	-0.103163	0.987692	0.557706	-0.816073	-0.151622	0.821670	0.568668	-0.038406
40063	9.736089	-1.339233	-0.037106	-0.050247	0.039686	-0.053600	0.117004	-0.102938	0.987782	0.557389	-0.816386	-0.151100	0.821966	0.568258	-0.038144
40064	9.712293	-1.261664	-0.112473	-0.092476	0.036071	-0.055291	0.116472	-0.102697	0.987870	0.556725	-0.816938	-0.150566	0.822491	0.567509	-0.037976
40065	9.752008	-1.379952	-0.207238	-0.135708	0.031678	-0.059487	0.115944	-0.102377	0.987966	0.555708	-0.817742	-0.149954	0.823253	0.566407	-0.037920
40066	9.805916	-1.537441	-0.221551	-0.159935	0.038830	-0.058243	0.115374	-0.102126	0.988058	0.554491	-0.818676	-0.149365	0.824154	0.565102	-0.037826
40067	9.806780	-1.692842	-0.247446	-0.156242	0.050087	-0.056843	0.114709	-0.101930	0.988156	0.553302	-0.819588	-0.148772	0.825045	0.563814	-0.037616
40068	9.770733	-1.766930	-0.292620	-0.136685	0.056969	-0.062828	0.113964	-0.101742	0.988261	0.552278	-0.820391	-0.148147	0.825834	0.562678	-0.037306
40069	9.718789	-1.758349	-0.300886	-0.107012	0.062064	-0.063524	0.113165	-0.101558	0.988372	0.551497	-0.821031	-0.147507	0.826465	0.561777	-0.036903
40070	9.679151	-1.786269	-0.269497	-0.084677	0.066231	-0.062922	0.112343	-0.101419	0.988480	0.550901	-0.821540	-0.146902	0.826975	0.561058	-0.036423
40071	9.889282	-1.742406	-0.141997	-0.058460	0.052750	-0.057958	0.111652	-0.101227	0.988578	0.550515	-0.821899	-0.146336	0.827325	0.560566	-0.036039
40072	9.722424	-1.740680	-0.285812	-0.038866	0.087942	-0.045117	0.110748	-0.101355	0.988667	0.550277	-0.822133	-0.145923	0.827605	0.560201	-0.035276
40073	9.354134	-1.729429	-0.279125	-0.012887	0.065541	-0.057741	0.109952	-0.101238	0.988768	0.550264	-0.822238	-0.145377	0.827720	0.560067	-0.034699
40074	9.594133	-1.618288	-0.173342	-0.017888	0.060920	-0.068809	0.109142	-0.101019	0.988880	0.550224	-0.822378	-0.144737	0.827854	0.559902	-0.034173
40075	9.715437	-1.560550	-0.096342	-0.031004	0.068157	-0.075627	0.108226	-0.100769	0.989006	0.550082	-0.822600	-0.144009	0.828068	0.559620	-0.033596
40076	9.805852	-1.536936	-0.133870	-0.046582	0.079476	-0.084555	0.107175	-0.100524	0.989145	0.549820	-0.822916	-0.143204	0.828379	0.559200	-0.032926
40077	10.098880	-1.519551	0.020251	-0.059158	0.085162	-0.084772	0.106068	-0.100293	0.989288	0.549454	-0.823304	-0.142376	0.828764	0.558670	-0.032220
40078	9.690321	-1.574973	-0.147302	-0.071287	0.114696	-0.084900	0.104723	-0.100240	0.989437	0.548985	-0.823757	-0.141561	0.829245	0.558011	-0.031236
40079	9.619775	-1.602146	-0.024933	-0.059362	0.114895	-0.089065	0.103346	-0.100139	0.989592	0.548619	-0.824150	-0.140691	0.829661	0.557449	-0.030235
40080	9.806136	-1.642792	0.003873	-0.051933	0.125393	-0.094352	0.101861	-0.100066	0.989753	0.548318	-0.824504	-0.139789	0.830043	0.556939	-0.029116
40081	9.994674	-1.595614	0.084859	-0.031822	0.135291	-0.098502	0.100261	-0.099999	0.989923	0.548186	-0.824753	-0.138836	0.830325	0.556582	-0.027873
40082	10.036502	-1.488961	0.178315	-0.009532	0.165352	-0.091244	0.098461	-0.100173	0.990086	0.548231	-0.824867	-0.137977	0.830511	0.556381	-0.026299
40083	10.260835	-1.365861	0.356042	0.002791	0.176030	-0.080511	0.096621	-0.100482	0.990236	0.548364	-0.824906	-0.137211	0.830639	0.556268	-0.024603
40084	9.848613	-1.383145	0.314124	0.001985	0.237354	-0.055145	0.094420	-0.101353	0.990360	0.548467	-0.824920	-0.136712	0.830824	0.556088	-0.022300
40085	9.854249	-1.460468	0.443751	0.013786	0.250002	-0.038003	0.092198	-0.102423	0.990459	0.548651	-0.824855	-0.136370	0.830952	0.555989	-0.019855
40086	9.953078	-1.505959	0.562467	0.035737	0.270431	-0.019502	0.089916	-0.103773	0.990528	0.548999	-0.824646	-0.136230	0.830972	0.556049	-0.017178
40087	9.982561	-1.535891	0.644044	0.059698	0.284673	-0.001949	0.087602	-0.105334	0.990571	0.549530	-0.824289	-0.136251	0.830869	0.556284	-0.014325
40088	10.302084	-1.433079	0.751336	0.096005	0.319361	0.015181	0.085105	-0.107243	0.990584	0.550348	-0.823708	-0.136460	0.830586	0.556780	-0.011081
40089	10.057007	-1.397756	0.680958	0.115384	0.372197	0.033797	0.082262	-0.109590	0.990567	0.551312	-0.823001	-0.136836	0.830234	0.557368	-0.007284
40090	9.694921	-1.418871	0.581395	0.137469	0.418731	0.035003	0.079053	-0.112219	0.990534	0.552459	-0.822165	-0.137235	0.829783	0.558078	-0.002998
40091	9.850607	-1.334529	0.674155	0.158607	0.424070	0.030447	0.075764	-0.114834	0.990491	0.553785	-0.821217	-0.137569	0.829206	0.558942	0.001375
40092	9.760404	-1.415060	0.655498	0.179097	0.444039	0.018813	0.072261	-0.117478	0.990443	0.555290	-0.820162	-0.137794	0.828512	0.559940	0.005969
40093	9.884751	-1.482879	0.726223	0.215852	0.466202	0.005448	0.068490	-0.120133	0.990392	0.557108	-0.818917	-0.137860	0.827611	0.561198	0.010839
40094	9.951816	-1.481032	0.848935	0.260117	0.496460	0.002089	0.064469	-0.122946	0.990317	0.559293	-0.817422	-0.137891	0.826460	0.562767	0.016064
40095	9.971386	-1.533904	1.014179	0.310828	0.544083	0.015116	0.060120	-0.126133	0.990190	0.561884	-0.815622	-0.138011	0.825028	0.564670	0.021837
40096	10.012299	-1.731014	1.287791	0.397165	0.577240	0.013954	0.055515	-0.129519	0.990022	0.565184	-0.813324	-0.138095	0.823095	0.567211	0.028050
40097	10.275868	-2.019075	1.682420	0.514772	0.626255	0.026177	0.050576	-0.133291	0.989786	0.569436	-0.810332	-0.138222	0.820479	0.570610	0.034918
40098	10.434425	-2.445647	2.107930	0.675047	0.700069	0.013665	0.044995	-0.137417	0.989491	0.574991	-0.806414	-0.138139	0.816921	0.575164	0.042729
40099	10.502298	-2.835381	2.568620	0.887045	0.826387	-0.010735	0.038260	-0.142108	0.989111	0.582256	-0.801269	-0.137642	0.812105	0.581182	0.052087
40100	10.964440	-3.001569	3.203550	1.131359	0.995196	-0.023718	0.030143	-0.147744	0.988566	0.591452	-0.794652	-0.136797	0.805777	0.588813	0.063430
40101	10.922778	-3.146462	3.750973	1.379830	1.219095	-0.041140	0.020179	-0.154654	0.987763	0.602561	-0.786494	-0.135451	0.797818	0.597921	0.077318
40102	10.717572	-3.061704	4.188463	1.634641	1.487799	-0.058075	0.008100	-0.163176	0.986564	0.615567	-0.776692	-0.133517	0.788043	0.608378	0.094154
40103	10.383505	-2.717191	4.601031	1.877717	1.724217	-0.103756	-0.005979	-0.172970	0.984909	0.630292	-0.765299	-0.130576	0.776335	0.620000	0.113597
40104	10.029851	-2.141786	4.745647	2.062954	1.900769	-0.184663	-0.021714	-0.183470	0.982785	0.646180	-0.752673	-0.126235	0.762876	0.632315	0.134898
40105	9.744583	-1.113277	4.525530	2.169389	2.001396	-0.289618	-0.038679	-0.194096	0.980220	0.662519	-0.739330	-0.120254	0.748046	0.644762	0.157189
40106	9.324487	0.168427	4.210794	2.129849	2.041333	-0.402012	-0.056416	-0.204427	0.977255	0.678134	-0.726235	-0.112769	0.732770	0.656348	0.179601
40107	8.856843	1.380475	3.982892	1.944263	2.000294	-0.505338	-0.074343	-0.214020	0.973996	0.691945	-0.714396	-0.104163	0.718112	0.666208	0.201201
40108	8.722698	2.147227	3.666856	1.608974	1.886732	-0.544496	-0.091497	-0.222791	0.970563	0.702982	-0.704766	-0.095506	0.705298	0.673550	0.221102
40109	8.805149	2.429521	3.372956	1.152574	1.733098	-0.519573	-0.107266	-0.230858	0.967057	0.710574	-0.698119	-0.087840	0.695399	0.677743	0.238926
40110	9.069417	2.311422	3.056135	0.698767	1.567957	-0.450961	-0.121258	-0.238348	0.963580	0.714931	-0.694394	-0.081795	0.688600	0.678975	0.254604
40111	8.962342	1.824001	2.675550	0.309273	1.378246	-0.359608	-0.133259	-0.245202	0.960270	0.716632	-0.693127	-0.077540	0.684602	0.677828	0.268085
40112	8.861538	1.359558	2.172635	0.003696	1.178954	-0.263949	-0.143139	-0.251340	0.957256	0.716331	-0.693715	-0.075031	0.682921	0.674972	0.279340
40113	8.671182	0.969159	1.392118	-0.205546	0.985020	-0.181156	-0.151127	-0.256707	0.954600	0.714696	-0.695521	-0.073890	0.682913	0.671083	0.288580
40114	8.593154	0.754210	0.491650	-0.454446	0.763557	-0.154647	-0.157380	-0.260728	0.952498	0.711388	-0.698917	-0.073773	0.684951	0.665985	0.295474
40115	8.671518	0.372861	-0.248427	-0.720274	0.588477	-0.145249	-0.162418	-0.263603	0.950860	0.706244	-0.704033	-0.074542	0.689086	0.659432	0.300515
40116	8.698027	-0.147773	-0.815403	-0.932071	0.463792	-0.151425	-0.166620	-0.265567	0.949585	0.699585	-0.710502	-0.075951	0.694852	0.651660	0.304170
40117	8.725167	-0.761331	-1.082843	-1.014356	0.363090	-0.146949	-0.170139	-0.266861	0.948598	0.692294	-0.717425	-0.077658	0.701272	0.643496	0.306808
40118	8.592205	-1.304636	-1.115336	-0.961382	0.275599	-0.132288	-0.172919	-0.267667	0.947868	0.685336	-0.723887	-0.079392	0.707399	0.635879	0.308616
40119	8.354092	-1.609092	-1.067685	-0.793923	0.192748	-0.113759	-0.175021	-0.268050	0.947373	0.679540	-0.729178	-0.080773	0.712455	0.629641	0.309773
40120	8.219959	-1.846784	-0.751353	-0.565367	0.099003	-0.117867	-0.176455	-0.267808	0.947176	0.675336	-0.733000	-0.081439	0.716090	0.625291	0.310202
40121	8.488205	-2.036370	-0.244902	-0.270539	0.026107	-0.129581	-0.177468	-0.267008	0.947213	0.673206	-0.734999	-0.081057	0.717843	0.623284	0.310190
40122	8.975664	-2.178689	0.400341	0.045740	-0.022402	-0.120466	-0.178046	-0.265981	0.947393	0.673361	-0.734994	-0.079804	0.717554	0.623729	0.309964
40123	9.416979	-2.323662	1.021845	0.380497	-0.019599	-0.084808	-0.178425	-0.265224	0.947534	0.675975	-0.732803	-0.077829	0.714998	0.626622	0.310036
40124	9.698672	-2.377085	1.731755	0.732671	0.009474	-0.047340	-0.178742	-0.264936	0.947555	0.681151	-0.728277	-0.075137	0.709989	0.631998	0.310635
40125	9.809601	-2.086580	2.553748	1.096694	0.053953	-0.008240	-0.179124	-0.265206	0.947407	0.688920	-0.721286	-0.071656	0.702356	0.639853	0.311905
40126	9.649466	-1.483570	3.538650	1.424376	0.111030	0.013552	-0.179732	-0.266015	0.947065	0.698917	-0.712024	-0.067357	0.692251	0.649814	0.313896
40127	9.365961	-0.529026	4.445335	1.666380	0.174550	0.031682	-0.180649	-0.267370	0.946509	0.710448	-0.700976	-0.062416	0.680169	0.661170	0.316583
40128	9.169268	0.642193	5.228031	1.780993	0.208630	0.037488	-0.181715	-0.269016	0.945838	0.722552	-0.688951	-0.057135	0.667007	0.673035	0.319571
40129	8.940967	1.962614	5.826448	1.723272	0.223844	0.049830	-0.182776	-0.270860	0.945107	0.734063	-0.677081	-0.052084	0.654022	0.684248	0.322582
40130	8.826564	3.071426	6.187113	1.493333	0.219422	0.065386	-0.183644	-0.272803	0.944380	0.743902	-0.666570	-0.047893	0.642561	0.693731	0.325350
40131	8.765023	3.985481	6.153391	1.143385	0.215199	0.082922	-0.184349	-0.274835	0.943653	0.751386	-0.658330	-0.044948	0.633589	0.700761	0.327870
40132	8.243715	4.263459	5.879945	0.731179	0.216791	0.089145	-0.184974	-0.276933	0.942917	0.756199	-0.652900	-0.043411	0.627653	0.705003	0.330186
40133	7.753240	4.106012	5.568512	0.295790	0.181677	0.066540	-0.185568	-0.278629	0.942301	0.758209	-0.650588	-0.043058	0.625047	0.706471	0.331988
40134	7.369144	3.555623	5.072902	-0.158561	0.098218	0.030133	-0.185883	-0.279509	0.941978	0.757310	-0.651578	-0.043897	0.626042	0.705210	0.332792
40135	7.180654	2.834568	4.359377	-0.626769	-0.006173	-0.004632	-0.185846	-0.279414	0.942013	0.753397	-0.655960	-0.045932	0.630757	0.701174	0.332417
40136	6.975679	2.397138	3.689313	-1.096166	-0.109663	-0.006919	-0.185131	-0.278594	0.942397	0.746462	-0.663583	-0.049530	0.639157	0.694294	0.330809
40137	6.584526	2.383533	2.746393	-1.523715	-0.240255	-0.008570	-0.183616	-0.276859	0.943204	0.736652	-0.674076	-0.054456	0.650868	0.684814	0.327719
40138	6.075733	2.679638	1.500642	-1.908694	-0.408893	0.013126	-0.180757	-0.274164	0.944543	0.724151	-0.686955	-0.060816	0.665532	0.672998	0.322709
40139	5.727938	2.801784	0.454922	-2.270755	-0.601322	0.056575	-0.176271	-0.270531	0.946436	0.708977	-0.701889	-0.068584	0.682847	0.658912	0.315523
40140	5.656385	2.215252	-0.031793	-2.600647	-0.786093	0.103062	-0.170033	-0.266143	0.948819	0.691182	-0.718495	-0.077674	0.702394	0.642599	0.306121
40141	6.718572	0.666889	0.541077	-2.772028	-0.921722	0.151796	-0.162404	-0.261382	0.951475	0.671716	-0.735631	-0.087434	0.722788	0.624921	0.295044
40142	8.996501	-1.682104	2.359395	-2.695836	-0.919779	0.220940	-0.154132	-0.257357	0.953945	0.652360	-0.751628	-0.097372	0.742071	0.607307	0.283739
40143	12.143880	-5.212773	6.294703	-2.317848	-0.696776	0.286636	-0.147032	-0.255334	0.955608	0.635444	-0.764757	-0.106569	0.758019	0.591566	0.274694
40144	14.816981	-9.893317	10.240123	-1.553253	-0.218136	0.292666	-0.143452	-0.256308	0.955891	0.624059	-0.773071	-0.113634	0.768097	0.580231	0.270850
40145	14.980462	-13.223573	9.219143	-0.214147	0.171095	0.239799	-0.143243	-0.259146	0.955157	0.622796	-0.773661	-0.116505	0.769160	0.578179	0.272217
40146	14.173107	-10.420138	6.830172	1.228336	0.097208	0.343681	-0.141757	-0.262360	0.954501	0.632727	-0.765568	-0.116460	0.761289	0.587430	0.274527
40147	12.395809	-3.615671	4.875705	1.984174	-0.127304	0.411515	-0.138126	-0.264732	0.954378	0.648324	-0.752638	-0.114941	0.748731	0.602870	0.275591
40148	10.955685	3.506739	3.642404	2.006432	-0.272658	0.243962	-0.134429	-0.264887	0.954863	0.663591	-0.739698	-0.111776	0.735918	0.618613	0.275213
40149	9.531664	8.532454	1.925226	1.373573	-0.185903	-0.003970	-0.133063	-0.263700	0.955383	0.673671	-0.731102	-0.107968	0.726953	0.629248	0.274930
40150	8.371915	9.987427	0.230098	0.227208	-0.029355	-0.163113	-0.133878	-0.262321	0.955649	0.675143	-0.730058	-0.105816	0.725437	0.631033	0.274842
40151	7.622835	8.330583	-0.136239	-0.966365	0.092113	-0.119444	-0.135327	-0.262012	0.955529	0.667978	-0.736401	-0.107323	0.731773	0.623749	0.274674
40152	6.961222	4.804762	0.270168	-1.760882	-0.036446	0.109295	-0.134263	-0.262597	0.955519	0.655177	-0.746944	-0.113215	0.743449	0.610833	0.272334
40153	8.032408	1.373273	0.911697	-2.044230	-0.433449	0.390850	-0.128460	-0.262904	0.956232	0.640389	-0.758229	-0.122436	0.757232	0.596632	0.265762
40154	9.800411	-1.408500	0.845105	-2.183802	-0.788943	0.617159	-0.118451	-0.262970	0.957505	0.624493	-0.769438	-0.134064	0.771996	0.582075	0.255363
40155	11.205392	-2.827990	0.234874	-2.369300	-0.942211	0.728189	-0.106599	-0.263188	0.958837	0.606875	-0.781098	-0.146931	0.787617	0.566231	0.242987
40156	11.326816	-3.363846	-0.114154	-2.574142	-0.969544	0.704920	-0.094602	-0.263338	0.960054	0.587139	-0.793554	-0.159812	0.803939	0.548567	0.229688
40157	10.616040	-3.920292	-0.252671	-2.633898	-0.928812	0.594027	-0.083609	-0.263066	0.961148	0.566322	-0.806168	-0.171385	0.819932	0.529990	0.216383
40158	9.558242	-4.655376	-0.188950	-2.455326	-0.912590	0.482788	-0.073301	-0.262237	0.962216	0.546433	-0.817663	-0.181214	0.834289	0.512503	0.203231
40159	8.571907	-5.738875	-0.496965	-2.041371	-0.919784	0.368251	-0.063563	-0.260607	0.963350	0.529576	-0.826990	-0.188776	0.845878	0.498168	0.190577
40160	8.159449	-6.376777	-0.703986	-1.472129	-0.942943	0.240850	-0.054215	-0.257965	0.964632	0.517246	-0.833593	-0.193852	0.854118	0.488442	0.178624
40161	8.385321	-5.785293	-0.858356	-0.859693	-0.976375	0.140329	-0.045094	-0.254387	0.966051	0.509993	-0.837386	-0.196700	0.858996	0.483809	0.167497
40162	8.558075	-4.529675	-0.880819	-0.375026	-0.998251	0.074471	-0.036056	-0.250195	0.967524	0.506839	-0.838978	-0.198066	0.861286	0.483237	0.157059
40163	9.058424	-3.321470	-0.700336	-0.044641	-1.033104	0.053177	-0.026844	-0.245636	0.968990	0.506512	-0.839035	-0.198661	0.861815	0.485473	0.146940
40164	9.472326	-2.463863	-0.369401	0.146145	-1.031477	0.056484	-0.017598	-0.241093	0.970342	0.507824	-0.838152	-0.199039	0.861281	0.489261	0.137183
40165	9.618713	-1.815613	0.157238	0.230046	-1.008437	0.072999	-0.008501	-0.236747	0.971534	0.509854	-0.836819	-0.199457	0.860219	0.493645	0.127820
40166	9.785057	-1.131486	0.528685	0.211329	-0.985842	0.076580	0.000438	-0.232510	0.972594	0.511713	-0.835558	-0.199981	0.859156	0.497777	0.118613
40167	9.887639	-0.307997	0.733208	0.092673	-0.946256	0.082621	0.009035	-0.228472	0.973509	0.512544	-0.834877	-0.200694	0.858613	0.500780	0.109559
40168	9.727614	0.126475	0.794272	-0.142111	-0.917931	0.072728	0.017364	-0.224488	0.974322	0.511353	-0.835392	-0.201591	0.859195	0.501723	0.100287
40169	9.548433	-0.158884	0.774567	-0.443723	-0.915820	0.051722	0.025552	-0.220328	0.975091	0.507563	-0.837473	-0.202532	0.861236	0.500095	0.090431
40170	9.574433	-1.012719	0.537291	-0.701111	-0.947161	0.053448	0.034067	-0.216067	0.975784	0.501536	-0.840816	-0.203691	0.864466	0.496330	0.079722
40171	9.529255	-2.129470	0.221803	-0.821639	-0.997491	0.052185	0.043013	-0.211573	0.976415	0.494435	-0.844738	-0.204822	0.868150	0.491584	0.068275
40172	9.778715	-2.980136	-0.090627	-0.794379	-1.041700	0.066634	0.052474	-0.207051	0.976922	0.487531	-0.848453	-0.206010	0.871527	0.487090	0.056422
40173	9.783580	-3.444764	-0.407034	-0.687453	-1.088517	0.075005	0.062385	-0.202400	0.977314	0.481525	-0.851611	-0.207104	0.874209	0.483521	0.044333
40174	10.159722	-3.353952	-0.581071	-0.569547	-1.123597	0.080081	0.072674	-0.197676	0.977570	0.476523	-0.854166	-0.208148	0.876153	0.480961	0.032122
40175	9.714774	-3.055110	-0.971011	-0.505552	-1.142138	0.058917	0.083017	-0.192695	0.977741	0.472080	-0.856453	-0.208874	0.877638	0.478912	0.019867
40176	9.553429	-2.540766	-1.155070	-0.487896	-1.182509	0.024456	0.093589	-0.187265	0.977841	0.467810	-0.858708	-0.209224	0.878860	0.477025	0.007238
40177	9.367150	-2.235356	-1.388765	-0.520298	-1.203874	-0.023193	0.104120	-0.181333	0.977894	0.463292	-0.861203	-0.209022	0.880068	0.474814	-0.005658
40178	9.139503	-2.160358	-1.376759	-0.530161	-1.222597	-0.080756	0.114585	-0.174858	0.977903	0.458747	-0.863828	-0.208214	0.881148	0.472468	-0.018766
40179	9.763944	-2.197608	-1.277039	-0.528383	-1.239680	-0.113113	0.125050	-0.168034	0.977817	0.454258	-0.866488	-0.206996	0.882050	0.470067	-0.032024
40180	8.681761	-2.433054	-1.382246	-0.507251	-1.217982	-0.161576	0.135138	-0.160934	0.977670	0.450027	-0.869103	-0.205268	0.882731	0.467717	-0.045025
40181	9.192784	-2.306920	-1.072283	-0.463982	-1.266632	-0.202065	0.145469	-0.153261	0.977420	0.446248	-0.871563	-0.203077	0.883007	0.465713	-0.058394
40182	9.178443	-2.134307	-0.879316	-0.455808	-1.269028	-0.246410	0.155651	-0.145227	0.977078	0.442627	-0.874021	-0.200421	0.883093	0.463677	-0.071761
40183	8.994939	-2.073295	-0.715891	-0.450748	-1.268714	-0.290073	0.165631	-0.136816	0.976651	0.439145	-0.876493	-0.197260	0.883017	0.461564	-0.085092
40184	9.315812	-2.138996	-0.301348	-0.435734	-1.275294	-0.318266	0.175568	-0.128164	0.976089	0.435873	-0.878894	-0.193802	0.882718	0.459477	-0.098442
40185	9.203489	-2.278892	-0.007633	-0.403531	-1.212826	-0.318249	0.184943	-0.119802	0.975420	0.432917	-0.881117	-0.190302	0.882258	0.457471	-0.111092
40186	9.495998	-2.446564	0.587979	-0.355325	-1.175770	-0.304949	0.194066	-0.111758	0.974602	0.430393	-0.883067	-0.186963	0.881533	0.455745	-0.123273
40187	9.558636	-2.721044	1.036849	-0.290325	-1.093998	-0.270749	0.202594	-0.104388	0.973683	0.428402	-0.884659	-0.183982	0.880583	0.454402	-0.134507
40188	9.457807	-2.928278	1.528573	-0.205476	-1.015847	-0.233534	0.210604	-0.097723	0.972675	0.427107	-0.885803	-0.181473	0.879332	0.453656	-0.144816
40189	9.450972	-3.045940	1.971391	-0.119091	-0.933172	-0.195021	0.218021	-0.091767	0.971620	0.426509	-0.886507	-0.179432	0.877814	0.453524	-0.154138
40190	9.338031	-3.015571	2.299341	-0.043032	-0.867303	-0.149103	0.225060	-0.086525	0.970495	0.426491	-0.886810	-0.177968	0.876044	0.453962	-0.162684
40191	9.395584	-2.841578	2.664024	-0.008976	-0.815995	-0.083408	0.231892	-0.082087	0.969272	0.426632	-0.886900	-0.177180	0.874192	0.454609	-0.170644
40192	9.555624	-2.906849	2.903203	-0.022531	-0.777960	-0.022459	0.238659	-0.078364	0.967936	0.426517	-0.886996	-0.176976	0.872425	0.455079	-0.178266
40193	9.812975	-3.189732	3.062550	-0.042578	-0.745087	0.041306	0.245371	-0.075352	0.966496	0.426074	-0.887137	-0.177336	0.870777	0.455312	-0.185572
40194	10.015185	-3.298440	3.184578	-0.059988	-0.725722	0.091716	0.252145	-0.072876	0.964941	0.425353	-0.887318	-0.178161	0.869194	0.455363	-0.192734
40195	10.220257	-3.109985	2.834009	-0.063994	-0.719776	0.129350	0.258982	-0.070765	0.963286	0.424494	-0.887495	-0.179324	0.867602	0.455351	-0.199805
40196	10.665401	-2.495978	2.308861	-0.089139	-0.688410	0.122439	0.265537	-0.068733	0.961647	0.423428	-0.887792	-0.180375	0.866140	0.455085	-0.206638
40197	10.734570	-1.893686	1.699856	-0.176982	-0.610582	0.071628	0.271157	-0.066617	0.960227	0.421731	-0.888526	-0.180735	0.865227	0.453965	-0.212836
40198	10.537564	-1.815789	0.794210	-0.280428	-0.519869	0.022257	0.275817	-0.064476	0.959045	0.419271	-0.889758	-0.180398	0.864949	0.451857	-0.218377
40199	10.271843	-2.096120	-0.346392	-0.313736	-0.459249	-0.030601	0.279689	-0.062159	0.958076	0.416669	-0.891169	-0.179455	0.864963	0.449392	-0.223350
40200	9.998626	-1.980765	-1.340087	-0.327692	-0.442688	-0.081049	0.283250	-0.059468	0.957201	0.414089	-0.892664	-0.177994	0.865043	0.446783	-0.228222
40201	9.992262	-1.765394	-1.858841	-0.418857	-0.449121	-0.115907	0.286684	-0.056461	0.956360	0.410821	-0.894574	-0.175963	0.865470	0.443339	-0.233265
40202	9.880871	-1.894080	-2.168454	-0.548798	-0.454122	-0.120637	0.290191	-0.053393	0.955478	0.406443	-0.897038	-0.173570	0.866368	0.438716	-0.238611
40203	8.170347	-2.169639	-2.545801	-0.640555	-0.572276	-0.180966	0.294447	-0.049301	0.954395	0.401445	-0.899904	-0.170338	0.867262	0.433293	-0.245182
40204	11.570391	-2.319559	-1.914474	-0.717662	-0.570974	-0.192965	0.298700	-0.045122	0.953280	0.395816	-0.903060	-0.166769	0.868394	0.427137	-0.251885
40205	10.970978	-2.624256	-1.489726	-0.765985	-0.473129	-0.180680	0.302129	-0.041512	0.952363	0.389726	-0.906365	-0.163144	0.869961	0.420451	-0.257661
40206	11.461299	-3.595640	-0.824093	-0.693934	-0.427698	-0.165081	0.305281	-0.038246	0.951494	0.384211	-0.909307	-0.159822	0.871312	0.414365	-0.262900
40207	12.217212	-4.244967	-0.533444	-0.537438	-0.347605	-0.186432	0.307623	-0.035150	0.950859	0.380122	-0.911570	-0.156675	0.872282	0.409639	-0.267059
40208	13.578899	-3.905140	-0.241270	-0.379920	-0.176524	-0.208574	0.308441	-0.032545	0.950687	0.377474	-0.913171	-0.153729	0.873142	0.406276	-0.269374
40209	13.663943	-3.532252	-0.305278	-0.263539	0.143511	-0.247540	0.306276	-0.030903	0.951441	0.375957	-0.914298	-0.150719	0.874558	0.403862	-0.268409
40210	12.940970	-3.614279	-0.414883	-0.124125	0.520616	-0.260033	0.300807	-0.030643	0.953192	0.375685	-0.914858	-0.147969	0.876570	0.402611	-0.263684
40211	12.776115	-3.792822	-0.094448	0.094418	0.834985	-0.219761	0.292671	-0.032039	0.955676	0.377191	-0.914528	-0.146172	0.878676	0.403253	-0.255571
40212	12.196011	-3.193115	0.506091	0.351981	1.005738	-0.132503	0.283391	-0.034918	0.958368	0.380695	-0.913127	-0.145842	0.880205	0.406176	-0.245480
40213	11.173842	-2.066104	0.832495	0.595351	1.214460	-0.018731	0.272639	-0.039755	0.961295	0.386017	-0.910681	-0.147143	0.881283	0.411193	-0.232941
40214	10.654987	-0.614958	1.319057	0.726987	1.363690	0.019880	0.260761	-0.045603	0.964326	0.392401	-0.907640	-0.149031	0.882057	0.417264	-0.218783
40215	9.728747	0.756875	1.658195	0.722950	1.539541	-0.042795	0.247016	-0.051730	0.967630	0.398918	-0.904602	-0.150196	0.883090	0.423106	-0.202815
40216	9.103126	1.806662	1.824628	0.599216	1.737699	-0.175840	0.231018	-0.057551	0.971246	0.404665	-0.902128	-0.149707	0.884804	0.427614	-0.185119
40217	8.500418	2.046678	1.737794	0.367614	1.904489	-0.302180	0.212918	-0.063036	0.975035	0.408622	-0.900713	-0.147461	0.887522	0.429817	-0.166020
40218	7.941956	1.370280	1.424386	0.120965	2.014293	-0.389306	0.193479	-0.068203	0.978731	0.410520	-0.900426	-0.143899	0.891089	0.429630	-0.146215
40219	8.175413	0.198460	0.856051	-0.089541	2.034601	-0.403525	0.173652	-0.073328	0.982073	0.410490	-0.901075	-0.139864	0.895178	0.427419	-0.126373
40220	8.769704	-1.038827	0.178108	-0.201547	2.035892	-0.349688	0.154021	-0.078861	0.984915	0.409288	-0.902176	-0.136241	0.899311	0.424098	-0.106677
40221	9.312242	-2.013569	-0.318319	-0.221134	1.986743	-0.258813	0.135058	-0.084956	0.987189	0.407701	-0.903302	-0.133515	0.903072	0.420510	-0.087361
40222	9.507207	-2.669762	-0.723957	-0.149299	1.950010	-0.170257	0.116795	-0.091606	0.988922	0.406600	-0.904054	-0.131765	0.906110	0.417485	-0.068342
40223	9.644824	-2.991737	-0.884407	-0.006317	1.909566	-0.083409	0.099133	-0.098850	0.990152	0.406665	-0.904139	-0.130978	0.908183	0.415645	-0.049431
40224	9.911243	-2.995749	-0.895736	0.170555	1.854541	-0.022985	0.082258	-0.106365	0.990919	0.408274	-0.903431	-0.130866	0.909146	0.415331	-0.030888
40225	10.009525	-2.766524	-0.964771	0.322696	1.831969	0.019960	0.065685	-0.114207	0.991283	0.411227	-0.902045	-0.131175	0.909163	0.416259	-0.012286
40226	9.970931	-2.541175	-1.093413	0.418592	1.778674	0.032321	0.049725	-0.121935	0.991292	0.415052	-0.900236	-0.131555	0.908438	0.417979	0.005846
40227	10.206486	-2.294105	-1.387522	0.499438	1.705964	0.005158	0.034265	-0.129177	0.991029	0.419620	-0.898113	-0.131574	0.907053	0.420364	0.023432
40228	10.430913	-2.086796	-1.721674	0.630400	1.623959	-0.031332	0.019491	-0.135769	0.990549	0.425380	-0.895468	-0.131107	0.904805	0.423915	0.040300
40229	11.113022	-1.898737	-1.737694	0.804367	1.531850	-0.038606	0.005498	-0.141999	0.989851	0.432687	-0.892067	-0.130375	0.901527	0.429013	0.056537
40230	11.692143	-2.341151	-1.546023	1.004567	1.493432	0.008171	-0.007826	-0.148547	0.988874	0.441763	-0.887685	-0.129850	0.897098	0.435832	0.072570
40231	12.363911	-2.819047	-1.278167	1.255581	1.491537	0.071095	-0.020833	-0.155783	0.987572	0.453040	-0.882023	-0.129576	0.891247	0.444709	0.088951
40232	12.517776	-3.283574	-0.923611	1.500887	1.527107	0.145193	-0.033649	-0.163947	0.985895	0.466443	-0.875007	-0.129588	0.883911	0.455503	0.105915
40233	12.367576	-3.528317	-0.548744	1.752606	1.565196	0.232003	-0.046298	-0.173235	0.983792	0.481989	-0.866495	-0.129898	0.874953	0.468163	0.123614
40234	11.795511	-3.427119	-0.333052	1.959329	1.603528	0.299218	-0.058704	-0.183446	0.981275	0.499230	-0.856620	-0.130276	0.864478	0.482235	0.141869
40235	11.167271	-3.174493	-0.189808	2.129793	1.599319	0.340801	-0.070682	-0.194217	0.978409	0.517777	-0.845514	-0.130432	0.852591	0.497379	0.160324
40236	10.751472	-2.639529	-0.072622	2.268083	1.567609	0.371663	-0.081911	-0.205269	0.975272	0.537293	-0.833277	-0.130257	0.839409	0.513337	0.178544
40237	10.295204	-1.588907	0.095190	2.307302	1.556731	0.364577	-0.092851	-0.216433	0.971872	0.556859	-0.820448	-0.129510	0.825401	0.529171	0.196702
40238	9.550259	-0.822662	0.241405	2.219529	1.537440	0.312302	-0.103592	-0.227231	0.968315	0.575373	-0.807811	-0.128012	0.811304	0.543881	0.214426
40239	8.953452	-0.118963	0.428147	2.099422	1.508302	0.247213	-0.114253	-0.237547	0.964633	0.592570	-0.795643	-0.125747	0.797375	0.557246	0.231668
40240	8.798254	0.760249	0.735221	1.909489	1.437527	0.264543	-0.123961	-0.247735	0.960865	0.608028	-0.784212	-0.123749	0.784179	0.568892	0.247841
40241	8.254400	-0.143152	0.458024	1.675255	1.451774	0.161041	-0.134239	-0.257341	0.956951	0.621311	-0.774160	-0.121030	0.771980	0.578317	0.263811
40242	7.941455	0.038141	0.552913	1.520496	1.397424	0.093538	-0.144287	-0.266202	0.953057	0.633134	-0.765022	-0.117828	0.760475	0.586412	0.278924
40243	7.594271	0.285606	0.470416	1.388225	1.303856	0.080675	-0.153587	-0.274526	0.949235	0.643776	-0.756577	-0.114644	0.749642	0.593486	0.292934
40244	7.251248	0.177446	0.344037	1.262483	1.200708	0.052707	-0.162114	-0.282087	0.945593	0.653301	-0.748858	-0.111395	0.739538	0.599698	0.305688
40245	7.080273	0.493069	0.197079	1.190719	1.069250	0.045459	-0.169640	-0.288884	0.942215	0.662165	-0.741516	-0.108130	0.729904	0.605558	0.317080
40246	7.012848	0.817982	0.016976	1.107530	0.927260	0.053397	-0.175939	-0.294918	0.939185	0.670332	-0.734581	-0.105095	0.720902	0.611076	0.326934
40247	6.972695	1.013325	0.012916	0.992650	0.774362	0.053030	-0.181101	-0.300066	0.936570	0.677582	-0.728295	-0.102316	0.712801	0.616073	0.335214
40248	7.056651	1.200377	0.322373	0.856566	0.632773	0.069038	-0.185047	-0.304478	0.934372	0.683825	-0.722749	-0.100089	0.705791	0.620426	0.341952
40249	6.856321	0.881930	0.502679	0.713686	0.514662	0.031156	-0.188418	-0.307909	0.932572	0.688938	-0.718175	-0.097927	0.699902	0.624033	0.347448
40250	6.711219	0.670604	0.720210	0.603486	0.395346	-0.009389	-0.191169	-0.310312	0.931215	0.693170	-0.714385	-0.095757	0.694961	0.627184	0.351667
40251	6.474033	0.442456	1.066167	0.511541	0.272972	-0.048276	-0.193363	-0.311685	0.930303	0.696659	-0.711282	-0.093505	0.690852	0.630024	0.354674
40252	6.360084	0.288114	1.353122	0.434103	0.128371	-0.102235	-0.194890	-0.311766	0.929957	0.699493	-0.708817	-0.091037	0.687552	0.632756	0.356220
40253	6.407587	0.139522	1.554828	0.377844	-0.017535	-0.164172	-0.195887	-0.310491	0.930174	0.701803	-0.706894	-0.088167	0.684910	0.635528	0.356375
40254	6.634924	-0.083647	1.791615	0.358010	-0.136040	-0.179355	-0.196146	-0.308354	0.930830	0.703940	-0.705125	-0.085250	0.682639	0.638527	0.355370
40255	6.958872	-0.420605	2.519870	0.360136	-0.234887	-0.114014	-0.195315	-0.306044	0.931766	0.706208	-0.703132	-0.082914	0.680531	0.641827	0.353464
40256	7.190049	-0.720014	3.867414	0.316992	-0.274300	-0.068746	-0.193866	-0.303792	0.932806	0.708269	-0.701259	-0.081183	0.678801	0.644939	0.351117
40257	8.295975	-1.980002	6.806211	0.333258	-0.218835	-0.067371	-0.192827	-0.301902	0.933634	0.710434	-0.699271	-0.079389	0.676831	0.647977	0.349320
40258	10.006982	-3.729093	9.506214	0.619034	-0.105193	-0.083880	-0.192644	-0.300628	0.934083	0.714489	-0.695455	-0.076472	0.672602	0.652660	0.348771
40259	11.874791	-4.840579	10.775011	1.263783	0.091608	-0.062363	-0.193673	-0.300800	0.933815	0.722847	-0.687302	-0.071475	0.663312	0.661162	0.350544
40260	12.618788	-3.071323	10.286865	1.968135	0.237160	0.020599	-0.195007	-0.302517	0.932982	0.735835	-0.674057	-0.064760	0.648474	0.673892	0.354048
40261	12.360548	0.171653	9.999219	2.148579	0.416197	0.143372	-0.196577	-0.306310	0.931414	0.749904	-0.658960	-0.058440	0.631666	0.686983	0.359240
40262	11.049051	2.752861	8.854736	1.840798	0.518811	0.194754	-0.198273	-0.311163	0.929444	0.761816	-0.645571	-0.053612	0.616704	0.697436	0.365048
40263	9.518644	4.493456	8.142033	1.231855	0.622303	0.230541	-0.200290	-0.317005	0.927034	0.769840	-0.636178	-0.051217	0.605995	0.703410	0.371463
40264	6.149288	4.716089	7.045191	0.571774	0.642615	0.320432	-0.201623	-0.323549	0.924480	0.773970	-0.631078	-0.052067	0.600266	0.705022	0.377657
40265	3.478918	4.294925	4.956408	0.268580	0.320623	0.521515	-0.199486	-0.329097	0.922985	0.776656	-0.627443	-0.055860	0.597504	0.705698	0.380761
40266	1.817048	3.953619	2.484518	0.049150	-0.287134	0.700160	-0.192257	-0.331441	0.923680	0.778358	-0.624736	-0.062163	0.597659	0.707002	0.378089
40267	3.310800	2.767202	-0.064489	-0.535631	-0.953678	0.662134	-0.181374	-0.328843	0.926804	0.776409	-0.626299	-0.070278	0.603566	0.706832	0.368911
40268	7.929047	0.194465	-1.540788	-1.305599	-1.246993	0.480465	-0.169987	-0.323071	0.930983	0.769329	-0.633887	-0.079501	0.615823	0.702718	0.356300
40269	15.606876	-2.558923	1.834887	-1.560089	-1.061420	0.314431	-0.160965	-0.317655	0.934444	0.760167	-0.643755	-0.087893	0.629472	0.696186	0.345093
40270	20.682210	-5.825645	4.709419	-0.711642	-0.272700	0.384828	-0.156252	-0.318236	0.935046	0.756314	-0.647426	-0.093962	0.635275	0.692507	0.341848
