// General information: 
//  MT Manager version: 2022.2.0 
//  XDA version: 2022.2.0 build 7381 rev 124627 built on 2023-07-19
// Device information: 
//  DeviceId: 00B4CBA7
//  ProductCode: MTW2-3A7G6
//  Firmware Version: 4.6.0
//  Hardware Version: 2.0.0
// Device settings: 
//  Filter Profile: human(46.1)
//  Option Flags: Orientation Smoother Disabled, Position/Velocity Smoother Disabled, Continuous Zero Rotation Update Disabled, AHS Disabled, ICC Disabled
// Coordinate system: ENU
PacketCounter	Acc_X	Acc_Y	Acc_Z	Gyr_X	Gyr_Y	Gyr_Z	Mat[1][1]	Mat[2][1]	Mat[3][1]	Mat[1][2]	Mat[2][2]	Mat[3][2]	Mat[1][3]	Mat[2][3]	Mat[3][3]
09139	9.734836	0.647280	-0.458957	0.004309	-0.016619	0.028241	0.054947	-0.067156	0.996228	-0.922114	0.379296	0.076428	-0.382998	-0.922835	-0.041085
09140	9.738835	0.544193	-0.466944	0.007040	-0.018781	0.026557	0.054667	-0.067234	0.996238	-0.922158	0.379234	0.076195	-0.382930	-0.922855	-0.041269
09141	9.774296	0.605413	-0.517801	0.013474	-0.012787	0.025188	0.054426	-0.067262	0.996250	-0.922214	0.379142	0.075979	-0.382831	-0.922890	-0.041395
09142	9.692555	0.702328	-0.449413	0.005268	-0.016451	0.024802	0.054167	-0.067321	0.996260	-0.922238	0.379128	0.075761	-0.382810	-0.922892	-0.041550
09143	9.724881	0.627701	-0.412356	0.004963	-0.009497	0.020991	0.053977	-0.067335	0.996269	-0.922258	0.379112	0.075590	-0.382788	-0.922898	-0.041637
09144	9.772421	0.604671	-0.430406	0.017111	-0.008318	0.022019	0.053778	-0.067330	0.996280	-0.922330	0.378975	0.075398	-0.382642	-0.922954	-0.041720
09145	9.733287	0.639303	-0.375999	0.022505	-0.011258	0.017889	0.053610	-0.067372	0.996287	-0.922416	0.378795	0.075250	-0.382458	-0.923025	-0.041838
09146	9.743222	0.721159	-0.382698	0.014374	-0.011229	0.020985	0.053409	-0.067398	0.996296	-0.922476	0.378686	0.075069	-0.382343	-0.923068	-0.041948
09147	9.757379	0.628140	-0.442913	0.001844	-0.014569	0.022820	0.053183	-0.067452	0.996304	-0.922485	0.378700	0.074881	-0.382352	-0.923058	-0.042083
09148	9.798676	0.501878	-0.526785	0.021163	-0.018663	0.021467	0.052944	-0.067545	0.996311	-0.922570	0.378533	0.074688	-0.382181	-0.923120	-0.042273
09149	9.713793	0.625236	-0.499778	0.044842	-0.012919	0.023325	0.052720	-0.067581	0.996320	-0.922743	0.378150	0.074477	-0.381792	-0.923274	-0.042424
09150	9.695871	0.807348	-0.324784	0.041538	-0.013823	0.022866	0.052491	-0.067627	0.996329	-0.922915	0.377774	0.074265	-0.381410	-0.923425	-0.042584
09151	9.677096	0.772940	-0.200476	0.027353	-0.017609	0.024479	0.052238	-0.067702	0.996337	-0.923022	0.377554	0.074049	-0.381185	-0.923509	-0.042768
09152	9.709712	0.704712	-0.275912	0.024292	-0.024073	0.027075	0.051931	-0.067826	0.996345	-0.923129	0.377342	0.073802	-0.380968	-0.923587	-0.043017
09153	9.730065	0.714085	-0.272535	0.013540	-0.029727	0.030673	0.051575	-0.067990	0.996352	-0.923186	0.377254	0.073531	-0.380877	-0.923611	-0.043311
09154	9.696448	0.796398	-0.334448	0.010821	-0.027555	0.032355	0.051207	-0.068126	0.996362	-0.923241	0.377176	0.073238	-0.380793	-0.923633	-0.043583
09155	9.715189	0.818399	-0.351883	-0.004961	-0.033175	0.034513	0.050802	-0.068308	0.996370	-0.923230	0.377261	0.072937	-0.380874	-0.923584	-0.043898
09156	9.715508	0.740700	-0.402322	-0.015332	-0.036661	0.035252	0.050367	-0.068517	0.996378	-0.923187	0.377429	0.072622	-0.381037	-0.923500	-0.044244
09157	9.725790	0.665633	-0.393894	-0.020205	-0.034321	0.038046	0.049926	-0.068696	0.996388	-0.923119	0.377657	0.072292	-0.381259	-0.923394	-0.044560
09158	9.731101	0.555163	-0.494470	-0.023323	-0.039388	0.039878	0.049444	-0.068913	0.996397	-0.923051	0.377892	0.071940	-0.381488	-0.923282	-0.044926
09159	9.712546	0.451976	-0.530874	0.002941	-0.038151	0.035774	0.049009	-0.069136	0.996403	-0.923070	0.377905	0.071623	-0.381497	-0.923259	-0.045296
09160	9.763220	0.482316	-0.574902	0.018170	-0.030535	0.034175	0.048609	-0.069290	0.996412	-0.923147	0.377776	0.071305	-0.381361	-0.923301	-0.045602
09161	9.729423	0.483581	-0.572419	0.014146	-0.031732	0.030060	0.048251	-0.069475	0.996416	-0.923206	0.377682	0.071039	-0.381264	-0.923325	-0.045916
09162	9.780012	0.440179	-0.662848	0.020342	-0.020205	0.025621	0.047970	-0.069568	0.996423	-0.923292	0.377516	0.070806	-0.381091	-0.923386	-0.046122
09163	9.798837	0.611709	-0.584965	0.022754	-0.015435	0.020119	0.047765	-0.069640	0.996428	-0.923379	0.377336	0.070635	-0.380907	-0.923454	-0.046280
09164	9.775411	0.691437	-0.474723	-0.002813	-0.010943	0.017751	0.047593	-0.069678	0.996434	-0.923377	0.377368	0.070492	-0.380933	-0.923439	-0.046379
09165	9.775326	0.615341	-0.522875	-0.019285	-0.011755	0.018982	0.047413	-0.069720	0.996439	-0.923303	0.377575	0.070352	-0.381135	-0.923351	-0.046471
09166	9.731497	0.608788	-0.465513	-0.020441	-0.012822	0.017419	0.047240	-0.069776	0.996444	-0.923231	0.377775	0.070222	-0.381331	-0.923265	-0.046573
09167	9.780650	0.647178	-0.416188	-0.019280	-0.011753	0.018980	0.047060	-0.069818	0.996449	-0.923157	0.377982	0.070082	-0.381533	-0.923177	-0.046665
09168	9.699730	0.671278	-0.394382	-0.032532	-0.015351	0.017185	0.046878	-0.069898	0.996452	-0.923037	0.378296	0.069961	-0.381844	-0.923042	-0.046785
09169	9.708087	0.611108	-0.404338	-0.019337	-0.010363	0.018216	0.046711	-0.069930	0.996458	-0.922962	0.378503	0.069828	-0.382045	-0.922955	-0.046863
09170	9.691192	0.571203	-0.370530	-0.017590	-0.017769	0.017248	0.046518	-0.070030	0.996460	-0.922893	0.378697	0.069698	-0.382237	-0.922867	-0.047014
09171	9.727919	0.471494	-0.495676	-0.009404	-0.019213	0.014891	0.046347	-0.070156	0.996459	-0.922854	0.378810	0.069594	-0.382351	-0.922811	-0.047187
09172	9.756601	0.504778	-0.564737	0.008658	-0.016575	0.013117	0.046198	-0.070262	0.996458	-0.922888	0.378746	0.069493	-0.382287	-0.922830	-0.047347
09173	9.721777	0.669607	-0.486662	0.009196	-0.012112	0.014494	0.046058	-0.070324	0.996460	-0.922920	0.378687	0.069384	-0.382226	-0.922849	-0.047462
09174	9.752524	0.764043	-0.487438	-0.016114	-0.013148	0.015190	0.045904	-0.070390	0.996463	-0.922856	0.378863	0.069276	-0.382399	-0.922772	-0.047568
09175	9.727057	0.708616	-0.491833	-0.038045	-0.014671	0.017096	0.045730	-0.070465	0.996465	-0.922709	0.379242	0.069164	-0.382775	-0.922611	-0.047676
09176	9.762192	0.615152	-0.525101	-0.041376	-0.009097	0.018602	0.045556	-0.070482	0.996472	-0.922555	0.379641	0.069030	-0.383167	-0.922445	-0.047728
09177	9.728492	0.618214	-0.520346	-0.039692	-0.015113	0.016867	0.045383	-0.070563	0.996474	-0.922401	0.380035	0.068921	-0.383558	-0.922277	-0.047840
09178	9.777373	0.582325	-0.518408	-0.036870	-0.013597	0.018651	0.045194	-0.070622	0.996479	-0.922270	0.380376	0.068786	-0.383894	-0.922132	-0.047942
09179	9.723343	0.573251	-0.519717	-0.035334	-0.010369	0.017353	0.045034	-0.070657	0.996484	-0.922133	0.380730	0.068671	-0.384243	-0.921983	-0.048009
09180	9.764051	0.596034	-0.508337	-0.040423	-0.008931	0.015160	0.044894	-0.070686	0.996488	-0.921984	0.381108	0.068572	-0.384617	-0.921824	-0.048062
09181	9.742847	0.434468	-0.609779	-0.036176	-0.007879	0.012169	0.044792	-0.070718	0.996490	-0.921841	0.381466	0.068508	-0.384972	-0.921674	-0.048104
09182	9.766311	0.426346	-0.674616	-0.014275	0.000093	0.012224	0.044717	-0.070675	0.996497	-0.921791	0.381600	0.068430	-0.385099	-0.921622	-0.048084
09183	9.757266	0.564326	-0.526734	-0.014691	0.003353	0.004946	0.044725	-0.070631	0.996499	-0.921727	0.381755	0.068428	-0.385251	-0.921561	-0.048028
09184	9.780748	0.557008	-0.590777	-0.026964	0.005012	0.002438	0.044758	-0.070581	0.996501	-0.921626	0.381995	0.068451	-0.385490	-0.921465	-0.047952
09185	9.775549	0.515140	-0.587168	-0.027706	0.011187	0.000741	0.044834	-0.070480	0.996505	-0.921510	0.382266	0.068497	-0.385758	-0.921360	-0.047810
09186	9.737075	0.552056	-0.530320	-0.023215	0.006679	0.000787	0.044886	-0.070418	0.996507	-0.921412	0.382495	0.068533	-0.385985	-0.921270	-0.047715
09187	9.752633	0.596579	-0.473622	-0.028224	0.000266	-0.002612	0.044952	-0.070431	0.996503	-0.921293	0.382769	0.068612	-0.386263	-0.921155	-0.047681
09188	9.708364	0.517783	-0.462606	-0.025946	-0.002682	-0.002211	0.044997	-0.070466	0.996499	-0.921183	0.383020	0.068681	-0.386519	-0.921048	-0.047677
09189	9.713567	0.560225	-0.465627	-0.021686	-0.008095	-0.007166	0.045072	-0.070574	0.996488	-0.921086	0.383231	0.068803	-0.386741	-0.920952	-0.047731
09190	9.686687	0.594028	-0.442952	-0.016904	-0.013089	-0.001363	0.045068	-0.070702	0.996479	-0.921014	0.383394	0.068858	-0.386913	-0.920875	-0.047839
09191	9.629905	0.679676	-0.326934	0.001095	-0.026051	0.001542	0.044994	-0.070942	0.996465	-0.921010	0.383401	0.068882	-0.386933	-0.920853	-0.048087
09192	9.751360	0.677713	-0.341385	0.003705	-0.042411	0.003761	0.044831	-0.071322	0.996445	-0.921024	0.383368	0.068878	-0.386918	-0.920838	-0.048502
09193	9.702421	0.711790	-0.348151	-0.013482	-0.037012	0.003310	0.044698	-0.071656	0.996427	-0.920964	0.383510	0.068892	-0.387076	-0.920753	-0.048850
09194	9.754689	0.732157	-0.371711	-0.040967	-0.036451	0.004372	0.044548	-0.071976	0.996411	-0.920799	0.383905	0.068899	-0.387486	-0.920563	-0.049174
09195	9.754585	0.732013	-0.374697	-0.079055	-0.033773	0.003161	0.044428	-0.072281	0.996394	-0.920484	0.384651	0.068946	-0.388247	-0.920228	-0.049444
09196	9.714343	0.781862	-0.342148	-0.108512	-0.042267	0.004877	0.044257	-0.072658	0.996374	-0.920071	0.385629	0.068989	-0.389243	-0.919789	-0.049783
09197	9.570533	0.702673	-0.298571	-0.094160	-0.080310	0.012812	0.043867	-0.073352	0.996341	-0.919700	0.386520	0.068949	-0.390163	-0.919359	-0.050507
09198	9.714682	0.772136	-0.243801	-0.064594	-0.099272	0.023849	0.043289	-0.074176	0.996305	-0.919454	0.387137	0.068773	-0.390808	-0.919034	-0.051443
09199	9.796708	0.659257	-0.506072	-0.092118	-0.084370	0.028145	0.042741	-0.074848	0.996279	-0.919096	0.388020	0.068580	-0.391709	-0.918607	-0.052208
09200	9.788665	0.473231	-0.515836	-0.112301	-0.081322	0.020930	0.042265	-0.075518	0.996248	-0.918663	0.389063	0.068466	-0.392774	-0.918110	-0.052932
09201	9.749374	0.434675	-0.514476	-0.103894	-0.071349	0.016168	0.041877	-0.076116	0.996219	-0.918252	0.390045	0.068400	-0.393777	-0.917644	-0.053560
09202	9.832451	0.468555	-0.476189	-0.106997	-0.065866	0.010605	0.041556	-0.076681	0.996189	-0.917829	0.391041	0.068388	-0.394795	-0.917173	-0.054130
09203	9.747134	0.365107	-0.483194	-0.083861	-0.055589	0.004355	0.041337	-0.077180	0.996160	-0.917490	0.391829	0.068430	-0.395606	-0.916795	-0.054615
09204	9.662814	0.496092	-0.365633	-0.049186	-0.057810	0.004261	0.041102	-0.077698	0.996129	-0.917295	0.392281	0.068447	-0.396081	-0.916558	-0.055148
09205	9.732441	0.468626	-0.454181	-0.052099	-0.062957	-0.001039	0.040902	-0.078285	0.996092	-0.917079	0.392773	0.068526	-0.396603	-0.916297	-0.055728
09206	9.583120	0.430182	-0.472752	-0.011214	-0.077095	-0.002184	0.040653	-0.079004	0.996045	-0.917030	0.392875	0.068590	-0.396740	-0.916192	-0.056477
09207	9.487297	0.728903	-0.159998	0.120724	-0.129370	0.020035	0.039997	-0.080116	0.995983	-0.917507	0.391800	0.068362	-0.395703	-0.916555	-0.057837
09208	9.826512	0.976604	-0.537401	0.125835	-0.102325	0.021587	0.039427	-0.080974	0.995936	-0.918012	0.390661	0.068104	-0.394588	-0.916966	-0.058933
09209	9.731450	0.695402	-0.662592	0.029948	-0.086550	0.012307	0.039012	-0.081726	0.995891	-0.918125	0.390412	0.068004	-0.394365	-0.917006	-0.059804
09210	9.791405	0.332382	-0.650428	-0.021070	-0.088824	0.003205	0.038662	-0.082530	0.995838	-0.918037	0.390617	0.068014	-0.394604	-0.916846	-0.060664
09211	9.759162	0.076360	-0.736044	-0.032190	-0.088446	-0.009017	0.038436	-0.083382	0.995776	-0.917897	0.390919	0.068164	-0.394952	-0.916640	-0.061511
09212	9.821163	0.187646	-0.678728	-0.017003	-0.084672	-0.021274	0.038330	-0.084245	0.995708	-0.917819	0.391059	0.068418	-0.395144	-0.916502	-0.062333
09213	9.735512	0.582547	-0.480210	-0.043774	-0.084768	-0.028485	0.038296	-0.085139	0.995633	-0.917626	0.391451	0.068770	-0.395597	-0.916252	-0.063135
09214	9.757261	0.579391	-0.553381	-0.093799	-0.090934	-0.031608	0.038259	-0.086099	0.995552	-0.917235	0.392293	0.069176	-0.396504	-0.915802	-0.063964
09215	9.709061	0.443581	-0.619093	-0.087373	-0.084976	-0.033010	0.038265	-0.087012	0.995472	-0.916866	0.393080	0.069601	-0.397356	-0.915378	-0.064738
09216	9.522510	0.604390	-0.506500	-0.001060	-0.128114	-0.021301	0.037981	-0.088271	0.995372	-0.916846	0.393083	0.069844	-0.397429	-0.915256	-0.066001
09217	9.705242	0.800679	-0.439442	0.070749	-0.140939	-0.011449	0.037567	-0.089612	0.995268	-0.917114	0.392440	0.069951	-0.396852	-0.915402	-0.067441
09218	9.717707	0.784909	-0.464987	0.043579	-0.123888	-0.009722	0.037198	-0.090789	0.995175	-0.917286	0.392019	0.070050	-0.396487	-0.915466	-0.068698
09219	9.729446	0.458272	-0.459348	0.011457	-0.126088	-0.015395	0.036879	-0.092010	0.995075	-0.917317	0.391915	0.070236	-0.396447	-0.915389	-0.069949
09220	9.682267	0.572902	-0.334032	0.002236	-0.132101	-0.016527	0.036544	-0.093287	0.994968	-0.917317	0.391878	0.070434	-0.396477	-0.915275	-0.071253
09221	9.713343	0.739221	-0.388975	-0.065392	-0.138702	-0.020348	0.036220	-0.094642	0.994852	-0.917041	0.392472	0.070724	-0.397145	-0.914882	-0.072576
09222	9.709901	0.484434	-0.688833	-0.107227	-0.146316	-0.025730	0.035907	-0.096085	0.994725	-0.916601	0.393432	0.071090	-0.398187	-0.914319	-0.073944
09223	9.697268	0.399155	-0.789521	-0.083084	-0.152777	-0.030346	0.035616	-0.097607	0.994588	-0.916250	0.394177	0.071494	-0.399022	-0.913837	-0.075393
09224	9.634271	0.632101	-0.645457	-0.052145	-0.155214	-0.029893	0.035302	-0.099147	0.994446	-0.916032	0.394615	0.071862	-0.399548	-0.913482	-0.076891
09225	9.705689	0.737543	-0.719018	-0.089687	-0.163146	-0.037498	0.035033	-0.100791	0.994291	-0.915651	0.395411	0.072345	-0.400445	-0.912958	-0.078437
09226	9.804548	0.619556	-0.944630	-0.141479	-0.152808	-0.045772	0.034868	-0.102371	0.994135	-0.915065	0.396655	0.072940	-0.401796	-0.912242	-0.079845
09227	9.871312	0.356734	-1.056770	-0.177113	-0.132493	-0.054940	0.034877	-0.103803	0.993986	-0.914323	0.398228	0.073669	-0.403480	-0.911394	-0.081021
09228	9.900350	0.040381	-1.229742	-0.172125	-0.109288	-0.071035	0.035115	-0.105086	0.993843	-0.913600	0.399722	0.074545	-0.405095	-0.910593	-0.081970
09229	9.846925	0.047042	-1.146986	-0.186348	-0.093348	-0.090171	0.035600	-0.106303	0.993696	-0.912802	0.401337	0.075636	-0.406848	-0.909741	-0.082746
09230	9.908966	0.042600	-1.352181	-0.197216	-0.082914	-0.110945	0.036309	-0.107510	0.993541	-0.911962	0.402996	0.076935	-0.408664	-0.908865	-0.083412
09231	9.784447	0.264637	-1.144124	-0.089050	-0.079678	-0.116554	0.037086	-0.108710	0.993381	-0.911546	0.403693	0.078209	-0.409523	-0.908413	-0.084123
09232	9.814869	0.463733	-1.028740	-0.054003	-0.063258	-0.126541	0.038006	-0.109798	0.993227	-0.911270	0.404056	0.079537	-0.410052	-0.908121	-0.084699
09233	9.715963	0.354713	-0.837984	-0.041700	-0.063551	-0.132135	0.038989	-0.110915	0.993065	-0.911038	0.404303	0.080925	-0.410475	-0.907875	-0.085284
09234	9.611388	0.359239	-0.658572	-0.002661	-0.068713	-0.133617	0.039954	-0.112083	0.992895	-0.910971	0.404179	0.082283	-0.410530	-0.907787	-0.085956
09235	9.686248	0.516978	-0.725502	0.040830	-0.071922	-0.133147	0.040912	-0.113280	0.992720	-0.911075	0.403673	0.083610	-0.410205	-0.907864	-0.086692
09236	9.611959	0.776291	-0.466868	0.082801	-0.071922	-0.129354	0.041826	-0.114456	0.992547	-0.911352	0.402787	0.084852	-0.409498	-0.908109	-0.087463
09237	9.592668	0.974012	-0.495338	0.062310	-0.082458	-0.131149	0.042724	-0.115739	0.992360	-0.911542	0.402084	0.086140	-0.408982	-0.908258	-0.088322
09238	9.587197	1.068678	-0.566954	0.051997	-0.100857	-0.124480	0.043473	-0.117157	0.992161	-0.911691	0.401483	0.087355	-0.408570	-0.908342	-0.089357
09239	9.554441	1.247157	-0.401722	0.059408	-0.121479	-0.108471	0.044006	-0.118701	0.991954	-0.911876	0.400829	0.088419	-0.408099	-0.908431	-0.090602
09240	9.565681	0.921535	-0.582855	0.060862	-0.128185	-0.108278	0.044500	-0.120300	0.991740	-0.912066	0.400165	0.089466	-0.407622	-0.908513	-0.091915
09241	9.565250	0.879413	-0.482790	0.103720	-0.134140	-0.095910	0.044868	-0.121909	0.991527	-0.912435	0.399120	0.090361	-0.406754	-0.908758	-0.093326
09242	9.643876	0.810798	-0.737986	0.096087	-0.148260	-0.088928	0.045105	-0.123612	0.991305	-0.912779	0.398147	0.091180	-0.405957	-0.908955	-0.094872
09243	9.661161	0.420434	-1.022259	0.123179	-0.143035	-0.100728	0.045485	-0.125319	0.991073	-0.913222	0.396916	0.092101	-0.404915	-0.909260	-0.096391
09244	9.753384	0.408393	-1.241543	0.173193	-0.141349	-0.101240	0.045870	-0.127008	0.990841	-0.913869	0.395223	0.092967	-0.403410	-0.909763	-0.097939
09245	9.934075	0.992077	-1.284563	0.182993	-0.125802	-0.103165	0.046347	-0.128565	0.990617	-0.914548	0.393439	0.093850	-0.401813	-0.910317	-0.099345
09246	9.701976	1.104469	-1.105480	0.116806	-0.118346	-0.095440	0.046771	-0.130019	0.990408	-0.914964	0.392265	0.094704	-0.400816	-0.910617	-0.100616
09247	9.648620	0.713216	-1.226470	0.182899	-0.127690	-0.086230	0.047090	-0.131525	0.990194	-0.915645	0.390500	0.095414	-0.399220	-0.911159	-0.102042
09248	9.649353	1.062761	-1.161768	0.298543	-0.124559	-0.070792	0.047273	-0.132939	0.989996	-0.916795	0.387689	0.095837	-0.396551	-0.912154	-0.103550
09249	9.667214	1.418514	-0.950786	0.299150	-0.138441	-0.060005	0.047317	-0.134440	0.989791	-0.917939	0.384892	0.096160	-0.393890	-0.913118	-0.105195
09250	9.693484	1.140984	-1.095120	0.226706	-0.127214	-0.059300	0.047391	-0.135829	0.989598	-0.918790	0.382760	0.096537	-0.391891	-0.913808	-0.106659
09251	9.609333	1.074708	-1.200188	0.213072	-0.128750	-0.053075	0.047416	-0.137214	0.989406	-0.919588	0.380753	0.096874	-0.390012	-0.914439	-0.108127
09252	9.541420	1.320561	-1.077186	0.165140	-0.129311	-0.054251	0.047443	-0.138603	0.989211	-0.920192	0.379192	0.097263	-0.388582	-0.914879	-0.109552
09253	9.609823	1.142499	-1.160805	0.103116	-0.128895	-0.057660	0.047514	-0.140006	0.989010	-0.920555	0.378181	0.097761	-0.387712	-0.915083	-0.110915
09254	9.597516	0.717271	-1.242979	0.100907	-0.136012	-0.063531	0.047603	-0.141493	0.988794	-0.920908	0.377179	0.098307	-0.386862	-0.915268	-0.112347
09255	9.686317	0.553119	-1.321062	0.106632	-0.128111	-0.071638	0.047808	-0.142941	0.988576	-0.921276	0.376113	0.098936	-0.385959	-0.915482	-0.113707
09256	9.750376	0.587301	-1.443661	0.106672	-0.118256	-0.080407	0.048125	-0.144327	0.988359	-0.921638	0.375041	0.099642	-0.385056	-0.915704	-0.114968
09257	9.702848	0.850208	-1.314001	0.094500	-0.104677	-0.087001	0.048564	-0.145616	0.988148	-0.921949	0.374062	0.100434	-0.384254	-0.915900	-0.116085
09258	9.516114	0.414178	-1.224058	0.074648	-0.104108	-0.101308	0.049133	-0.146951	0.987923	-0.922180	0.373238	0.101382	-0.383628	-0.916023	-0.117177
09259	9.667283	0.472757	-1.141287	0.185247	-0.099898	-0.101006	0.049723	-0.148248	0.987699	-0.922829	0.371404	0.102202	-0.381987	-0.916560	-0.118340
09260	9.435038	1.015013	-0.571448	0.346744	-0.098822	-0.091832	0.050227	-0.149496	0.987486	-0.924096	0.368094	0.102729	-0.378845	-0.917692	-0.119661
09261	9.566405	0.825116	-0.759694	0.328523	-0.108276	-0.095173	0.050738	-0.150844	0.987255	-0.925278	0.364947	0.103314	-0.375880	-0.918727	-0.121056
09262	9.571738	1.151244	-0.519441	0.343660	-0.137865	-0.083148	0.051024	-0.152416	0.986998	-0.926513	0.361677	0.103749	-0.372788	-0.919760	-0.122761
09263	9.559096	1.651066	-0.579559	0.278625	-0.159578	-0.068131	0.051103	-0.154134	0.986728	-0.927504	0.359022	0.104118	-0.370305	-0.920514	-0.124613
09264	9.620918	1.553007	-0.876974	0.185159	-0.191587	-0.052756	0.050918	-0.156089	0.986430	-0.928151	0.357252	0.104439	-0.368706	-0.920873	-0.126683
09265	9.584611	1.266575	-1.126799	0.158763	-0.214299	-0.032833	0.050474	-0.158184	0.986119	-0.928709	0.355751	0.104602	-0.367359	-0.921097	-0.128951
09266	9.639529	1.209042	-1.109661	0.164896	-0.242518	-0.007355	0.049688	-0.160446	0.985793	-0.929303	0.354227	0.104494	-0.365960	-0.921293	-0.131502
09267	9.668344	1.128102	-1.189248	0.187259	-0.249986	0.005601	0.048763	-0.162734	0.985464	-0.929980	0.352523	0.104231	-0.364360	-0.921545	-0.134149
09268	9.719118	1.154539	-1.438997	0.182386	-0.253222	0.015062	0.047737	-0.165017	0.985135	-0.930645	0.350873	0.103870	-0.362797	-0.921769	-0.136822
09269	9.824414	1.100951	-1.717915	0.154884	-0.248095	0.020021	0.046693	-0.167238	0.984810	-0.931206	0.349490	0.103501	-0.361491	-0.921894	-0.139414
09270	9.958951	0.947015	-1.974796	0.151448	-0.225721	0.012546	0.045795	-0.169277	0.984504	-0.931750	0.348126	0.103199	-0.360201	-0.922038	-0.141781
09271	9.827768	0.768800	-2.134055	0.106346	-0.193286	0.002394	0.045118	-0.171055	0.984228	-0.932125	0.347162	0.103065	-0.359316	-0.922073	-0.143781
09272	9.909939	0.444652	-2.303543	0.094682	-0.159072	-0.006119	0.044637	-0.172545	0.983990	-0.932453	0.346292	0.103022	-0.358523	-0.922123	-0.145432
09273	9.801146	0.386492	-2.014470	0.077686	-0.128875	-0.026381	0.044462	-0.173828	0.983772	-0.932710	0.345541	0.103210	-0.357875	-0.922163	-0.146768
09274	9.744887	0.769528	-1.443188	0.071483	-0.110905	-0.033901	0.044414	-0.174970	0.983571	-0.932941	0.344840	0.103472	-0.357279	-0.922210	-0.147921
09275	9.599407	1.077781	-1.243782	0.015576	-0.103671	-0.041945	0.044476	-0.176075	0.983372	-0.932969	0.344634	0.103903	-0.357199	-0.922076	-0.148944
09276	9.429844	1.426072	-1.217472	0.011563	-0.116710	-0.034099	0.044409	-0.177270	0.983160	-0.932985	0.344484	0.104256	-0.357164	-0.921903	-0.150092
09277	9.523070	1.408817	-1.203367	0.061559	-0.145074	-0.008969	0.044016	-0.178643	0.982929	-0.933192	0.343912	0.104293	-0.356672	-0.921852	-0.151570
09278	9.578129	1.419277	-1.080143	0.093774	-0.160438	0.001358	0.043463	-0.180119	0.982684	-0.933516	0.343068	0.104171	-0.355891	-0.921879	-0.153233
09279	9.489939	1.411237	-1.082474	0.082371	-0.168619	0.028366	0.042640	-0.181580	0.982451	-0.933812	0.342372	0.103807	-0.355213	-0.921851	-0.154963
09280	9.460523	1.151680	-1.360452	0.113560	-0.181361	0.040593	0.041651	-0.183115	0.982209	-0.934224	0.341410	0.103266	-0.354246	-0.921904	-0.156851
09281	9.478804	1.158481	-1.376952	0.146165	-0.206524	0.052542	0.040470	-0.184844	0.981934	-0.934754	0.340171	0.102561	-0.352983	-0.922018	-0.159017
09282	9.573392	1.296401	-1.304607	0.141748	-0.208751	0.067111	0.039140	-0.186543	0.981667	-0.935271	0.339004	0.101710	-0.351762	-0.922105	-0.161199
09283	9.671311	1.208043	-1.452016	0.111582	-0.207962	0.072380	0.037772	-0.188219	0.981400	-0.935682	0.338122	0.100860	-0.350817	-0.922088	-0.163341
09284	9.677998	0.819148	-1.669074	0.091902	-0.209960	0.074344	0.036373	-0.189906	0.981128	-0.936021	0.337435	0.100014	-0.350060	-0.921994	-0.165482
09285	9.655963	0.674492	-1.764586	0.102493	-0.195456	0.076071	0.035018	-0.191455	0.980877	-0.936398	0.336646	0.099139	-0.349189	-0.921962	-0.167489
09286	9.710354	1.058027	-1.682441	0.083275	-0.187506	0.072833	0.033715	-0.192940	0.980631	-0.936705	0.336032	0.098320	-0.348493	-0.921877	-0.169399
09287	9.645450	1.065165	-1.735671	0.026690	-0.178017	0.073124	0.032451	-0.194339	0.980398	-0.936814	0.335938	0.097599	-0.348320	-0.921617	-0.171158
09288	9.670203	0.916156	-1.726227	0.030809	-0.171865	0.072478	0.031205	-0.195681	0.980171	-0.936932	0.335818	0.096871	-0.348115	-0.921377	-0.172861
09289	9.559466	1.179035	-1.359516	0.027351	-0.166381	0.074133	0.029972	-0.196969	0.979952	-0.937042	0.335722	0.096139	-0.347928	-0.921137	-0.174506
09290	9.509200	1.150914	-1.348522	-0.029280	-0.179578	0.076007	0.028667	-0.198369	0.979708	-0.936952	0.336161	0.095481	-0.348280	-0.920677	-0.176225
09291	9.536809	0.975275	-1.441934	-0.076925	-0.190714	0.084197	0.027254	-0.199844	0.979449	-0.936699	0.337047	0.094834	-0.349072	-0.920034	-0.178008
09292	9.560742	0.872473	-1.637224	-0.055327	-0.204234	0.092492	0.025706	-0.201412	0.979169	-0.936519	0.337763	0.094063	-0.349672	-0.919429	-0.179944
09293	9.494097	0.933014	-1.717219	-0.001365	-0.219199	0.103093	0.024014	-0.203082	0.978867	-0.936532	0.337994	0.093098	-0.349758	-0.918976	-0.182077
09294	9.522274	1.033263	-1.623248	0.079095	-0.235803	0.118358	0.022115	-0.204851	0.978543	-0.936826	0.337526	0.091830	-0.349095	-0.918756	-0.184446
09295	9.499435	1.299043	-1.709606	0.120154	-0.241671	0.128341	0.020110	-0.206642	0.978210	-0.937264	0.336697	0.090394	-0.348039	-0.918659	-0.186907
09296	9.495312	1.160867	-1.806517	0.122514	-0.258196	0.146624	0.017870	-0.208522	0.977854	-0.937707	0.335896	0.088765	-0.346967	-0.918527	-0.189530
09297	9.541355	0.907770	-1.751717	0.132203	-0.263819	0.151543	0.015576	-0.210441	0.977483	-0.938183	0.335010	0.087073	-0.345790	-0.918413	-0.192214
09298	9.619052	1.164538	-1.695109	0.150853	-0.264447	0.168223	0.013117	-0.212308	0.977115	-0.938718	0.333998	0.085173	-0.344437	-0.918352	-0.194916
09299	9.592358	1.377430	-1.494896	0.114844	-0.267636	0.182233	0.010526	-0.214161	0.976742	-0.939127	0.333342	0.083210	-0.343409	-0.918160	-0.197616
09300	9.453203	1.324719	-1.652358	0.089338	-0.274079	0.202003	0.007721	-0.216006	0.976362	-0.939442	0.332976	0.081095	-0.342622	-0.917861	-0.200354
09301	9.487109	1.279476	-1.616303	0.110188	-0.294529	0.224271	0.004647	-0.217966	0.975945	-0.939825	0.332461	0.078726	-0.341624	-0.917584	-0.203305
09302	9.438709	1.210022	-1.488430	0.113096	-0.312237	0.243219	0.001329	-0.220024	0.975494	-0.940210	0.331972	0.076158	-0.340593	-0.917270	-0.206427
09303	9.415465	1.089497	-1.599286	0.167024	-0.342024	0.266062	-0.002295	-0.222282	0.974980	-0.940769	0.331039	0.073258	-0.339040	-0.917063	-0.209876
09304	9.309311	1.216073	-1.518663	0.198739	-0.360254	0.287176	-0.006181	-0.224637	0.974423	-0.941421	0.329873	0.070075	-0.337177	-0.916909	-0.213517
09305	9.320293	1.120480	-1.597014	0.218711	-0.399926	0.313921	-0.010442	-0.227274	0.973775	-0.942123	0.328587	0.066588	-0.335103	-0.916721	-0.217551
09306	9.305085	1.340282	-1.575376	0.239453	-0.425983	0.338734	-0.015024	-0.230068	0.973059	-0.942869	0.327190	0.062802	-0.332823	-0.916524	-0.221840
09307	9.309231	1.364601	-1.788069	0.191417	-0.455714	0.361765	-0.019908	-0.233065	0.972257	-0.943436	0.326283	0.058897	-0.330958	-0.916090	-0.226378
09308	9.443380	1.005550	-2.341107	0.155191	-0.462606	0.378280	-0.024973	-0.236069	0.971415	-0.943853	0.325773	0.054904	-0.329422	-0.915502	-0.230949
09309	9.423410	0.693471	-2.394559	0.129777	-0.457593	0.388561	-0.030105	-0.238994	0.970554	-0.944167	0.325517	0.050871	-0.328090	-0.914833	-0.235450
09310	9.565166	0.512772	-2.674161	0.119739	-0.463347	0.398461	-0.035352	-0.241935	0.969648	-0.944418	0.325405	0.046759	-0.326841	-0.914100	-0.239991
09311	9.566012	0.488346	-2.595654	0.134536	-0.448352	0.412098	-0.040667	-0.244694	0.968747	-0.944695	0.325188	0.042482	-0.325420	-0.913443	-0.244386
09312	9.572745	0.255881	-2.550257	0.125546	-0.454669	0.417149	-0.046052	-0.247489	0.967796	-0.944912	0.325092	0.038171	-0.324069	-0.912724	-0.248827
09313	9.670253	0.383054	-2.148619	0.210023	-0.448489	0.435994	-0.051581	-0.250170	0.966827	-0.945373	0.324269	0.033469	-0.321885	-0.912286	-0.253230
09314	9.584560	0.747291	-1.677451	0.229205	-0.471963	0.449489	-0.057312	-0.253018	0.965762	-0.945854	0.323333	0.028578	-0.319494	-0.911832	-0.257849
09315	9.453109	0.725599	-1.676772	0.190530	-0.510581	0.467554	-0.063321	-0.256165	0.964557	-0.946174	0.322795	0.023613	-0.317403	-0.911144	-0.262817
09316	9.436651	0.796639	-1.627566	0.161218	-0.541460	0.495478	-0.069690	-0.259497	0.963226	-0.946347	0.322627	0.018448	-0.315550	-0.910260	-0.268058
09317	9.324950	0.785786	-1.542749	0.093793	-0.586449	0.527374	-0.076487	-0.263132	0.961723	-0.946253	0.323160	0.013161	-0.314253	-0.909027	-0.273707
09318	9.423280	0.902655	-1.532708	0.085803	-0.638751	0.571885	-0.083869	-0.267082	0.960017	-0.946055	0.323920	0.007467	-0.312963	-0.907603	-0.279841
09319	9.387495	1.223864	-1.282794	0.074381	-0.687086	0.611846	-0.091762	-0.271331	0.958102	-0.945747	0.324900	0.001432	-0.311676	-0.905991	-0.286424
09320	9.410214	1.331979	-1.522485	0.060886	-0.750400	0.657784	-0.100282	-0.275979	0.955918	-0.945297	0.326173	-0.005000	-0.310414	-0.904128	-0.293592
09321	9.674825	0.995212	-1.890364	0.045344	-0.793879	0.701448	-0.109330	-0.280859	0.953502	-0.944700	0.327724	-0.011788	-0.309174	-0.902062	-0.301157
09322	10.087602	1.070738	-1.718701	0.052095	-0.839796	0.747206	-0.118945	-0.285967	0.950829	-0.943999	0.329398	-0.019022	-0.307762	-0.899844	-0.309133
09323	10.215865	0.765130	-1.804040	0.002195	-0.864028	0.781654	-0.128934	-0.291151	0.947949	-0.943036	0.331641	-0.026406	-0.306690	-0.897354	-0.317326
09324	10.317022	-0.035674	-2.909154	-0.004427	-0.889563	0.818034	-0.139336	-0.296395	0.944847	-0.941916	0.334114	-0.034093	-0.305581	-0.894717	-0.325733
09325	10.450766	-0.397918	-2.831652	0.004931	-0.858420	0.834234	-0.149766	-0.301271	0.941704	-0.940725	0.336569	-0.041935	-0.304314	-0.892164	-0.333820
09326	9.880580	-0.528606	-2.866088	0.041656	-0.932532	0.874070	-0.160782	-0.306622	0.938154	-0.939485	0.338885	-0.050251	-0.302518	-0.889461	-0.342553
09327	10.322972	-0.703678	-3.198805	0.064871	-1.047814	0.898857	-0.172339	-0.312874	0.934029	-0.938184	0.341099	-0.058847	-0.300185	-0.886432	-0.352318
09328	10.617427	-0.109238	-2.310723	0.170961	-0.996683	0.978391	-0.184457	-0.318345	0.929856	-0.936940	0.342704	-0.068534	-0.296848	-0.883861	-0.361485
09329	10.106415	1.063546	-1.568908	0.078909	-1.098480	1.002942	-0.197051	-0.324591	0.925101	-0.935262	0.345237	-0.078082	-0.294035	-0.880597	-0.371607
09330	10.981929	1.215467	-1.586261	0.047311	-1.121573	1.037315	-0.209995	-0.330845	0.920024	-0.933282	0.348249	-0.087789	-0.291353	-0.877077	-0.381902
09331	11.429744	0.562359	-1.125522	0.004541	-1.201733	1.098000	-0.223675	-0.337522	0.914357	-0.930917	0.351883	-0.097834	-0.288726	-0.873073	-0.392913
09332	11.479506	0.107507	-0.922075	-0.050037	-1.281237	1.131343	-0.237844	-0.344666	0.908094	-0.928157	0.356206	-0.107901	-0.286279	-0.868517	-0.404626
09333	11.767573	0.131394	-0.540710	-0.068929	-1.375059	1.163046	-0.252500	-0.352409	0.901139	-0.925112	0.360861	-0.118096	-0.283567	-0.863474	-0.417136
09334	11.571827	-0.499732	-1.776444	-0.169941	-1.436872	1.158016	-0.267225	-0.360552	0.893641	-0.921614	0.366488	-0.127725	-0.281457	-0.857723	-0.430224
09335	11.212469	-1.629151	-3.364689	-0.169029	-1.497859	1.144347	-0.281909	-0.369133	0.885589	-0.918004	0.372111	-0.137123	-0.278921	-0.851630	-0.443767
09336	10.853409	-1.612477	-2.649351	0.176727	-1.569668	1.193592	-0.297151	-0.377988	0.876827	-0.915028	0.375103	-0.148396	-0.272809	-0.846418	-0.457332
09337	10.893550	-0.846449	-2.685974	0.440465	-1.578394	1.195930	-0.312278	-0.386828	0.867667	-0.912573	0.375960	-0.160827	-0.263996	-0.842032	-0.470413
09338	10.661830	-0.828420	-3.481664	0.476726	-1.579703	1.149979	-0.326828	-0.395754	0.858232	-0.910128	0.376489	-0.172982	-0.254656	-0.837637	-0.483234
09339	10.298961	-1.347761	-3.839889	0.529937	-1.583254	1.093895	-0.340686	-0.404870	0.848536	-0.907808	0.376441	-0.184868	-0.244577	-0.833290	-0.495792
09340	9.731887	-1.872065	-4.201530	0.788653	-1.634045	1.091825	-0.354458	-0.414335	0.838263	-0.905883	0.374400	-0.197993	-0.231810	-0.829548	-0.508049
09341	9.567294	-1.912908	-4.300812	1.345529	-1.746729	1.142950	-0.368656	-0.424569	0.826943	-0.904755	0.368048	-0.214382	-0.213335	-0.827213	-0.519814
09342	10.255119	-1.901642	-5.665243	1.319345	-1.601531	1.072428	-0.381607	-0.433863	0.816173	-0.903421	0.361793	-0.230077	-0.195464	-0.825147	-0.530024
09343	9.486968	-1.944256	-6.134501	1.137225	-1.612421	1.059214	-0.394147	-0.443343	0.805043	-0.901453	0.357072	-0.244707	-0.178969	-0.822160	-0.540392
09344	9.233380	-2.111766	-5.861409	0.911351	-1.585504	1.111555	-0.406862	-0.452362	0.793619	-0.898558	0.354627	-0.258523	-0.164492	-0.818296	-0.550758
09345	8.931701	-2.084061	-5.721917	0.749356	-1.544914	1.130034	-0.419400	-0.460974	0.782053	-0.895086	0.353670	-0.271549	-0.151411	-0.813892	-0.560941
09346	8.516823	-1.765574	-5.181302	0.677690	-1.484817	1.110215	-0.431463	-0.469069	0.770593	-0.891340	0.353384	-0.283961	-0.139118	-0.809379	-0.570572
09347	8.185576	-1.736863	-5.425358	0.481065	-1.397469	1.053102	-0.442664	-0.476624	0.759525	-0.887396	0.354479	-0.294744	-0.128754	-0.804471	-0.579869
09348	7.995345	-1.982888	-5.569353	0.320374	-1.296498	1.007402	-0.453190	-0.483403	0.748960	-0.883274	0.356800	-0.304172	-0.120191	-0.799384	-0.588675
09349	7.737710	-2.097406	-5.558846	0.233663	-1.189119	0.963617	-0.463030	-0.489433	0.738957	-0.879147	0.359622	-0.312685	-0.112706	-0.794435	-0.596800
09350	7.582172	-2.135368	-5.607392	0.119546	-1.063038	0.900700	-0.472094	-0.494559	0.729753	-0.875058	0.363164	-0.319976	-0.106773	-0.789635	-0.604216
09351	7.212219	-2.332118	-5.035423	0.050472	-0.931302	0.812753	-0.480127	-0.498932	0.721488	-0.871258	0.366801	-0.326140	-0.101921	-0.785191	-0.610809
09352	7.266565	-2.886086	-4.622636	-0.005657	-0.721852	0.663138	-0.486621	-0.502097	0.714911	-0.868034	0.370230	-0.330827	-0.098575	-0.781555	-0.616000
09353	7.269395	-2.962700	-4.329586	-0.090806	-0.440555	0.483783	-0.491211	-0.503743	0.710602	-0.865597	0.373368	-0.333673	-0.097231	-0.778999	-0.619441
09354	6.702177	-2.831504	-5.286883	-0.274400	-0.143917	0.314607	-0.494076	-0.503636	0.708689	-0.863765	0.377153	-0.334163	-0.098988	-0.777243	-0.621365
09355	7.083274	-1.710583	-3.496662	-0.136993	0.166678	0.154356	-0.495207	-0.501763	0.709228	-0.862882	0.378990	-0.334366	-0.101018	-0.777561	-0.620641
09356	7.843015	-0.524274	-1.862934	-0.234788	0.487991	-0.060096	-0.494190	-0.498143	0.712481	-0.862922	0.380588	-0.332444	-0.105557	-0.779106	-0.617941
09357	7.318242	-0.917981	-2.562750	-0.491993	0.810243	-0.364597	-0.490118	-0.493220	0.718693	-0.864194	0.382615	-0.326764	-0.113816	-0.781243	-0.613764
09358	6.741394	-2.275929	-3.318043	-0.549940	1.129533	-0.642183	-0.483221	-0.486785	0.727693	-0.866647	0.383848	-0.318721	-0.124175	-0.784666	-0.607354
09359	6.730583	-3.036534	-3.711907	-0.381516	1.443835	-0.846059	-0.473971	-0.478666	0.739074	-0.870220	0.382765	-0.310175	-0.134421	-0.790171	-0.597964
09360	6.919029	-2.838613	-3.639567	-0.138338	1.767245	-1.019223	-0.462615	-0.468469	0.752678	-0.874787	0.379101	-0.301712	-0.143999	-0.798010	-0.585188
09361	6.889142	-2.265353	-3.493117	0.026725	2.075316	-1.216166	-0.448821	-0.456388	0.768290	-0.880384	0.373261	-0.292576	-0.153245	-0.807705	-0.569324
09362	6.856910	-1.828215	-3.328215	0.083966	2.352078	-1.430315	-0.432453	-0.442509	0.785602	-0.886809	0.366208	-0.281890	-0.162955	-0.818583	-0.550788
09363	7.013757	-1.654973	-3.535455	0.003631	2.620700	-1.635389	-0.413440	-0.426841	0.804285	-0.893745	0.359069	-0.268866	-0.174031	-0.829986	-0.529941
09364	7.316611	-1.725802	-3.846542	-0.092282	2.862250	-1.812343	-0.392005	-0.409320	0.823886	-0.900864	0.352331	-0.253588	-0.186482	-0.841617	-0.506858
09365	7.664593	-1.827007	-3.951233	-0.152527	3.099330	-1.944355	-0.368396	-0.389843	0.843983	-0.907974	0.345855	-0.236575	-0.199669	-0.853468	-0.481379
09366	8.169288	-1.740877	-3.849607	-0.193104	3.329301	-2.045378	-0.342849	-0.368209	0.864220	-0.914844	0.339808	-0.218155	-0.213342	-0.865421	-0.453356
09367	8.547983	-1.684704	-3.689749	-0.298223	3.539571	-2.127955	-0.315466	-0.344550	0.884176	-0.921200	0.334825	-0.198199	-0.227755	-0.877028	-0.423025
09368	8.929779	-1.750184	-3.635329	-0.431788	3.730824	-2.197342	-0.286339	-0.318919	0.903494	-0.926794	0.331379	-0.176752	-0.243029	-0.887963	-0.390458
09369	9.383713	-1.858907	-3.743529	-0.522912	3.908211	-2.252816	-0.255561	-0.291455	0.921815	-0.931593	0.329179	-0.154194	-0.258502	-0.898162	-0.355643
09370	9.830526	-1.822025	-3.874306	-0.578373	4.074280	-2.291985	-0.223274	-0.262179	0.938835	-0.935540	0.328083	-0.130870	-0.273704	-0.907537	-0.318531
09371	10.178497	-1.880741	-3.799522	-0.624190	4.213554	-2.325412	-0.189597	-0.231390	0.954207	-0.938589	0.328043	-0.106946	-0.288275	-0.915886	-0.279376
09372	10.654161	-1.861735	-3.481958	-0.687289	4.325636	-2.358378	-0.154610	-0.199352	0.967654	-0.940622	0.329290	-0.082452	-0.302202	-0.922945	-0.238426
09373	10.836245	-1.678878	-3.218035	-0.647950	4.416103	-2.379154	-0.118555	-0.166313	0.978920	-0.941873	0.330952	-0.057841	-0.314356	-0.928876	-0.195882
09374	10.361071	-1.229670	-2.499605	-0.389934	4.424490	-2.385553	-0.081926	-0.132974	0.987728	-0.943023	0.331021	-0.033654	-0.322484	-0.934207	-0.152517
09375	10.228850	-1.207085	-2.629522	-0.323022	4.336280	-2.401363	-0.045117	-0.100326	0.993931	-0.943493	0.331259	-0.009390	-0.328306	-0.938191	-0.109602
09376	10.926134	-1.530823	-3.205611	-0.349467	4.288152	-2.416593	-0.008090	-0.068046	0.997649	-0.942987	0.332490	0.015031	-0.332731	-0.940649	-0.066857
09377	11.774747	-1.587063	-2.934301	-0.272410	4.214616	-2.402552	0.028668	-0.036376	0.998927	-0.941823	0.333817	0.039185	-0.334884	-0.941936	-0.024689
09378	12.577615	-2.060822	-2.828249	-0.071999	4.163894	-2.391724	0.065151	-0.005110	0.997862	-0.940465	0.333979	0.063114	-0.333588	-0.942567	0.016953
09379	12.492760	-2.554670	-1.602278	0.334610	4.093944	-2.384512	0.101136	0.025565	0.994544	-0.939578	0.331087	0.087036	-0.327056	-0.943254	0.057506
09380	12.005885	-2.610901	-1.101307	0.935430	3.921440	-2.384529	0.136153	0.054803	0.989171	-0.939751	0.323183	0.111446	-0.313576	-0.944748	0.095503
09381	12.654869	-0.053232	0.019947	1.749605	3.707547	-2.256418	0.168641	0.082764	0.982197	-0.941594	0.308199	0.135700	-0.291481	-0.947715	0.129905
09382	10.903038	-0.638040	-4.234297	1.465836	3.440791	-1.990738	0.197115	0.109399	0.974257	-0.942083	0.296177	0.157348	-0.271339	-0.948847	0.161444
09383	7.870588	-1.554220	-2.811067	1.760388	3.048142	-1.652008	0.220652	0.133573	0.966163	-0.943194	0.281490	0.176490	-0.248391	-0.950222	0.188096
09384	7.102398	-0.734008	-1.679123	1.886828	2.534561	-1.367166	0.239587	0.153958	0.958590	-0.944512	0.265487	0.193428	-0.224713	-0.951742	0.209022
09385	6.763779	0.426911	0.418729	1.821461	2.016273	-1.242708	0.255677	0.169959	0.951705	-0.945311	0.250175	0.209282	-0.202524	-0.953166	0.224628
09386	6.239385	0.504656	1.851514	1.313846	1.426038	-1.075768	0.268647	0.180946	0.946090	-0.945046	0.239505	0.222544	-0.186325	-0.953885	0.235345
09387	5.299350	-0.676344	0.652572	0.793042	0.789038	-0.688804	0.276627	0.186847	0.942638	-0.944593	0.233232	0.230970	-0.176697	-0.954301	0.241012
09388	4.555565	-0.774714	-0.004427	0.590036	0.095250	-0.192835	0.278643	0.187334	0.941947	-0.945081	0.227935	0.234238	-0.170822	-0.955485	0.240559
09389	5.136238	0.544114	-0.965999	0.047125	-0.575145	0.277255	0.275075	0.182467	0.943949	-0.945915	0.226999	0.231768	-0.171985	-0.956649	0.235040
09390	5.551620	1.163234	-2.065731	-0.739413	-1.208723	0.697554	0.266363	0.172526	0.948307	-0.946492	0.232814	0.223497	-0.182220	-0.957096	0.225308
09391	6.853465	-0.544821	-3.226469	-1.029158	-1.732337	0.922693	0.254386	0.158129	0.954087	-0.946931	0.241167	0.212507	-0.196491	-0.957514	0.211087
09392	11.056879	0.729447	3.162407	-0.202838	-1.642704	0.852917	0.243055	0.144461	0.959195	-0.948648	0.241795	0.203966	-0.202463	-0.959513	0.195812
09393	12.520259	3.106992	5.233695	-0.010937	-1.067284	0.426262	0.236873	0.135243	0.962081	-0.949635	0.241329	0.199884	-0.205145	-0.960973	0.185596
09394	9.063982	-0.050858	1.338944	0.294107	-0.737450	0.038620	0.235028	0.128261	0.963489	-0.950328	0.238425	0.200078	-0.204057	-0.962654	0.177927
09395	7.226073	-3.208695	-1.617178	1.369670	-0.847002	0.058466	0.232830	0.120226	0.965058	-0.953170	0.225162	0.201911	-0.193019	-0.966875	0.167020
09396	10.259637	0.981938	2.824164	2.373836	-0.919692	0.312886	0.228189	0.111991	0.967154	-0.958228	0.201749	0.202722	-0.172419	-0.973014	0.153350
09397	13.865700	6.688829	6.588950	1.668013	-0.859625	0.426761	0.222709	0.104437	0.969275	-0.961937	0.185046	0.201085	-0.158360	-0.977165	0.141673
09398	13.881369	5.649264	5.675490	-0.048823	-0.962512	0.413155	0.217229	0.095813	0.971407	-0.962766	0.185083	0.197041	-0.160912	-0.978041	0.132450
09399	12.614025	1.236615	0.762387	-1.086674	-1.168049	0.437505	0.211102	0.085229	0.973741	-0.961873	0.195333	0.191432	-0.173888	-0.977027	0.123215
09400	11.668351	-0.820290	-3.316613	-1.042799	-1.341517	0.483954	0.204065	0.073117	0.976223	-0.960994	0.205117	0.185519	-0.186675	-0.976003	0.112122
09401	11.792265	-1.501746	-2.767521	-0.722744	-1.478984	0.556787	0.195921	0.059848	0.978792	-0.960711	0.211821	0.179350	-0.196595	-0.975474	0.098997
