// General information: 
//  MT Manager version: 2022.2.0 
//  XDA version: 2022.2.0 build 7381 rev 124627 built on 2023-07-19
// Device information: 
//  DeviceId: 00B4CBA7
//  ProductCode: MTW2-3A7G6
//  Firmware Version: 4.6.0
//  Hardware Version: 2.0.0
// Device settings: 
//  Filter Profile: human(46.1)
//  Option Flags: Orientation Smoother Disabled, Position/Velocity Smoother Disabled, Continuous Zero Rotation Update Disabled, AHS Disabled, ICC Disabled
// Coordinate system: ENU
PacketCounter	Acc_X	Acc_Y	Acc_Z	Gyr_X	Gyr_Y	Gyr_Z	Mat[1][1]	Mat[2][1]	Mat[3][1]	Mat[1][2]	Mat[2][2]	Mat[3][2]	Mat[1][3]	Mat[2][3]	Mat[3][3]
19302	9.636288	-0.303658	-1.203096	-0.283463	-0.096687	-0.132854	-0.084249	-0.178984	0.980238	-0.972137	0.230724	-0.041424	-0.218750	-0.956416	-0.193435
19303	9.748764	-0.602638	-2.038507	-0.267796	-0.101138	-0.128972	-0.083177	-0.180257	0.980096	-0.971653	0.233073	-0.039594	-0.221296	-0.955607	-0.194534
19304	10.042096	-0.944962	-3.126553	-0.211526	-0.089434	-0.111940	-0.082248	-0.181370	0.979970	-0.971273	0.234907	-0.038042	-0.223302	-0.954947	-0.195480
19305	9.748468	-0.921549	-3.379644	-0.079729	-0.085604	-0.080396	-0.081619	-0.182384	0.979834	-0.971157	0.235542	-0.037053	-0.224035	-0.954597	-0.196349
19306	9.778430	-0.464825	-3.159112	0.001526	-0.075749	-0.074670	-0.081023	-0.183279	0.979716	-0.971219	0.235407	-0.036282	-0.223983	-0.954459	-0.197078
19307	9.717646	-0.048566	-2.666096	-0.006011	-0.048769	-0.064340	-0.080468	-0.183907	0.979644	-0.971255	0.235363	-0.035595	-0.224026	-0.954349	-0.197560
19308	9.496223	-0.054640	-2.036491	-0.056135	-0.040996	-0.060555	-0.079932	-0.184437	0.979589	-0.971176	0.235803	-0.034848	-0.224563	-0.954138	-0.197969
19309	9.579296	-0.045126	-1.469510	-0.092960	-0.034125	-0.074716	-0.079243	-0.184950	0.979548	-0.971024	0.236569	-0.033886	-0.225463	-0.953849	-0.198338
19310	9.535168	-0.076781	-1.475714	-0.128180	-0.033887	-0.081510	-0.078488	-0.185463	0.979512	-0.970796	0.237657	-0.032791	-0.226706	-0.953479	-0.198700
19311	9.437286	-0.000397	-1.375263	-0.131288	-0.064051	-0.071292	-0.077901	-0.186254	0.979408	-0.970550	0.238795	-0.031785	-0.227958	-0.953041	-0.199371
19312	9.565462	-0.146277	-1.758632	-0.163720	-0.078754	-0.067016	-0.077391	-0.187161	0.979276	-0.970225	0.240246	-0.030759	-0.229510	-0.952498	-0.200181
19313	9.593686	-0.448234	-1.938644	-0.146834	-0.099035	-0.065344	-0.076944	-0.188272	0.979098	-0.969935	0.241537	-0.029778	-0.230882	-0.951953	-0.201196
19314	9.633285	-0.982731	-2.302168	-0.120364	-0.107707	-0.062181	-0.076550	-0.189444	0.978903	-0.969701	0.242581	-0.028884	-0.231991	-0.951454	-0.202273
19315	9.664631	-1.499798	-2.809571	0.027888	-0.113719	-0.062687	-0.076166	-0.190687	0.978692	-0.969810	0.242216	-0.028282	-0.231662	-0.951299	-0.203379
19316	9.630835	-1.102437	-2.578349	0.211898	-0.126618	-0.054236	-0.075891	-0.192019	0.978452	-0.970337	0.240112	-0.028141	-0.229534	-0.951565	-0.204546
19317	9.796679	-0.693670	-2.911270	0.288743	-0.116526	-0.049967	-0.075634	-0.193258	0.978228	-0.971031	0.237285	-0.028200	-0.226669	-0.952023	-0.205606
19318	9.687813	-0.258996	-2.562203	0.358387	-0.091627	-0.041493	-0.075397	-0.194224	0.978055	-0.971866	0.233807	-0.028490	-0.223143	-0.952686	-0.206388
19319	9.575187	0.029514	-2.344130	0.284640	-0.080329	-0.033657	-0.075210	-0.195079	0.977900	-0.972519	0.231048	-0.028705	-0.220342	-0.953185	-0.207095
19320	9.772759	0.044759	-2.280956	0.215380	-0.042035	-0.033599	-0.074935	-0.195553	0.977826	-0.973014	0.228944	-0.028781	-0.218240	-0.953595	-0.207432
19321	9.551583	0.187420	-1.962247	0.162227	-0.018735	-0.028575	-0.074660	-0.195808	0.977796	-0.973385	0.227361	-0.028793	-0.216675	-0.953922	-0.207571
19322	9.575416	0.352266	-1.696362	0.058693	-0.006116	-0.032801	-0.074314	-0.195936	0.977797	-0.973534	0.226752	-0.028552	-0.216123	-0.954040	-0.207601
19323	9.642752	0.020493	-1.921476	-0.055625	0.027733	-0.041138	-0.073814	-0.195776	0.977867	-0.973442	0.227218	-0.027989	-0.216710	-0.953962	-0.207348
19324	9.446480	-0.120179	-2.091165	-0.103989	0.009556	-0.038798	-0.073375	-0.195769	0.977901	-0.973242	0.228150	-0.027351	-0.217753	-0.953741	-0.207271
19325	9.610840	-0.290188	-2.042266	-0.101044	0.004879	-0.038962	-0.072946	-0.195822	0.977923	-0.973046	0.229057	-0.026715	-0.218769	-0.953513	-0.207253
19326	9.725524	-0.387554	-2.103060	-0.078029	0.001944	-0.039626	-0.072516	-0.195891	0.977941	-0.972902	0.229739	-0.026124	-0.219554	-0.953335	-0.207242
19327	9.512185	-0.175186	-2.053320	-0.041525	-0.009548	-0.031318	-0.072192	-0.196065	0.977930	-0.972831	0.230089	-0.025685	-0.219975	-0.953214	-0.207348
19328	9.509940	0.137414	-1.847407	-0.006216	-0.028999	-0.026648	-0.071957	-0.196398	0.977880	-0.972833	0.230112	-0.025369	-0.220039	-0.953140	-0.207621
19329	9.554897	0.366389	-1.833239	-0.001359	-0.008421	-0.022426	-0.071718	-0.196541	0.977869	-0.972843	0.230100	-0.025102	-0.220074	-0.953114	-0.207706
19330	9.498121	0.558744	-1.566071	-0.059303	-0.005820	-0.021716	-0.071479	-0.196642	0.977866	-0.972726	0.230638	-0.024724	-0.220671	-0.952963	-0.207765
19331	9.594449	0.309997	-2.259813	-0.023805	0.009226	-0.020397	-0.071220	-0.196611	0.977891	-0.972684	0.230845	-0.024428	-0.220939	-0.952919	-0.207682
19332	9.235657	0.579207	-1.313133	-0.020847	0.013174	-0.009928	-0.071054	-0.196505	0.977925	-0.972642	0.231040	-0.024245	-0.221175	-0.952894	-0.207545
19333	9.433694	0.641867	-1.209337	-0.140662	-0.015118	-0.005365	-0.070994	-0.196671	0.977896	-0.972331	0.232388	-0.023852	-0.222560	-0.952531	-0.207728
19334	9.541787	0.432574	-1.517943	-0.253280	-0.029131	-0.000204	-0.071017	-0.196945	0.977839	-0.971761	0.234815	-0.023281	-0.225026	-0.951879	-0.208060
19335	9.337453	0.089634	-1.585276	-0.282438	-0.059988	0.010066	-0.071207	-0.197502	0.977713	-0.971111	0.237541	-0.022742	-0.227755	-0.951088	-0.208711
19336	9.438719	-0.182092	-1.480052	-0.207487	-0.101423	0.020878	-0.071601	-0.198413	0.977500	-0.970619	0.239570	-0.022470	-0.229721	-0.950389	-0.209737
19337	9.526469	-0.091936	-1.426613	-0.143735	-0.123084	0.033431	-0.072166	-0.199511	0.977235	-0.970260	0.241021	-0.022444	-0.231056	-0.949792	-0.210971
19338	9.745067	-0.052217	-1.657353	-0.064057	-0.151521	0.042759	-0.072891	-0.200843	0.976908	-0.970078	0.241730	-0.022684	-0.231592	-0.949331	-0.212453
19339	9.966134	-0.125832	-2.509871	-0.021067	-0.153849	0.065954	-0.073843	-0.202151	0.976566	-0.969978	0.242082	-0.023234	-0.231713	-0.948963	-0.213959
19340	9.896157	-0.223839	-3.275411	0.075948	-0.161959	0.094002	-0.075090	-0.203457	0.976200	-0.970080	0.241567	-0.024272	-0.230880	-0.948815	-0.215509
19341	9.786986	-0.577824	-3.823992	0.166590	-0.149288	0.116732	-0.076522	-0.204602	0.975850	-0.970372	0.240242	-0.025722	-0.229178	-0.948906	-0.216924
19342	9.675230	-0.740486	-3.680009	0.232763	-0.120297	0.126433	-0.077983	-0.205438	0.975558	-0.970803	0.238307	-0.027419	-0.226850	-0.949213	-0.218023
19343	9.510189	-0.150236	-3.178131	0.258491	-0.083879	0.128906	-0.079381	-0.205939	0.975340	-0.971281	0.236137	-0.029191	-0.224303	-0.949646	-0.218770
19344	9.709828	0.506172	-2.906437	0.184721	-0.047590	0.131410	-0.080724	-0.206078	0.975200	-0.971586	0.234669	-0.030835	-0.222495	-0.949980	-0.219166
19345	9.645044	0.890812	-2.155704	0.025680	-0.014145	0.123818	-0.081915	-0.205934	0.975131	-0.971540	0.234698	-0.032049	-0.222261	-0.950004	-0.219298
19346	9.520516	0.715504	-1.712828	-0.103160	-0.002887	0.140606	-0.083247	-0.205627	0.975083	-0.971192	0.235982	-0.033151	-0.223286	-0.949753	-0.219348
19347	9.497118	0.443456	-1.200905	-0.155947	-0.000213	0.129165	-0.084457	-0.205335	0.975041	-0.970731	0.237748	-0.034016	-0.224829	-0.949375	-0.219405
19348	9.365512	0.387485	-0.955718	-0.172142	-0.025761	0.132735	-0.085763	-0.205259	0.974943	-0.970227	0.239669	-0.034890	-0.226502	-0.948909	-0.219703
19349	9.359921	0.093733	-0.769426	-0.165210	-0.054172	0.144847	-0.087245	-0.205436	0.974774	-0.969724	0.241552	-0.035886	-0.228087	-0.948393	-0.220290
19350	9.331407	-0.299284	-0.794450	-0.135920	-0.092775	0.143842	-0.088812	-0.205963	0.974521	-0.969284	0.243152	-0.036945	-0.229347	-0.947869	-0.221232
19351	9.416358	-0.479065	-1.100560	-0.054115	-0.128864	0.137011	-0.090389	-0.206860	0.974186	-0.969035	0.243966	-0.038107	-0.229786	-0.947465	-0.222506
19352	9.847432	-0.470170	-1.556250	-0.008911	-0.135606	0.136929	-0.091987	-0.207807	0.973835	-0.968887	0.244350	-0.039378	-0.229773	-0.947159	-0.223818
19353	9.928568	-0.652454	-2.720278	-0.019650	-0.114212	0.133174	-0.093493	-0.208570	0.973528	-0.968716	0.244834	-0.040577	-0.229889	-0.946866	-0.224935
19354	9.655164	-0.851438	-3.223665	0.034141	-0.117016	0.149681	-0.095172	-0.209308	0.973207	-0.968651	0.244838	-0.042069	-0.229473	-0.946702	-0.226048
19355	9.572879	-0.860018	-3.482043	0.048813	-0.112770	0.151918	-0.096855	-0.210012	0.972889	-0.968615	0.244713	-0.043605	-0.228921	-0.946578	-0.227123
19356	9.667664	-0.760228	-3.583907	0.099008	-0.090420	0.150343	-0.098478	-0.210497	0.972622	-0.968692	0.244107	-0.045250	-0.227898	-0.946627	-0.227946
19357	9.565876	-0.446852	-3.234609	0.134086	-0.060342	0.143368	-0.099958	-0.210730	0.972420	-0.968853	0.243155	-0.046898	-0.226566	-0.946820	-0.228472
19358	9.548539	-0.402959	-2.883656	0.145389	-0.050447	0.141755	-0.101406	-0.210860	0.972242	-0.969037	0.242092	-0.048566	-0.225131	-0.947064	-0.228881
19359	9.574892	-0.245979	-2.429344	0.159234	-0.044096	0.145313	-0.102868	-0.210938	0.972072	-0.969244	0.240907	-0.050292	-0.223570	-0.947348	-0.229232
19360	9.485218	-0.010635	-1.756003	0.155038	-0.049937	0.159011	-0.104480	-0.211026	0.971881	-0.969423	0.239788	-0.052151	-0.222041	-0.947613	-0.229627
19361	9.379686	-0.086245	-1.442935	0.111035	-0.060679	0.156619	-0.106089	-0.211236	0.971661	-0.969502	0.239089	-0.053876	-0.220932	-0.947743	-0.230158
19362	9.439141	0.211691	-1.215140	0.096788	-0.077629	0.162242	-0.107793	-0.211581	0.971398	-0.969541	0.238529	-0.055632	-0.219936	-0.947807	-0.230848
19363	9.499110	0.393567	-1.125220	0.039633	-0.106905	0.183099	-0.109757	-0.212166	0.971050	-0.969426	0.238565	-0.057449	-0.219470	-0.947667	-0.231863
19364	9.689355	0.446881	-1.181368	-0.032433	-0.134709	0.194145	-0.111895	-0.212975	0.970629	-0.969138	0.239299	-0.059216	-0.219660	-0.947300	-0.233178
19365	9.609325	0.192543	-1.439089	-0.069351	-0.160462	0.211226	-0.114246	-0.213996	0.970131	-0.968746	0.240426	-0.061049	-0.220180	-0.946785	-0.234775
19366	9.517358	-0.102138	-1.511982	-0.048219	-0.199195	0.229851	-0.116871	-0.215324	0.969524	-0.968373	0.241390	-0.063122	-0.220442	-0.946238	-0.236726
19367	9.523330	-0.330371	-1.626254	0.008730	-0.238447	0.243545	-0.119705	-0.216999	0.968805	-0.968103	0.241853	-0.065447	-0.220106	-0.945737	-0.239028
19368	9.622182	-0.624082	-1.793657	0.076672	-0.272583	0.259150	-0.122772	-0.218946	0.967982	-0.967957	0.241707	-0.068098	-0.219058	-0.945326	-0.241605
19369	9.737529	-0.742504	-2.080299	0.149199	-0.282191	0.260371	-0.125859	-0.220991	0.967121	-0.967958	0.240889	-0.070924	-0.217296	-0.945058	-0.244228
19370	9.768296	-0.845707	-2.332763	0.213809	-0.296531	0.275180	-0.129124	-0.223128	0.966199	-0.968068	0.239494	-0.074066	-0.214873	-0.944911	-0.246928
19371	9.826232	-0.927186	-2.480989	0.292135	-0.307300	0.293983	-0.132577	-0.225336	0.965219	-0.968306	0.237412	-0.077575	-0.211674	-0.944912	-0.249670
19372	9.836237	-0.895870	-2.297730	0.351278	-0.311369	0.300965	-0.136105	-0.227564	0.964204	-0.968639	0.234789	-0.081317	-0.207879	-0.945034	-0.252384
19373	9.664469	-0.647594	-2.037843	0.406521	-0.319766	0.315993	-0.139775	-0.229854	0.963136	-0.969040	0.231688	-0.085339	-0.203532	-0.945245	-0.255122
19374	9.462346	-0.710072	-1.414952	0.432370	-0.354821	0.340671	-0.143751	-0.232421	0.961934	-0.969427	0.228402	-0.089684	-0.198863	-0.945417	-0.258148
19375	9.644648	-0.617714	-0.798538	0.447940	-0.390250	0.348736	-0.147849	-0.235323	0.960606	-0.969800	0.225001	-0.094144	-0.193983	-0.945514	-0.261483
19376	9.774668	-0.414477	-0.411987	0.411059	-0.414870	0.387832	-0.152366	-0.238375	0.959147	-0.970006	0.222047	-0.098906	-0.189399	-0.945448	-0.265058
19377	9.618154	-0.334610	-0.536271	0.394754	-0.467430	0.402362	-0.157093	-0.241906	0.957498	-0.970125	0.219299	-0.103760	-0.184878	-0.945193	-0.269129
19378	9.840171	0.143236	-0.739378	0.361322	-0.506951	0.428346	-0.162135	-0.245758	0.955675	-0.970103	0.216942	-0.108795	-0.180589	-0.944743	-0.273585
19379	10.168162	0.092644	-1.384335	0.256071	-0.523936	0.449971	-0.167385	-0.249730	0.953739	-0.969823	0.215656	-0.113739	-0.177276	-0.943995	-0.278291
19380	10.132672	-0.474894	-1.987461	0.213987	-0.535537	0.464051	-0.172786	-0.253780	0.951704	-0.969412	0.214819	-0.118718	-0.174316	-0.943106	-0.283135
19381	10.044018	-0.759196	-2.102651	0.254278	-0.565178	0.474797	-0.178310	-0.258085	0.949525	-0.969020	0.213656	-0.123899	-0.170895	-0.942201	-0.288187
19382	9.879325	-0.676435	-1.853997	0.315972	-0.604407	0.502098	-0.184156	-0.262704	0.947140	-0.968647	0.212000	-0.129536	-0.166764	-0.941298	-0.293508
19383	9.807896	-0.625588	-1.268899	0.359361	-0.666695	0.541067	-0.190438	-0.267828	0.944458	-0.968229	0.210072	-0.135659	-0.162071	-0.940286	-0.299325
19384	9.683839	-0.437840	-0.489691	0.392680	-0.749323	0.586761	-0.197273	-0.273639	0.941385	-0.967721	0.207983	-0.142336	-0.156843	-0.939077	-0.305835
19385	9.628803	-0.261343	0.099943	0.400449	-0.824888	0.626733	-0.204552	-0.280073	0.937932	-0.967085	0.205976	-0.149404	-0.151347	-0.937621	-0.312987
19386	9.553864	-0.243175	0.326685	0.379551	-0.892403	0.641728	-0.212043	-0.287112	0.934133	-0.966316	0.204252	-0.156570	-0.145845	-0.935867	-0.320751
19387	9.599152	-0.482828	-0.458748	0.386045	-0.958708	0.635377	-0.219494	-0.294770	0.930018	-0.965504	0.202506	-0.163685	-0.140085	-0.933864	-0.329050
19388	10.118605	-0.765423	-1.211073	0.406806	-1.032055	0.617960	-0.226833	-0.303146	0.925554	-0.964688	0.200570	-0.170731	-0.133882	-0.931598	-0.337937
19389	10.569651	-1.192331	-1.711683	0.490430	-1.095167	0.610785	-0.234091	-0.312102	0.920757	-0.963928	0.197899	-0.177986	-0.126667	-0.929208	-0.347171
19390	11.133846	-1.698953	-2.187857	0.540431	-1.148866	0.611050	-0.241350	-0.321558	0.915615	-0.963145	0.194830	-0.185455	-0.118755	-0.926629	-0.356729
19391	11.285720	-1.911162	-2.306480	0.670902	-1.192347	0.635487	-0.248770	-0.331348	0.910122	-0.962363	0.190708	-0.193618	-0.109412	-0.924034	-0.366319
19392	11.176949	-1.755115	-1.169888	0.748960	-1.250638	0.665337	-0.256435	-0.341628	0.904174	-0.961470	0.186046	-0.202391	-0.099075	-0.921237	-0.376174
19393	11.271843	-1.402215	-0.087392	0.792175	-1.322161	0.693074	-0.264274	-0.352494	0.897724	-0.960419	0.181175	-0.211591	-0.088060	-0.918109	-0.386421
19394	11.002838	-1.240047	0.727845	0.783295	-1.403984	0.732671	-0.272425	-0.364042	0.890650	-0.959107	0.176631	-0.221168	-0.076801	-0.914481	-0.397274
19395	10.864659	-1.133487	1.229256	0.806940	-1.550993	0.768884	-0.280832	-0.376824	0.882688	-0.957566	0.172123	-0.231174	-0.064819	-0.910152	-0.409171
19396	11.491507	-1.031571	1.242580	0.814413	-1.695311	0.797311	-0.289414	-0.390850	0.873771	-0.955778	0.167799	-0.241518	-0.052220	-0.905030	-0.422129
19397	12.602369	-0.955441	1.072597	0.803396	-1.792344	0.822506	-0.298026	-0.405621	0.864090	-0.953747	0.163828	-0.252044	-0.039328	-0.899240	-0.435685
19398	13.604490	-0.983151	0.737733	0.875124	-1.861121	0.862372	-0.306806	-0.420899	0.853647	-0.951433	0.159556	-0.263281	-0.025390	-0.892965	-0.449410
19399	14.147668	-1.010000	2.309036	0.961285	-1.926749	0.899917	-0.315636	-0.436583	0.842478	-0.948824	0.154859	-0.275229	-0.010305	-0.886236	-0.463120
19400	14.273463	-1.494051	2.824830	1.003853	-1.990314	0.900405	-0.324178	-0.452772	0.830606	-0.945980	0.150007	-0.287437	0.005547	-0.878917	-0.476942
19401	13.820142	-1.519288	2.532613	0.991890	-2.033546	0.873277	-0.332084	-0.469224	0.818260	-0.943004	0.145344	-0.299364	0.021540	-0.871036	-0.490746
19402	12.906025	-1.676249	0.703620	0.944511	-2.073889	0.811226	-0.339075	-0.486033	0.805481	-0.940017	0.141034	-0.310608	0.037366	-0.862486	-0.504700
19403	12.347427	-1.633116	-0.761584	0.817234	-2.146198	0.763799	-0.345213	-0.503319	0.792148	-0.937065	0.137785	-0.320820	0.052328	-0.853045	-0.519207
19404	11.766787	-0.870514	-3.655088	0.674343	-2.225555	0.729165	-0.350679	-0.521184	0.778069	-0.934142	0.135804	-0.330055	0.066355	-0.842570	-0.534484
19405	11.703149	0.906811	-5.427974	0.682730	-2.345205	0.711388	-0.355517	-0.539789	0.763044	-0.931158	0.133842	-0.339162	0.080949	-0.831092	-0.550212
19406	12.129826	1.771780	-6.315795	0.493249	-2.273319	0.660991	-0.359644	-0.557660	0.748112	-0.928380	0.133398	-0.346867	0.093637	-0.819280	-0.565696
19407	11.496558	1.724495	-6.983297	0.401205	-2.109492	0.645460	-0.363460	-0.573900	0.733850	-0.925683	0.133761	-0.353863	0.104921	-0.807928	-0.579866
19408	10.150311	1.313668	-6.490161	0.255285	-1.911760	0.641128	-0.367257	-0.588374	0.720373	-0.923077	0.135436	-0.359980	0.114239	-0.797166	-0.592855
19409	9.250536	0.811406	-8.371443	0.067575	-1.573883	0.615603	-0.371009	-0.599945	0.708815	-0.920765	0.138534	-0.364692	0.120600	-0.787956	-0.603805
19410	7.730504	0.229085	-8.714991	0.070398	-1.310787	0.578578	-0.374679	-0.609407	0.698741	-0.918538	0.141476	-0.369150	0.126108	-0.780133	-0.612771
19411	6.537924	-0.530801	-9.160878	-0.084147	-1.076364	0.478775	-0.377621	-0.617025	0.690423	-0.916887	0.145043	-0.371860	0.129306	-0.773462	-0.620513
19412	5.311553	-1.703107	-10.036353	-0.401907	-0.789623	0.346463	-0.379744	-0.622594	0.684230	-0.916111	0.150283	-0.371692	0.128586	-0.767979	-0.627435
19413	4.265513	-3.370442	-9.988334	-0.507318	-0.599466	0.216441	-0.380886	-0.626801	0.679740	-0.915978	0.155500	-0.369871	0.126136	-0.763505	-0.633364
19414	3.110111	-3.435752	-10.476074	-0.740282	-0.543796	0.031367	-0.380467	-0.630887	0.676186	-0.916792	0.161326	-0.365329	0.121395	-0.758918	-0.639771
19415	3.015278	-2.963813	-12.143643	-0.675821	-0.414053	-0.098727	-0.378992	-0.634136	0.673970	-0.918014	0.165802	-0.360222	0.116684	-0.755236	-0.644984
19416	3.410519	-1.867615	-10.669104	-0.139795	-0.307202	-0.193041	-0.376827	-0.636769	0.672701	-0.918924	0.165624	-0.357977	0.116534	-0.753057	-0.647554
19417	5.034100	-0.068411	-6.095701	0.180856	0.003171	-0.265025	-0.374320	-0.637139	0.673749	-0.919748	0.162562	-0.357263	0.118100	-0.753410	-0.646858
19418	6.042196	1.973413	-4.220397	-0.237630	0.446097	-0.318637	-0.371871	-0.634287	0.677785	-0.921230	0.162324	-0.353533	0.114221	-0.755865	-0.644688
19419	6.399880	2.957980	-4.335014	-0.915861	0.903687	-0.386152	-0.369210	-0.628032	0.685026	-0.923695	0.166820	-0.344905	0.102335	-0.760097	-0.641701
19420	5.889883	2.881612	-4.450715	-1.735888	1.412441	-0.509960	-0.365751	-0.618127	0.695806	-0.927177	0.176882	-0.330236	0.081052	-0.765919	-0.637808
19421	4.782935	1.611726	-5.344506	-2.592642	1.845664	-0.664640	-0.360700	-0.605116	0.709739	-0.931332	0.192757	-0.308975	0.050159	-0.772450	-0.633091
19422	4.425015	-0.261292	-6.930176	-3.107555	2.160787	-0.806018	-0.353829	-0.589980	0.725761	-0.935214	0.212046	-0.283568	0.013405	-0.779076	-0.626786
19423	4.389219	-1.592151	-7.570724	-3.266113	2.448988	-0.944865	-0.344733	-0.572871	0.743625	-0.938345	0.232117	-0.256184	-0.025847	-0.786092	-0.617569
19424	4.620550	-2.151703	-7.227636	-3.198221	2.716118	-1.047173	-0.333622	-0.553945	0.762786	-0.940454	0.251480	-0.228701	-0.065137	-0.793664	-0.604859
19425	5.126639	-2.683624	-8.141001	-3.069878	2.944808	-1.081010	-0.320866	-0.533235	0.782755	-0.941424	0.270102	-0.201906	-0.103760	-0.801689	-0.588666
19426	5.637911	-3.052652	-8.878450	-2.689309	3.099763	-1.053651	-0.307147	-0.511177	0.802720	-0.941479	0.286278	-0.177937	-0.138844	-0.810397	-0.569192
19427	6.029167	-3.597105	-8.215132	-2.175580	3.227852	-1.014769	-0.292525	-0.487795	0.822487	-0.941189	0.298961	-0.157436	-0.169095	-0.820170	-0.546560
19428	6.548384	-4.144289	-7.862792	-1.697456	3.358246	-0.993207	-0.277030	-0.463083	0.841908	-0.940936	0.308255	-0.140062	-0.194662	-0.830983	-0.521127
19429	6.593743	-4.785992	-8.316029	-1.078361	3.466459	-0.998648	-0.260444	-0.437134	0.860862	-0.941426	0.312803	-0.125980	-0.214210	-0.843249	-0.492997
19430	6.369886	-5.267939	-7.705062	-0.357672	3.517609	-1.049965	-0.242758	-0.410503	0.878952	-0.943284	0.311398	-0.115091	-0.226459	-0.857040	-0.462816
19431	6.111580	-5.577756	-7.195099	0.285271	3.541477	-1.162012	-0.223558	-0.383435	0.896102	-0.946654	0.304336	-0.105947	-0.232093	-0.871985	-0.431017
19432	6.193099	-5.561085	-7.304922	0.976623	3.573775	-1.300875	-0.202903	-0.355852	0.912250	-0.951690	0.290938	-0.098186	-0.230469	-0.888101	-0.397693
19433	6.316945	-5.232075	-7.142973	1.703164	3.576102	-1.431326	-0.181064	-0.327780	0.927241	-0.958289	0.270792	-0.091401	-0.221130	-0.905114	-0.363139
19434	6.398644	-4.495160	-5.687313	2.361020	3.533078	-1.598260	-0.158125	-0.299607	0.940868	-0.966026	0.244211	-0.084587	-0.204428	-0.922278	-0.328044
19435	7.102888	-2.921715	-4.848287	2.653640	3.513760	-1.753362	-0.134204	-0.270911	0.953203	-0.973745	0.214539	-0.076122	-0.183877	-0.938393	-0.292590
19436	8.018642	-0.974951	-5.270302	2.598845	3.561548	-1.830018	-0.110104	-0.240882	0.964289	-0.980487	0.185290	-0.065667	-0.162855	-0.952703	-0.256583
19437	8.491433	0.788606	-6.062809	2.303392	3.622089	-1.827126	-0.086495	-0.209274	0.974024	-0.985817	0.159114	-0.053356	-0.143815	-0.964825	-0.220068
19438	8.465216	2.053459	-6.051831	1.726503	3.675260	-1.788353	-0.063765	-0.176289	0.982271	-0.989521	0.138938	-0.039300	-0.129547	-0.974484	-0.183301
19439	7.606179	2.087152	-4.929869	0.946278	3.624066	-1.732951	-0.041945	-0.143127	0.988815	-0.991627	0.126945	-0.023689	-0.122134	-0.981529	-0.147254
19440	7.249063	1.018022	-4.633694	0.150179	3.516548	-1.650172	-0.021244	-0.110583	0.993640	-0.992330	0.123392	-0.007484	-0.121780	-0.986177	-0.112356
19441	6.864856	-0.852653	-4.097987	-0.433936	3.471490	-1.565498	-0.001307	-0.078239	0.996934	-0.991963	0.126235	0.008606	-0.126521	-0.988910	-0.077775
19442	6.365592	-2.834181	-3.815625	-0.799057	3.284693	-1.474925	0.017639	-0.047641	0.998709	-0.990797	0.133235	0.023855	-0.134200	-0.989939	-0.044853
19443	6.427453	-4.854623	-3.868709	-0.782727	3.002321	-1.390667	0.035634	-0.019816	0.999168	-0.989341	0.140552	0.038071	-0.141189	-0.989875	-0.014597
19444	6.889855	-6.828647	-3.473797	-0.377908	2.726395	-1.326857	0.052679	0.005287	0.998598	-0.988212	0.144220	0.051367	-0.143746	-0.989532	0.012822
19445	7.612661	-7.766384	-5.052340	0.312680	2.533666	-1.280091	0.068993	0.028534	0.997209	-0.987865	0.141378	0.064301	-0.139149	-0.989544	0.037942
19446	8.129912	-6.234173	-5.431548	1.463951	2.230390	-1.241050	0.084223	0.048959	0.995243	-0.988827	0.127389	0.077413	-0.122993	-0.990644	0.059141
19447	9.241614	-2.299837	-2.596778	2.362936	1.851876	-1.100987	0.097317	0.065945	0.993066	-0.990303	0.105811	0.090020	-0.099141	-0.992197	0.075603
19448	9.748509	1.815869	-0.955388	2.315064	1.506679	-0.864787	0.107236	0.080095	0.991002	-0.991425	0.083485	0.100534	-0.074682	-0.993285	0.088361
19449	11.972124	4.386022	-0.314567	1.926082	1.065819	-0.773166	0.115657	0.090104	0.989194	-0.991797	0.065041	0.110037	-0.054423	-0.993806	0.096888
19450	11.104554	5.905961	3.792395	0.895215	0.791974	-0.480889	0.120857	0.097693	0.987851	-0.991666	0.056624	0.115724	-0.044631	-0.993604	0.103722
19451	7.899769	3.444912	1.958376	-0.445063	0.217978	-0.069353	0.121719	0.099812	0.987533	-0.991364	0.061151	0.116010	-0.048810	-0.993125	0.106393
19452	5.920427	1.704574	2.752730	-1.314223	-0.400149	0.126557	0.120281	0.095935	0.988094	-0.990781	0.074104	0.113413	-0.062341	-0.992625	0.103964
19453	7.469555	0.117377	2.786664	-2.036880	-0.985250	0.286801	0.116913	0.086267	0.989388	-0.989497	0.095389	0.108609	-0.085007	-0.991695	0.096513
19454	11.734385	-0.699968	5.041227	-2.222495	-0.931000	0.364736	0.112447	0.077438	0.990636	-0.987763	0.117141	0.102965	-0.108071	-0.990092	0.089663
19455	14.731261	0.599390	7.905611	-2.677740	-0.408526	0.392221	0.108248	0.073802	0.991381	-0.984756	0.144541	0.096765	-0.136154	-0.986743	0.088323
19456	15.204408	1.055524	4.287709	-3.254163	-0.017645	0.523198	0.103120	0.074474	0.991877	-0.980349	0.176208	0.088691	-0.168172	-0.981532	0.091181
19457	11.776522	0.333849	2.833426	-3.704535	-0.022613	0.633812	0.097044	0.075401	0.992420	-0.973834	0.213073	0.079038	-0.205499	-0.974122	0.094105
19458	9.386618	-2.500842	2.749784	-4.189502	-0.142314	0.648455	0.090475	0.075538	0.993030	-0.964968	0.253225	0.068656	-0.246274	-0.964454	0.095802
19459	9.494194	-5.979281	3.174423	-4.187935	-0.251717	0.525989	0.084907	0.074497	0.993600	-0.953954	0.293998	0.059476	-0.287686	-0.952898	0.096029
19460	10.822106	-10.106442	1.518141	-3.731159	-0.441677	0.415641	0.079655	0.071609	0.994247	-0.942882	0.329068	0.051839	-0.323462	-0.941587	0.093731
19461	12.628427	-12.154362	-2.291633	-2.008514	-0.899537	0.279113	0.074149	0.064074	0.995187	-0.936104	0.348528	0.047308	-0.343819	-0.935106	0.085823
19462	13.805560	-7.250848	-4.585926	0.339516	-1.164094	0.147966	0.068815	0.053690	0.996184	-0.937362	0.345288	0.046142	-0.341492	-0.936960	0.074088
19463	12.619387	-0.410663	-4.227674	1.791837	-1.223320	0.135597	0.063537	0.042618	0.997069	-0.943173	0.329097	0.046036	-0.326171	-0.943334	0.061106
19464	11.248620	3.718216	-3.732724	1.750965	-1.103286	0.236823	0.057826	0.032937	0.997783	-0.948879	0.312461	0.044677	-0.310297	-0.949359	0.049321
19465	9.762200	4.074037	-3.466330	0.861083	-0.913062	0.382986	0.051452	0.025412	0.998352	-0.951480	0.304929	0.041275	-0.303378	-0.952036	0.039869
19466	8.528855	1.834486	-4.188497	0.052190	-0.803384	0.428387	0.044979	0.019069	0.998806	-0.951836	0.304361	0.037053	-0.303291	-0.952366	0.031840
19467	8.530732	-0.470244	-4.152272	-0.154235	-0.690330	0.286411	0.040211	0.013347	0.999102	-0.951230	0.306583	0.034189	-0.305851	-0.951750	0.025024
19468	9.145409	-1.833327	-3.170572	-0.150784	-0.541907	0.101216	0.037627	0.008502	0.999256	-0.950798	0.308030	0.033181	-0.307519	-0.951339	0.019674
19469	10.204009	-2.235227	-1.725759	-0.012473	-0.486333	0.060053	0.035606	0.004036	0.999358	-0.950510	0.308978	0.032617	-0.308648	-0.951061	0.014838
19470	11.185748	-0.648782	-0.219765	0.063984	-0.443669	0.116511	0.033170	0.000177	0.999450	-0.950738	0.308390	0.031499	-0.308215	-0.951260	0.010397
19471	11.181634	1.674103	0.663477	-0.141556	-0.380944	0.192743	0.030198	-0.002871	0.999540	-0.950097	0.310547	0.029596	-0.310489	-0.950554	0.006651
19472	10.056806	3.367569	0.974819	-0.579317	-0.370394	0.253762	0.026670	-0.005592	0.999629	-0.948345	0.316083	0.027070	-0.316117	-0.948715	0.003127
19473	9.431528	3.511228	0.737863	-1.119456	-0.393380	0.253472	0.023042	-0.008517	0.999698	-0.944518	0.327542	0.024560	-0.327652	-0.944798	-0.000498
19474	9.401006	2.339041	0.402547	-1.448024	-0.405219	0.199689	0.019845	-0.011668	0.999735	-0.939707	0.341230	0.022636	-0.341404	-0.939907	-0.004193
19475	9.521150	0.282281	-0.104240	-1.343132	-0.444027	0.178165	0.016667	-0.015224	0.999745	-0.934806	0.354538	0.020983	-0.354767	-0.934918	-0.008322
19476	9.636056	-1.185107	-0.020077	-0.919523	-0.450469	0.169608	0.013507	-0.018820	0.999732	-0.931520	0.363170	0.019422	-0.363438	-0.931533	-0.012626
19477	9.331201	-1.022532	0.133207	-0.275434	-0.475858	0.181931	0.010105	-0.022594	0.999694	-0.930232	0.366547	0.017687	-0.366834	-0.930125	-0.017313
19478	9.073522	0.575126	0.815103	0.134542	-0.549710	0.210773	0.006171	-0.026938	0.999618	-0.930732	0.365369	0.015592	-0.365649	-0.930473	-0.022817
19479	9.198096	2.505566	1.569624	-0.014953	-0.605484	0.232204	0.001814	-0.031719	0.999495	-0.930361	0.366403	0.013317	-0.366640	-0.929915	-0.028846
19480	9.432826	3.044730	1.493781	-0.537136	-0.602364	0.241106	-0.002610	-0.036426	0.999333	-0.928368	0.371496	0.011117	-0.371653	-0.927720	-0.034787
19481	9.305750	2.067786	0.703853	-1.111430	-0.573401	0.252544	-0.007095	-0.040770	0.999143	-0.923822	0.382716	0.009057	-0.382757	-0.922966	-0.040380
19482	9.225609	-0.097801	-0.110385	-1.386376	-0.594989	0.236986	-0.011553	-0.045325	0.998905	-0.918396	0.395595	0.007328	-0.395495	-0.917306	-0.046197
19483	9.559001	-1.749007	-0.951153	-1.267069	-0.627094	0.221615	-0.016085	-0.050157	0.998612	-0.912966	0.407995	0.005787	-0.407719	-0.911605	-0.052354
19484	9.733539	-2.272913	-1.370100	-0.887014	-0.656749	0.221421	-0.020766	-0.055222	0.998258	-0.909264	0.416200	0.004109	-0.415702	-0.907595	-0.058854
19485	9.581483	-1.528158	-1.153668	-0.553107	-0.679773	0.214449	-0.025555	-0.060461	0.997843	-0.906556	0.422080	0.002357	-0.421312	-0.904540	-0.065598
19486	9.509749	-0.834843	-1.119079	-0.381610	-0.674238	0.206738	-0.030239	-0.065681	0.997382	-0.904875	0.425678	0.000598	-0.424603	-0.902488	-0.072305
19487	9.552563	-0.702579	-0.975352	-0.283369	-0.703523	0.214000	-0.035180	-0.071080	0.996850	-0.903246	0.429122	-0.001279	-0.427679	-0.900445	-0.079299
19488	9.885904	-0.433990	-1.794766	-0.160853	-0.730545	0.224451	-0.040295	-0.076692	0.996240	-0.902463	0.430754	-0.003342	-0.428879	-0.899205	-0.086569
19489	10.347715	-0.399007	-1.428658	-0.054326	-0.700343	0.235208	-0.045440	-0.081937	0.995601	-0.901787	0.432144	-0.005593	-0.429785	-0.898075	-0.093526
19490	9.879346	0.099101	-2.131461	-0.015134	-0.645945	0.239904	-0.050338	-0.086703	0.994962	-0.901599	0.432501	-0.007926	-0.429635	-0.897455	-0.099943
19491	9.462449	0.446347	-2.258079	-0.068242	-0.609862	0.241259	-0.055162	-0.091085	0.994314	-0.900826	0.434060	-0.010213	-0.430662	-0.896267	-0.105995
19492	9.568682	0.294802	-2.365025	-0.147144	-0.592321	0.236542	-0.059806	-0.095366	0.993644	-0.900047	0.435617	-0.012363	-0.431669	-0.895066	-0.111886
19493	9.930999	0.039082	-2.304391	-0.187038	-0.552453	0.231887	-0.064311	-0.099248	0.992982	-0.898753	0.438218	-0.014409	-0.433713	-0.893373	-0.117382
19494	9.857743	-0.250917	-2.105143	-0.226303	-0.510283	0.224267	-0.068503	-0.102822	0.992338	-0.897613	0.440483	-0.016323	-0.435429	-0.891854	-0.122469
19495	9.819258	-0.461585	-2.136842	-0.235777	-0.478823	0.211575	-0.072530	-0.106101	0.991707	-0.896080	0.443524	-0.018084	-0.437927	-0.889960	-0.127244
19496	9.783770	-0.733437	-1.830192	-0.269296	-0.446576	0.206292	-0.076297	-0.109159	0.991092	-0.894736	0.446158	-0.019740	-0.440029	-0.888272	-0.131709
19497	9.691104	-1.288169	-1.902728	-0.258531	-0.453057	0.194174	-0.080078	-0.112251	0.990448	-0.893081	0.449393	-0.021274	-0.442712	-0.886254	-0.136236
19498	9.736040	-1.432972	-1.727249	-0.188693	-0.460277	0.190633	-0.083780	-0.115474	0.989771	-0.892080	0.451299	-0.022859	-0.444043	-0.884870	-0.140822
19499	9.805306	-1.274293	-2.040603	-0.072196	-0.463681	0.181063	-0.087512	-0.118688	0.989068	-0.891224	0.452901	-0.024506	-0.445042	-0.883625	-0.145412
19500	9.770717	-0.605186	-1.970896	0.072316	-0.469000	0.165895	-0.091035	-0.122086	0.988336	-0.891390	0.452479	-0.026212	-0.444001	-0.883378	-0.150018
19501	9.806563	0.045586	-2.041257	0.200219	-0.464357	0.173899	-0.094708	-0.125328	0.987585	-0.891731	0.451687	-0.028195	-0.442545	-0.883330	-0.154537
19502	9.759463	0.490033	-1.639270	0.293608	-0.485799	0.196324	-0.098562	-0.128741	0.986768	-0.892829	0.449358	-0.030552	-0.439479	-0.884026	-0.159234
19503	9.559693	1.018884	-1.017398	0.329393	-0.510679	0.227970	-0.102910	-0.132149	0.985873	-0.893642	0.447545	-0.033292	-0.436823	-0.884444	-0.164151
19504	9.478427	1.139865	-0.482234	0.259719	-0.526292	0.253240	-0.107426	-0.135679	0.984912	-0.894499	0.445603	-0.036179	-0.433970	-0.884889	-0.169234
19505	9.692233	1.042635	-0.062612	0.212984	-0.549426	0.259257	-0.112084	-0.139409	0.983871	-0.895128	0.444097	-0.039049	-0.431490	-0.885067	-0.174565
19506	9.540322	0.996233	0.042187	0.144886	-0.570219	0.277873	-0.116987	-0.143228	0.982751	-0.895427	0.443223	-0.041996	-0.429563	-0.884895	-0.180101
19507	9.577577	1.011755	0.405479	0.082918	-0.610496	0.285950	-0.122245	-0.147260	0.981514	-0.895060	0.443679	-0.044911	-0.428864	-0.884004	-0.186044
19508	9.374347	0.816157	0.590815	-0.014678	-0.660333	0.304631	-0.127761	-0.151747	0.980128	-0.894610	0.444280	-0.047829	-0.428194	-0.882943	-0.192516
19509	9.382339	0.671866	0.580551	-0.128286	-0.719711	0.315068	-0.133616	-0.156710	0.978565	-0.893641	0.445920	-0.050610	-0.428430	-0.881248	-0.199624
19510	9.501305	0.071775	0.455637	-0.210036	-0.787888	0.334790	-0.139944	-0.162153	0.976792	-0.892277	0.448318	-0.053413	-0.429252	-0.879044	-0.207425
19511	9.681332	-0.753000	-0.025956	-0.226409	-0.869035	0.367645	-0.146909	-0.168143	0.974754	-0.890770	0.450933	-0.056466	-0.430055	-0.876577	-0.216023
19512	9.537081	-1.214046	-0.761485	-0.102263	-0.941159	0.376808	-0.154269	-0.174686	0.972464	-0.889758	0.452490	-0.059867	-0.429572	-0.874493	-0.225234
19513	9.847688	-1.095060	-1.236066	0.144064	-0.987312	0.362394	-0.161674	-0.181688	0.969975	-0.889796	0.451896	-0.063664	-0.426761	-0.873372	-0.234725
19514	10.289240	-0.476529	-1.740950	0.309564	-1.016707	0.366918	-0.169216	-0.188917	0.967304	-0.890499	0.449888	-0.067916	-0.422347	-0.872876	-0.244358
19515	10.411230	-0.753980	-1.879044	0.367761	-1.026834	0.405931	-0.177096	-0.196067	0.964466	-0.891335	0.447478	-0.072700	-0.417323	-0.872537	-0.254008
19516	10.104097	-1.548050	-1.992249	0.426896	-1.030696	0.433484	-0.185195	-0.203131	0.961478	-0.892316	0.444633	-0.077936	-0.411673	-0.872376	-0.263601
19517	9.622631	-1.512452	-2.177824	0.579605	-1.067605	0.438505	-0.193420	-0.210516	0.958265	-0.893847	0.440500	-0.083647	-0.404507	-0.872722	-0.273370
19518	10.007697	-0.687674	-1.604513	0.674473	-1.115699	0.470776	-0.202060	-0.218198	0.954757	-0.895615	0.435634	-0.089985	-0.396290	-0.873277	-0.283446
19519	10.266922	-0.440778	-0.975767	0.672324	-1.166308	0.528045	-0.211319	-0.226105	0.950905	-0.897157	0.430952	-0.096904	-0.387884	-0.873589	-0.293920
19520	10.336834	-0.160857	-0.071428	0.739609	-1.240374	0.571499	-0.221165	-0.234499	0.946623	-0.898754	0.425818	-0.104497	-0.378585	-0.873893	-0.304933
19521	10.335528	0.589484	1.074447	0.785085	-1.332223	0.618789	-0.231659	-0.243529	0.941822	-0.900285	0.420451	-0.112725	-0.368538	-0.874022	-0.316646
19522	10.273747	0.370119	1.383966	0.762591	-1.414657	0.650415	-0.242621	-0.253177	0.936502	-0.901515	0.415414	-0.121252	-0.358338	-0.873689	-0.329031
19523	10.216044	-0.489864	0.834160	0.760889	-1.511898	0.646677	-0.253738	-0.263710	0.930631	-0.902598	0.410454	-0.129786	-0.347756	-0.872917	-0.342172
19524	10.264885	-1.193921	0.607218	0.961536	-1.666953	0.623941	-0.265025	-0.275720	0.923981	-0.904262	0.403758	-0.138886	-0.334771	-0.872329	-0.356329
19525	10.776090	-1.833336	0.468208	1.132851	-1.811525	0.591585	-0.276252	-0.289148	0.916558	-0.906373	0.395560	-0.148394	-0.319646	-0.871737	-0.371350
19526	11.198409	-2.334265	0.338568	1.297013	-1.958832	0.569432	-0.287474	-0.303995	0.908265	-0.908805	0.385957	-0.158466	-0.302378	-0.870990	-0.387225
19527	11.524051	-3.201777	0.917120	1.470098	-2.119757	0.566550	-0.298775	-0.320281	0.898973	-0.911453	0.374935	-0.169343	-0.282819	-0.869968	-0.403942
19528	11.880520	-3.562009	2.511833	1.640588	-2.332375	0.562594	-0.310212	-0.338482	0.888368	-0.914204	0.362536	-0.181102	-0.260766	-0.868330	-0.421905
19529	12.803766	-3.604115	4.004424	1.698890	-2.536423	0.580430	-0.321783	-0.358386	0.876365	-0.916612	0.349830	-0.193499	-0.237231	-0.865551	-0.441070
19530	14.090365	-2.739449	4.596179	1.796669	-2.797716	0.602390	-0.333552	-0.380480	0.862542	-0.918677	0.336548	-0.206804	-0.211602	-0.861377	-0.461794
19531	17.183884	-0.037623	6.296690	1.875780	-3.023001	0.599636	-0.344986	-0.404429	0.847008	-0.920370	0.322786	-0.220743	-0.184128	-0.855714	-0.483581
19532	22.015481	1.738826	7.235730	1.597209	-3.242060	0.674329	-0.356704	-0.429898	0.829427	-0.920747	0.312003	-0.234264	-0.158074	-0.847255	-0.507120
19533	24.261086	0.831944	8.101472	1.153832	-3.209064	0.894633	-0.369578	-0.454110	0.810676	-0.919216	0.306222	-0.247527	-0.135842	-0.836667	-0.530599
19534	19.668865	-1.001141	7.225430	1.137094	-3.180661	1.041288	-0.383066	-0.477379	0.790803	-0.916726	0.301625	-0.261984	-0.113460	-0.825307	-0.553168
19535	15.194462	-1.571693	3.948579	1.168721	-3.294465	0.900110	-0.394576	-0.501615	0.769865	-0.914446	0.296423	-0.275539	-0.089992	-0.812721	-0.575661
19536	13.702771	-1.345852	-2.605014	1.095359	-3.402192	0.710028	-0.403687	-0.526939	0.747912	-0.912482	0.291250	-0.287315	-0.066432	-0.798441	-0.598396
19537	13.446589	0.897135	-7.735083	0.998738	-3.518742	0.619808	-0.411176	-0.552902	0.724730	-0.910540	0.286657	-0.297902	-0.043039	-0.782385	-0.621306
19538	14.680174	2.795418	-11.349795	0.821486	-3.569091	0.585041	-0.417601	-0.578843	0.700393	-0.908392	0.283611	-0.307227	-0.020803	-0.764530	-0.644253
19539	16.685513	3.910752	-11.563593	0.623545	-3.331498	0.651608	-0.423788	-0.602116	0.676654	-0.905761	0.282700	-0.315718	-0.001191	-0.746684	-0.665178
19540	15.567291	3.547290	-11.153798	0.203595	-2.844141	0.759231	-0.430454	-0.620958	0.655074	-0.902522	0.285835	-0.322105	0.012771	-0.729870	-0.683467
19541	12.707022	3.321644	-11.636121	-0.063314	-2.070490	0.827483	-0.437462	-0.633492	0.638212	-0.898989	0.291437	-0.326929	0.021108	-0.716765	-0.696995
19542	8.259802	3.210782	-11.936858	-0.503605	-1.577166	0.864928	-0.444836	-0.642147	0.624314	-0.895303	0.300528	-0.328809	0.023520	-0.705216	-0.708602
19543	4.445262	1.566408	-10.814872	-1.207698	-1.294471	0.861048	-0.452162	-0.648502	0.612368	-0.891745	0.314487	-0.325405	0.018444	-0.693212	-0.720497
19544	1.214272	-0.464467	-13.856507	-1.822969	-1.411433	0.850788	-0.459509	-0.655430	0.599385	-0.888131	0.332527	-0.317252	0.008626	-0.678113	-0.734907
19545	0.006662	-1.535847	-13.672870	-1.578963	-1.615691	0.759991	-0.466068	-0.663631	0.585128	-0.884747	0.348086	-0.309935	0.002008	-0.662141	-0.749377
19546	1.006686	-2.567894	-11.535199	-1.242167	-1.551703	0.624200	-0.471546	-0.671585	0.571506	-0.881840	0.360377	-0.304116	-0.001718	-0.647381	-0.762165
19547	3.208698	-2.714551	-10.413785	-0.764547	-1.235679	0.494408	-0.475841	-0.677681	0.560645	-0.879527	0.368591	-0.300954	-0.002698	-0.636309	-0.771430
19548	4.493661	-2.065659	-10.027453	-0.457697	-0.823508	0.407822	-0.479413	-0.681382	0.553065	-0.877585	0.374248	-0.299640	-0.002814	-0.629013	-0.777390
19549	4.931280	-1.286385	-9.110436	-0.224039	-0.364115	0.315735	-0.482110	-0.682450	0.549392	-0.876105	0.377779	-0.299537	-0.003130	-0.625735	-0.780029
19550	4.397620	-0.151496	-8.327702	-0.345308	0.188359	0.159575	-0.483464	-0.680672	0.550407	-0.875335	0.381017	-0.297681	-0.007091	-0.625709	-0.780024
19551	2.722762	0.201458	-8.271043	-0.658081	0.690688	-0.048020	-0.482880	-0.676499	0.556037	-0.875535	0.384792	-0.292188	-0.016294	-0.627921	-0.778106
19552	1.244049	-0.123080	-8.121891	-0.955965	1.093227	-0.283372	-0.480111	-0.670716	0.565361	-0.876696	0.388893	-0.283136	-0.029961	-0.631587	-0.774726
19553	0.797161	-0.941199	-8.008032	-1.156202	1.410151	-0.529350	-0.474838	-0.663817	0.577820	-0.878820	0.392673	-0.271077	-0.046949	-0.636518	-0.769832
19554	0.704440	-1.556765	-7.424390	-1.250161	1.766338	-0.708033	-0.467571	-0.655313	0.593248	-0.881465	0.395993	-0.257309	-0.066304	-0.643237	-0.762791
19555	0.188619	-1.764841	-6.727894	-1.330258	2.080912	-0.827480	-0.458576	-0.645106	0.611185	-0.884308	0.399212	-0.242134	-0.087790	-0.651512	-0.753541
19556	-0.320911	-1.916960	-7.002226	-1.366769	2.253683	-0.867951	-0.448623	-0.633808	0.630099	-0.886908	0.402619	-0.226479	-0.110146	-0.660444	-0.742753
19557	-0.694637	-2.152189	-7.229158	-1.316537	2.395041	-0.885724	-0.437763	-0.621429	0.649761	-0.889266	0.405811	-0.211008	-0.132554	-0.670181	-0.730265
19558	-0.571609	-2.339036	-7.234312	-1.213945	2.558069	-0.899395	-0.426047	-0.607815	0.670108	-0.891421	0.408477	-0.196251	-0.154440	-0.680961	-0.715850
19559	0.185300	-2.406400	-7.304903	-0.995780	2.775780	-0.874650	-0.413580	-0.592296	0.691475	-0.893477	0.410069	-0.183147	-0.175075	-0.693563	-0.698799
19560	1.054091	-2.246470	-6.925115	-0.799272	3.005479	-0.852452	-0.400363	-0.574740	0.713711	-0.895480	0.410690	-0.171606	-0.194485	-0.707819	-0.679093
19561	1.928262	-1.921989	-7.135075	-0.601902	3.225456	-0.814932	-0.386402	-0.554980	0.736675	-0.897480	0.410395	-0.161572	-0.212659	-0.723583	-0.656661
19562	2.257271	-1.540856	-7.532662	-0.463575	3.440952	-0.778273	-0.371756	-0.532987	0.760080	-0.899413	0.409552	-0.152716	-0.229897	-0.740400	-0.631629
