// General information: 
//  MT Manager version: 2022.2.0 
//  XDA version: 2022.2.0 build 7381 rev 124627 built on 2023-07-19
// Device information: 
//  DeviceId: 00B4CB9F
//  ProductCode: MTW2-3A7G6
//  Firmware Version: 4.6.0
//  Hardware Version: 2.0.0
// Device settings: 
//  Filter Profile: human(46.1)
//  Option Flags: Orientation Smoother Disabled, Position/Velocity Smoother Disabled, Continuous Zero Rotation Update Disabled, AHS Disabled, ICC Disabled
// Coordinate system: ENU
PacketCounter	Acc_X	Acc_Y	Acc_Z	Gyr_X	Gyr_Y	Gyr_Z	Mat[1][1]	Mat[2][1]	Mat[3][1]	Mat[1][2]	Mat[2][2]	Mat[3][2]	Mat[1][3]	Mat[2][3]	Mat[3][3]
42372	9.964824	0.576365	0.377221	-0.014825	-0.016334	-0.004732	0.067053	-0.024547	0.997447	-0.325170	0.944579	0.045105	-0.943275	-0.327364	0.055355
42373	9.857791	0.595530	0.297652	-0.005671	-0.018566	-0.004917	0.066839	-0.024627	0.997460	-0.325161	0.944582	0.045110	-0.943294	-0.327350	0.055127
42374	9.842668	0.640382	0.257791	-0.003275	-0.030620	-0.010962	0.066524	-0.024807	0.997476	-0.325169	0.944576	0.045178	-0.943313	-0.327353	0.054770
42375	9.759210	0.605280	0.245955	-0.011585	-0.034962	-0.009134	0.066169	-0.024981	0.997496	-0.325101	0.944598	0.045222	-0.943362	-0.327279	0.054381
42376	9.757369	0.556255	0.263290	-0.020552	-0.044313	-0.018064	0.065749	-0.025274	0.997516	-0.324942	0.944646	0.045352	-0.943446	-0.327117	0.053897
42377	9.801263	0.430334	0.298397	-0.028948	-0.042859	-0.011672	0.065327	-0.025497	0.997538	-0.324709	0.944723	0.045412	-0.943555	-0.326876	0.053437
42378	9.850644	0.344277	0.458771	-0.038916	-0.037843	-0.009502	0.064939	-0.025689	0.997559	-0.324387	0.944832	0.045448	-0.943693	-0.326547	0.053023
42379	9.893420	0.319038	0.566928	-0.038774	-0.030414	-0.009251	0.064627	-0.025849	0.997575	-0.324063	0.944942	0.045479	-0.943826	-0.326216	0.052692
42380	9.920955	0.337978	0.638526	-0.038977	-0.020738	-0.012035	0.064408	-0.026007	0.997585	-0.323735	0.945051	0.045539	-0.943953	-0.325886	0.052450
42381	9.793630	0.375037	0.683608	-0.039274	-0.010977	-0.018554	0.064309	-0.026191	0.997586	-0.323399	0.945160	0.045663	-0.944075	-0.325555	0.052313
42382	9.684509	0.372977	0.579067	-0.028341	-0.011336	-0.022456	0.064214	-0.026416	0.997586	-0.323164	0.945233	0.045832	-0.944162	-0.325327	0.052160
42383	9.702784	0.308108	0.474842	-0.024598	-0.013469	-0.030687	0.064131	-0.026723	0.997584	-0.322959	0.945290	0.046084	-0.944238	-0.325134	0.051992
42384	9.722818	0.293585	0.349582	-0.002211	-0.010919	-0.019680	0.064028	-0.026921	0.997585	-0.322973	0.945278	0.046239	-0.944240	-0.325153	0.051830
42385	9.720895	0.300650	0.275883	0.014483	-0.002314	-0.019610	0.064015	-0.027087	0.997581	-0.323144	0.945211	0.046401	-0.944182	-0.325333	0.051754
42386	9.726193	0.397875	0.306798	0.020530	0.000690	-0.012729	0.064000	-0.027181	0.997580	-0.323377	0.945127	0.046499	-0.944103	-0.325570	0.051698
42387	9.744923	0.455527	0.302472	0.018631	0.008404	-0.008071	0.064050	-0.027203	0.997576	-0.323595	0.945050	0.046548	-0.944025	-0.325792	0.051728
42388	9.717927	0.534527	0.374893	0.007011	0.013262	-0.010238	0.064146	-0.027234	0.997569	-0.323703	0.945010	0.046614	-0.943982	-0.325907	0.051803
42389	9.728088	0.575426	0.386897	-0.004764	0.014496	-0.016270	0.064281	-0.027313	0.997558	-0.323695	0.945007	0.046732	-0.943975	-0.325909	0.051905
42390	9.729622	0.627948	0.367033	-0.024515	0.007233	-0.029347	0.064381	-0.027543	0.997545	-0.323492	0.945064	0.046972	-0.944038	-0.325722	0.051934
42391	9.800836	0.577135	0.387035	-0.034008	0.011712	-0.032181	0.064540	-0.027782	0.997528	-0.323197	0.945152	0.047234	-0.944128	-0.325447	0.052021
42392	9.773393	0.506725	0.408218	-0.041502	0.008391	-0.035937	0.064674	-0.028072	0.997511	-0.322833	0.945262	0.047533	-0.944244	-0.325104	0.052072
42393	9.797130	0.454841	0.478343	-0.045904	0.011228	-0.030166	0.064823	-0.028294	0.997496	-0.322427	0.945388	0.047769	-0.944372	-0.324716	0.052160
42394	9.766424	0.462560	0.546378	-0.041528	0.017898	-0.031236	0.065031	-0.028507	0.997476	-0.322060	0.945501	0.048019	-0.944483	-0.324370	0.052306
42395	9.749243	0.431221	0.578968	-0.030099	0.018922	-0.028234	0.065246	-0.028685	0.997457	-0.321805	0.945576	0.048243	-0.944555	-0.324134	0.052464
42396	9.726943	0.455509	0.632379	-0.026211	0.026109	-0.024288	0.065507	-0.028807	0.997436	-0.321588	0.945640	0.048431	-0.944611	-0.323936	0.052682
42397	9.769165	0.487150	0.652737	-0.026401	0.031986	-0.023451	0.065829	-0.028898	0.997412	-0.321370	0.945705	0.048610	-0.944663	-0.323739	0.052968
42398	9.666870	0.396062	0.652126	-0.027420	0.040637	-0.020633	0.066217	-0.028937	0.997386	-0.321142	0.945775	0.048761	-0.944713	-0.323532	0.053334
42399	9.816168	0.396496	0.464365	-0.000773	0.032949	-0.015638	0.066524	-0.028951	0.997365	-0.321172	0.945759	0.048876	-0.944681	-0.323577	0.053617
42400	10.084551	0.496408	0.296376	0.020992	0.021041	-0.020083	0.066726	-0.029050	0.997348	-0.321405	0.945671	0.049047	-0.944588	-0.323825	0.053764
42401	10.160793	0.596056	0.253796	0.033660	0.003737	-0.017122	0.066761	-0.029172	0.997342	-0.321759	0.945543	0.049195	-0.944465	-0.324188	0.053739
42402	9.804932	0.709247	0.180158	0.048381	-0.002516	-0.025635	0.066758	-0.029399	0.997336	-0.322246	0.945364	0.049437	-0.944299	-0.324688	0.053637
42403	9.642806	0.846146	0.004119	0.045338	-0.025671	-0.036396	0.066578	-0.029800	0.997336	-0.322697	0.945192	0.049784	-0.944158	-0.325152	0.053313
42404	9.765003	0.842754	0.022093	0.011855	-0.033361	-0.035621	0.066316	-0.030222	0.997341	-0.322832	0.945129	0.050106	-0.944130	-0.325296	0.052921
42405	9.763961	0.560735	0.129241	-0.009777	-0.031052	-0.032145	0.066072	-0.030600	0.997346	-0.322766	0.945137	0.050380	-0.944170	-0.325238	0.052570
42406	9.718652	0.377395	0.244817	-0.001540	-0.028512	-0.022185	0.065813	-0.030880	0.997354	-0.322787	0.945120	0.050563	-0.944181	-0.325260	0.052233
42407	9.783217	0.455608	0.400988	0.005464	-0.026534	-0.025325	0.065589	-0.031179	0.997360	-0.322869	0.945081	0.050777	-0.944168	-0.325347	0.051920
42408	9.685938	0.584349	0.524559	0.002450	-0.015773	-0.029894	0.065471	-0.031490	0.997357	-0.322922	0.945049	0.051037	-0.944158	-0.325410	0.051705
42409	9.656971	0.614698	0.615521	-0.016888	-0.015919	-0.031511	0.065368	-0.031813	0.997354	-0.322789	0.945080	0.051301	-0.944211	-0.325288	0.051509
42410	9.642666	0.398826	0.713831	-0.033797	-0.001693	-0.029535	0.065384	-0.032075	0.997345	-0.322499	0.945166	0.051540	-0.944309	-0.325013	0.051455
42411	9.624923	0.165103	0.714117	-0.025541	0.008363	-0.023054	0.065482	-0.032239	0.997333	-0.322290	0.945227	0.051715	-0.944373	-0.324817	0.051505
42412	9.719504	-0.088240	0.678638	0.010678	0.022558	-0.001834	0.065639	-0.032160	0.997325	-0.322438	0.945178	0.051700	-0.944312	-0.324969	0.051671
42413	9.751026	-0.328988	0.704825	0.082759	0.043829	0.029141	0.065903	-0.031715	0.997322	-0.323285	0.944904	0.051411	-0.944004	-0.325808	0.052019
42414	9.771791	-0.106062	0.856248	0.197528	0.061311	0.050706	0.066255	-0.031013	0.997321	-0.325235	0.944259	0.050969	-0.943309	-0.327740	0.052475
42415	9.805556	0.721590	0.868773	0.291910	0.061193	0.056368	0.066593	-0.030253	0.997322	-0.328072	0.943301	0.050520	-0.942303	-0.330557	0.052892
42416	9.817790	1.627467	0.832729	0.298376	0.054752	0.038630	0.066919	-0.029684	0.997317	-0.330957	0.942307	0.050253	-0.941270	-0.333432	0.053234
42417	9.309309	2.267217	0.598162	0.212562	0.023506	0.016877	0.067028	-0.029420	0.997317	-0.333016	0.941586	0.050157	-0.940536	-0.335484	0.053316
42418	9.342359	2.747731	0.444291	0.036312	-0.025309	0.006908	0.066705	-0.029418	0.997339	-0.333411	0.941451	0.050069	-0.940419	-0.335864	0.052991
42419	9.528188	2.779063	0.309196	-0.183439	-0.067584	0.012028	0.065974	-0.029505	0.997385	-0.331741	0.942055	0.049812	-0.941061	-0.334159	0.052363
42420	9.640810	2.197279	0.236321	-0.401189	-0.107606	0.009761	0.064867	-0.029751	0.997450	-0.328020	0.943375	0.049471	-0.942441	-0.330393	0.051435
42421	9.866653	1.086516	0.063695	-0.513017	-0.115872	0.010964	0.063683	-0.030001	0.997519	-0.323235	0.945046	0.049059	-0.944173	-0.325557	0.050486
42422	9.992373	0.439821	-0.009362	-0.492065	-0.108638	-0.000883	0.062599	-0.030342	0.997577	-0.318633	0.946622	0.048786	-0.945809	-0.320915	0.049590
42423	9.924357	0.387722	-0.036189	-0.433781	-0.096249	-0.010571	0.061667	-0.030721	0.997624	-0.314568	0.947988	0.048637	-0.947230	-0.316820	0.048795
42424	9.874393	0.572040	-0.059964	-0.395282	-0.091345	-0.005933	0.060758	-0.031046	0.997670	-0.310864	0.949218	0.048470	-0.948511	-0.313084	0.048022
42425	9.677363	0.654193	0.035353	-0.399162	-0.105271	0.002290	0.059697	-0.031324	0.997725	-0.307124	0.950447	0.048216	-0.949795	-0.309303	0.047119
42426	9.654208	0.473339	0.043758	-0.413047	-0.127199	0.004059	0.058415	-0.031657	0.997790	-0.303253	0.951703	0.047949	-0.951118	-0.305384	0.045994
42427	9.833814	0.248222	0.070884	-0.386251	-0.145740	0.008396	0.056949	-0.031992	0.997864	-0.299630	0.952865	0.047649	-0.952354	-0.301703	0.044679
42428	10.008970	0.048173	0.163508	-0.316812	-0.135210	0.024564	0.055525	-0.032143	0.997940	-0.296671	0.953811	0.047228	-0.953364	-0.298682	0.043425
42429	9.978998	-0.102243	0.162468	-0.211208	-0.101901	0.034311	0.054398	-0.032090	0.998004	-0.294723	0.954438	0.046754	-0.954033	-0.296678	0.042461
42430	9.930083	-0.131227	0.177383	-0.087168	-0.071932	0.046642	0.053510	-0.031838	0.998060	-0.293966	0.954698	0.046216	-0.954317	-0.295869	0.041727
42431	9.794349	0.128160	0.367697	0.006500	-0.039544	0.062132	0.052896	-0.031333	0.998108	-0.294109	0.954686	0.045557	-0.954307	-0.295962	0.041284
42432	9.685977	0.460919	0.542542	0.047776	-0.023957	0.072127	0.052395	-0.030694	0.998155	-0.294649	0.954554	0.044820	-0.954168	-0.296453	0.040970
42433	9.728488	0.581535	0.633455	0.047451	-0.023645	0.080886	0.051877	-0.029964	0.998204	-0.295191	0.954425	0.043990	-0.954029	-0.296943	0.040667
42434	9.811690	0.529131	0.705587	0.044267	-0.016500	0.092542	0.051385	-0.029109	0.998255	-0.295711	0.954307	0.043049	-0.953894	-0.297407	0.040430
42435	9.897420	0.746276	0.936953	0.040728	-0.007052	0.101200	0.050964	-0.028135	0.998304	-0.296199	0.954202	0.042014	-0.953766	-0.297838	0.040297
42436	9.865533	0.985444	1.249957	-0.001045	0.011776	0.099206	0.050721	-0.027133	0.998344	-0.296291	0.954218	0.040987	-0.953750	-0.297879	0.040360
42437	10.042947	1.075642	1.468818	-0.072219	0.024793	0.093739	0.050626	-0.026136	0.998376	-0.295697	0.954445	0.039981	-0.953939	-0.297241	0.040591
42438	9.779895	1.036722	1.652759	-0.141401	0.065968	0.078420	0.050964	-0.025172	0.998383	-0.294439	0.954870	0.039105	-0.954310	-0.295956	0.041252
42439	9.804537	0.909710	1.820772	-0.201256	0.083865	0.088576	0.051450	-0.024050	0.998386	-0.292610	0.955473	0.038095	-0.954847	-0.294098	0.042122
42440	9.860654	0.700925	1.874598	-0.250109	0.103318	0.086752	0.052127	-0.022895	0.998378	-0.290305	0.956215	0.037086	-0.955513	-0.291768	0.043198
42441	9.772342	0.323556	1.809645	-0.254268	0.127094	0.090608	0.053026	-0.021630	0.998359	-0.287970	0.956961	0.036028	-0.956170	-0.289408	0.044515
42442	9.954076	-0.048918	1.785783	-0.219176	0.140079	0.102588	0.054016	-0.020221	0.998335	-0.285969	0.957604	0.034869	-0.956715	-0.287377	0.045943
42443	10.031493	-0.356528	1.740477	-0.157907	0.163958	0.121652	0.055184	-0.018556	0.998304	-0.284572	0.958068	0.033539	-0.957065	-0.285940	0.047589
42444	10.068542	-0.582890	1.855973	-0.087778	0.202483	0.154591	0.056629	-0.016474	0.998259	-0.283866	0.958332	0.031918	-0.957190	-0.285180	0.049593
42445	10.321549	-0.689017	2.214783	-0.033629	0.258362	0.208830	0.058455	-0.013707	0.998196	-0.283712	0.958447	0.029775	-0.957126	-0.284941	0.052137
42446	10.212682	-0.694010	2.701894	-0.002259	0.364543	0.259495	0.061154	-0.010156	0.998077	-0.283893	0.958472	0.027148	-0.956904	-0.285007	0.055731
42447	10.124514	-0.560560	3.306114	0.033668	0.483686	0.306571	0.064856	-0.005809	0.997878	-0.284456	0.958387	0.024067	-0.956493	-0.285413	0.060505
42448	9.965621	-0.446151	3.741033	0.047158	0.619442	0.350539	0.069730	-0.000653	0.997566	-0.285187	0.958251	0.020562	-0.955932	-0.285927	0.066633
42449	9.800974	-0.615611	4.057063	0.047725	0.759597	0.401142	0.075790	0.005394	0.997109	-0.285983	0.958092	0.016555	-0.955233	-0.286411	0.074156
42450	9.921098	-1.082326	4.180383	0.041203	0.898153	0.449208	0.083032	0.012301	0.996471	-0.286775	0.957922	0.012071	-0.954393	-0.286766	0.083066
42451	10.130844	-1.933080	4.262874	0.081500	1.044288	0.494130	0.091519	0.020061	0.995601	-0.288033	0.957594	0.007182	-0.953237	-0.287423	0.093416
42452	10.236509	-2.587807	4.257366	0.187907	1.195381	0.557645	0.101249	0.028877	0.994442	-0.290405	0.956902	0.001781	-0.951532	-0.288971	0.105271
42453	10.639131	-2.940301	4.107847	0.346287	1.315096	0.622686	0.111872	0.038680	0.992970	-0.294409	0.955671	-0.004058	-0.949109	-0.291885	0.118300
42454	11.072262	-2.912977	4.188569	0.522310	1.444277	0.672811	0.123514	0.049386	0.991113	-0.300196	0.953824	-0.010117	-0.945847	-0.296279	0.132636
42455	11.643416	-2.515955	4.438918	0.651252	1.579704	0.712494	0.136206	0.060926	0.988805	-0.307319	0.951467	-0.016293	-0.941809	-0.301659	0.148319
42456	12.231569	-1.798600	4.877032	0.699391	1.725452	0.746189	0.150053	0.073306	0.985957	-0.315007	0.948820	-0.022604	-0.937152	-0.307192	0.165465
42457	12.160591	-1.029959	5.089394	0.643318	1.840683	0.787595	0.164693	0.086495	0.982545	-0.322311	0.946181	-0.029268	-0.932197	-0.311865	0.183708
42458	11.500390	-0.614377	5.066775	0.544916	1.892455	0.801287	0.179639	0.100039	0.978633	-0.328809	0.943706	-0.036112	-0.927154	-0.315296	0.202421
42459	10.613427	-0.570006	5.012355	0.454786	1.845309	0.791647	0.194023	0.113369	0.974424	-0.334545	0.941402	-0.042914	-0.922190	-0.317662	0.220580
42460	10.033201	-0.447008	4.525607	0.344474	1.749137	0.787156	0.207423	0.126377	0.970054	-0.339347	0.939341	-0.049815	-0.917507	-0.318852	0.237727
42461	9.461619	-0.620500	4.306097	0.191328	1.566679	0.782348	0.219043	0.138741	0.965801	-0.342819	0.937674	-0.056949	-0.913507	-0.318621	0.252954
42462	8.899067	-0.403362	4.055054	0.066621	1.325360	0.757234	0.228489	0.150090	0.961907	-0.345176	0.936346	-0.064109	-0.910300	-0.317379	0.265752
42463	9.049772	-0.216533	3.061874	-0.041744	1.090102	0.685181	0.235976	0.159978	0.958500	-0.346440	0.935394	-0.070831	-0.907907	-0.315349	0.276153
42464	10.283808	0.228961	1.920947	-0.115433	0.967722	0.652134	0.242457	0.169154	0.955302	-0.347009	0.934660	-0.077428	-0.905980	-0.312725	0.285313
42465	11.465833	0.721140	0.309781	-0.030791	1.021545	0.645792	0.249400	0.178399	0.951827	-0.348372	0.933612	-0.083704	-0.903569	-0.310714	0.294991
42466	12.292065	0.832345	-1.319261	0.159536	1.116662	0.590737	0.257368	0.187413	0.947965	-0.351363	0.932012	-0.088866	-0.900170	-0.310208	0.305720
42467	12.088163	0.777789	-1.712439	0.215633	1.232976	0.479715	0.266694	0.195731	0.943697	-0.354610	0.930402	-0.092758	-0.896173	-0.309907	0.317541
42468	11.137308	0.720322	-1.368667	0.207601	1.310637	0.377637	0.277026	0.203333	0.939102	-0.357549	0.928981	-0.095668	-0.891861	-0.309272	0.330054
42469	9.322235	0.899831	-0.490697	0.170743	1.333248	0.310586	0.287719	0.210359	0.934327	-0.359999	0.927788	-0.098028	-0.887479	-0.308152	0.342672
42470	8.285559	0.997172	-0.133647	0.167900	1.282691	0.275729	0.298035	0.216891	0.929588	-0.362349	0.926659	-0.100035	-0.883107	-0.307021	0.354767
42471	7.836658	0.934037	0.089190	0.188433	1.217347	0.271558	0.307718	0.223165	0.924936	-0.364886	0.925459	-0.101897	-0.878731	-0.306141	0.366210
42472	7.692233	0.660849	0.224892	0.199960	1.131819	0.258417	0.316647	0.229044	0.920475	-0.367502	0.924239	-0.103559	-0.874458	-0.305485	0.376831
42473	7.564361	0.648262	0.402162	0.216562	1.045516	0.214382	0.324923	0.234243	0.916272	-0.370134	0.923057	-0.104723	-0.870302	-0.305117	0.386624
42474	7.342867	0.878850	0.597997	0.211339	0.952757	0.144956	0.332610	0.238511	0.912405	-0.372502	0.922045	-0.105239	-0.866379	-0.304869	0.395527
42475	6.984470	1.178843	0.727112	0.162342	0.862944	0.058507	0.339799	0.241706	0.908909	-0.374158	0.921385	-0.105144	-0.862869	-0.304348	0.403522
42476	6.595960	1.382360	0.933899	0.079778	0.765849	-0.045199	0.346516	0.243639	0.905851	-0.374746	0.921228	-0.104423	-0.859937	-0.303280	0.410523
42477	6.356340	1.295707	1.168702	0.006539	0.664539	-0.155463	0.352751	0.244244	0.903278	-0.374315	0.921563	-0.103009	-0.857587	-0.301774	0.416506
42478	6.487128	0.974496	1.400087	-0.059466	0.570392	-0.253111	0.358533	0.243647	0.901160	-0.372962	0.922335	-0.100986	-0.855777	-0.299891	0.421559
42479	7.020394	0.658500	2.013340	-0.102271	0.520430	-0.310288	0.364084	0.242366	0.899278	-0.371022	0.923370	-0.098645	-0.854275	-0.297737	0.426107
42480	7.644059	0.362325	2.967094	-0.178024	0.541359	-0.338913	0.369908	0.240857	0.897305	-0.368316	0.924692	-0.096373	-0.852943	-0.294843	0.430762
42481	7.452778	0.189685	4.003743	-0.286469	0.565450	-0.375714	0.376051	0.239063	0.895229	-0.364529	0.926409	-0.094265	-0.851883	-0.290888	0.435523
42482	7.041557	-0.008113	4.508001	-0.440291	0.480905	-0.440932	0.381693	0.236378	0.893552	-0.359165	0.928703	-0.092254	-0.851652	-0.285720	0.439379
42483	6.943040	-0.168917	4.740687	-0.635957	0.317449	-0.483044	0.386064	0.232810	0.892611	-0.351949	0.931609	-0.090760	-0.852694	-0.279114	0.441597
42484	6.846226	-0.790170	4.909978	-0.786085	0.132948	-0.443335	0.388692	0.229058	0.892441	-0.343577	0.934775	-0.090282	-0.854911	-0.271531	0.442039
42485	6.938434	-1.863928	5.247132	-0.848602	-0.061294	-0.366607	0.389359	0.225490	0.893059	-0.334941	0.937857	-0.090773	-0.858029	-0.263778	0.440689
42486	7.222542	-3.006514	5.621372	-0.825110	-0.228335	-0.327224	0.388432	0.221843	0.894375	-0.326632	0.940714	-0.091480	-0.861645	-0.256598	0.437865
42487	7.391506	-3.899574	5.795487	-0.723400	-0.334805	-0.339402	0.386585	0.217827	0.896160	-0.319128	0.943273	-0.091614	-0.865280	-0.250573	0.434170
42488	7.692005	-3.800409	6.417762	-0.581395	-0.393092	-0.391867	0.384370	0.213175	0.898229	-0.312636	0.945541	-0.090621	-0.868630	-0.245987	0.430084
42489	8.418177	-2.999419	7.337834	-0.509794	-0.353448	-0.459553	0.382666	0.207993	0.900170	-0.306495	0.947731	-0.088691	-0.871566	-0.241959	0.426414
42490	8.772209	-1.733421	7.766923	-0.535114	-0.278502	-0.532271	0.381806	0.202303	0.901830	-0.299849	0.950086	-0.086182	-0.874251	-0.237508	0.423409
42491	8.495563	-1.127666	7.973379	-0.656477	-0.143778	-0.564185	0.382166	0.196630	0.902932	-0.292004	0.952731	-0.083884	-0.876746	-0.231602	0.421518
42492	7.435255	-1.306101	7.686459	-0.754839	-0.076007	-0.520355	0.382956	0.191523	0.903695	-0.283445	0.955444	-0.082375	-0.879206	-0.224602	0.420179
42493	6.319629	-2.009477	6.846882	-0.746730	-0.154871	-0.389116	0.382629	0.187490	0.904678	-0.275439	0.957814	-0.082006	-0.881889	-0.217805	0.418130
42494	6.461843	-2.819510	5.788506	-0.613581	-0.303836	-0.236720	0.380554	0.184600	0.906147	-0.269176	0.959557	-0.082435	-0.884716	-0.212542	0.414853
42495	7.064114	-2.993451	4.530208	-0.399426	-0.415871	-0.154528	0.377232	0.182271	0.908005	-0.265110	0.960665	-0.082702	-0.887363	-0.209523	0.410715
42496	7.168164	-2.332109	2.789728	-0.141240	-0.570982	-0.199533	0.372651	0.179195	0.910506	-0.263167	0.961303	-0.081484	-0.889874	-0.209250	0.405388
42497	7.653700	-1.557619	0.949251	0.159903	-0.828933	-0.367776	0.366181	0.173944	0.914142	-0.263291	0.961598	-0.077507	-0.892518	-0.212304	0.397917
42498	9.353011	-1.076886	-0.165285	0.423150	-1.057296	-0.519033	0.358065	0.166714	0.918692	-0.265253	0.961553	-0.071108	-0.895226	-0.218225	0.388520
42499	11.615722	-0.254247	0.120869	0.425458	-1.053487	-0.503842	0.349912	0.159573	0.923092	-0.267342	0.961417	-0.064858	-0.897825	-0.224087	0.379071
42500	12.962486	-0.097277	1.058265	0.073919	-0.729204	-0.432560	0.344470	0.153807	0.926112	-0.266563	0.961910	-0.060603	-0.900158	-0.225991	0.372349
42501	11.311564	-0.107948	2.628229	-0.384244	-0.403607	-0.426877	0.341909	0.148824	0.927874	-0.261692	0.963401	-0.058092	-0.902560	-0.222955	0.368342
42502	9.413120	0.001000	4.371051	-0.753270	-0.413444	-0.465304	0.339326	0.143462	0.929665	-0.253354	0.965719	-0.056552	-0.905908	-0.216345	0.364040
42503	10.006779	-1.175429	4.914771	-1.036882	-0.645069	-0.503807	0.334665	0.137256	0.932287	-0.242296	0.968606	-0.055626	-0.910655	-0.207273	0.357416
42504	12.099491	-3.746588	4.643443	-1.126631	-0.754747	-0.467345	0.328836	0.131231	0.935225	-0.230515	0.971498	-0.055269	-0.915822	-0.197409	0.349714
42505	12.805452	-5.701099	4.503021	-0.806258	-0.661212	-0.394489	0.323610	0.126146	0.937744	-0.221885	0.973555	-0.054392	-0.919806	-0.190470	0.343042
42506	11.453756	-5.975980	4.417319	-0.249257	-0.515753	-0.306400	0.319493	0.122224	0.939673	-0.218663	0.974393	-0.052394	-0.922015	-0.188732	0.338037
42507	10.335660	-4.668249	4.249912	0.273735	-0.445872	-0.235638	0.315848	0.119114	0.941303	-0.220496	0.974142	-0.049284	-0.922833	-0.191988	0.333945
42508	9.370646	-2.188920	3.414206	0.673671	-0.423720	-0.304094	0.312573	0.115369	0.942862	-0.225815	0.973166	-0.044217	-0.922662	-0.199091	0.330238
42509	8.413139	0.502166	1.723055	0.921993	-0.499301	-0.474015	0.309005	0.109775	0.944704	-0.232903	0.971806	-0.036744	-0.922102	-0.208670	0.325860
42510	7.909442	2.251055	0.417583	0.943156	-0.612814	-0.564628	0.304645	0.103027	0.946877	-0.239923	0.970377	-0.028392	-0.921753	-0.218528	0.320339
42511	8.024154	2.679267	0.350537	0.803110	-0.702268	-0.539080	0.299430	0.096268	0.949249	-0.245755	0.969110	-0.020761	-0.921925	-0.227066	0.313839
42512	8.430531	2.110880	1.084543	0.631335	-0.760032	-0.475416	0.293553	0.089951	0.951701	-0.250224	0.968082	-0.014317	-0.922613	-0.233936	0.306691
42513	8.719969	1.442795	1.486734	0.488881	-0.838917	-0.451530	0.286894	0.083628	0.954305	-0.253484	0.967302	-0.008561	-0.923817	-0.239444	0.298712
42514	9.257289	1.068166	1.859291	0.271583	-0.925900	-0.463175	0.279461	0.076952	0.957068	-0.254740	0.967004	-0.003368	-0.925748	-0.242862	0.289843
42515	9.920740	0.185917	2.226022	-0.005943	-0.941696	-0.459401	0.271847	0.070251	0.959773	-0.253474	0.967342	0.000990	-0.928359	-0.243546	0.280775
42516	10.344005	-1.296964	2.576903	-0.223656	-0.878042	-0.406391	0.264658	0.064222	0.962201	-0.250360	0.968144	0.004244	-0.931277	-0.242020	0.272305
42517	10.056928	-3.081720	2.952311	-0.273640	-0.786859	-0.357229	0.258156	0.058898	0.964306	-0.246929	0.969009	0.006921	-0.934014	-0.239902	0.264699
42518	10.236929	-3.269344	3.561798	-0.085459	-0.708654	-0.326288	0.252284	0.054076	0.966141	-0.245352	0.969384	0.009811	-0.936032	-0.239520	0.257828
42519	10.253874	-2.037046	3.697916	0.192068	-0.618205	-0.321337	0.247233	0.049505	0.967691	-0.246404	0.969075	0.013377	-0.937103	-0.241750	0.251785
42520	9.805356	-0.594920	3.447868	0.390584	-0.571603	-0.339949	0.242668	0.044860	0.969072	-0.249287	0.968270	0.017601	-0.937533	-0.245848	0.246152
42521	9.608468	0.529359	3.421443	0.441059	-0.499914	-0.339758	0.238782	0.040363	0.970234	-0.252659	0.967307	0.021940	-0.937628	-0.250377	0.241174
42522	9.696275	1.344415	3.809652	0.391359	-0.367949	-0.315824	0.236087	0.036423	0.971049	-0.255633	0.966427	0.025901	-0.937505	-0.254347	0.237471
42523	9.636641	1.467204	4.226975	0.334584	-0.231754	-0.286676	0.234599	0.033091	0.971529	-0.258149	0.965656	0.029445	-0.937189	-0.257707	0.235084
42524	9.212863	1.143863	3.863163	0.322591	-0.144774	-0.272881	0.233903	0.030122	0.971793	-0.260586	0.964893	0.032813	-0.936688	-0.260911	0.233541
42525	8.902531	0.769901	2.860598	0.396754	-0.145800	-0.273336	0.233203	0.027133	0.972050	-0.263717	0.963915	0.036362	-0.935986	-0.264826	0.231943
42526	8.937490	0.843714	1.620304	0.520075	-0.201458	-0.285843	0.232032	0.023881	0.972415	-0.267972	0.962583	0.040302	-0.935068	-0.269931	0.229750
42527	9.221542	1.561243	0.292689	0.649762	-0.281242	-0.259429	0.230054	0.020648	0.972959	-0.273498	0.960853	0.044277	-0.933956	-0.276289	0.226695
42528	9.427575	2.720764	-0.981602	0.722979	-0.380992	-0.231667	0.227092	0.017396	0.973718	-0.279771	0.958860	0.048118	-0.932822	-0.283345	0.222616
42529	9.480946	3.969960	-1.875488	0.605153	-0.501254	-0.218461	0.222981	0.013897	0.974724	-0.284976	0.957148	0.051545	-0.932238	-0.289267	0.217386
42530	9.592927	4.471969	-1.720602	0.236701	-0.630908	-0.259937	0.217790	0.009611	0.975948	-0.286665	0.956477	0.054552	-0.932947	-0.291651	0.211066
42531	9.930821	3.983930	-0.962571	-0.201297	-0.710156	-0.273693	0.211886	0.004957	0.977282	-0.284250	0.957068	0.056774	-0.935044	-0.289822	0.204198
42532	10.371212	2.905155	-0.121105	-0.500659	-0.715743	-0.250719	0.205836	0.000526	0.978586	-0.279091	0.958500	0.058189	-0.937944	-0.285092	0.197441
42533	10.722090	1.574622	1.022352	-0.628839	-0.688667	-0.232375	0.199955	-0.003616	0.979798	-0.272765	0.960257	0.059209	-0.941073	-0.279094	0.191021
42534	9.815495	0.496734	1.851166	-0.675107	-0.641470	-0.274405	0.194594	-0.007997	0.980851	-0.265913	0.962090	0.060599	-0.944152	-0.272614	0.185091
42535	9.639302	0.109165	2.560806	-0.640585	-0.575512	-0.298609	0.189884	-0.012393	0.981728	-0.259335	0.963774	0.062327	-0.946937	-0.266432	0.179792
42536	9.044305	0.339425	3.333238	-0.535664	-0.477159	-0.264894	0.185987	-0.016179	0.982419	-0.253812	0.965138	0.063945	-0.949204	-0.261243	0.175397
42537	9.179625	0.771519	3.999623	-0.423649	-0.419930	-0.202649	0.182455	-0.019193	0.983027	-0.249466	0.966188	0.065167	-0.951040	-0.257122	0.171498
42538	9.886220	0.797456	3.445862	-0.252744	-0.367535	-0.158827	0.179301	-0.021640	0.983556	-0.246827	0.966791	0.066267	-0.952328	-0.254650	0.168005
42539	9.493540	0.577567	2.266300	-0.011510	-0.312768	-0.150752	0.176641	-0.023862	0.983986	-0.246502	0.966775	0.067696	-0.952909	-0.254512	0.164890
42540	9.183699	0.543230	1.606416	0.220931	-0.309685	-0.122481	0.173944	-0.025808	0.984417	-0.248445	0.966169	0.069230	-0.952900	-0.256616	0.161647
42541	9.379293	0.761235	0.946459	0.447861	-0.292881	-0.068111	0.171272	-0.027193	0.984848	-0.252646	0.964981	0.070582	-0.952279	-0.260907	0.158404
42542	9.356904	1.325804	0.672112	0.534794	-0.327550	-0.057280	0.168250	-0.028580	0.985330	-0.257692	0.963544	0.071950	-0.951465	-0.266018	0.154752
42543	9.605690	2.065998	0.467098	0.501601	-0.371261	-0.067323	0.164842	-0.030194	0.985858	-0.262403	0.962167	0.073344	-0.950774	-0.270782	0.150682
42544	9.794836	2.328924	-0.042058	0.430738	-0.404642	-0.092195	0.161188	-0.032157	0.986400	-0.266399	0.960951	0.074860	-0.950289	-0.274842	0.146327
42545	9.915321	2.656998	-0.199078	0.334684	-0.467059	-0.114044	0.157003	-0.034514	0.986995	-0.269449	0.959977	0.076431	-0.950130	-0.277945	0.141419
42546	9.714165	2.859531	0.046779	0.095641	-0.530467	-0.158239	0.152336	-0.037485	0.987618	-0.270166	0.959641	0.078095	-0.950686	-0.278717	0.136061
42547	9.472296	1.833468	0.236757	-0.218064	-0.594159	-0.188931	0.147138	-0.040918	0.988269	-0.267860	0.960161	0.079634	-0.952156	-0.276435	0.130316
42548	9.574568	0.127397	0.654903	-0.408571	-0.604137	-0.170768	0.141781	-0.044194	0.988911	-0.263771	0.961198	0.080772	-0.954109	-0.272298	0.124622
42549	9.730986	-0.998672	1.398506	-0.389234	-0.598211	-0.144942	0.136394	-0.047174	0.989531	-0.259903	0.962173	0.081694	-0.955954	-0.268324	0.118974
42550	9.846529	-1.445811	2.460914	-0.247095	-0.579705	-0.137098	0.131150	-0.050017	0.990100	-0.257407	0.962755	0.082732	-0.957362	-0.265709	0.113390
42551	8.935439	-0.926779	3.394400	0.013952	-0.566494	-0.138668	0.126029	-0.052827	0.990619	-0.257413	0.962636	0.084083	-0.958048	-0.265595	0.107722
42552	9.202852	0.073456	3.778041	0.271881	-0.609555	-0.128224	0.120468	-0.055660	0.991156	-0.259911	0.961831	0.085603	-0.958089	-0.267924	0.101403
42553	9.128798	0.849849	3.456467	0.442443	-0.579678	-0.123047	0.115185	-0.058377	0.991627	-0.264054	0.960556	0.087220	-0.957605	-0.271889	0.095227
42554	9.565263	1.069729	3.086991	0.564670	-0.545364	-0.082296	0.110135	-0.060636	0.992065	-0.269416	0.958947	0.088522	-0.956705	-0.277028	0.089277
42555	9.161472	0.995912	2.492848	0.668565	-0.430229	-0.024915	0.106036	-0.062051	0.992424	-0.275831	0.957048	0.089310	-0.955340	-0.283211	0.084366
42556	9.324526	1.258103	2.390363	0.735113	-0.347487	0.050943	0.102529	-0.062532	0.992763	-0.282950	0.954962	0.089373	-0.953639	-0.290066	0.080218
42557	9.231126	2.051910	2.366609	0.755024	-0.290982	0.116666	0.099369	-0.062245	0.993102	-0.290310	0.952807	0.088767	-0.951759	-0.297128	0.076609
42558	9.799402	2.381561	1.843510	0.700133	-0.266376	0.124890	0.096422	-0.061830	0.993418	-0.297139	0.950769	0.088016	-0.949953	-0.303670	0.073303
42559	9.437595	2.126337	0.918396	0.646887	-0.275740	0.097672	0.093458	-0.061720	0.993708	-0.303420	0.948834	0.087469	-0.948263	-0.309686	0.069949
42560	9.414131	1.856128	0.336199	0.630421	-0.336405	0.059877	0.090041	-0.062180	0.993995	-0.309496	0.946888	0.087269	-0.946628	-0.315495	0.066015
42561	9.160760	1.909331	0.018520	0.612319	-0.433294	0.039396	0.085765	-0.063159	0.994311	-0.315371	0.944951	0.087226	-0.945085	-0.321058	0.061125
42562	9.403519	2.110850	-0.145640	0.558879	-0.508829	0.032859	0.080809	-0.064472	0.994642	-0.320724	0.943151	0.087192	-0.943719	-0.326052	0.055537
42563	9.410059	2.253972	0.122470	0.433380	-0.571189	0.017263	0.075310	-0.066156	0.994963	-0.324873	0.941728	0.087206	-0.942754	-0.329804	0.049430
42564	9.556181	1.765781	0.590463	0.288026	-0.617407	0.005494	0.069427	-0.068127	0.995258	-0.327639	0.940765	0.087252	-0.942249	-0.332143	0.042993
42565	9.759028	0.926797	1.341362	0.209513	-0.652764	-0.008270	0.063249	-0.070352	0.995515	-0.329655	0.940050	0.087376	-0.941980	-0.333703	0.036265
42566	9.582433	0.071972	1.918706	0.261798	-0.654046	-0.008663	0.057072	-0.072602	0.995727	-0.332162	0.939154	0.087516	-0.941494	-0.335737	0.029484
42567	9.589391	0.003327	2.268965	0.412872	-0.623297	0.002143	0.051145	-0.074659	0.995897	-0.336095	0.937749	0.087560	-0.940439	-0.339194	0.022868
42568	9.677117	0.446666	2.835813	0.533921	-0.611205	0.054358	0.045172	-0.076216	0.996068	-0.341184	0.935953	0.087089	-0.938911	-0.343776	0.016275
42569	9.302701	0.994297	2.920658	0.584978	-0.513719	0.113050	0.039909	-0.076913	0.996239	-0.346765	0.934001	0.085999	-0.937102	-0.348893	0.010604
42570	9.282748	1.544920	2.536813	0.634069	-0.495855	0.156272	0.034678	-0.077177	0.996414	-0.352804	0.931878	0.084457	-0.935054	-0.354468	0.005088
42571	9.779643	1.986350	2.345687	0.615293	-0.462888	0.188808	0.029627	-0.077048	0.996587	-0.358657	0.929812	0.082548	-0.932999	-0.359879	-0.000086
42572	9.803314	2.220427	2.397231	0.545681	-0.414278	0.216527	0.024944	-0.076516	0.996756	-0.363847	0.927987	0.080342	-0.931125	-0.364671	-0.004693
42573	10.784496	2.387886	2.475959	0.433314	-0.363208	0.265847	0.020535	-0.075358	0.996945	-0.367984	0.926587	0.077620	-0.929605	-0.368454	-0.008703
42574	11.283954	2.003259	2.638098	0.332333	-0.253353	0.308804	0.017003	-0.073415	0.997156	-0.371173	0.925572	0.074474	-0.928408	-0.371384	-0.011512
42575	11.662524	1.192740	2.960457	0.253586	-0.145480	0.358892	0.014260	-0.070613	0.997402	-0.373627	0.924872	0.070820	-0.927470	-0.373666	-0.013194
42576	11.714372	0.386697	3.393069	0.252062	-0.002421	0.427969	0.012599	-0.066645	0.997697	-0.376064	0.924205	0.066485	-0.926508	-0.376036	-0.013418
42577	12.111253	0.352572	3.877579	0.295203	0.193263	0.533016	0.012320	-0.060967	0.998064	-0.378908	0.923416	0.061085	-0.925352	-0.378927	-0.011724
42578	12.947853	0.761969	4.430412	0.278940	0.459025	0.630275	0.014138	-0.053382	0.998474	-0.381615	0.922699	0.054734	-0.924213	-0.381806	-0.007326
42579	13.524917	0.858673	5.021412	0.135938	0.739802	0.687203	0.018289	-0.044187	0.998856	-0.383027	0.922499	0.047822	-0.923556	-0.383463	-0.000054
42580	12.137377	-0.076264	5.331702	-0.075820	1.008414	0.676556	0.024987	-0.034055	0.999108	-0.382517	0.923037	0.041028	-0.923611	-0.383201	0.010037
42581	11.112496	-1.071771	5.691153	-0.237248	1.159337	0.661431	0.033117	-0.023490	0.999175	-0.380562	0.924118	0.034339	-0.924162	-0.381385	0.021665
42582	11.170376	-1.423031	5.563088	-0.230611	1.333799	0.670062	0.042882	-0.012192	0.999006	-0.378730	0.925097	0.027547	-0.924513	-0.379535	0.035052
42583	10.816193	-1.608926	4.667572	-0.143808	1.573704	0.714654	0.054669	0.000409	0.998504	-0.377795	0.925667	0.020306	-0.924274	-0.378340	0.050760
42584	10.814920	-2.124417	3.789801	-0.084705	1.720576	0.771315	0.067636	0.014083	0.997611	-0.377531	0.925912	0.012525	-0.923524	-0.377476	0.067942
42585	10.921293	-2.539431	3.088649	-0.071742	1.884892	0.807175	0.081929	0.028687	0.996225	-0.377519	0.925991	0.004382	-0.922370	-0.376453	0.086696
42586	11.089416	-2.612996	2.557963	-0.039980	2.012728	0.794533	0.097461	0.043646	0.994282	-0.377912	0.925834	-0.003598	-0.920697	-0.375400	0.106727
42587	10.465238	-2.368066	2.282238	0.035557	2.055780	0.732833	0.113535	0.058164	0.991830	-0.379060	0.925308	-0.010872	-0.918381	-0.374729	0.127103
42588	9.908900	-2.158543	1.958758	0.109449	1.949913	0.647304	0.128941	0.071494	0.989072	-0.380899	0.924457	-0.017168	-0.915582	-0.374523	0.146432
42589	10.285274	-1.858420	1.088275	0.258564	1.742642	0.566446	0.142644	0.083287	0.986264	-0.384080	0.923028	-0.022397	-0.912214	-0.375610	0.163653
42590	11.584785	-0.642101	-0.826646	0.611266	1.607369	0.470957	0.155428	0.093739	0.983390	-0.390395	0.920280	-0.026020	-0.907432	-0.379866	0.179632
42591	12.381332	0.933280	-1.857338	0.973565	1.514392	0.425962	0.167383	0.103483	0.980446	-0.399936	0.916102	-0.028414	-0.901129	-0.387360	0.194727
42592	13.316805	2.081861	-2.066592	0.915045	1.468569	0.410372	0.178890	0.113010	0.977357	-0.408916	0.912058	-0.030614	-0.894866	-0.394181	0.209370
42593	12.838474	3.092063	-1.907856	0.663692	1.507271	0.418776	0.190554	0.122819	0.973963	-0.415661	0.908910	-0.033293	-0.889334	-0.398494	0.224248
42594	12.195893	3.265638	-2.366334	0.398842	1.556722	0.452796	0.202445	0.133177	0.970196	-0.420141	0.906713	-0.036795	-0.884589	-0.400170	0.239512
42595	10.691532	2.542231	-2.197456	0.127035	1.657010	0.425018	0.215223	0.143673	0.965938	-0.422200	0.905592	-0.040626	-0.880583	-0.399076	0.255563
42596	9.100219	1.726893	-1.880744	-0.043022	1.637166	0.380757	0.227975	0.153656	0.961466	-0.422719	0.905171	-0.044428	-0.877118	-0.396302	0.271310
42597	9.163178	1.241093	-1.884177	-0.107407	1.578257	0.339326	0.240302	0.162978	0.956919	-0.422625	0.905032	-0.048011	-0.873867	-0.392881	0.286359
42598	9.263387	0.973357	-1.708788	-0.145030	1.575278	0.307730	0.252711	0.171943	0.952141	-0.422173	0.905058	-0.051391	-0.870579	-0.388981	0.301307
42599	9.054035	0.963896	-1.353838	-0.212199	1.546309	0.272258	0.264945	0.180410	0.947236	-0.421085	0.905373	-0.054658	-0.867463	-0.384386	0.315842
42600	8.593759	0.988003	-1.015023	-0.316317	1.490727	0.201797	0.276973	0.187946	0.942317	-0.418947	0.906182	-0.057598	-0.864736	-0.378828	0.329728
42601	8.064685	0.923599	-0.777900	-0.400802	1.419356	0.133602	0.288617	0.194513	0.937478	-0.415917	0.907406	-0.060227	-0.862388	-0.372531	0.342794
42602	7.648578	0.736883	-0.712451	-0.434474	1.328514	0.077998	0.299700	0.200144	0.932804	-0.412460	0.908831	-0.062482	-0.860266	-0.366018	0.354927
42603	7.492304	0.495411	-0.567451	-0.424955	1.238982	0.020696	0.310205	0.204852	0.928336	-0.408925	0.910305	-0.064230	-0.858227	-0.359695	0.366151
42604	7.807459	0.592201	-0.126713	-0.401572	1.160458	-0.040335	0.320277	0.208639	0.924063	-0.405411	0.911795	-0.065355	-0.856192	-0.353694	0.376612
42605	8.233099	0.607397	0.614582	-0.385354	1.096925	-0.090498	0.329969	0.211686	0.919951	-0.401876	0.913311	-0.066013	-0.854176	-0.347924	0.386436
42606	8.561454	0.315720	1.424721	-0.384256	1.049078	-0.102569	0.339288	0.214383	0.915928	-0.398311	0.914831	-0.066579	-0.852192	-0.342235	0.395782
42607	8.575774	-0.142399	2.091345	-0.435917	1.016355	-0.112209	0.348331	0.216827	0.911949	-0.394269	0.916526	-0.067319	-0.850422	-0.336104	0.404743
42608	8.376856	-0.515333	2.912433	-0.551108	0.997282	-0.116060	0.357217	0.219092	0.907962	-0.389234	0.918587	-0.068521	-0.849054	-0.328933	0.413413
42609	7.868047	-0.702586	3.732904	-0.683154	0.909787	-0.127108	0.365376	0.220904	0.904269	-0.383032	0.921061	-0.070240	-0.848402	-0.320700	0.421147
42610	7.445307	-0.797487	3.994295	-0.776483	0.743791	-0.142919	0.372187	0.221953	0.901229	-0.375974	0.923809	-0.072245	-0.848599	-0.311950	0.427278
42611	7.216632	-1.030317	3.874757	-0.798502	0.533380	-0.159765	0.377257	0.222143	0.899071	-0.368652	0.926597	-0.074255	-0.849572	-0.303431	0.431459
42612	7.229758	-1.478804	3.703109	-0.764844	0.312808	-0.157754	0.380451	0.221632	0.897851	-0.361608	0.929215	-0.076148	-0.851173	-0.295700	0.433665
42613	7.409154	-2.123894	3.563657	-0.697148	0.123695	-0.129064	0.381916	0.220821	0.897429	-0.355232	0.931515	-0.078033	-0.853200	-0.288994	0.434203
42614	7.518837	-2.792380	3.363540	-0.587400	-0.021068	-0.080779	0.381978	0.220025	0.897598	-0.349964	0.933353	-0.079860	-0.855346	-0.283622	0.433522
42615	7.636455	-3.084405	3.265185	-0.457871	-0.124233	-0.022762	0.380941	0.219491	0.898169	-0.346013	0.934670	-0.081656	-0.857414	-0.279672	0.432001
42616	7.777539	-3.068851	3.201876	-0.322017	-0.186017	0.023485	0.379221	0.219213	0.898964	-0.343397	0.935492	-0.083261	-0.859226	-0.277127	0.430035
42617	8.022924	-2.829030	3.294468	-0.188276	-0.215400	0.052866	0.377135	0.219141	0.899859	-0.342035	0.935875	-0.084564	-0.860686	-0.275891	0.427905
42618	8.377153	-2.496304	3.404895	-0.090157	-0.205402	0.056887	0.375127	0.219130	0.900701	-0.341531	0.935976	-0.085470	-0.861763	-0.275555	0.425950
42619	8.798817	-2.139926	3.537887	-0.043879	-0.174547	0.044380	0.373419	0.219093	0.901419	-0.341375	0.935977	-0.086075	-0.862567	-0.275580	0.424305
42620	9.150583	-1.807369	3.819507	-0.040987	-0.130048	0.012867	0.372207	0.218879	0.901972	-0.341128	0.936040	-0.086376	-0.863188	-0.275538	0.423067
42621	9.478908	-1.537429	4.617849	-0.094847	-0.068072	-0.020158	0.371636	0.218531	0.902292	-0.340291	0.936323	-0.086615	-0.863764	-0.274853	0.422336
42622	9.850853	-1.311947	5.190293	-0.188150	0.001473	-0.035323	0.371723	0.218229	0.902329	-0.338592	0.936893	-0.087102	-0.864394	-0.273143	0.422155
42623	9.631956	-1.091789	5.385349	-0.284514	0.059021	-0.078994	0.372448	0.217678	0.902164	-0.335894	0.937816	-0.087610	-0.865134	-0.270401	0.422404
42624	9.023838	-1.381315	5.607565	-0.368820	0.096541	-0.101667	0.373578	0.217008	0.901857	-0.332381	0.939006	-0.088265	-0.866004	-0.266787	0.422921
42625	8.437723	-1.730314	5.718120	-0.384832	0.103074	-0.073047	0.374661	0.216625	0.901501	-0.328830	0.940162	-0.089254	-0.866891	-0.263001	0.423474
42626	8.098802	-2.024887	5.647430	-0.380770	0.084987	-0.028062	0.375446	0.216609	0.901177	-0.325481	0.941195	-0.090627	-0.867815	-0.259291	0.423870
42627	8.262544	-2.174585	5.699258	-0.377480	0.040419	-0.010990	0.375781	0.216640	0.901031	-0.322219	0.942170	-0.092147	-0.868886	-0.255702	0.423855
42628	8.510365	-2.337498	5.549836	-0.350512	0.007694	-0.024458	0.375884	0.216458	0.901031	-0.319139	0.943092	-0.093427	-0.869978	-0.252436	0.423573
42629	8.624518	-2.434818	5.342782	-0.216748	0.000268	-0.013603	0.375878	0.216360	0.901057	-0.317259	0.943645	-0.094241	-0.870668	-0.250445	0.423337
42630	8.417017	-2.120157	5.165197	-0.059694	-0.018188	-0.013768	0.375721	0.216215	0.901157	-0.316746	0.943803	-0.094386	-0.870922	-0.249975	0.423092
42631	8.151703	-1.611651	4.958953	0.045050	-0.039472	-0.010025	0.375358	0.216052	0.901348	-0.317158	0.943690	-0.094124	-0.870929	-0.250539	0.422744
42632	7.995155	-1.078676	4.781027	0.083111	-0.045268	0.027373	0.374836	0.216229	0.901523	-0.318043	0.943401	-0.094037	-0.870831	-0.251475	0.422390
42633	7.644368	-1.507918	4.164673	0.058166	-0.141208	0.024034	0.373478	0.216130	0.902110	-0.318697	0.943181	-0.094028	-0.871175	-0.252383	0.421137
42634	7.999548	-1.392088	3.431173	0.034874	-0.216500	0.033880	0.371442	0.215935	0.902997	-0.319186	0.942998	-0.094205	-0.871866	-0.253233	0.419193
42635	8.224917	-1.361421	2.708846	0.072360	-0.301205	0.002939	0.368754	0.215228	0.904266	-0.319886	0.942787	-0.093949	-0.872751	-0.254618	0.416504
42636	7.976426	-0.912755	1.967580	0.190389	-0.391477	-0.049065	0.365451	0.213796	0.905945	-0.321427	0.942383	-0.092734	-0.873573	-0.257305	0.413115
42637	7.531884	0.051330	1.141970	0.353872	-0.535026	-0.136238	0.361163	0.211154	0.908282	-0.324082	0.941732	-0.090064	-0.874376	-0.261829	0.408550
42638	7.641560	1.219052	-0.113043	0.418361	-0.765154	-0.258670	0.355266	0.206725	0.911620	-0.326874	0.941144	-0.086034	-0.875751	-0.267420	0.401929
