// General information: 
//  MT Manager version: 2022.2.0 
//  XDA version: 2022.2.0 build 7381 rev 124627 built on 2023-07-19
// Device information: 
//  DeviceId: 00B4CAF0
//  ProductCode: MTW2-3A7G6
//  Firmware Version: 4.6.0
//  Hardware Version: 2.0.0
// Device settings: 
//  Filter Profile: human(46.1)
//  Option Flags: Orientation Smoother Disabled, Position/Velocity Smoother Disabled, Continuous Zero Rotation Update Disabled, AHS Disabled, ICC Disabled
// Coordinate system: ENU
PacketCounter	Acc_X	Acc_Y	Acc_Z	Gyr_X	Gyr_Y	Gyr_Z	Mat[1][1]	Mat[2][1]	Mat[3][1]	Mat[1][2]	Mat[2][2]	Mat[3][2]	Mat[1][3]	Mat[2][3]	Mat[3][3]
40005	4.901198	-0.572064	8.990681	0.003391	0.006433	0.007342	-0.617013	0.614858	0.491166	-0.723730	-0.688458	-0.047331	0.309046	-0.384675	0.869779
40006	4.899943	-0.583063	9.031833	0.002318	0.006393	0.002569	-0.617006	0.614872	0.491157	-0.723738	-0.688450	-0.047320	0.309042	-0.384666	0.869785
40007	4.899885	-0.572033	8.991398	0.002289	0.008853	0.005183	-0.617053	0.614889	0.491078	-0.723727	-0.688460	-0.047348	0.308974	-0.384622	0.869828
40008	4.898483	-0.582975	9.032631	0.004043	0.007149	0.003625	-0.617056	0.614899	0.491062	-0.723723	-0.688466	-0.047327	0.308978	-0.384596	0.869838
40009	4.917681	-0.575269	9.020673	0.004073	0.004688	0.001010	-0.617062	0.614926	0.491021	-0.723729	-0.688460	-0.047319	0.308950	-0.384565	0.869862
40010	4.917322	-0.575202	9.020873	0.000180	0.002960	0.004092	-0.617055	0.614916	0.491041	-0.723735	-0.688453	-0.047334	0.308952	-0.384591	0.869850
40011	4.891811	-0.586187	8.973885	0.004937	0.004228	0.004306	-0.617083	0.614919	0.491002	-0.723719	-0.688470	-0.047334	0.308934	-0.384557	0.869871
40012	4.903519	-0.556992	9.011387	0.001458	0.005177	0.004808	-0.617088	0.614913	0.491003	-0.723715	-0.688473	-0.047342	0.308931	-0.384561	0.869870
40013	4.896193	-0.582521	9.033901	0.004044	0.007148	0.003624	-0.617116	0.614936	0.490939	-0.723711	-0.688477	-0.047346	0.308886	-0.384516	0.869906
40014	4.902519	-0.556823	9.011941	0.004522	0.001551	0.006887	-0.617125	0.614902	0.490971	-0.723686	-0.688504	-0.047338	0.308927	-0.384522	0.869889
40015	4.902425	-0.614938	9.025599	0.002349	0.003932	-0.000047	-0.617118	0.614935	0.490937	-0.723706	-0.688483	-0.047339	0.308891	-0.384508	0.869908
40016	4.894909	-0.582165	9.034620	0.002291	0.008853	0.005182	-0.617138	0.614941	0.490906	-0.723698	-0.688491	-0.047341	0.308872	-0.384484	0.869925
40017	4.887352	-0.549524	9.043654	0.001250	0.004676	0.003330	-0.617159	0.614953	0.490864	-0.723701	-0.688486	-0.047368	0.308824	-0.384473	0.869947
40018	4.913521	-0.574832	9.022967	0.000803	0.006137	0.002989	-0.617154	0.614963	0.490858	-0.723711	-0.688476	-0.047373	0.308811	-0.384475	0.869951
40019	4.899992	-0.556798	9.013317	0.001458	0.005176	0.004807	-0.617188	0.614966	0.490811	-0.723702	-0.688482	-0.047405	0.308762	-0.384459	0.869975
40020	4.906500	-0.589476	9.004851	0.003212	0.003472	0.003250	-0.617176	0.614965	0.490828	-0.723703	-0.688482	-0.047390	0.308783	-0.384462	0.869967
40021	4.893008	-0.571194	8.995196	0.004045	0.007148	0.003624	-0.617210	0.614981	0.490765	-0.723692	-0.688494	-0.047394	0.308742	-0.384415	0.870002
40022	4.931281	-0.567206	9.011805	0.003629	0.004472	0.006205	-0.617223	0.614963	0.490771	-0.723674	-0.688513	-0.047390	0.308759	-0.384408	0.869999
40023	4.904999	-0.589149	9.005690	0.002766	0.004932	0.002908	-0.617243	0.614977	0.490728	-0.723672	-0.688514	-0.047402	0.308722	-0.384384	0.870022
40024	4.878506	-0.552846	8.986092	0.003184	0.005932	0.005863	-0.617258	0.614967	0.490722	-0.723657	-0.688530	-0.047400	0.308727	-0.384372	0.870026
40025	4.916022	-0.559981	9.043555	0.000150	0.007097	0.001169	-0.617268	0.615006	0.490661	-0.723679	-0.688505	-0.047426	0.308655	-0.384355	0.870059
40026	4.902630	-0.600157	9.047423	0.001250	0.004676	0.003329	-0.617261	0.615008	0.490667	-0.723686	-0.688498	-0.047428	0.308654	-0.384364	0.870056
40027	4.909605	-0.563632	8.984668	0.003184	0.005932	0.005863	-0.617302	0.615009	0.490614	-0.723669	-0.688514	-0.047450	0.308612	-0.384333	0.870084
40028	4.908476	-0.574530	9.025732	0.003004	0.002971	0.001772	-0.617278	0.615016	0.490635	-0.723680	-0.688504	-0.047430	0.308634	-0.384341	0.870073
40029	4.875229	-0.563714	9.028320	0.001876	0.007852	0.002225	-0.617301	0.615047	0.490568	-0.723687	-0.688495	-0.047446	0.308572	-0.384306	0.870110
40030	4.907205	-0.574665	9.026414	-0.002049	0.008587	0.007919	-0.617339	0.615033	0.490538	-0.723676	-0.688504	-0.047499	0.308523	-0.384313	0.870124
40031	4.919481	-0.534497	9.023157	0.007554	0.003736	0.000510	-0.617339	0.615058	0.490507	-0.723673	-0.688509	-0.047457	0.308530	-0.384264	0.870144
40032	4.918992	-0.592509	9.037031	0.000122	0.009557	0.003781	-0.617350	0.615076	0.490470	-0.723680	-0.688501	-0.047472	0.308490	-0.384250	0.870164
40033	4.879255	-0.538148	9.007611	0.004255	0.007646	0.005101	-0.617394	0.615086	0.490403	-0.723661	-0.688520	-0.047481	0.308447	-0.384200	0.870202
40034	4.904447	-0.574438	9.027928	0.000776	0.008597	0.005600	-0.617415	0.615088	0.490373	-0.723655	-0.688525	-0.047499	0.308419	-0.384188	0.870217
40035	4.923416	-0.567033	9.016115	0.003602	0.008606	0.003282	-0.617444	0.615118	0.490299	-0.723654	-0.688526	-0.047504	0.308363	-0.384138	0.870259
40036	4.883736	-0.570670	9.000266	0.004673	0.010321	0.002519	-0.617448	0.615148	0.490256	-0.723655	-0.688527	-0.047473	0.308352	-0.384089	0.870284
40037	4.914738	-0.533636	9.025792	0.008152	0.009370	0.002020	-0.617470	0.615189	0.490176	-0.723648	-0.688537	-0.047433	0.308325	-0.384003	0.870332
40038	4.914576	-0.580587	8.999070	0.003128	0.012527	0.005552	-0.617503	0.615207	0.490113	-0.723635	-0.688551	-0.047430	0.308289	-0.383951	0.870368
40039	4.886864	-0.554790	9.020565	0.013565	0.009674	0.004056	-0.617545	0.615231	0.490029	-0.723594	-0.688600	-0.047352	0.308301	-0.383824	0.870419
40040	4.918495	-0.564835	9.018939	0.005717	0.014496	0.004368	-0.617576	0.615264	0.489949	-0.723580	-0.688616	-0.047321	0.308272	-0.383742	0.870466
40041	4.917154	-0.564419	9.019696	0.009612	0.014545	0.006824	-0.617652	0.615288	0.489822	-0.723534	-0.688666	-0.047291	0.308226	-0.383613	0.870539
40042	4.902740	-0.545757	9.010546	0.008515	0.016965	0.004662	-0.617693	0.615329	0.489720	-0.723510	-0.688695	-0.047237	0.308202	-0.383496	0.870599
40043	4.888285	-0.585178	9.015032	0.011550	0.017473	0.003822	-0.617757	0.615385	0.489569	-0.723477	-0.688735	-0.047176	0.308152	-0.383335	0.870687
40044	4.866983	-0.591878	9.028127	0.008961	0.015504	0.005003	-0.617795	0.615417	0.489480	-0.723449	-0.688768	-0.047120	0.308140	-0.383224	0.870740
40045	4.871683	-0.576612	9.047521	0.010716	0.013797	0.003449	-0.617842	0.615464	0.489362	-0.723424	-0.688798	-0.047064	0.308105	-0.383094	0.870810
40046	4.871527	-0.565066	9.007234	0.005358	0.006899	0.001724	-0.617830	0.615487	0.489349	-0.723428	-0.688797	-0.047023	0.308120	-0.383061	0.870819
40047	4.883939	-0.582716	9.017547	0.007972	0.004733	0.003468	-0.617853	0.615495	0.489309	-0.723406	-0.688822	-0.046991	0.308124	-0.383003	0.870843
40048	4.895793	-0.552852	9.054960	0.010616	0.000106	0.002600	-0.617827	0.615485	0.489355	-0.723388	-0.688846	-0.046908	0.308219	-0.382975	0.870822
40049	4.909395	-0.559793	9.024210	-0.001339	0.002708	0.004508	-0.617849	0.615480	0.489333	-0.723392	-0.688839	-0.046962	0.308168	-0.382995	0.870832
40050	4.889566	-0.567068	9.036461	0.007818	-0.002363	0.002305	-0.617813	0.615463	0.489401	-0.723384	-0.688851	-0.046902	0.308257	-0.383002	0.870797
40051	4.909575	-0.559417	9.024135	0.001956	-0.002878	0.005460	-0.617824	0.615431	0.489427	-0.723372	-0.688861	-0.046933	0.308263	-0.383034	0.870781
40052	4.903763	-0.573914	9.005395	0.004783	-0.002871	0.003144	-0.617792	0.615406	0.489498	-0.723369	-0.688866	-0.046903	0.308334	-0.383065	0.870742
40053	4.896938	-0.540894	9.013994	0.005619	0.000804	0.003515	-0.617801	0.615400	0.489494	-0.723356	-0.688881	-0.046892	0.308345	-0.383048	0.870745
40054	4.896885	-0.540575	9.014042	0.006272	-0.000155	0.005335	-0.617794	0.615370	0.489541	-0.723335	-0.688905	-0.046861	0.308410	-0.383052	0.870720
40055	4.909799	-0.558501	9.024070	0.004962	0.000091	0.007232	-0.617823	0.615341	0.489541	-0.723306	-0.688934	-0.046873	0.308419	-0.383047	0.870720
40056	4.922564	-0.576556	9.034171	0.004073	0.003012	0.006545	-0.617834	0.615315	0.489559	-0.723285	-0.688958	-0.046867	0.308448	-0.383047	0.870710
40057	4.916313	-0.590922	9.015681	0.007997	0.000599	0.006392	-0.617862	0.615290	0.489555	-0.723249	-0.688997	-0.046848	0.308477	-0.383016	0.870713
40058	4.869699	-0.572554	9.048847	0.007345	0.001558	0.004572	-0.617854	0.615272	0.489588	-0.723229	-0.689021	-0.046804	0.308539	-0.383002	0.870697
40059	4.883249	-0.579386	9.018135	0.005176	0.002263	0.003171	-0.617860	0.615280	0.489571	-0.723226	-0.689024	-0.046794	0.308535	-0.382983	0.870707
40060	4.908175	-0.568011	9.065448	0.006272	-0.000156	0.005335	-0.617852	0.615250	0.489618	-0.723205	-0.689049	-0.046763	0.308600	-0.382987	0.870682
40061	4.895359	-0.549673	9.055388	0.003265	-0.003125	0.003564	-0.617845	0.615234	0.489648	-0.723204	-0.689049	-0.046772	0.308616	-0.383013	0.870665
40062	4.908427	-0.509293	9.051695	0.008442	-0.000862	0.006735	-0.617845	0.615192	0.489700	-0.723167	-0.689090	-0.046729	0.308701	-0.383006	0.870638
40063	4.909476	-0.556587	9.024364	-0.000635	-0.004844	0.006644	-0.617859	0.615144	0.489744	-0.723156	-0.689099	-0.046786	0.308701	-0.383068	0.870610
40064	4.923426	-0.563742	8.993414	0.007582	-0.000404	0.003438	-0.617837	0.615126	0.489794	-0.723142	-0.689116	-0.046735	0.308777	-0.383065	0.870585
40065	4.896088	-0.549245	9.055020	-0.001079	-0.003384	0.006300	-0.617851	0.615086	0.489825	-0.723135	-0.689120	-0.046794	0.308766	-0.383122	0.870564
40066	4.917747	-0.578458	8.974591	0.003474	-0.002624	0.005041	-0.617834	0.615049	0.489894	-0.723124	-0.689132	-0.046786	0.308826	-0.383160	0.870526
40067	4.876825	-0.556866	9.066949	0.000882	-0.004591	0.006224	-0.617843	0.615006	0.489936	-0.723111	-0.689142	-0.046829	0.308836	-0.383211	0.870500
40068	4.911580	-0.546093	8.982781	-0.000843	-0.005345	0.005167	-0.617819	0.614957	0.490028	-0.723113	-0.689138	-0.046858	0.308881	-0.383296	0.870446
40069	4.898282	-0.539302	9.013359	-0.002152	-0.005097	0.007064	-0.617831	0.614908	0.490074	-0.723106	-0.689141	-0.046931	0.308872	-0.383371	0.870416
40070	4.912543	-0.605150	8.995846	-0.000607	-0.007306	0.004034	-0.617792	0.614859	0.490184	-0.723114	-0.689131	-0.046954	0.308931	-0.383467	0.870353
40071	4.932061	-0.550777	9.010513	-0.000635	-0.004844	0.006644	-0.617810	0.614807	0.490228	-0.723097	-0.689144	-0.047011	0.308935	-0.383527	0.870325
40072	4.886794	-0.580493	9.016143	-0.000634	-0.004844	0.006643	-0.617797	0.614750	0.490316	-0.723089	-0.689150	-0.047046	0.308979	-0.383607	0.870274
40073	4.913144	-0.558796	9.022231	0.001119	-0.006553	0.005090	-0.617792	0.614706	0.490376	-0.723083	-0.689155	-0.047081	0.309004	-0.383669	0.870238
40074	4.887681	-0.581255	9.015613	-0.006283	-0.003183	0.005741	-0.617778	0.614662	0.490449	-0.723098	-0.689134	-0.047161	0.308997	-0.383778	0.870193
40075	4.933752	-0.552650	9.009472	-0.004086	-0.006352	0.004530	-0.617770	0.614624	0.490508	-0.723112	-0.689114	-0.047238	0.308982	-0.383874	0.870156
40076	4.921300	-0.593424	9.012795	-0.006047	-0.005144	0.004607	-0.617741	0.614580	0.490599	-0.723133	-0.689086	-0.047310	0.308989	-0.383994	0.870100
40077	4.895089	-0.568834	9.033360	-0.006047	-0.005144	0.004607	-0.617735	0.614548	0.490647	-0.723155	-0.689057	-0.047405	0.308951	-0.384097	0.870068
40078	4.915456	-0.562517	9.020740	-0.011881	-0.008117	0.005154	-0.617701	0.614489	0.490763	-0.723191	-0.689011	-0.047531	0.308934	-0.384275	0.869996
40079	4.929159	-0.581823	9.030237	-0.010990	-0.009366	0.000304	-0.617654	0.614467	0.490850	-0.723250	-0.688940	-0.047647	0.308889	-0.384437	0.869940
40080	4.890327	-0.597829	9.054233	-0.013189	-0.007870	0.007051	-0.617635	0.614396	0.490964	-0.723279	-0.688900	-0.047793	0.308861	-0.384622	0.869868
40081	4.923882	-0.552039	9.037821	-0.018576	-0.010631	0.002404	-0.617597	0.614355	0.491061	-0.723350	-0.688812	-0.047986	0.308768	-0.384845	0.869803
40082	4.905867	-0.550440	9.008560	-0.020957	-0.012098	0.005064	-0.617551	0.614281	0.491212	-0.723415	-0.688730	-0.048190	0.308710	-0.385110	0.869706
40083	4.913090	-0.596243	9.039995	-0.023100	-0.013852	0.001053	-0.617494	0.614238	0.491338	-0.723508	-0.688616	-0.048415	0.308605	-0.385383	0.869622
40084	4.908363	-0.613111	9.020480	-0.025036	-0.016780	0.004054	-0.617426	0.614153	0.491530	-0.723592	-0.688512	-0.048650	0.308546	-0.385705	0.869500
40085	4.922089	-0.586533	9.056720	-0.029140	-0.017326	0.000121	-0.617355	0.614098	0.491687	-0.723706	-0.688372	-0.048923	0.308421	-0.386040	0.869396
40086	4.910809	-0.629576	9.059196	-0.034762	-0.019802	0.002142	-0.617263	0.614014	0.491907	-0.723831	-0.688219	-0.049233	0.308310	-0.386447	0.869255
40087	4.886827	-0.596664	9.038049	-0.039938	-0.022062	-0.001030	-0.617169	0.613950	0.492106	-0.723985	-0.688030	-0.049594	0.308136	-0.386885	0.869122
40088	4.914842	-0.578489	9.043032	-0.044249	-0.024785	-0.000907	-0.617041	0.613867	0.492370	-0.724158	-0.687821	-0.049971	0.307987	-0.387387	0.868951
40089	4.923986	-0.614952	9.032811	-0.040979	-0.026241	-0.002888	-0.616918	0.613801	0.492606	-0.724330	-0.687614	-0.050332	0.307829	-0.387859	0.868796
40090	4.933288	-0.593418	9.009018	-0.052662	-0.028055	-0.004720	-0.616752	0.613732	0.492900	-0.724552	-0.687348	-0.050763	0.307639	-0.388440	0.868604
40091	4.896166	-0.554227	9.018529	-0.049207	-0.024873	-0.008143	-0.616593	0.613709	0.493127	-0.724783	-0.687074	-0.051169	0.307412	-0.388961	0.868451
40092	4.838958	-0.767863	9.134387	-0.090278	-0.032883	-0.028247	-0.616242	0.613782	0.493475	-0.725266	-0.686517	-0.051811	0.306978	-0.389829	0.868215
40093	4.913634	-0.477524	9.039036	-0.054617	-0.020127	-0.026784	-0.615962	0.613905	0.493671	-0.725628	-0.686106	-0.052171	0.306682	-0.390357	0.868083
40094	4.982299	-0.562752	9.045471	-0.094689	-0.046870	-0.026417	-0.615581	0.613910	0.494140	-0.726112	-0.685541	-0.052860	0.306302	-0.391340	0.867774
40095	4.844031	-0.613129	9.028061	-0.069457	-0.056454	-0.029283	-0.615176	0.613904	0.494652	-0.726531	-0.685061	-0.053336	0.306123	-0.392191	0.867453
40096	4.283276	-0.492820	9.400977	-0.063444	-0.099413	-0.021146	-0.614672	0.613665	0.495574	-0.726886	-0.684649	-0.053779	0.306292	-0.393282	0.866899
40097	5.035190	-0.356537	9.355950	-0.170458	-0.213370	-0.014692	-0.613891	0.612939	0.497437	-0.727525	-0.683856	-0.055201	0.306341	-0.395785	0.865742
40098	4.617999	-0.732399	9.004759	-0.119848	-0.218860	-0.019676	-0.613031	0.612211	0.499390	-0.728044	-0.683228	-0.056137	0.306829	-0.397991	0.864557
40099	4.665599	-0.352779	9.511620	-0.154689	-0.275803	-0.023347	-0.612001	0.611277	0.501792	-0.728681	-0.682446	-0.057374	0.307374	-0.400759	0.863083
40100	4.619866	-0.611121	9.325238	-0.210425	-0.352122	-0.023256	-0.610702	0.610024	0.504889	-0.729501	-0.681424	-0.059068	0.308011	-0.404390	0.861161
40101	4.499495	-0.584458	9.420760	-0.201267	-0.435008	-0.033048	-0.609100	0.608495	0.508656	-0.730349	-0.680377	-0.060649	0.309173	-0.408438	0.858831
40102	4.383835	-0.667018	9.628946	-0.239105	-0.549896	-0.036142	-0.607085	0.606487	0.513441	-0.731341	-0.679142	-0.062510	0.310788	-0.413449	0.855845
40103	4.263056	-0.794735	9.776540	-0.240850	-0.684959	-0.058975	-0.604508	0.604040	0.519333	-0.732463	-0.677765	-0.064280	0.313158	-0.419249	0.852151
40104	4.250848	-0.874250	9.946117	-0.225403	-0.848615	-0.084909	-0.601167	0.601033	0.526647	-0.733715	-0.676269	-0.065747	0.316639	-0.425934	0.847538
40105	4.326002	-1.240857	10.081035	-0.192441	-1.018630	-0.124156	-0.596996	0.597503	0.535337	-0.735090	-0.674678	-0.066730	0.321309	-0.433358	0.841999
40106	4.509407	-1.122722	9.844517	-0.087408	-1.194893	-0.173832	-0.591792	0.593454	0.545522	-0.736437	-0.673228	-0.066518	0.327785	-0.441108	0.835453
40107	4.872628	-1.085630	9.827788	-0.041617	-1.335248	-0.223520	-0.585701	0.589028	0.556777	-0.737915	-0.671693	-0.065649	0.335314	-0.449305	0.828064
40108	5.285825	-1.320209	10.125223	-0.027891	-1.430750	-0.255015	-0.578913	0.584251	0.568779	-0.739525	-0.670038	-0.064437	0.343456	-0.457930	0.819962
40109	5.482393	-1.198858	9.912924	0.038095	-1.472780	-0.284170	-0.571670	0.579363	0.580975	-0.741053	-0.668531	-0.062508	0.352185	-0.466267	0.811518
40110	6.290292	-0.034311	10.060805	0.099091	-1.464930	-0.287729	-0.564261	0.574399	0.593022	-0.742363	-0.667305	-0.060011	0.361256	-0.474100	0.802947
40111	5.684986	0.029548	10.398197	-0.230340	-1.297119	-0.261144	-0.557582	0.569946	0.603543	-0.744692	-0.664679	-0.060303	0.366792	-0.483077	0.795047
40112	4.434735	-0.970120	8.797960	-0.368687	-1.160930	-0.329487	-0.550794	0.566470	0.612975	-0.747907	-0.660976	-0.061208	0.370489	-0.492161	0.787728
40113	4.049162	-0.485817	9.616756	-0.131918	-0.956086	-0.417173	-0.544091	0.564502	0.620728	-0.750706	-0.657935	-0.059683	0.374708	-0.498457	0.781751
40114	2.854401	0.194637	10.114195	-0.342930	-0.690427	-0.498460	-0.537697	0.564307	0.626450	-0.754719	-0.653369	-0.059238	0.375875	-0.504645	0.777207
40115	2.306518	-0.285949	9.619100	-0.418157	-0.433496	-0.591666	-0.531578	0.565975	0.630157	-0.759475	-0.647876	-0.058776	0.374997	-0.509832	0.774240
40116	1.698007	-0.085584	10.202262	-0.375769	-0.133333	-0.683865	-0.525817	0.569703	0.631629	-0.764524	-0.642038	-0.057359	0.372852	-0.513056	0.773146
40117	1.014048	-0.140671	10.440998	-0.478802	0.152546	-0.746724	-0.520643	0.575276	0.630863	-0.770228	-0.635274	-0.056361	0.368347	-0.515252	0.773844
40118	1.721441	-0.720850	10.720831	-0.528332	0.396553	-0.758097	-0.516179	0.582109	0.628258	-0.776116	-0.628128	-0.055672	0.362219	-0.516338	0.776010
40119	4.420444	-1.909364	11.997482	-0.392647	0.824634	-0.703120	-0.513656	0.590774	0.622209	-0.781165	-0.621955	-0.054347	0.354879	-0.513963	0.780962
40120	3.345037	-2.423102	12.304748	-0.339216	1.371218	-0.603579	-0.513677	0.601516	0.611812	-0.785480	-0.616589	-0.053276	0.345190	-0.507933	0.789207
40121	2.222228	-2.683048	11.111810	-0.189584	1.755052	-0.504665	-0.515668	0.613473	0.598112	-0.788742	-0.612543	-0.051747	0.334624	-0.498441	0.799740
40122	1.853136	-2.164705	10.727402	-0.009376	1.915412	-0.386439	-0.518880	0.625268	0.582926	-0.790799	-0.610068	-0.049533	0.324653	-0.486679	0.811014
40123	2.136892	-2.052358	10.509140	-0.036918	1.942923	-0.224251	-0.523312	0.635999	0.567142	-0.792105	-0.608450	-0.048568	0.314188	-0.474652	0.822187
40124	2.945666	-2.360034	10.350178	-0.042310	1.925066	-0.045396	-0.528852	0.645297	0.551279	-0.792502	-0.607925	-0.048657	0.303738	-0.462622	0.832901
40125	3.583337	-2.601677	10.259272	-0.023559	1.898402	0.138384	-0.535618	0.653148	0.535268	-0.791855	-0.608689	-0.049634	0.293394	-0.450439	0.843223
40126	3.840282	-2.645866	9.877749	0.014503	1.857172	0.306576	-0.543353	0.659532	0.519409	-0.790186	-0.610731	-0.051123	0.283502	-0.438208	0.852995
40127	4.071977	-2.363396	9.557501	0.075583	1.771441	0.457312	-0.551903	0.664411	0.503944	-0.787490	-0.614058	-0.052846	0.274340	-0.426017	0.862118
40128	4.336240	-1.926480	9.341558	0.069116	1.653388	0.563436	-0.560750	0.667893	0.489366	-0.784196	-0.618067	-0.055042	0.265699	-0.414624	0.870340
40129	4.561786	-1.563168	8.976647	0.017562	1.530713	0.631912	-0.569697	0.670266	0.475592	-0.780598	-0.622340	-0.057972	0.257124	-0.404272	0.877753
40130	4.635597	-1.235702	8.704566	-0.041491	1.385100	0.653494	-0.578246	0.671727	0.463049	-0.776980	-0.626524	-0.061402	0.248866	-0.395285	0.884203
40131	4.619909	-0.990711	8.265810	-0.084241	1.228488	0.628756	-0.586130	0.672609	0.451717	-0.773544	-0.630394	-0.065060	0.241000	-0.387557	0.889786
40132	4.539959	-0.453066	8.119294	-0.118219	1.075272	0.563632	-0.592990	0.673185	0.441797	-0.770530	-0.633698	-0.068632	0.233764	-0.381117	0.894486
40133	4.491776	0.184231	8.015569	-0.209999	0.951060	0.466156	-0.598765	0.673850	0.432905	-0.768254	-0.636016	-0.072589	0.226421	-0.376045	0.898512
40134	4.316468	0.693337	7.693932	-0.364243	0.864993	0.337185	-0.603234	0.674948	0.424916	-0.767067	-0.636892	-0.077314	0.218443	-0.372578	0.901925
40135	3.871570	1.146692	7.163452	-0.506022	0.785543	0.182280	-0.606312	0.676730	0.417639	-0.767065	-0.636218	-0.082687	0.209753	-0.370490	0.904843
40136	3.323450	1.503692	6.778906	-0.671717	0.692239	-0.013165	-0.607589	0.679383	0.411430	-0.768551	-0.633607	-0.088719	0.200411	-0.370110	0.907113
40137	3.659118	1.993787	6.889323	-0.821989	0.603968	-0.224874	-0.607034	0.683064	0.406119	-0.771539	-0.629004	-0.095295	0.190358	-0.371184	0.908838
40138	4.595011	2.215590	7.378825	-1.078697	0.605604	-0.417990	-0.604875	0.687940	0.401079	-0.776089	-0.622085	-0.103420	0.178358	-0.373829	0.910187
40139	5.031453	1.647025	7.121085	-1.355645	0.683068	-0.584677	-0.601484	0.694139	0.395460	-0.781948	-0.612929	-0.113468	0.163626	-0.377478	0.911447
40140	-0.708693	-2.240207	10.172831	-1.329053	0.031595	-0.553776	-0.597149	0.697633	0.395881	-0.787399	-0.603970	-0.123383	0.153024	-0.385394	0.909975
40141	8.797545	-0.548288	-1.390559	-3.224207	-2.578688	-0.941346	-0.585871	0.692830	0.420407	-0.797747	-0.584377	-0.148673	0.142671	-0.422482	0.895072
40142	11.756821	-1.615532	-13.445761	-1.936331	-1.843089	-1.400637	-0.571996	0.692880	0.439019	-0.808598	-0.566222	-0.159881	0.137804	-0.446441	0.884138
40143	37.286341	-5.383596	-2.113301	4.510152	-3.514706	-2.150735	-0.548709	0.689460	0.472824	-0.813182	-0.571435	-0.110439	0.194045	-0.445091	0.874208
40144	35.297624	5.283266	19.269563	6.055664	0.542956	-0.973430	-0.541964	0.697430	0.468900	-0.805368	-0.590430	-0.052670	0.240119	-0.406183	0.881679
40145	2.878512	6.025856	21.150997	-0.504811	0.653079	0.177314	-0.544908	0.699038	0.463057	-0.805623	-0.589584	-0.057981	0.232480	-0.404644	0.884430
40146	-3.837996	-1.318620	5.223189	-1.326319	-0.354947	0.384068	-0.547149	0.695326	0.465993	-0.806578	-0.586790	-0.071477	0.223740	-0.414968	0.881897
40147	9.660587	-2.746476	8.512888	0.792375	-0.708231	-0.266068	-0.543358	0.693958	0.472423	-0.806238	-0.588197	-0.063274	0.233968	-0.415266	0.879098
40148	4.515376	2.607320	10.811072	0.937618	0.145204	-0.105373	-0.542809	0.695180	0.471257	-0.804612	-0.591292	-0.054527	0.240745	-0.408776	0.880309
40149	4.826254	0.836454	10.944037	-0.358834	-0.376816	0.030441	-0.542123	0.693460	0.474569	-0.805333	-0.589994	-0.057846	0.239879	-0.413546	0.878315
40150	5.268934	-2.701301	7.065394	-0.324242	-0.313565	0.039170	-0.541642	0.691928	0.477347	-0.805924	-0.588881	-0.060876	0.238979	-0.417678	0.876604
40151	5.721363	-0.052514	8.570323	0.688553	-0.067996	-0.039422	-0.541134	0.691886	0.477982	-0.804495	-0.591437	-0.054672	0.244870	-0.414119	0.876666
40152	4.831627	0.725403	10.626189	0.102449	-0.128956	0.020605	-0.540937	0.691232	0.479150	-0.804159	-0.591968	-0.053870	0.246405	-0.414453	0.876078
40153	4.975561	-1.245425	8.371701	-0.119737	-0.150994	0.035858	-0.540827	0.690402	0.480470	-0.804284	-0.591684	-0.055110	0.246239	-0.416239	0.875278
40154	5.146818	-0.542313	9.111721	0.225889	-0.087748	0.020157	-0.540726	0.689919	0.481276	-0.803643	-0.592727	-0.053228	0.248542	-0.415555	0.874952
40155	4.861008	-0.594725	9.397101	0.007898	-0.109609	0.031507	-0.540680	0.689286	0.482235	-0.803477	-0.592942	-0.053329	0.249178	-0.416299	0.874417
40156	5.067188	-0.979184	8.801788	0.037381	-0.090309	0.032021	-0.540666	0.688721	0.483056	-0.803237	-0.593283	-0.053155	0.249980	-0.416748	0.873974
40157	4.923661	-0.632698	9.166346	0.094322	-0.061505	0.024460	-0.540681	0.688329	0.483599	-0.802893	-0.593809	-0.052468	0.251050	-0.416646	0.873716
40158	4.849470	-0.642923	9.069157	0.017173	-0.072376	0.034194	-0.540728	0.687826	0.484261	-0.802692	-0.594080	-0.052481	0.251592	-0.417091	0.873348
40159	4.870636	-0.645249	9.034844	0.053411	-0.074167	0.036021	-0.540803	0.687311	0.484908	-0.802387	-0.594516	-0.052208	0.252402	-0.417318	0.873006
40160	4.894739	-0.573941	9.069609	0.033299	-0.077743	0.039291	-0.540876	0.686755	0.485614	-0.802117	-0.594889	-0.052105	0.253103	-0.417702	0.872619
40161	4.868106	-0.552015	9.028199	0.035667	-0.080759	0.037994	-0.540949	0.686200	0.486317	-0.801846	-0.595264	-0.051998	0.253806	-0.418079	0.872234
40162	4.965782	-0.541668	9.027852	0.024829	-0.076620	0.040612	-0.541034	0.685639	0.487013	-0.801590	-0.595611	-0.051976	0.254433	-0.418505	0.871847
40163	4.963246	-0.555982	8.945238	0.023619	-0.066691	0.041359	-0.541168	0.685122	0.487590	-0.801330	-0.595959	-0.051990	0.254964	-0.418857	0.871523
40164	4.940697	-0.634228	9.034956	0.020454	-0.058549	0.037961	-0.541277	0.684653	0.488129	-0.801100	-0.596268	-0.051995	0.255458	-0.419184	0.871221
40165	4.926696	-0.644658	9.043674	0.011661	-0.058370	0.036281	-0.541391	0.684200	0.488637	-0.800898	-0.596531	-0.052089	0.255848	-0.419549	0.870931
40166	4.849954	-0.640759	9.116870	0.002684	-0.060451	0.038653	-0.541500	0.683718	0.489191	-0.800709	-0.596771	-0.052252	0.256210	-0.419994	0.870610
40167	4.936371	-0.575107	9.046943	-0.004698	-0.072610	0.033500	-0.541555	0.683221	0.489824	-0.800564	-0.596945	-0.052475	0.256546	-0.420553	0.870241
40168	4.971777	-0.598706	9.021343	-0.010846	-0.069816	0.032235	-0.541587	0.682737	0.490463	-0.800444	-0.597084	-0.052724	0.256851	-0.421143	0.869866
40169	5.025996	-0.625926	9.024370	-0.010348	-0.066599	0.031206	-0.541639	0.682278	0.491044	-0.800326	-0.597219	-0.052986	0.257110	-0.421694	0.869522
40170	4.997778	-0.621314	9.023716	-0.017015	-0.057699	0.028307	-0.541671	0.681868	0.491579	-0.800244	-0.597304	-0.053270	0.257299	-0.422237	0.869202
40171	4.992517	-0.592883	9.031378	-0.017839	-0.052561	0.023634	-0.541697	0.681513	0.492041	-0.800186	-0.597355	-0.053559	0.257422	-0.422737	0.868923
40172	4.977921	-0.605979	9.040310	-0.026809	-0.048187	0.019133	-0.541680	0.681196	0.492498	-0.800178	-0.597337	-0.053883	0.257482	-0.423273	0.868644
40173	4.915407	-0.621412	9.123066	-0.026929	-0.051550	0.013382	-0.541627	0.680907	0.492957	-0.800200	-0.597279	-0.054201	0.257527	-0.423820	0.868364
40174	4.902626	-0.681428	9.041668	-0.057557	-0.071277	0.006650	-0.541451	0.680566	0.493620	-0.800339	-0.597044	-0.054730	0.257466	-0.424697	0.867954
40175	5.003773	-0.636221	8.979947	-0.047406	-0.065162	-0.000511	-0.541251	0.680301	0.494204	-0.800488	-0.596805	-0.055157	0.257420	-0.425458	0.867594
40176	5.037577	-0.602689	9.003983	-0.049414	-0.059407	-0.001752	-0.541038	0.680060	0.494769	-0.800652	-0.596547	-0.055574	0.257359	-0.426205	0.867246
40177	5.052500	-0.624485	8.950118	-0.042115	-0.055287	-0.001039	-0.540860	0.679838	0.495267	-0.800790	-0.596326	-0.055951	0.257303	-0.426867	0.866937
40178	4.994514	-0.599460	8.972261	-0.039482	-0.048014	-0.001958	-0.540675	0.679646	0.495733	-0.800930	-0.596108	-0.056281	0.257259	-0.427477	0.866650
40179	5.075905	-0.648798	8.953559	-0.037336	-0.043966	-0.001862	-0.540520	0.679478	0.496134	-0.801060	-0.595901	-0.056613	0.257180	-0.428033	0.866399
40180	5.026829	-0.640909	8.925519	-0.031033	-0.041629	-0.000440	-0.540363	0.679303	0.496543	-0.801169	-0.595729	-0.056876	0.257169	-0.428548	0.866147
40181	5.039256	-0.601864	8.922464	-0.021416	-0.035849	-0.002345	-0.540224	0.679172	0.496874	-0.801261	-0.595587	-0.057067	0.257173	-0.428955	0.865945
40182	5.051263	-0.562480	8.919680	-0.021278	-0.032500	0.003407	-0.540122	0.679013	0.497201	-0.801325	-0.595483	-0.057265	0.257191	-0.429350	0.865743
40183	5.011415	-0.598218	8.921756	-0.013322	-0.029337	0.005944	-0.540066	0.678860	0.497471	-0.801351	-0.595431	-0.057427	0.257225	-0.429663	0.865578
40184	4.976696	-0.633424	8.983409	-0.013460	-0.034485	0.005742	-0.539978	0.678679	0.497814	-0.801382	-0.595377	-0.057569	0.257316	-0.430025	0.865371
40185	4.994600	-0.638962	8.950061	-0.020036	-0.047121	0.003912	-0.539860	0.678461	0.498239	-0.801436	-0.595282	-0.057779	0.257392	-0.430499	0.865112
40186	4.974748	-0.650871	8.899681	-0.011228	-0.047319	0.005537	-0.539736	0.678225	0.498693	-0.801462	-0.595236	-0.057900	0.257571	-0.430935	0.864843
40187	5.007553	-0.614745	8.924504	-0.019662	-0.053715	0.004007	-0.539602	0.677978	0.499175	-0.801516	-0.595144	-0.058107	0.257685	-0.431451	0.864551
40188	4.994043	-0.685949	8.883413	-0.022803	-0.056687	0.008844	-0.539481	0.677682	0.499708	-0.801554	-0.595069	-0.058345	0.257821	-0.432019	0.864227
40189	5.037008	-0.668133	8.856984	-0.018131	-0.059846	0.010456	-0.539383	0.677369	0.500238	-0.801568	-0.595027	-0.058571	0.257981	-0.432567	0.863905
40190	5.004650	-0.749384	8.827456	-0.016322	-0.055679	0.017321	-0.539332	0.677026	0.500757	-0.801544	-0.595038	-0.058795	0.258164	-0.433089	0.863589
40191	5.072827	-0.807819	8.879150	-0.019483	-0.053981	0.020850	-0.539332	0.676676	0.501230	-0.801506	-0.595060	-0.059085	0.258281	-0.433605	0.863294
40192	5.056941	-0.733663	8.858004	-0.004547	-0.050519	0.016809	-0.539290	0.676357	0.501705	-0.801454	-0.595118	-0.059205	0.258530	-0.434022	0.863011
40193	4.959088	-0.795634	9.044495	-0.015094	-0.064572	0.026281	-0.539305	0.675928	0.502266	-0.801376	-0.595196	-0.059484	0.258740	-0.434583	0.862665
40194	4.939411	-0.723514	8.962923	-0.047603	-0.073380	0.018604	-0.539218	0.675499	0.502936	-0.801426	-0.595079	-0.059984	0.258767	-0.435410	0.862240
40195	4.923045	-0.590691	9.140409	-0.068892	-0.096559	0.019374	-0.539096	0.674971	0.503776	-0.801524	-0.594875	-0.060692	0.258718	-0.436507	0.861700
40196	4.728852	-0.654529	9.163083	-0.095404	-0.138252	0.007875	-0.538755	0.674320	0.505010	-0.801755	-0.594475	-0.061550	0.258711	-0.438055	0.860916
40197	4.814085	-0.521518	9.188121	-0.140937	-0.186394	0.000385	-0.538249	0.673507	0.506632	-0.802142	-0.593824	-0.062781	0.258567	-0.440183	0.859873
40198	4.595619	-0.408060	9.360263	-0.171244	-0.244665	-0.005829	-0.537523	0.672462	0.508786	-0.802643	-0.592993	-0.064219	0.258522	-0.442893	0.858494
40199	4.311398	-0.456275	9.476282	-0.215732	-0.375458	-0.002611	-0.536504	0.670815	0.512026	-0.803239	-0.591982	-0.066071	0.258789	-0.446727	0.856425
40200	4.653820	-0.515618	9.493850	-0.280424	-0.556370	0.013221	-0.535122	0.668236	0.516822	-0.803921	-0.590774	-0.068532	0.259529	-0.452157	0.853345
40201	4.913947	-0.960799	8.787202	-0.337631	-0.581970	0.004787	-0.533622	0.665567	0.521793	-0.804796	-0.589236	-0.071448	0.259906	-0.458063	0.850075
40202	4.820989	-0.992147	9.312160	-0.290679	-0.671717	-0.012103	-0.531728	0.662540	0.527547	-0.805644	-0.587779	-0.073845	0.261156	-0.464281	0.846310
40203	4.741289	-1.077489	9.200972	-0.375656	-0.752404	-0.035231	-0.529449	0.659233	0.533943	-0.806837	-0.585755	-0.076844	0.262101	-0.471490	0.842022
40204	4.765973	-0.940226	9.178471	-0.381329	-0.849347	-0.066791	-0.526631	0.655584	0.541174	-0.808219	-0.583467	-0.079681	0.263519	-0.479349	0.837127
40205	4.678750	-0.630912	9.404750	-0.407825	-0.971767	-0.085944	-0.523341	0.651391	0.549368	-0.809771	-0.580899	-0.082629	0.265303	-0.488105	0.831485
40206	4.429278	-0.648721	9.718022	-0.471148	-1.141835	-0.091947	-0.519507	0.646289	0.558948	-0.811532	-0.577943	-0.086015	0.267449	-0.498290	0.824729
40207	4.164315	-0.725164	9.831718	-0.543992	-1.398449	-0.103688	-0.514880	0.639839	0.570529	-0.813552	-0.574500	-0.089906	0.270243	-0.510446	0.816341
40208	4.085376	-0.593144	9.963327	-0.512551	-1.652651	-0.141470	-0.509178	0.632098	0.584114	-0.815699	-0.570913	-0.093241	0.274541	-0.523937	0.806298
40209	4.353718	-0.656223	10.080617	-0.506607	-1.911167	-0.185044	-0.502344	0.623001	0.599600	-0.818060	-0.567028	-0.096211	0.280050	-0.538840	0.794496
40210	4.298838	-1.041191	10.038129	-0.407761	-2.145606	-0.258052	-0.494094	0.612724	0.616799	-0.820529	-0.563169	-0.097845	0.287410	-0.554446	0.781016
40211	4.508275	-1.460719	10.021458	-0.287635	-2.446700	-0.349252	-0.484052	0.600923	0.636070	-0.823097	-0.559401	-0.097890	0.296993	-0.570931	0.765397
40212	4.630151	-1.851651	9.937733	-0.140908	-2.705950	-0.466752	-0.471958	0.587839	0.657040	-0.825780	-0.555774	-0.095927	0.308776	-0.587844	0.747728
40213	4.835996	-2.133404	9.476907	0.020328	-3.035604	-0.610176	-0.457301	0.573115	0.680011	-0.828570	-0.552324	-0.091706	0.323029	-0.605374	0.727444
40214	5.712555	-2.367554	9.337676	0.200755	-3.287530	-0.744015	-0.440184	0.557011	0.704256	-0.831269	-0.549318	-0.085104	0.339456	-0.622887	0.704827
40215	6.111724	-2.444132	9.774310	0.431112	-3.554739	-0.878878	-0.420447	0.539389	0.729578	-0.833565	-0.547193	-0.075825	0.358321	-0.640031	0.679681
40216	8.071614	-1.984523	10.469148	0.590169	-3.849209	-0.942993	-0.398331	0.519561	0.755902	-0.835274	-0.545994	-0.064874	0.379012	-0.657227	0.651462
40217	10.265429	-1.303127	11.321490	0.517064	-3.977002	-0.900630	-0.375320	0.497995	0.781752	-0.836765	-0.544827	-0.054664	0.398697	-0.674659	0.621189
40218	11.122966	-0.300907	11.671627	0.342187	-3.883570	-0.736919	-0.353276	0.475455	0.805691	-0.838079	-0.543545	-0.046720	0.415716	-0.691738	0.590490
40219	10.705836	-0.492263	10.638448	0.040298	-3.973005	-0.606435	-0.331380	0.450906	0.828777	-0.840002	-0.540991	-0.041535	0.429633	-0.709938	0.558036
40220	10.695610	-0.561292	10.423542	-0.057378	-3.901312	-0.515817	-0.309986	0.425633	0.850144	-0.841928	-0.538286	-0.037492	0.441663	-0.727382	0.525214
40221	9.255063	-0.765788	10.171205	-0.182690	-3.911654	-0.489478	-0.288371	0.399481	0.870205	-0.844225	-0.534897	-0.034209	0.451804	-0.744513	0.491501
40222	8.696578	-0.898300	10.041978	-0.237911	-3.906905	-0.485492	-0.266381	0.372639	0.888921	-0.846677	-0.531201	-0.031041	0.460629	-0.760898	0.457007
40223	7.550540	-1.210878	9.793245	-0.355398	-3.883797	-0.510636	-0.244018	0.345493	0.906140	-0.849644	-0.526612	-0.028017	0.467505	-0.776733	0.422049
40224	6.559937	-1.462505	9.156614	-0.321428	-3.787329	-0.635903	-0.220722	0.319115	0.921655	-0.852653	-0.521950	-0.023476	0.473566	-0.791033	0.387300
40225	4.472006	-0.215822	9.557377	-0.074921	-3.506738	-0.937171	-0.195993	0.296073	0.934841	-0.854975	-0.518450	-0.015051	0.480212	-0.802216	0.354747
40226	2.610301	2.572034	11.491594	-0.008857	-2.850254	-1.512723	-0.169215	0.280875	0.944709	-0.857798	-0.513987	-0.000833	0.485334	-0.810510	0.327908
40227	7.813236	3.293913	12.482397	-0.776771	-2.304098	-2.291617	-0.138329	0.273743	0.951803	-0.865090	-0.501277	0.018443	0.482166	-0.820845	0.306154
40228	14.159319	-1.287632	15.909871	-0.945643	-0.514510	-2.353559	-0.115357	0.281109	0.952717	-0.872614	-0.486928	0.038015	0.474591	-0.826969	0.301471
40229	3.005077	-4.953080	13.554799	-1.076327	0.528621	-2.192506	-0.098636	0.296040	0.950069	-0.880025	-0.471662	0.055605	0.464573	-0.830600	0.307045
40230	-0.083594	-7.008646	8.926722	-0.878595	0.894606	-1.868347	-0.086197	0.312142	0.946117	-0.885808	-0.458647	0.070614	0.455976	-0.831991	0.316032
40231	-0.612488	-8.238046	8.570825	-0.289023	0.840409	-1.316124	-0.078365	0.325168	0.942404	-0.888216	-0.452029	0.082110	0.452694	-0.830623	0.324242
40232	1.135957	-8.359012	8.575303	0.151796	0.825070	-0.744153	-0.075433	0.335340	0.939072	-0.888112	-0.450801	0.089640	0.453394	-0.827240	0.331825
40233	2.137381	-7.993523	9.475055	0.888365	1.130872	0.140543	-0.081882	0.344061	0.935370	-0.883957	-0.458568	0.091295	0.460342	-0.819352	0.341684
40234	1.758721	-6.786986	10.352665	1.000388	1.483364	0.918829	-0.096804	0.351853	0.931036	-0.878506	-0.469884	0.086234	0.467821	-0.809573	0.354592
40235	1.117003	-5.938881	9.641333	0.958046	1.760762	1.544205	-0.118667	0.358710	0.925876	-0.872345	-0.483051	0.075342	0.474271	-0.798742	0.370241
40236	1.280652	-4.912682	9.195403	1.278583	1.961601	1.950138	-0.144922	0.364638	0.919803	-0.863670	-0.500203	0.062218	0.482775	-0.785389	0.387417
40237	2.195257	-3.192140	9.679422	1.699645	2.216056	2.117111	-0.173966	0.371105	0.912150	-0.852009	-0.521177	0.049543	0.493777	-0.768541	0.406852
40238	2.957712	-0.831157	10.924609	1.784984	2.560550	2.064766	-0.204143	0.379541	0.902371	-0.839216	-0.542447	0.038300	0.504025	-0.749466	0.429254
40239	3.632362	1.141610	11.556720	1.288430	2.940219	1.897167	-0.234913	0.390924	0.889940	-0.828543	-0.559276	0.026967	0.508265	-0.731019	0.455279
40240	3.902835	1.321049	11.038673	0.774927	3.293953	1.623415	-0.264954	0.405525	0.874842	-0.820573	-0.571310	0.016308	0.506419	-0.713551	0.484134
40241	4.261709	1.418191	10.894022	0.600524	3.621493	1.208080	-0.293143	0.424150	0.856834	-0.814187	-0.580536	0.008825	0.501166	-0.695036	0.515517
40242	5.071483	1.277536	11.106404	0.299254	3.931382	0.797615	-0.319080	0.446442	0.835989	-0.810281	-0.586030	0.003689	0.491561	-0.676209	0.548734
40243	5.810207	0.397935	10.835352	0.022244	4.232312	0.475138	-0.343506	0.471937	0.811960	-0.808609	-0.588346	-0.000123	0.477656	-0.656600	0.583713
40244	6.332101	-0.481604	10.601274	-0.184196	4.493345	0.265665	-0.366671	0.499407	0.784949	-0.808553	-0.588414	-0.003332	0.460211	-0.635895	0.619551
40245	6.601729	-1.377911	10.355395	-0.356782	4.673523	0.205230	-0.389427	0.527486	0.755053	-0.809392	-0.587225	-0.007213	0.439581	-0.613943	0.655624
40246	7.016908	-2.244876	10.222162	-0.469905	4.765660	0.270439	-0.411969	0.554607	0.722974	-0.810345	-0.585823	-0.012359	0.416680	-0.590950	0.690764
40247	7.617625	-2.753091	10.324579	-0.502015	4.804312	0.445257	-0.435075	0.579880	0.688803	-0.810498	-0.585430	-0.019089	0.392177	-0.566578	0.724697
40248	8.131188	-2.859256	10.629994	-0.508192	4.805835	0.669754	-0.458684	0.602573	0.653082	-0.809459	-0.586540	-0.027336	0.366587	-0.541181	0.756794
40249	8.664634	-2.754289	10.898298	-0.554502	4.790207	0.876539	-0.482742	0.622784	0.615711	-0.807297	-0.588970	-0.037217	0.339457	-0.515028	0.787093
40250	9.127411	-2.410595	11.280831	-0.574115	4.765643	1.040233	-0.506583	0.640548	0.577123	-0.804045	-0.592626	-0.048015	0.311263	-0.488357	0.815244
40251	9.728867	-1.838301	11.871012	-0.609861	4.730961	1.154019	-0.529920	0.656202	0.537199	-0.799877	-0.597202	-0.059542	0.281745	-0.461246	0.841351
40252	10.387780	-1.317319	12.319959	-0.704613	4.714510	1.221797	-0.552172	0.669988	0.496208	-0.795169	-0.602115	-0.071866	0.250625	-0.434251	0.865224
40253	10.902340	-1.069475	12.420955	-0.795329	4.692655	1.238643	-0.573025	0.682291	0.454005	-0.790065	-0.607134	-0.084767	0.217807	-0.407267	0.886958
40254	11.470422	-0.778008	12.190986	-0.863668	4.624470	1.205757	-0.591773	0.693169	0.411487	-0.784804	-0.611989	-0.097730	0.184082	-0.380771	0.906161
40255	12.437524	-0.501344	11.549478	-0.925322	4.486273	1.141291	-0.608222	0.702702	0.369154	-0.779501	-0.616543	-0.110696	0.149813	-0.355083	0.922752
40256	3.689925	0.096407	12.061868	-0.620227	3.866335	1.265295	-0.623244	0.708143	0.331813	-0.772577	-0.623304	-0.120899	0.121207	-0.331701	0.935566
40257	16.077521	2.299085	7.057941	-2.131536	-0.587733	1.019643	-0.630451	0.699818	0.335838	-0.768629	-0.623221	-0.144240	0.108360	-0.349071	0.930810
40258	22.451872	-0.802120	-4.583054	-3.768586	1.885540	1.567379	-0.644071	0.696754	0.315765	-0.761981	-0.620781	-0.184435	0.067515	-0.359396	0.930740
40259	24.609974	-2.784288	-3.419784	0.333040	0.729134	0.827112	-0.650848	0.694209	0.307360	-0.756400	-0.627712	-0.183949	0.065235	-0.352210	0.933645
40260	24.137108	2.807126	0.038467	1.572475	1.173555	0.544384	-0.655710	0.694802	0.295457	-0.751812	-0.636855	-0.170864	0.069447	-0.334166	0.939952
40261	19.201821	5.447817	-3.453341	-0.405809	0.412580	0.576066	-0.660308	0.692524	0.290524	-0.748296	-0.639480	-0.176406	0.063619	-0.333880	0.940466
40262	17.944068	3.026836	-8.440824	-1.275267	-0.414388	0.637212	-0.664782	0.687050	0.293303	-0.744870	-0.639512	-0.190244	0.056864	-0.344943	0.936899
40263	15.482026	-0.102759	-9.248103	-0.400437	-1.163652	0.374341	-0.666872	0.680596	0.303432	-0.742623	-0.640650	-0.195136	0.061585	-0.355467	0.932658
40264	15.155157	-0.216567	-7.294452	0.723550	-2.026368	0.078733	-0.665983	0.672802	0.322188	-0.741613	-0.643753	-0.188657	0.080480	-0.364581	0.927687
40265	14.198694	0.588487	-6.092642	0.821854	-2.858595	-0.066635	-0.662817	0.662626	0.348711	-0.741307	-0.646335	-0.180873	0.105533	-0.378388	0.919611
40266	13.543868	0.394134	-7.450988	1.014297	-3.480472	-0.361897	-0.655892	0.651518	0.381222	-0.742497	-0.647844	-0.170282	0.136031	-0.394743	0.908666
40267	0.348385	-2.001275	3.831730	4.201576	-2.787247	-0.814498	-0.645349	0.645978	0.407721	-0.741068	-0.658919	-0.129009	0.185318	-0.385405	0.903947
40268	42.006551	2.642728	44.802167	6.197396	-4.170222	-2.388569	-0.618338	0.646041	0.447536	-0.742463	-0.666908	-0.063109	0.257694	-0.371302	0.892036
