// General information: 
//  MT Manager version: 2022.2.0 
//  XDA version: 2022.2.0 build 7381 rev 124627 built on 2023-07-19
// Device information: 
//  DeviceId: 00B4CBA7
//  ProductCode: MTW2-3A7G6
//  Firmware Version: 4.6.0
//  Hardware Version: 2.0.0
// Device settings: 
//  Filter Profile: human(46.1)
//  Option Flags: Orientation Smoother Disabled, Position/Velocity Smoother Disabled, Continuous Zero Rotation Update Disabled, AHS Disabled, ICC Disabled
// Coordinate system: ENU
PacketCounter	Acc_X	Acc_Y	Acc_Z	Gyr_X	Gyr_Y	Gyr_Z	Mat[1][1]	Mat[2][1]	Mat[3][1]	Mat[1][2]	Mat[2][2]	Mat[3][2]	Mat[1][3]	Mat[2][3]	Mat[3][3]
04412	9.729602	-0.162213	-0.586996	-0.085217	0.051435	-0.007519	0.044253	0.035946	0.998373	0.788376	-0.615061	-0.012800	0.613600	0.787660	-0.055558
04413	9.717663	-0.149131	-0.499424	-0.074814	0.048805	-0.006291	0.043871	0.035611	0.998402	0.787908	-0.615663	-0.012663	0.614229	0.787204	-0.055068
04414	9.535455	-0.155769	-0.435785	-0.003677	0.020143	0.001727	0.043723	0.035459	0.998414	0.787872	-0.615709	-0.012636	0.614285	0.787175	-0.054858
04415	9.560057	-0.044663	-0.319079	0.104395	-0.028951	0.009737	0.043948	0.035638	0.998398	0.788498	-0.614905	-0.012759	0.613465	0.787795	-0.055125
04416	9.762827	-0.013952	-0.425220	0.130362	-0.011873	0.013699	0.044091	0.035665	0.998391	0.789279	-0.613899	-0.012926	0.612450	0.788578	-0.055217
04417	9.633567	-0.081583	-0.320984	0.112677	-0.019234	0.015334	0.044300	0.035731	0.998379	0.789958	-0.613021	-0.013112	0.611559	0.789258	-0.055383
04418	9.744867	-0.180314	-0.421404	0.091413	-0.015980	0.012111	0.044454	0.035800	0.998370	0.790499	-0.612320	-0.013242	0.610848	0.789799	-0.055520
04419	9.737286	-0.166908	-0.512993	0.067914	-0.024392	0.017733	0.044710	0.035894	0.998355	0.790895	-0.611805	-0.013423	0.610317	0.790194	-0.055743
04420	9.731313	-0.145179	-0.490723	0.043983	-0.021414	0.017184	0.044938	0.035975	0.998342	0.791143	-0.611480	-0.013577	0.609978	0.790442	-0.055940
04421	9.771018	-0.166943	-0.512970	0.003886	-0.026101	0.017922	0.045210	0.036084	0.998326	0.791151	-0.611467	-0.013727	0.609948	0.790447	-0.056192
04422	9.802391	-0.226030	-0.574254	-0.023697	-0.024377	0.017309	0.045457	0.036187	0.998311	0.790987	-0.611677	-0.013845	0.610142	0.790280	-0.056429
04423	9.811297	-0.335929	-0.688632	-0.048623	-0.020877	0.013420	0.045659	0.036281	0.998298	0.790675	-0.612078	-0.013919	0.610532	0.789964	-0.056633
04424	9.808841	-0.380430	-0.770864	-0.035045	-0.016795	0.010937	0.045810	0.036363	0.998288	0.790444	-0.612376	-0.013966	0.610819	0.789730	-0.056796
04425	9.805220	-0.313672	-0.667652	-0.034428	-0.010702	0.004839	0.045887	0.036431	0.998282	0.790224	-0.612658	-0.013966	0.611097	0.789508	-0.056902
04426	9.804898	-0.331232	-0.651648	-0.042164	-0.006300	0.000339	0.045890	0.036495	0.998280	0.789955	-0.613008	-0.013903	0.611446	0.789234	-0.056961
04427	9.627697	-0.215707	-0.465560	0.020769	-0.020418	0.003361	0.046014	0.036644	0.998268	0.790082	-0.612842	-0.013922	0.611271	0.789355	-0.057151
04428	9.723345	-0.101902	-0.629119	0.020736	-0.026355	0.005759	0.046182	0.036833	0.998254	0.790195	-0.612697	-0.013950	0.611114	0.789459	-0.057401
04429	9.735830	-0.194260	-0.515308	0.024889	-0.023123	0.006597	0.046344	0.036989	0.998240	0.790325	-0.612528	-0.013995	0.610933	0.789583	-0.057620
04430	9.774783	-0.267448	-0.486299	0.021301	-0.015485	0.002935	0.046424	0.037110	0.998232	0.790442	-0.612378	-0.013995	0.610776	0.789694	-0.057762
04431	9.747407	-0.224846	-0.584201	0.006791	-0.010154	-0.001518	0.046444	0.037208	0.998228	0.790482	-0.612327	-0.013954	0.610722	0.789729	-0.057851
04432	9.749746	-0.181278	-0.504938	0.002582	-0.010095	0.001519	0.046479	0.037295	0.998223	0.790485	-0.612323	-0.013929	0.610716	0.789727	-0.057942
04433	9.760961	-0.246271	-0.537690	-0.024990	-0.006879	0.000332	0.046495	0.037360	0.998220	0.790323	-0.612532	-0.013887	0.610923	0.789562	-0.058006
04434	9.784155	-0.323383	-0.653177	-0.036965	-0.006867	0.000672	0.046504	0.037426	0.998217	0.790085	-0.612841	-0.013831	0.611230	0.789320	-0.058070
04435	9.764471	-0.295545	-0.660659	-0.040570	-0.002197	-0.001789	0.046473	0.037465	0.998217	0.789832	-0.613169	-0.013758	0.611560	0.789063	-0.058087
04436	9.815519	-0.379777	-0.713003	-0.034784	-0.001125	-0.005780	0.046396	0.037526	0.998218	0.789610	-0.613458	-0.013638	0.611853	0.788836	-0.058093
04437	9.783918	-0.339275	-0.637066	-0.017083	0.003229	-0.006238	0.046297	0.037554	0.998222	0.789493	-0.613611	-0.013532	0.612012	0.788715	-0.058057
04438	9.755907	-0.167552	-0.565319	-0.006683	0.002086	-0.005624	0.046202	0.037589	0.998225	0.789442	-0.613678	-0.013430	0.612084	0.788661	-0.058027
04439	9.709898	-0.158821	-0.486772	-0.011974	0.000010	0.000340	0.046179	0.037599	0.998225	0.789367	-0.613776	-0.013399	0.612183	0.788584	-0.058023
04440	9.699548	-0.204209	-0.640343	0.003732	-0.009769	-0.005891	0.046154	0.037729	0.998222	0.789380	-0.613761	-0.013300	0.612167	0.788590	-0.058110
04441	9.681553	-0.185742	-0.516832	0.057272	-0.006605	-0.001699	0.046153	0.037804	0.998219	0.789724	-0.613318	-0.013286	0.611723	0.788931	-0.058161
04442	9.712703	-0.079978	-0.441962	0.072840	-0.002065	0.001900	0.046142	0.037825	0.998218	0.790157	-0.612760	-0.013306	0.611165	0.789363	-0.058162
04443	9.738339	-0.114135	-0.476544	0.054103	-0.001135	0.002291	0.046137	0.037833	0.998218	0.790472	-0.612353	-0.013327	0.610758	0.789679	-0.058158
04444	9.749360	-0.197081	-0.491536	0.019739	-0.001451	0.002958	0.046131	0.037843	0.998218	0.790579	-0.612214	-0.013326	0.610619	0.789786	-0.058160
04445	9.772555	-0.274970	-0.606428	0.008746	-0.003433	0.007244	0.046182	0.037838	0.998216	0.790626	-0.612154	-0.013374	0.610556	0.789833	-0.058186
04446	9.738955	-0.244128	-0.644892	0.005702	-0.000087	0.001680	0.046157	0.037845	0.998217	0.790648	-0.612126	-0.013352	0.610529	0.789854	-0.058176
04447	9.812545	-0.277801	-0.643795	-0.023399	-0.002780	-0.001819	0.046130	0.037889	0.998217	0.790499	-0.612319	-0.013290	0.610723	0.789703	-0.058198
04448	9.812492	-0.458736	-0.760970	-0.011978	0.000014	0.000341	0.046095	0.037903	0.998218	0.790414	-0.612430	-0.013244	0.610836	0.789616	-0.058189
04449	9.778288	-0.298498	-0.631147	0.004808	0.004552	-0.008539	0.045970	0.037933	0.998222	0.790433	-0.612408	-0.013129	0.610821	0.789632	-0.058135
04450	9.801351	-0.211601	-0.611359	-0.005669	0.006022	-0.004081	0.045862	0.037927	0.998228	0.790388	-0.612467	-0.013043	0.610887	0.789586	-0.058066
04451	9.760920	-0.243707	-0.539595	-0.019689	0.010354	-0.006559	0.045718	0.037897	0.998235	0.790262	-0.612632	-0.012935	0.611061	0.789459	-0.057957
04452	9.780893	-0.252830	-0.548672	-0.025389	0.010439	-0.008239	0.045551	0.037882	0.998243	0.790099	-0.612846	-0.012796	0.611285	0.789294	-0.057846
04453	9.709740	-0.174600	-0.468882	-0.025904	0.006984	-0.008411	0.045412	0.037889	0.998250	0.789937	-0.613057	-0.012667	0.611503	0.789130	-0.057770
04454	9.718374	-0.118687	-0.446810	-0.044128	-0.002312	-0.007527	0.045328	0.037970	0.998250	0.789659	-0.613418	-0.012525	0.611869	0.788845	-0.057788
04455	9.616227	-0.129162	-0.460669	-0.043106	-0.012058	-0.005657	0.045327	0.038114	0.998245	0.789377	-0.613783	-0.012408	0.612233	0.788554	-0.057908
04456	9.624959	-0.056702	-0.457898	0.054565	-0.033934	0.006698	0.045549	0.038358	0.998225	0.789696	-0.613372	-0.012465	0.611805	0.788862	-0.058229
04457	9.736259	-0.119552	-0.593439	0.057720	-0.017994	0.004468	0.045663	0.038482	0.998215	0.790034	-0.612935	-0.012510	0.611360	0.789195	-0.058390
04458	9.771748	-0.143210	-0.442764	0.050943	-0.020044	0.005719	0.045792	0.038622	0.998204	0.790331	-0.612552	-0.012555	0.610967	0.789486	-0.058574
04459	9.735144	-0.191422	-0.529160	0.020722	-0.018612	0.007829	0.045936	0.038733	0.998193	0.790439	-0.612411	-0.012612	0.610816	0.789590	-0.058747
04460	9.786061	-0.277241	-0.582725	0.019673	-0.014807	0.008356	0.046054	0.038815	0.998185	0.790543	-0.612275	-0.012665	0.610672	0.789691	-0.058883
04461	9.780233	-0.254307	-0.559640	0.001999	-0.013223	0.006423	0.046156	0.038891	0.998177	0.790546	-0.612271	-0.012700	0.610661	0.789691	-0.059005
04462	9.786075	-0.261053	-0.602412	-0.017257	-0.014254	0.006048	0.046252	0.038983	0.998169	0.790426	-0.612426	-0.012708	0.610809	0.789566	-0.059140
04463	9.791715	-0.285132	-0.627945	-0.025561	-0.007040	0.004053	0.046297	0.039028	0.998165	0.790252	-0.612650	-0.012700	0.611030	0.789390	-0.059206
04464	9.777262	-0.316495	-0.626449	-0.022385	-0.014010	0.000671	0.046350	0.039151	0.998158	0.790103	-0.612843	-0.012651	0.611219	0.789234	-0.059338
04465	9.777608	-0.281457	-0.661519	-0.008881	-0.008114	0.002638	0.046391	0.039210	0.998154	0.790039	-0.612927	-0.012641	0.611299	0.789166	-0.059411
04466	9.758103	-0.236374	-0.686054	-0.018203	-0.004839	-0.000898	0.046375	0.039270	0.998152	0.789916	-0.613086	-0.012580	0.611459	0.789039	-0.059452
04467	9.777749	-0.263636	-0.679600	0.005257	-0.003866	-0.003569	0.046339	0.039332	0.998151	0.789939	-0.613058	-0.012515	0.611432	0.789058	-0.059478
04468	9.732080	-0.237138	-0.618100	0.017264	0.002058	-0.006319	0.046238	0.039371	0.998154	0.790035	-0.612935	-0.012420	0.611315	0.789152	-0.059445
04469	9.757909	-0.253115	-0.669171	0.038524	0.005032	-0.000461	0.046172	0.039344	0.998158	0.790261	-0.612645	-0.012407	0.611029	0.789378	-0.059380
04470	9.626563	-0.198770	-0.509220	0.069246	-0.012580	0.000325	0.046213	0.039458	0.998152	0.790672	-0.612115	-0.012410	0.610494	0.789784	-0.059487
04471	9.712525	-0.029070	-0.509692	0.068202	-0.023949	0.001792	0.046344	0.039648	0.998138	0.791073	-0.611595	-0.012436	0.609963	0.790177	-0.059708
04472	9.691711	-0.089866	-0.434196	0.048357	-0.029592	0.006932	0.046541	0.039856	0.998121	0.791353	-0.611232	-0.012493	0.609585	0.790448	-0.059987
04473	9.745119	-0.131923	-0.408550	0.046817	-0.024791	0.005485	0.046703	0.040029	0.998106	0.791622	-0.610883	-0.012542	0.609224	0.790708	-0.060218
04474	9.765475	-0.090227	-0.471672	0.036372	-0.017378	0.007543	0.046831	0.040137	0.998096	0.791828	-0.610615	-0.012597	0.608947	0.790910	-0.060377
04475	9.776919	-0.121391	-0.539311	0.014957	-0.021169	0.012444	0.047029	0.040241	0.998083	0.791902	-0.610516	-0.012699	0.608834	0.790981	-0.060578
04476	9.756726	-0.130108	-0.514486	-0.006392	-0.025291	0.012275	0.047242	0.040382	0.998067	0.791846	-0.610588	-0.012776	0.608892	0.790918	-0.060822
04477	9.764468	-0.292350	-0.577493	-0.036542	-0.019712	0.007533	0.047390	0.040501	0.998055	0.791613	-0.610889	-0.012797	0.609183	0.790679	-0.061011
04478	9.775432	-0.358048	-0.611525	-0.046471	-0.024013	0.010714	0.047583	0.040642	0.998040	0.791312	-0.611277	-0.012834	0.609558	0.790372	-0.061247
04479	9.792405	-0.412225	-0.703866	-0.052636	-0.015510	0.004061	0.047681	0.040752	0.998031	0.790986	-0.611701	-0.012813	0.609974	0.790039	-0.061401
04480	9.752752	-0.374397	-0.702668	-0.058794	-0.020697	-0.002246	0.047751	0.040945	0.998020	0.790616	-0.612180	-0.012712	0.610448	0.789657	-0.061605
04481	9.761533	-0.301113	-0.700364	-0.039993	-0.026432	-0.005934	0.047837	0.041199	0.998005	0.790373	-0.612496	-0.012600	0.610755	0.789400	-0.061863
04482	9.695986	-0.264009	-0.631879	-0.018589	-0.039297	-0.009309	0.047965	0.041583	0.997983	0.790253	-0.612655	-0.012454	0.610901	0.789256	-0.062247
04483	9.758255	-0.231927	-0.603057	0.015765	-0.043453	-0.008246	0.048136	0.041988	0.997958	0.790346	-0.612536	-0.012350	0.610766	0.789327	-0.062670
04484	9.727109	-0.156334	-0.565021	0.028767	-0.039532	-0.007074	0.048284	0.042360	0.997935	0.790514	-0.612322	-0.012256	0.610538	0.789473	-0.063051
04485	9.763524	-0.143393	-0.451061	0.010041	-0.050799	-0.006898	0.048510	0.042815	0.997905	0.790568	-0.612253	-0.012162	0.610450	0.789502	-0.063549
04486	9.710075	-0.048337	-0.534975	-0.018997	-0.050852	-0.016586	0.048651	0.043335	0.997875	0.790448	-0.612412	-0.011943	0.610593	0.789350	-0.064049
04487	9.743999	-0.025818	-0.552819	-0.043068	-0.051655	-0.005082	0.048897	0.043784	0.997844	0.790179	-0.612761	-0.011834	0.610922	0.789054	-0.064559
04488	9.666303	-0.157685	-0.520388	-0.061771	-0.059964	-0.006093	0.049177	0.044311	0.997807	0.789793	-0.613262	-0.011691	0.611399	0.788636	-0.065155
04489	9.716449	-0.277079	-0.544568	-0.032148	-0.056788	-0.001329	0.049485	0.044778	0.997771	0.789591	-0.613523	-0.011626	0.611635	0.788406	-0.065717
04490	9.685131	-0.236991	-0.474369	-0.014419	-0.064649	-0.002127	0.049825	0.045318	0.997729	0.789492	-0.613652	-0.011554	0.611735	0.788275	-0.066353
04491	9.696184	-0.213848	-0.597834	-0.003457	-0.071586	-0.002855	0.050210	0.045910	0.997683	0.789463	-0.613690	-0.011491	0.611741	0.788211	-0.067058
04492	9.709083	-0.327964	-0.758788	0.023173	-0.077594	-0.009010	0.050575	0.046594	0.997633	0.789598	-0.613520	-0.011374	0.611537	0.788304	-0.067819
04493	9.709642	-0.181543	-0.615165	0.063764	-0.076889	-0.006825	0.050961	0.047251	0.997582	0.789986	-0.613020	-0.011319	0.611003	0.788653	-0.068568
04494	9.786163	-0.135875	-0.576375	0.017529	-0.086780	-0.012098	0.051357	0.048027	0.997525	0.790088	-0.612892	-0.011169	0.610839	0.788706	-0.069421
04495	9.756309	-0.696592	-0.849610	0.006171	-0.079515	-0.023467	0.051626	0.048808	0.997473	0.790127	-0.612846	-0.010907	0.610765	0.788694	-0.070204
04496	9.768737	-0.861847	-0.959586	0.067638	-0.075476	-0.027706	0.051829	0.049590	0.997424	0.790543	-0.612314	-0.010636	0.610210	0.789058	-0.070939
04497	9.760284	-0.414271	-0.717648	0.090646	-0.070877	-0.038755	0.051929	0.050397	0.997378	0.791118	-0.611577	-0.010287	0.609455	0.789578	-0.071629
04498	9.770103	-0.086697	-0.670663	0.038084	-0.061206	-0.044652	0.051910	0.051170	0.997340	0.791362	-0.611269	-0.009827	0.609140	0.789767	-0.072225
04499	9.673029	-0.170143	-0.661548	0.002702	-0.061036	-0.047073	0.051875	0.051948	0.997302	0.791385	-0.611246	-0.009325	0.609112	0.789734	-0.072820
04500	9.705329	-0.342726	-0.781102	0.012769	-0.080035	-0.056473	0.051877	0.052942	0.997249	0.791481	-0.611132	-0.008729	0.608988	0.789756	-0.073607
04501	9.738630	-0.263305	-0.852760	0.051344	-0.073822	-0.062887	0.051798	0.053919	0.997201	0.791819	-0.610702	-0.008109	0.608556	0.790022	-0.074327
04502	9.740032	-0.145951	-0.675176	0.038868	-0.071358	-0.065016	0.051679	0.054896	0.997154	0.792077	-0.610376	-0.007448	0.608230	0.790208	-0.075026
04503	9.776230	-0.290665	-0.697646	0.002462	-0.070726	-0.070724	0.051521	0.055894	0.997107	0.792137	-0.610307	-0.006719	0.608165	0.790191	-0.075719
04504	9.725914	-0.447783	-0.872516	-0.008979	-0.064650	-0.076393	0.051271	0.056888	0.997063	0.792110	-0.610350	-0.005908	0.608221	0.790087	-0.076354
04505	9.698800	-0.338777	-0.739588	0.004633	-0.066834	-0.081671	0.050998	0.057923	0.997018	0.792172	-0.610277	-0.005065	0.608164	0.790068	-0.077008
04506	9.770284	-0.260915	-0.675742	-0.031230	-0.066098	-0.091045	0.050641	0.059018	0.996972	0.792016	-0.610486	-0.004091	0.608396	0.789825	-0.077659
04507	9.733994	-0.421765	-0.647034	-0.051436	-0.070031	-0.098422	0.050256	0.060180	0.996922	0.791750	-0.610837	-0.003039	0.608774	0.789466	-0.078346
04508	9.702472	-0.301929	-0.645832	-0.020610	-0.074218	-0.103315	0.049852	0.061414	0.996867	0.791665	-0.610952	-0.001951	0.608918	0.789282	-0.079076
04509	9.704471	-0.160329	-0.658505	-0.013711	-0.082925	-0.105472	0.049491	0.062722	0.996803	0.791626	-0.611005	-0.000858	0.608998	0.789138	-0.079892
04510	9.721810	-0.074995	-0.590049	-0.027127	-0.094552	-0.099787	0.049239	0.064095	0.996728	0.791499	-0.611171	0.000201	0.609184	0.788899	-0.080824
04511	9.676338	-0.021555	-0.553851	-0.046816	-0.096561	-0.106365	0.048958	0.065515	0.996650	0.791272	-0.611463	0.001325	0.609501	0.788556	-0.081776
04512	9.645975	0.010833	-0.469929	-0.063378	-0.103060	-0.101732	0.048744	0.066966	0.996564	0.790924	-0.611910	0.002433	0.609970	0.788087	-0.082792
04513	9.705658	-0.042777	-0.477750	-0.097592	-0.107302	-0.109545	0.048500	0.068491	0.996472	0.790371	-0.612618	0.003638	0.610706	0.787406	-0.083845
04514	9.711585	-0.090326	-0.479180	-0.120863	-0.113306	-0.109822	0.048287	0.070072	0.996373	0.789674	-0.613508	0.004877	0.611624	0.786574	-0.084959
04515	9.664325	0.200548	-0.550662	-0.170161	-0.117836	-0.105591	0.048144	0.071656	0.996267	0.788676	-0.614779	0.006106	0.612921	0.785438	-0.086111
04516	9.668596	0.174411	-0.741983	-0.237662	-0.117035	-0.106161	0.047987	0.073244	0.996159	0.787256	-0.616582	0.007411	0.614756	0.783876	-0.087250
04517	9.629345	0.139234	-0.836867	-0.275345	-0.122452	-0.108797	0.047855	0.074882	0.996043	0.785612	-0.618658	0.008766	0.616866	0.782084	-0.088435
04518	9.759949	0.293621	-0.952876	-0.333716	-0.130029	-0.105427	0.047794	0.076568	0.995918	0.783587	-0.621199	0.010155	0.619441	0.779904	-0.089688
04519	9.718808	0.177448	-0.923112	-0.399860	-0.129236	-0.113189	0.047679	0.078285	0.995790	0.781165	-0.624216	0.011671	0.622502	0.777320	-0.090916
04520	9.695593	0.106016	-0.954891	-0.464826	-0.128808	-0.112474	0.047568	0.080006	0.995659	0.778304	-0.627747	0.013259	0.626083	0.774295	-0.092130
04521	9.637769	0.125095	-0.744507	-0.507472	-0.120710	-0.120416	0.047362	0.081707	0.995530	0.775177	-0.631568	0.014956	0.629967	0.771003	-0.093249
04522	9.572326	0.088267	-0.556901	-0.576593	-0.129220	-0.124995	0.047174	0.083510	0.995390	0.771578	-0.635913	0.016784	0.634383	0.767229	-0.094433
04523	9.673494	-0.145203	-0.558544	-0.609486	-0.128115	-0.138428	0.046895	0.085386	0.995244	0.767758	-0.640465	0.018772	0.639022	0.763226	-0.095590
04524	9.660631	-0.398757	-0.801307	-0.554492	-0.127912	-0.156595	0.046478	0.087384	0.995090	0.764263	-0.644565	0.020906	0.643227	0.759539	-0.096742
04525	9.651961	-0.301864	-0.838325	-0.443480	-0.126593	-0.166374	0.045998	0.089427	0.994931	0.761490	-0.647768	0.023017	0.646543	0.756571	-0.097894
04526	9.596111	-0.328949	-0.754451	-0.379661	-0.147309	-0.170955	0.045615	0.091668	0.994744	0.759095	-0.650494	0.025135	0.649380	0.753959	-0.099257
04527	9.594758	-0.606108	-0.700274	-0.255493	-0.153998	-0.168493	0.045310	0.093937	0.994547	0.757503	-0.652269	0.027097	0.651257	0.752144	-0.100712
04528	9.608556	-0.287409	-0.557230	-0.130366	-0.164445	-0.171896	0.045043	0.096314	0.994331	0.756718	-0.653098	0.028981	0.652188	0.751123	-0.102300
04529	9.658144	0.110843	-0.361306	-0.063133	-0.188680	-0.159340	0.045040	0.098783	0.994089	0.756368	-0.653427	0.030662	0.652594	0.750516	-0.104146
04530	9.627958	0.160442	-0.302159	-0.014925	-0.231920	-0.152089	0.045365	0.101535	0.993797	0.756327	-0.653400	0.032232	0.652619	0.750173	-0.106436
04531	9.638791	0.276390	-0.433345	0.060348	-0.263633	-0.139462	0.046002	0.104436	0.993467	0.756778	-0.652809	0.033583	0.652051	0.750289	-0.109065
04532	9.580679	0.329105	-0.483594	0.104833	-0.295538	-0.121573	0.046970	0.107465	0.993099	0.757505	-0.651906	0.034717	0.651138	0.750646	-0.112025
04533	9.733869	0.773608	-0.623386	0.152694	-0.314842	-0.092470	0.048287	0.110443	0.992709	0.758534	-0.650666	0.035493	0.649842	0.751289	-0.115193
04534	9.851124	1.148562	-0.876877	0.178094	-0.307490	-0.071179	0.049705	0.113235	0.992324	0.759712	-0.649261	0.036034	0.648357	0.752089	-0.118298
04535	9.718783	1.304370	-1.132542	0.106299	-0.308519	-0.054782	0.051258	0.115923	0.991935	0.760420	-0.648406	0.036482	0.647405	0.752417	-0.121386
04536	9.824671	0.577801	-1.711836	0.028592	-0.315616	-0.028721	0.053045	0.118502	0.991536	0.760608	-0.648169	0.036774	0.647041	0.752219	-0.124515
04537	9.933114	0.130388	-1.932302	0.072755	-0.288412	-0.023447	0.054701	0.120835	0.991164	0.761082	-0.647602	0.036947	0.646345	0.752336	-0.127390
04538	9.894149	0.446659	-1.892869	0.075907	-0.266561	-0.010569	0.056305	0.122927	0.990817	0.761566	-0.647031	0.036997	0.645637	0.752489	-0.130048
04539	9.758299	0.451319	-1.786621	0.042476	-0.246680	0.001993	0.057883	0.124782	0.990494	0.761830	-0.646722	0.036954	0.645186	0.752449	-0.132497
04540	9.740532	0.451383	-1.881851	0.043254	-0.225919	-0.006364	0.059254	0.126542	0.990190	0.762101	-0.646400	0.037002	0.644741	0.752432	-0.134739
04541	9.635367	0.336899	-1.984527	0.058829	-0.211445	-0.005368	0.060545	0.128180	0.989901	0.762474	-0.645960	0.037008	0.644180	0.752533	-0.136844
04542	9.764316	0.186644	-1.782477	0.055219	-0.197298	-0.009619	0.061705	0.129745	0.989626	0.762823	-0.645544	0.037071	0.643656	0.752622	-0.138806
04543	9.702897	0.278957	-1.615091	0.064997	-0.181337	-0.010665	0.062761	0.131191	0.989368	0.763238	-0.645050	0.037118	0.643062	0.752794	-0.140614
04544	9.645720	0.207696	-1.373409	0.050230	-0.171562	-0.010989	0.063742	0.132572	0.989122	0.763556	-0.644669	0.037199	0.642588	0.752879	-0.142319
04545	9.658489	0.401637	-1.209615	0.061754	-0.174793	-0.012066	0.064743	0.133979	0.988867	0.763951	-0.644198	0.037263	0.642018	0.753033	-0.144060
04546	9.678588	0.682184	-1.097166	0.039991	-0.180131	-0.003925	0.065832	0.135378	0.988604	0.764198	-0.643903	0.037287	0.641613	0.753035	-0.145845
04547	9.825811	0.847028	-1.093765	0.021940	-0.170962	0.011060	0.066983	0.136607	0.988358	0.764322	-0.643762	0.037178	0.641346	0.752934	-0.147533
04548	9.680358	0.827140	-1.371768	-0.057360	-0.166949	0.025769	0.068214	0.137716	0.988120	0.763925	-0.644240	0.037052	0.641689	0.752322	-0.149151
04549	9.847999	0.486478	-1.756179	-0.091693	-0.163514	0.040236	0.069541	0.138699	0.987890	0.763299	-0.644995	0.036826	0.642291	0.751495	-0.150722
04550	9.832608	0.649131	-1.617355	-0.051484	-0.138981	0.054258	0.070810	0.139411	0.987700	0.762919	-0.645468	0.036411	0.642605	0.750956	-0.152065
04551	9.753941	0.580205	-1.656179	-0.087762	-0.129412	0.061869	0.072084	0.139996	0.987525	0.762301	-0.646223	0.035967	0.643196	0.750198	-0.153301
04552	9.758790	0.647767	-1.660327	-0.093963	-0.121668	0.071492	0.073374	0.140464	0.987363	0.761633	-0.647039	0.035449	0.643842	0.749407	-0.154458
04553	9.696202	0.774778	-1.474106	-0.125815	-0.116302	0.082692	0.074723	0.140813	0.987212	0.760751	-0.648106	0.034862	0.644728	0.748418	-0.155552
04554	9.670840	0.587670	-1.539530	-0.168269	-0.118399	0.090296	0.076136	0.141131	0.987059	0.759586	-0.649503	0.034277	0.645935	0.747146	-0.156651
04555	9.646019	-0.030634	-1.878411	-0.137130	-0.132245	0.093061	0.077667	0.141526	0.986883	0.758619	-0.650667	0.033608	0.646889	0.746058	-0.157900
04556	9.660206	-0.014306	-1.977604	-0.023881	-0.131153	0.103329	0.079262	0.141851	0.986710	0.758372	-0.651003	0.032669	0.646985	0.745703	-0.159175
04557	9.593091	0.016457	-1.784773	0.055626	-0.140984	0.109296	0.080973	0.142204	0.986520	0.758635	-0.650753	0.031536	0.646465	0.745854	-0.160574
04558	9.603609	0.123457	-1.624843	0.164444	-0.145432	0.117959	0.082770	0.142541	0.986322	0.759589	-0.649705	0.030151	0.645116	0.746703	-0.162049
04559	9.462779	0.298908	-1.365649	0.228317	-0.160685	0.124753	0.084724	0.142946	0.986098	0.760946	-0.648186	0.028582	0.643260	0.747945	-0.163691
04560	9.555153	0.252962	-1.503230	0.298560	-0.172286	0.138168	0.086845	0.143360	0.985853	0.762733	-0.646159	0.026772	0.640856	0.749618	-0.165461
04561	9.551789	0.614796	-1.459386	0.327715	-0.173743	0.150618	0.089077	0.143706	0.985603	0.764688	-0.643925	0.024776	0.638215	0.751472	-0.167249
04562	9.551563	0.590786	-1.520358	0.314270	-0.182059	0.162480	0.091443	0.144049	0.985337	0.766532	-0.641805	0.022690	0.635663	0.753217	-0.169106
04563	9.683740	0.379748	-1.770676	0.330817	-0.189379	0.174982	0.093957	0.144369	0.985053	0.768460	-0.639572	0.020438	0.632963	0.755053	-0.171034
04564	9.688823	0.266123	-1.524280	0.338547	-0.180122	0.187668	0.096501	0.144551	0.984781	0.770409	-0.637295	0.018051	0.630205	0.756942	-0.172862
04565	9.678496	-0.076596	-1.747542	0.409818	-0.172882	0.192944	0.099046	0.144647	0.984514	0.772788	-0.634476	0.015474	0.626889	0.759287	-0.174624
04566	9.622318	0.680987	-1.333094	0.464891	-0.179225	0.204537	0.101711	0.144734	0.984229	0.775478	-0.631247	0.012688	0.623128	0.761957	-0.176443
04567	9.566990	0.816825	-1.460248	0.389776	-0.192033	0.220909	0.104590	0.144820	0.983915	0.777664	-0.628602	0.009857	0.619919	0.764124	-0.178367
04568	9.586685	0.490284	-1.700365	0.367002	-0.217475	0.240127	0.107766	0.144995	0.983546	0.779669	-0.626154	0.006880	0.616849	0.766099	-0.180526
04569	9.623748	0.424623	-1.874001	0.370345	-0.218410	0.256924	0.111085	0.145077	0.983165	0.781659	-0.623695	0.003716	0.613734	0.768087	-0.182684
04570	9.535440	0.085452	-2.070420	0.372380	-0.225514	0.262722	0.114484	0.145193	0.982758	0.783633	-0.621224	0.000493	0.610584	0.770065	-0.184898
04571	9.685362	0.069285	-2.021574	0.393191	-0.231530	0.280195	0.118061	0.145254	0.982325	0.785694	-0.618608	-0.002956	0.607245	0.772156	-0.187159
04572	9.570481	0.414915	-1.559259	0.386068	-0.244357	0.295533	0.121827	0.145336	0.981853	0.787669	-0.616064	-0.006542	0.603934	0.774172	-0.189530
04573	9.537184	0.347229	-1.508939	0.358144	-0.256362	0.311671	0.125798	0.145419	0.981340	0.789433	-0.613751	-0.010249	0.600808	0.775991	-0.192007
04574	9.412041	0.187399	-1.190262	0.357314	-0.284627	0.338223	0.130138	0.145575	0.980751	0.791133	-0.611479	-0.014214	0.597640	0.777754	-0.194746
04575	9.432074	0.631063	-1.007307	0.318545	-0.311365	0.366873	0.134867	0.145771	0.980082	0.792539	-0.609544	-0.018400	0.594721	0.779235	-0.197737
04576	9.425468	0.830139	-1.006131	0.234340	-0.353447	0.397287	0.140077	0.146124	0.979299	0.793376	-0.608308	-0.022716	0.592396	0.780134	-0.201141
04577	9.477000	0.558754	-1.249558	0.217937	-0.391073	0.427231	0.145748	0.146592	0.978401	0.794048	-0.607242	-0.027304	0.590124	0.780877	-0.204905
04578	9.397681	0.671848	-1.014555	0.238982	-0.432633	0.466937	0.151967	0.147155	0.977370	0.794753	-0.606072	-0.032321	0.587601	0.781679	-0.209055
04579	9.311185	0.755099	-0.636477	0.201811	-0.488496	0.511732	0.158867	0.147887	0.976161	0.795135	-0.605258	-0.037709	0.585253	0.782171	-0.213746
04580	9.295990	0.614234	-0.356952	0.187443	-0.553868	0.562170	0.166534	0.148836	0.974738	0.795309	-0.604638	-0.043554	0.582881	0.782471	-0.219063
04581	9.136565	0.553564	-0.121986	0.188081	-0.641675	0.607277	0.175062	0.150199	0.973033	0.795361	-0.604083	-0.049849	0.580306	0.782639	-0.225214
04582	9.312161	0.738334	-0.203837	0.156029	-0.718975	0.660125	0.184436	0.151855	0.971042	0.795072	-0.603871	-0.056578	0.577792	0.782484	-0.232111
04583	9.334962	0.622755	0.018218	0.105584	-0.804929	0.717814	0.194747	0.153827	0.968716	0.794316	-0.604151	-0.063751	0.575444	0.781882	-0.239844
04584	9.608136	0.432163	-0.285193	0.117625	-0.889984	0.764591	0.205889	0.156178	0.966032	0.793455	-0.604428	-0.071390	0.572747	0.781201	-0.248365
04585	9.583636	0.989927	-0.323767	0.079289	-0.965556	0.827974	0.217935	0.158720	0.962971	0.792151	-0.605120	-0.079538	0.570089	0.780152	-0.257607
04586	10.109740	0.975629	-1.805996	-0.019939	-1.028125	0.895637	0.230833	0.161321	0.959527	0.790024	-0.606720	-0.088050	0.567960	0.778374	-0.267498
04587	10.763955	0.837724	-1.863240	-0.060609	-1.058609	0.965250	0.244411	0.163695	0.955755	0.787385	-0.608768	-0.097089	0.565939	0.776277	-0.277681
04588	11.492369	-0.193959	-1.194443	-0.078861	-1.080347	1.004762	0.258373	0.165958	0.951683	0.784411	-0.611046	-0.106404	0.563864	0.774003	-0.288057
04589	10.787517	-1.696291	-2.088674	-0.038314	-1.111131	1.031399	0.272662	0.168246	0.947285	0.781458	-0.613072	-0.116044	0.561230	0.771904	-0.298638
04590	11.014753	-1.450100	-2.015788	0.032238	-1.134263	1.074812	0.287355	0.170410	0.942543	0.778627	-0.614654	-0.126253	0.557823	0.770169	-0.309310
04591	11.062316	-0.804175	-1.717622	0.029880	-1.162668	1.112244	0.302426	0.172520	0.937430	0.775515	-0.616338	-0.136762	0.554180	0.768352	-0.320188
04592	11.373235	-0.742292	-1.700505	-0.046265	-1.198013	1.125644	0.317717	0.174777	0.931938	0.771769	-0.618658	-0.147088	0.550844	0.765973	-0.331445
04593	11.604022	-1.044333	-1.594553	-0.086518	-1.226095	1.131067	0.333118	0.177151	0.926094	0.767617	-0.621315	-0.157263	0.547537	0.763272	-0.342956
04594	11.610506	-1.090484	-1.341063	-0.057976	-1.288639	1.139648	0.348837	0.179892	0.919756	0.763416	-0.623802	-0.167534	0.543607	0.760599	-0.354938
04595	11.750788	-0.641408	-1.052761	-0.032551	-1.350811	1.158939	0.364934	0.182917	0.912888	0.759109	-0.626156	-0.177995	0.539052	0.757938	-0.367360
04596	11.654150	0.079717	-0.237974	-0.051672	-1.421429	1.187574	0.381513	0.186236	0.905408	0.754402	-0.628748	-0.188554	0.534158	0.754978	-0.380372
04597	11.529033	0.358270	0.009898	-0.246173	-1.520405	1.197392	0.398561	0.190140	0.897215	0.748430	-0.632858	-0.198351	0.530096	0.750558	-0.394539
04598	11.802949	-0.690490	-1.356112	-0.306261	-1.640499	1.180695	0.415985	0.194930	0.888233	0.742009	-0.637432	-0.207615	0.525718	0.745442	-0.409802
04599	12.290861	-1.132159	-1.491087	-0.184256	-1.694275	1.152487	0.433321	0.200167	0.878730	0.736162	-0.641080	-0.216985	0.519903	0.740911	-0.425148
04600	11.987772	-1.181732	-2.036488	0.038973	-1.716587	1.107429	0.450270	0.205765	0.868860	0.731476	-0.643048	-0.226786	0.512054	0.737665	-0.440058
04601	11.265099	-1.651514	-2.650958	0.351406	-1.909087	1.104475	0.467958	0.212743	0.857762	0.728198	-0.642771	-0.237852	0.500743	0.735925	-0.455709
04602	11.699746	-1.782039	-3.109635	0.807726	-2.020181	1.162851	0.486342	0.220182	0.845571	0.726639	-0.639348	-0.251454	0.485249	0.736718	-0.470935
04603	11.291144	-1.394864	-3.889865	1.319718	-1.919580	1.200579	0.504158	0.226743	0.833314	0.726988	-0.632280	-0.267788	0.466169	0.740816	-0.483609
04604	10.128420	-1.571000	-5.156396	1.498218	-1.923455	1.192686	0.521567	0.233567	0.820618	0.727710	-0.623896	-0.284942	0.445427	0.745788	-0.495373
04605	9.973021	-2.611208	-6.718257	1.482575	-1.809075	1.146647	0.537746	0.240010	0.808223	0.728108	-0.615516	-0.301658	0.425073	0.750690	-0.505745
04606	9.031370	-3.394217	-6.718017	1.422492	-1.714120	1.154057	0.553231	0.245876	0.795915	0.727733	-0.607616	-0.318132	0.405389	0.755214	-0.515084
04607	8.369111	-3.288735	-6.467907	1.349994	-1.574370	1.126266	0.567616	0.251010	0.784095	0.726789	-0.600188	-0.333995	0.386769	0.759452	-0.523108
04608	7.699815	-2.914081	-6.370061	1.245672	-1.394588	1.070496	0.580631	0.255256	0.773118	0.725369	-0.593420	-0.348844	0.369739	0.763346	-0.529713
04609	7.229727	-2.652028	-6.218850	1.155503	-1.264331	0.991712	0.592351	0.259089	0.762885	0.723757	-0.587128	-0.362571	0.353973	0.766912	-0.535303
04610	7.279804	-2.507266	-6.122477	0.885342	-1.110349	0.858889	0.602384	0.262609	0.753770	0.721718	-0.582575	-0.373804	0.340963	0.769183	-0.540464
04611	6.695036	-2.376349	-5.539919	0.588729	-0.935251	0.745747	0.610859	0.265485	0.745902	0.719197	-0.580011	-0.382548	0.331071	0.770133	-0.545241
04612	5.998681	-3.214493	-4.987097	0.385086	-0.783243	0.630270	0.617915	0.267881	0.739203	0.716602	-0.578733	-0.389294	0.323516	0.770265	-0.549572
04613	6.320900	-4.479191	-4.918688	0.197406	-0.584994	0.447510	0.622954	0.269809	0.734255	0.714484	-0.578414	-0.393636	0.318497	0.769831	-0.553100
04614	5.904732	-5.478535	-6.823301	-0.089687	-0.357835	0.308223	0.626258	0.270792	0.731077	0.712292	-0.579943	-0.395355	0.316924	0.768334	-0.556077
04615	6.059709	-3.981672	-5.196749	0.154320	-0.057752	0.187524	0.627736	0.270161	0.730041	0.711629	-0.579263	-0.397540	0.315486	0.769069	-0.555879
04616	6.569781	-0.848974	-1.578618	0.259235	0.191838	0.024392	0.627273	0.268558	0.731030	0.712312	-0.577339	-0.399114	0.314866	0.771075	-0.553446
04617	6.080233	0.527361	-0.914299	-0.230021	0.393746	-0.313604	0.623749	0.267348	0.734481	0.713569	-0.578270	-0.395503	0.318992	0.770798	-0.551467
04618	5.627308	-1.549383	-2.276061	-0.813411	0.618267	-0.692073	0.616771	0.266624	0.740612	0.715246	-0.582686	-0.385876	0.328660	0.767716	-0.550086
04619	5.283912	-4.218819	-3.180316	-0.877484	0.869082	-0.953514	0.606988	0.265553	0.749031	0.718170	-0.586872	-0.373917	0.340290	0.764894	-0.546936
04620	5.497875	-5.276686	-3.586634	-0.572875	1.126467	-1.125572	0.594950	0.263568	0.759320	0.722970	-0.588281	-0.362270	0.351210	0.764498	-0.540550
04621	5.661727	-4.847652	-3.494847	-0.146367	1.378492	-1.279649	0.580706	0.260536	0.771298	0.729995	-0.586047	-0.351649	0.360399	0.767248	-0.530511
04622	5.590372	-4.068817	-3.103682	0.115752	1.648954	-1.490369	0.563712	0.256559	0.785116	0.738960	-0.581309	-0.340614	0.369007	0.772177	-0.517277
04623	5.768849	-3.761480	-3.076038	0.165986	1.881645	-1.723321	0.543816	0.251954	0.800489	0.749145	-0.575639	-0.327752	0.378214	0.777920	-0.501792
04624	6.098019	-3.760025	-3.109635	0.237509	2.117797	-1.922461	0.521160	0.246427	0.817108	0.760305	-0.569000	-0.313329	0.387722	0.784547	-0.483899
04625	6.356089	-3.882111	-3.028007	0.293011	2.346252	-2.107019	0.495758	0.239852	0.834682	0.772189	-0.561565	-0.297270	0.397427	0.791906	-0.463612
04626	6.736018	-3.866456	-3.126881	0.333564	2.565558	-2.275561	0.467686	0.232135	0.852867	0.784504	-0.553548	-0.279533	0.407213	0.799811	-0.440997
04627	7.128204	-3.832026	-3.357286	0.338786	2.784576	-2.432024	0.436930	0.223117	0.871384	0.796918	-0.545287	-0.259971	0.417150	0.808011	-0.416058
04628	7.670166	-3.660789	-3.573079	0.350396	3.013513	-2.581346	0.403439	0.212619	0.889961	0.809252	-0.536825	-0.238600	0.427022	0.816463	-0.388639
04629	8.051093	-3.291328	-3.547819	0.365070	3.237530	-2.704135	0.367363	0.200450	0.908220	0.821264	-0.528243	-0.215604	0.436543	0.825094	-0.358679
04630	8.521736	-2.938666	-3.662379	0.293867	3.414635	-2.799252	0.329107	0.186824	0.925627	0.832315	-0.520395	-0.190896	0.446028	0.833238	-0.326762
04631	9.122317	-2.807606	-3.924367	0.195717	3.580947	-2.871159	0.288875	0.171697	0.941845	0.842078	-0.513612	-0.164645	0.455473	0.840668	-0.292952
04632	9.709756	-2.691583	-3.952734	0.152750	3.752351	-2.912328	0.246925	0.154902	0.956574	0.850584	-0.507578	-0.137371	0.464257	0.847567	-0.257091
04633	9.857448	-2.117513	-3.302337	0.302925	3.891134	-2.903012	0.203876	0.136416	0.969446	0.858549	-0.500774	-0.110088	0.470456	0.854761	-0.219216
04634	9.771160	-1.720901	-2.922709	0.263808	3.922715	-2.905050	0.160241	0.117232	0.980092	0.865083	-0.494840	-0.082248	0.475346	0.861040	-0.180709
04635	10.149456	-1.213353	-2.525270	0.084121	3.916600	-2.863626	0.116641	0.097530	0.988374	0.869449	-0.491045	-0.054151	0.480055	0.865657	-0.142073
04636	11.422848	-0.634800	-2.560192	-0.147793	3.929169	-2.776038	0.073468	0.077087	0.994314	0.871368	-0.489919	-0.026402	0.485098	0.868353	-0.103164
04637	12.585118	-0.189648	-2.213277	-0.365702	3.964446	-2.640320	0.031077	0.055594	0.997970	0.870960	-0.491355	0.000250	0.490371	0.869183	-0.063690
04638	13.069897	0.076287	-1.206162	-0.563790	3.988440	-2.479099	-0.010196	0.033183	0.999397	0.868427	-0.495170	0.025301	0.495711	0.868162	-0.023768
04639	12.950927	0.083769	0.030453	-0.651526	3.948298	-2.272990	-0.049603	0.010262	0.998716	0.864494	-0.500339	0.048078	0.500190	0.865769	0.015947
04640	13.338846	-0.050589	0.289303	-0.762325	3.844792	-2.049794	-0.086624	-0.012619	0.996161	0.859255	-0.506968	0.068297	0.504160	0.861872	0.054759
04641	13.840016	-0.379210	-0.272974	-0.753129	3.733512	-1.845331	-0.121347	-0.035294	0.991982	0.853516	-0.513900	0.086125	0.506740	0.857124	0.092484
04642	14.325584	-1.023833	-0.552612	-0.592104	3.607684	-1.679801	-0.153967	-0.057440	0.986405	0.848185	-0.519761	0.102126	0.506829	0.852378	0.128746
04643	13.690486	-1.325279	0.045647	-0.104791	3.547367	-1.480150	-0.184434	-0.079919	0.979590	0.845137	-0.521687	0.116558	0.501724	0.849385	0.163759
04644	10.507622	-1.806508	-0.490655	0.216963	3.266952	-1.279619	-0.211537	-0.100957	0.972142	0.843664	-0.521026	0.129472	0.493440	0.847549	0.195390
04645	8.008777	-1.989117	1.197604	0.573275	2.796166	-1.203607	-0.235376	-0.118406	0.964665	0.843755	-0.517507	0.142354	0.482365	0.847447	0.221715
04646	6.762542	-1.634594	0.157676	0.753339	2.302710	-1.208161	-0.256583	-0.131698	0.957508	0.844351	-0.512653	0.155749	0.470358	0.848435	0.242737
04647	6.634737	0.080026	-0.574133	1.203266	1.790750	-1.161337	-0.274732	-0.141022	0.951123	0.846818	-0.504026	0.169872	0.455435	0.852098	0.257892
04648	6.799242	1.403649	0.824474	1.426038	1.263548	-0.945430	-0.288451	-0.147097	0.946128	0.850518	-0.493224	0.182619	0.439790	0.857375	0.267380
04649	5.867651	1.023626	1.134861	1.094748	0.697182	-0.650590	-0.297058	-0.149910	0.943018	0.853347	-0.484802	0.191742	0.428433	0.861681	0.271940
04650	5.190586	-0.808112	-0.550773	0.953520	0.103284	-0.340294	-0.300444	-0.149155	0.942065	0.856354	-0.477099	0.197571	0.419990	0.866100	0.271071
04651	4.639165	-1.668483	-1.741438	1.064852	-0.455565	-0.040258	-0.298931	-0.145009	0.943193	0.860646	-0.467928	0.200829	0.412224	0.871789	0.264679
04652	4.658701	-1.104478	-2.023184	0.889369	-0.985108	0.304173	-0.292308	-0.137795	0.946345	0.865169	-0.459745	0.200292	0.407478	0.877295	0.253603
04653	5.041069	-1.434556	-3.225594	0.399931	-1.459598	0.602442	-0.281168	-0.127721	0.951121	0.868510	-0.455451	0.195587	0.408209	0.881052	0.238985
04654	6.997181	-1.615109	-3.116473	0.318993	-1.789814	0.834838	-0.266616	-0.115696	0.956833	0.872082	-0.451643	0.188390	0.410352	0.884665	0.221312
04655	8.485820	-0.370352	-0.994390	0.055978	-1.837972	0.935012	-0.250902	-0.103632	0.962449	0.874716	-0.450144	0.179562	0.414633	0.886922	0.203590
04656	8.319849	-0.006315	-1.184824	-0.088487	-1.803241	0.891651	-0.235611	-0.091630	0.967518	0.876497	-0.450083	0.170819	0.419811	0.888273	0.186358
04657	10.295923	0.779753	1.620028	-0.009568	-1.614830	0.748045	-0.222271	-0.080640	0.971644	0.878153	-0.449545	0.163575	0.423607	0.889610	0.170735
04658	11.729494	2.805421	4.032425	0.123674	-1.167560	0.414536	-0.213713	-0.072096	0.974232	0.879563	-0.448150	0.159781	0.425083	0.891046	0.159189
04659	13.063031	4.338604	5.881714	0.478245	-0.609664	0.001712	-0.211149	-0.066664	0.975178	0.881577	-0.443902	0.160537	0.422182	0.893592	0.152499
04660	13.559795	5.331912	8.485963	0.469056	-0.074603	-0.326607	-0.213757	-0.064545	0.974752	0.882836	-0.439943	0.164469	0.418220	0.895703	0.151023
04661	10.940900	1.146829	0.247612	-0.348405	-0.310810	-0.261344	-0.214792	-0.060611	0.974777	0.880798	-0.443244	0.166523	0.421971	0.894349	0.148592
04662	11.959303	-0.736178	2.213350	-0.080181	-0.773857	0.140409	-0.210321	-0.054304	0.976123	0.880739	-0.443903	0.165073	0.424340	0.894428	0.141190
04663	13.993341	2.773560	5.167379	-0.372397	-0.903573	0.363213	-0.203301	-0.047848	0.977947	0.879885	-0.447065	0.161041	0.429500	0.893221	0.132990
04664	12.027637	1.181631	2.942406	-1.446975	-1.053701	0.339333	-0.195761	-0.039998	0.979836	0.874222	-0.459819	0.155890	0.444312	0.887111	0.124982
04665	10.237931	-1.923033	0.793096	-1.503715	-1.172273	0.306840	-0.187824	-0.031071	0.981711	0.868000	-0.473018	0.151098	0.459672	0.880505	0.115814
04666	9.273570	-1.817548	-1.678604	-0.807445	-1.164486	0.263378	-0.180176	-0.022083	0.983386	0.864718	-0.480064	0.147653	0.468828	0.876955	0.105592
04667	9.558093	-0.862598	-2.426184	-0.244333	-1.143035	0.224096	-0.172890	-0.013145	0.984853	0.863949	-0.482183	0.145230	0.472971	0.875972	0.094722
04668	10.408241	0.783532	-2.126524	-0.029431	-1.079654	0.212549	-0.165976	-0.004703	0.986119	0.864152	-0.482442	0.143146	0.475072	0.875915	0.084138
04669	10.291469	1.767218	-1.718736	-0.090421	-0.992886	0.182713	-0.159700	0.003109	0.987161	0.864005	-0.483249	0.141298	0.477484	0.875477	0.074489
04670	10.104050	1.524626	-1.131685	-0.298261	-0.936978	0.169126	-0.153787	0.010496	0.988048	0.862823	-0.485889	0.139457	0.481546	0.873957	0.065667
04671	9.909911	0.656882	-0.152881	-0.479984	-0.884150	0.166581	-0.148101	0.017400	0.988819	0.860736	-0.490118	0.137542	0.487031	0.871482	0.057611
04672	9.965125	-0.405209	0.279036	-0.440467	-0.855120	0.130412	-0.142834	0.024211	0.989451	0.858753	-0.493997	0.136054	0.492080	0.869126	0.049768
04673	9.697228	0.017003	0.938231	-0.191269	-0.832404	0.120132	-0.137726	0.030847	0.989990	0.857964	-0.495707	0.134804	0.494904	0.867942	0.041806
04674	9.477519	0.972433	1.153387	-0.028235	-0.857813	0.144699	-0.132273	0.037584	0.990501	0.858003	-0.496020	0.133400	0.496322	0.867497	0.033363
04675	9.191446	1.722702	1.116559	0.067027	-0.890828	0.156599	-0.126536	0.044536	0.990962	0.858525	-0.495518	0.131894	0.496914	0.867455	0.024466
04676	9.122027	2.292991	1.273410	0.106114	-0.959057	0.195166	-0.120132	0.051900	0.991400	0.859277	-0.494709	0.130020	0.497203	0.867507	0.014834
04677	9.034540	2.583811	1.085601	0.027136	-1.044906	0.248257	-0.112829	0.059734	0.991817	0.859689	-0.494627	0.127589	0.498201	0.867050	0.004455
04678	9.079280	2.305972	1.344824	0.063694	-1.137866	0.308313	-0.104545	0.068084	0.992187	0.860326	-0.494289	0.124569	0.498908	0.866627	-0.006899
