// General information: 
//  MT Manager version: 2022.2.0 
//  XDA version: 2022.2.0 build 7381 rev 124627 built on 2023-07-19
// Device information: 
//  DeviceId: 00B4CBA7
//  ProductCode: MTW2-3A7G6
//  Firmware Version: 4.6.0
//  Hardware Version: 2.0.0
// Device settings: 
//  Filter Profile: human(46.1)
//  Option Flags: Orientation Smoother Disabled, Position/Velocity Smoother Disabled, Continuous Zero Rotation Update Disabled, AHS Disabled, ICC Disabled
// Coordinate system: ENU
PacketCounter	Acc_X	Acc_Y	Acc_Z	Gyr_X	Gyr_Y	Gyr_Z	Mat[1][1]	Mat[2][1]	Mat[3][1]	Mat[1][2]	Mat[2][2]	Mat[3][2]	Mat[1][3]	Mat[2][3]	Mat[3][3]
20268	9.488129	1.212721	-1.752613	-0.012938	0.005099	0.002179	0.041114	0.221282	0.974343	0.737788	-0.664327	0.119743	0.673779	0.713936	-0.190572
20269	9.525416	1.266342	-1.671771	-0.015235	0.001476	0.005674	0.041109	0.221253	0.974350	0.737669	-0.664456	0.119760	0.673910	0.713824	-0.190526
20270	9.533996	1.249658	-1.620549	-0.009905	-0.008757	0.007775	0.041217	0.221305	0.974333	0.737588	-0.664550	0.119741	0.673992	0.713721	-0.190622
20271	9.554971	1.266135	-1.642962	-0.008632	-0.017902	0.010651	0.041379	0.221381	0.974309	0.737511	-0.664643	0.119697	0.674066	0.713611	-0.190773
20272	9.551067	1.246468	-1.719549	-0.012202	-0.021513	0.015210	0.041626	0.221473	0.974278	0.737412	-0.664769	0.119609	0.674160	0.713465	-0.190989
20273	9.551884	1.191764	-1.820013	-0.008632	-0.027039	0.014588	0.041880	0.221588	0.974241	0.737333	-0.664871	0.119527	0.674230	0.713334	-0.191229
20274	9.535407	1.169604	-2.023538	-0.006613	-0.026280	0.014726	0.042155	0.221717	0.974199	0.737271	-0.664956	0.119434	0.674280	0.713214	-0.191497
20275	9.471855	1.132416	-2.061655	-0.009371	-0.027826	0.013380	0.042405	0.221846	0.974159	0.737188	-0.665061	0.119365	0.674356	0.713077	-0.191744
20276	9.514978	1.062266	-2.104944	-0.010877	-0.026772	0.012025	0.042664	0.221996	0.974114	0.737099	-0.665170	0.119306	0.674437	0.712928	-0.192012
20277	9.523194	1.045043	-2.055875	-0.009621	-0.024176	0.012015	0.042879	0.222107	0.974079	0.737014	-0.665274	0.119251	0.674516	0.712797	-0.192222
20278	9.497022	1.061948	-2.013163	-0.002761	-0.019818	0.006527	0.043051	0.222245	0.974040	0.736981	-0.665314	0.119230	0.674541	0.712716	-0.192433
20279	9.559470	1.131796	-1.979931	0.003292	-0.017530	0.006942	0.043184	0.222343	0.974012	0.736986	-0.665314	0.119200	0.674527	0.712686	-0.192595
20280	9.558798	1.165327	-1.982086	0.006268	-0.014419	0.011762	0.043358	0.222407	0.973989	0.737013	-0.665301	0.119110	0.674487	0.712678	-0.192763
20281	9.486371	1.163765	-1.971434	-0.001252	-0.011741	0.003943	0.043430	0.222484	0.973969	0.736988	-0.665327	0.119118	0.674509	0.712630	-0.192863
20282	9.529176	1.128618	-2.014139	-0.003544	-0.015371	0.007437	0.043579	0.222584	0.973939	0.736950	-0.665374	0.119090	0.674541	0.712554	-0.193029
20283	9.532375	1.196732	-2.040450	-0.002545	-0.009111	0.006068	0.043648	0.222627	0.973926	0.736916	-0.665414	0.119079	0.674574	0.712504	-0.193102
20284	9.536535	1.196052	-2.065224	-0.023526	-0.009674	0.006654	0.043753	0.222692	0.973907	0.736743	-0.665602	0.119097	0.674756	0.712308	-0.193189
20285	9.524824	1.109033	-2.091469	-0.029597	-0.009351	0.007296	0.043833	0.222729	0.973895	0.736526	-0.665837	0.119127	0.674988	0.712077	-0.193231
20286	9.541540	1.126611	-2.088955	-0.033396	-0.002784	0.005505	0.043883	0.222752	0.973887	0.736287	-0.666093	0.119175	0.675245	0.711830	-0.193239
20287	9.498507	1.161480	-2.047567	-0.031336	-0.007255	0.003523	0.043921	0.222799	0.973875	0.736059	-0.666332	0.119245	0.675491	0.711592	-0.193259
20288	9.528639	1.128167	-2.016933	-0.034390	0.000090	0.002938	0.043933	0.222819	0.973869	0.735814	-0.666588	0.119320	0.675757	0.711345	-0.193238
20289	9.502447	1.180523	-1.972480	-0.017957	-0.002693	0.003286	0.043938	0.222835	0.973865	0.735677	-0.666732	0.119367	0.675906	0.711206	-0.193230
20290	9.476702	1.198140	-1.927622	-0.019993	-0.000843	0.004207	0.043964	0.222854	0.973860	0.735530	-0.666887	0.119402	0.676064	0.711054	-0.193235
20291	9.468169	1.198560	-1.879640	-0.021518	-0.006318	0.007840	0.044028	0.222865	0.973855	0.735366	-0.667066	0.119411	0.676238	0.710882	-0.193257
20292	9.524010	1.147029	-1.894408	-0.025531	-0.010465	0.006499	0.044136	0.222936	0.973833	0.735180	-0.667267	0.119436	0.676433	0.710672	-0.193349
20293	9.515375	1.147412	-1.846987	-0.021496	-0.008939	0.006777	0.044210	0.222974	0.973821	0.735017	-0.667443	0.119455	0.676605	0.710495	-0.193397
20294	9.566763	1.111850	-1.937336	-0.016462	-0.010297	0.009616	0.044339	0.223023	0.973804	0.734891	-0.667586	0.119431	0.676734	0.710345	-0.193498
20295	9.514591	1.196936	-1.948321	-0.018713	-0.010015	0.007059	0.044422	0.223066	0.973791	0.734747	-0.667743	0.119442	0.676885	0.710184	-0.193560
20296	9.494528	1.091959	-2.025712	-0.025762	-0.009426	0.004079	0.044505	0.223145	0.973769	0.734560	-0.667940	0.119490	0.677083	0.709973	-0.193640
20297	9.506918	1.109835	-1.999498	-0.011099	-0.007477	0.001721	0.044532	0.223205	0.973754	0.734469	-0.668031	0.119538	0.677179	0.709869	-0.193686
20298	9.460025	1.110416	-1.933888	0.001073	-0.004192	-0.005608	0.044509	0.223312	0.973730	0.734468	-0.668016	0.119628	0.677182	0.709849	-0.193748
20299	9.433757	1.162781	-1.889920	0.016716	-0.002513	-0.004344	0.044457	0.223377	0.973718	0.734569	-0.667896	0.119681	0.677076	0.709942	-0.193779
20300	9.509698	1.197743	-1.927087	0.025058	-0.005733	-0.003495	0.044460	0.223481	0.973694	0.734729	-0.667716	0.119705	0.676903	0.710079	-0.193884
20301	9.530575	1.214750	-1.949268	0.026568	-0.006797	-0.002147	0.044454	0.223562	0.973675	0.734895	-0.667531	0.119718	0.676723	0.710227	-0.193969
20302	9.565311	1.145789	-1.943182	0.031348	-0.004494	-0.000664	0.044468	0.223638	0.973657	0.735096	-0.667312	0.119701	0.676503	0.710409	-0.194070
20303	9.548202	1.143467	-2.046208	0.029570	-0.006310	0.001612	0.044486	0.223691	0.973644	0.735281	-0.667114	0.119672	0.676301	0.710579	-0.194153
20304	9.552376	1.142319	-2.071056	0.028280	-0.003685	0.003739	0.044527	0.223731	0.973633	0.735460	-0.666926	0.119618	0.676104	0.710742	-0.194242
20305	9.599072	1.141221	-2.137736	0.015159	-0.002770	0.001408	0.044520	0.223761	0.973627	0.735547	-0.666830	0.119619	0.676009	0.710823	-0.194274
20306	9.594388	1.175739	-2.114417	0.013394	0.001953	-0.001299	0.044486	0.223795	0.973621	0.735627	-0.666737	0.119643	0.675924	0.710899	-0.194290
20307	9.526652	1.158864	-2.026918	0.008596	0.002264	-0.001720	0.044422	0.223809	0.973620	0.735671	-0.666680	0.119687	0.675880	0.710948	-0.194265
20308	9.433152	1.159981	-1.894655	0.012195	0.000652	-0.008399	0.044344	0.223899	0.973603	0.735747	-0.666580	0.119782	0.675803	0.711014	-0.194292
20309	9.395926	1.075425	-1.776305	0.018504	-0.000721	-0.006629	0.044264	0.223967	0.973591	0.735860	-0.666442	0.119854	0.675685	0.711122	-0.194307
20310	9.450126	1.146925	-1.693981	0.022617	-0.009661	-0.010594	0.044241	0.224146	0.973551	0.736006	-0.666264	0.119951	0.675528	0.711232	-0.194448
20311	9.632788	1.133325	-1.638161	0.029184	-0.014699	-0.007468	0.044248	0.224319	0.973511	0.736192	-0.666047	0.120011	0.675325	0.711380	-0.194613
20312	9.826193	1.275252	-1.558438	0.031191	-0.020473	-0.002345	0.044357	0.224519	0.973460	0.736393	-0.665825	0.120011	0.675098	0.711526	-0.194868
20313	9.845774	1.379845	-1.484964	0.032712	-0.030691	0.002932	0.044549	0.224736	0.973401	0.736598	-0.665607	0.119962	0.674862	0.711661	-0.195192
20314	9.735818	1.656684	-1.289227	0.028878	-0.043720	0.016112	0.044950	0.224978	0.973326	0.736774	-0.665444	0.119787	0.674644	0.711737	-0.195670
20315	9.549897	1.549554	-1.226669	0.003620	-0.066989	0.027942	0.045571	0.225288	0.973226	0.736771	-0.665489	0.119552	0.674605	0.711597	-0.196313
20316	9.421884	1.524306	-1.404242	0.004060	-0.076941	0.044862	0.046405	0.225573	0.973120	0.736767	-0.665567	0.119147	0.674553	0.711434	-0.197080
20317	9.429865	1.427611	-1.756071	-0.003011	-0.086837	0.052917	0.047344	0.225857	0.973009	0.736707	-0.665716	0.118681	0.674552	0.711204	-0.197908
20318	9.424475	1.312568	-2.135098	-0.010593	-0.089408	0.058256	0.048360	0.226141	0.972893	0.736597	-0.665928	0.118175	0.674601	0.710915	-0.198779
20319	9.470333	1.112028	-2.503620	-0.015891	-0.081794	0.055116	0.049281	0.226374	0.972793	0.736448	-0.666174	0.117715	0.674697	0.710611	-0.199542
20320	9.464181	1.069360	-2.684298	0.001496	-0.067888	0.058270	0.050152	0.226505	0.972718	0.736418	-0.666301	0.117185	0.674666	0.710450	-0.200219
20321	9.424249	1.079429	-2.771171	0.011325	-0.051261	0.053642	0.050856	0.226531	0.972675	0.736453	-0.666350	0.116684	0.674575	0.710395	-0.200717
20322	9.300148	1.178040	-2.674196	0.022395	-0.035953	0.055045	0.051488	0.226458	0.972659	0.736565	-0.666320	0.116145	0.674404	0.710447	-0.201108
20323	9.263016	1.122261	-2.558895	0.035771	-0.022247	0.050830	0.051976	0.226296	0.972671	0.736766	-0.666189	0.115622	0.674147	0.710621	-0.201353
20324	9.286008	1.068066	-2.383251	0.062328	-0.017383	0.045706	0.052415	0.226155	0.972680	0.737151	-0.665855	0.115093	0.673692	0.710979	-0.201611
20325	9.372335	1.030163	-2.270951	0.103776	-0.003839	0.043737	0.052727	0.225910	0.972720	0.737812	-0.665224	0.114501	0.672943	0.711648	-0.201754
20326	9.384222	1.248190	-2.249397	0.143470	0.010456	0.045081	0.052974	0.225575	0.972785	0.738743	-0.664308	0.113814	0.671902	0.712609	-0.201833
20327	9.256989	1.360981	-2.224678	0.135390	0.011283	0.053745	0.053259	0.225156	0.972866	0.739610	-0.663472	0.113062	0.670925	0.713520	-0.201864
20328	9.195466	1.233086	-2.159037	0.115667	0.012060	0.061488	0.053618	0.224702	0.972951	0.740342	-0.662789	0.112271	0.670089	0.714297	-0.201894
20329	9.209685	1.050711	-2.227351	0.120258	0.015314	0.060492	0.053927	0.224211	0.973048	0.741101	-0.662073	0.111483	0.669224	0.715115	-0.201866
20330	9.338021	1.059051	-2.255263	0.146344	0.024730	0.066770	0.054242	0.223632	0.973163	0.742033	-0.661180	0.110580	0.668165	0.716121	-0.201806
20331	9.424003	1.170762	-2.242887	0.151949	0.032910	0.071460	0.054516	0.222943	0.973306	0.742995	-0.660259	0.109621	0.667073	0.717185	-0.201640
20332	9.556816	1.245619	-2.295572	0.148947	0.038895	0.077913	0.054822	0.222190	0.973461	0.743933	-0.659370	0.108604	0.666001	0.718236	-0.201443
20333	9.477503	1.319341	-2.334908	0.139095	0.035342	0.087812	0.055204	0.221376	0.973625	0.744797	-0.658573	0.107512	0.665004	0.719218	-0.201236
20334	9.462565	1.359034	-2.337372	0.100312	0.040607	0.105563	0.055706	0.220430	0.973811	0.745395	-0.658089	0.106325	0.664292	0.719951	-0.200967
20335	9.358296	1.395360	-2.428732	0.067871	0.043136	0.116917	0.056254	0.219369	0.974019	0.745766	-0.657866	0.105093	0.663828	0.720479	-0.200606
20336	9.335406	1.484531	-2.482503	0.024008	0.044665	0.129767	0.056910	0.218235	0.974235	0.745842	-0.657982	0.103824	0.663687	0.720717	-0.200215
20337	9.371719	1.313807	-2.566651	-0.016532	0.045587	0.133520	0.057566	0.217046	0.974462	0.745642	-0.658400	0.102600	0.663855	0.720694	-0.199741
20338	9.290251	1.456700	-2.581418	-0.016473	0.053363	0.136598	0.058217	0.215805	0.974699	0.745442	-0.658821	0.101344	0.664023	0.720682	-0.199225
20339	9.242518	1.378646	-2.483920	-0.076853	0.040950	0.149980	0.059026	0.214540	0.974930	0.744830	-0.659706	0.100078	0.664638	0.720250	-0.198736
20340	9.287526	1.198397	-2.317588	-0.083129	0.043604	0.156308	0.059885	0.213240	0.975163	0.744173	-0.660645	0.098764	0.665297	0.719776	-0.198250
20341	9.070541	1.761605	-2.145326	-0.074947	0.051610	0.174047	0.060799	0.211736	0.975434	0.743556	-0.661563	0.097258	0.665904	0.719376	-0.197660
20342	8.764468	2.107056	-1.758456	-0.201076	0.014959	0.197285	0.062149	0.210368	0.975645	0.742084	-0.663429	0.095777	0.667419	0.718058	-0.197342
20343	8.871325	1.766347	-1.651916	-0.291305	-0.014774	0.219365	0.063836	0.209035	0.975822	0.739985	-0.665986	0.094255	0.669587	0.716077	-0.197197
20344	9.166498	0.702944	-1.274684	-0.328253	-0.049978	0.217781	0.065763	0.207987	0.975918	0.737632	-0.668792	0.092826	0.671993	0.713764	-0.197399
20345	9.873562	-0.826973	-1.317054	-0.167557	-0.020937	0.181341	0.067204	0.206941	0.976043	0.736370	-0.670372	0.091431	0.673233	0.712584	-0.197437
20346	10.001473	-0.275799	-1.307881	0.098822	0.023154	0.163532	0.068235	0.205725	0.976228	0.736914	-0.670011	0.089686	0.672534	0.713276	-0.197320
20347	9.941234	0.537002	-1.286587	0.159608	0.021306	0.157961	0.069220	0.204534	0.976409	0.737865	-0.669204	0.087873	0.671390	0.714375	-0.197241
20348	9.706710	0.849604	-1.409843	0.130457	0.008843	0.161933	0.070338	0.203431	0.976560	0.738617	-0.668607	0.086080	0.670445	0.715249	-0.197286
20349	9.607095	0.695369	-1.449163	0.087066	-0.005986	0.166067	0.071569	0.202382	0.976688	0.739070	-0.668330	0.084330	0.669816	0.715805	-0.197406
20350	9.742328	0.102029	-1.584293	0.125263	-0.013492	0.149593	0.072746	0.201521	0.976779	0.739790	-0.667740	0.082666	0.668894	0.716598	-0.197659
20351	9.986569	0.178202	-1.768962	0.228556	-0.004647	0.126991	0.073681	0.200726	0.976873	0.741211	-0.666365	0.081018	0.667216	0.718099	-0.197879
20352	10.067287	0.470418	-1.790940	0.243402	-0.003199	0.109296	0.074495	0.200062	0.976947	0.742741	-0.664841	0.079511	0.665422	0.719695	-0.198122
20353	10.013733	0.494968	-1.679917	0.217183	-0.018997	0.107909	0.075387	0.199501	0.976993	0.744090	-0.663502	0.078070	0.663812	0.721086	-0.198466
20354	9.783889	0.609316	-1.653522	0.181664	-0.027056	0.111272	0.076378	0.198996	0.977019	0.745200	-0.662420	0.076664	0.662453	0.722219	-0.198886
20355	9.595366	0.812159	-1.550400	0.166831	-0.040581	0.116583	0.077479	0.198536	0.977026	0.746201	-0.661455	0.075237	0.661196	0.723229	-0.199397
20356	9.435299	1.112743	-1.597346	0.189263	-0.056389	0.119084	0.078723	0.198195	0.976996	0.747347	-0.660330	0.073737	0.659754	0.724350	-0.200103
20357	9.425059	1.045396	-1.654692	0.180365	-0.076899	0.113605	0.080042	0.198021	0.976924	0.748433	-0.659257	0.072309	0.658363	0.725374	-0.200974
20358	9.619067	0.624758	-1.736243	0.226588	-0.082500	0.102159	0.081330	0.197984	0.976825	0.749829	-0.657822	0.070898	0.656614	0.726686	-0.201955
20359	9.687867	0.551611	-1.855050	0.283164	-0.083546	0.099306	0.082586	0.197958	0.976725	0.751592	-0.655968	0.069398	0.654438	0.728367	-0.202958
20360	9.729545	0.415999	-1.826295	0.287221	-0.081514	0.096964	0.083829	0.197953	0.976620	0.753377	-0.654073	0.067909	0.652224	0.730070	-0.203963
20361	9.765306	0.272158	-1.970631	0.307635	-0.076635	0.094462	0.085003	0.197915	0.976527	0.755288	-0.652021	0.066402	0.649858	0.731914	-0.204906
20362	9.597504	0.377418	-2.112717	0.304643	-0.071153	0.090206	0.086127	0.197883	0.976434	0.757176	-0.649975	0.064936	0.647508	0.733740	-0.205813
20363	9.549532	0.496486	-2.235865	0.304847	-0.070287	0.082971	0.087173	0.197879	0.976342	0.759062	-0.647910	0.063541	0.645155	0.735566	-0.206683
20364	9.537365	0.637592	-2.256050	0.290968	-0.072592	0.078456	0.088218	0.197941	0.976236	0.760857	-0.645931	0.062213	0.642896	0.737287	-0.207587
20365	9.594288	0.754990	-2.066248	0.255668	-0.086250	0.077905	0.089327	0.198092	0.976105	0.762417	-0.644208	0.060965	0.640891	0.738753	-0.208574
20366	9.754844	0.531362	-2.035233	0.219357	-0.092912	0.068755	0.090427	0.198371	0.975947	0.763748	-0.642731	0.059876	0.639149	0.739963	-0.209626
20367	9.681583	0.628770	-2.015719	0.209961	-0.099705	0.075447	0.091603	0.198643	0.975782	0.765008	-0.641336	0.058742	0.637473	0.741100	-0.210712
20368	9.550165	0.749091	-1.958899	0.153994	-0.117119	0.075160	0.092904	0.199063	0.975573	0.765909	-0.640352	0.057724	0.636201	0.741838	-0.211956
20369	9.406658	0.770877	-1.848309	0.098285	-0.136779	0.084439	0.094384	0.199555	0.975330	0.766443	-0.639801	0.056735	0.635339	0.742181	-0.213334
20370	9.375424	0.750100	-1.791854	0.059255	-0.150840	0.089812	0.096009	0.200134	0.975053	0.766724	-0.639550	0.055774	0.634757	0.742242	-0.214850
20371	9.162467	0.916105	-1.655656	0.038900	-0.169187	0.102511	0.097832	0.200751	0.974745	0.766860	-0.639476	0.054735	0.634314	0.742138	-0.216509
20372	9.326571	0.681647	-1.555048	0.005000	-0.196504	0.109166	0.099893	0.201544	0.974372	0.766774	-0.639667	0.053702	0.634097	0.741758	-0.218437
20373	9.519248	0.502267	-1.630136	0.027377	-0.209239	0.110144	0.102027	0.202409	0.973972	0.766825	-0.639697	0.052613	0.633696	0.741498	-0.220478
20374	9.595477	0.438206	-1.609987	0.034490	-0.222355	0.116000	0.104302	0.203348	0.973535	0.766913	-0.639685	0.051449	0.633218	0.741251	-0.222671
20375	9.722013	0.232088	-1.845096	0.035981	-0.236784	0.107643	0.106589	0.204432	0.973060	0.767017	-0.639647	0.050365	0.632712	0.740985	-0.224982
20376	9.733915	-0.061009	-2.164638	0.046208	-0.226111	0.100410	0.108766	0.205496	0.972595	0.767191	-0.639520	0.049326	0.632130	0.740801	-0.227212
20377	9.529735	0.021117	-2.469761	0.090418	-0.219536	0.095365	0.110847	0.206530	0.972141	0.767646	-0.639056	0.048237	0.631215	0.740914	-0.229380
20378	9.329227	0.552111	-2.562434	0.070162	-0.223503	0.090909	0.112933	0.207635	0.971665	0.767977	-0.638733	0.047232	0.630442	0.740883	-0.231593
20379	9.413434	0.758546	-2.416281	0.010603	-0.237509	0.090849	0.115090	0.208832	0.971156	0.767930	-0.638853	0.046369	0.630109	0.740443	-0.233894
20380	9.515930	0.576492	-2.138694	-0.045204	-0.258433	0.092667	0.117407	0.210183	0.970587	0.767528	-0.639390	0.045617	0.630172	0.739597	-0.236390
20381	9.564234	0.452318	-1.825835	-0.053753	-0.272305	0.092992	0.119799	0.211618	0.969982	0.767068	-0.639993	0.044887	0.630281	0.738665	-0.238996
20382	9.608859	0.374030	-1.593680	-0.072293	-0.297270	0.100481	0.122420	0.213199	0.969309	0.766481	-0.640749	0.044128	0.630491	0.737555	-0.241854
20383	9.436100	0.320050	-1.418747	-0.065023	-0.322548	0.104574	0.125218	0.214924	0.968570	0.765932	-0.641461	0.043318	0.630610	0.736434	-0.244939
20384	9.431326	0.417924	-1.409466	-0.063895	-0.349918	0.108443	0.128231	0.216831	0.967751	0.765382	-0.642174	0.042467	0.630672	0.735253	-0.248305
20385	9.526589	0.448452	-1.533559	-0.059576	-0.382204	0.109218	0.131439	0.218955	0.966841	0.764854	-0.642858	0.041604	0.630652	0.734025	-0.251966
20386	9.901538	0.282721	-1.761636	-0.067050	-0.419184	0.102726	0.134842	0.221395	0.965817	0.764286	-0.643584	0.040824	0.630623	0.732655	-0.255992
20387	9.987465	0.517569	-2.205660	-0.072887	-0.417711	0.091606	0.138139	0.223881	0.964777	0.763691	-0.644331	0.040173	0.630629	0.731242	-0.259983
20388	9.822805	0.417458	-1.987272	-0.185560	-0.458818	0.090331	0.141697	0.226674	0.963608	0.762385	-0.645897	0.039830	0.631420	0.728997	-0.264334
20389	9.753057	0.171009	-1.578406	-0.277039	-0.497002	0.081591	0.145422	0.229780	0.962317	0.760507	-0.648107	0.039828	0.632836	0.726057	-0.268998
20390	9.780226	-0.319538	-1.368782	-0.293183	-0.538519	0.073374	0.149364	0.233229	0.960882	0.758533	-0.650409	0.039961	0.634286	0.722892	-0.274059
20391	9.794311	-0.026786	-1.121946	-0.235443	-0.554116	0.049962	0.153222	0.236920	0.959371	0.756953	-0.652233	0.040177	0.635252	0.720043	-0.279274
20392	9.731071	0.325680	-1.108838	-0.218795	-0.602596	0.038308	0.157313	0.241022	0.957685	0.755494	-0.653904	0.040468	0.635988	0.717160	-0.284958
20393	9.754241	0.475571	-1.225311	-0.231532	-0.647297	0.032322	0.161639	0.245461	0.955836	0.753961	-0.655647	0.040871	0.636723	0.714056	-0.291046
20394	9.693967	0.609716	-1.424917	-0.238113	-0.707891	0.022389	0.166286	0.250376	0.953762	0.752399	-0.657406	0.041399	0.637374	0.710725	-0.297700
20395	9.764733	0.595918	-1.684427	-0.286737	-0.762058	0.024789	0.171296	0.255632	0.951478	0.750519	-0.659508	0.042072	0.638262	0.706896	-0.304828
20396	9.818276	0.193816	-1.806304	-0.323103	-0.812039	0.029372	0.176669	0.261179	0.948986	0.748396	-0.661867	0.042832	0.639290	0.702650	-0.312397
20397	10.020736	0.209253	-1.730455	-0.313485	-0.849013	0.029394	0.182284	0.266950	0.946314	0.746330	-0.664147	0.043591	0.640128	0.698317	-0.320296
20398	10.452410	0.665235	-1.553290	-0.337399	-0.901514	0.043092	0.188344	0.272953	0.943410	0.744081	-0.666618	0.044320	0.640992	0.693626	-0.328653
20399	10.855805	1.341681	-1.079282	-0.377739	-0.947122	0.056142	0.194800	0.279142	0.940283	0.741542	-0.669389	0.045095	0.642003	0.688475	-0.337393
20400	10.696161	2.662045	-0.385024	-0.394519	-1.030116	0.060777	0.201829	0.285810	0.936791	0.738880	-0.672271	0.045917	0.642901	0.682909	-0.346863
20401	10.406379	2.338800	0.276770	-0.488304	-1.153460	0.077143	0.209784	0.293149	0.932767	0.735571	-0.675818	0.046961	0.644147	0.676265	-0.357408
20402	10.334626	1.912080	0.493777	-0.346421	-1.240603	0.095740	0.218431	0.300863	0.928315	0.733127	-0.678439	0.047376	0.644059	0.670225	-0.368764
20403	10.565143	1.929474	0.093360	-0.151887	-1.314155	0.121496	0.227737	0.308833	0.923449	0.731873	-0.679828	0.046866	0.642260	0.665174	-0.380849
20404	10.773139	2.451244	-0.730050	0.031086	-1.381029	0.154893	0.237663	0.316944	0.918185	0.731704	-0.680111	0.045370	0.638847	0.661057	-0.393546
20405	10.999785	3.227541	-1.481958	0.121742	-1.453156	0.195638	0.248310	0.325212	0.912458	0.731998	-0.679939	0.043138	0.634445	0.657206	-0.406891
20406	11.329578	3.738782	-1.980752	0.136489	-1.519155	0.237460	0.259589	0.333556	0.906286	0.732251	-0.679831	0.040470	0.629620	0.653123	-0.420723
20407	11.208057	3.909050	-2.038669	0.141804	-1.585238	0.267447	0.271451	0.342077	0.899610	0.732426	-0.679814	0.037495	0.624393	0.648719	-0.435082
20408	10.739116	3.730834	-1.836277	0.113153	-1.653416	0.291521	0.283796	0.350786	0.892417	0.732314	-0.680095	0.034446	0.619012	0.643754	-0.449894
20409	9.910402	3.043531	-1.616936	0.110490	-1.730897	0.304532	0.296655	0.359831	0.884600	0.732108	-0.680470	0.031281	0.613200	0.638343	-0.465300
20410	9.376891	2.320431	-1.411039	0.120754	-1.820861	0.321702	0.310041	0.369218	0.876101	0.731864	-0.680878	0.027947	0.606836	0.632522	-0.481317
20411	9.231183	1.897636	-0.889535	0.176814	-1.904687	0.334577	0.323943	0.378951	0.866866	0.731868	-0.681016	0.024212	0.599525	0.626588	-0.497952
20412	9.338207	1.690191	-0.565476	0.235434	-1.980879	0.357472	0.338272	0.388874	0.856942	0.732082	-0.680922	0.020012	0.591293	0.620582	-0.515025
20413	9.818500	1.701901	-0.428051	0.310583	-2.046524	0.400628	0.353177	0.398807	0.846298	0.732519	-0.680581	0.015020	0.581964	0.614624	-0.532499
20414	10.334010	2.093649	-0.464123	0.365671	-2.085916	0.462127	0.368509	0.408422	0.835100	0.732960	-0.680210	0.009233	0.571814	0.608692	-0.550020
20415	10.795793	2.068397	-0.696817	0.365421	-2.125754	0.538208	0.384461	0.417654	0.823258	0.733005	-0.680218	0.002774	0.561154	0.602386	-0.567660
20416	11.444416	1.971444	-1.023708	0.375172	-2.158377	0.617345	0.400883	0.426382	0.810858	0.732666	-0.680575	-0.004352	0.549994	0.595833	-0.585227
20417	11.638826	1.502690	-1.543511	0.399425	-2.165627	0.702656	0.417778	0.434451	0.797944	0.731966	-0.681229	-0.012330	0.538226	0.589219	-0.602606
20418	11.759504	0.742629	-2.496977	0.422328	-2.149416	0.789498	0.434891	0.441656	0.784736	0.730852	-0.682211	-0.021075	0.526047	0.582690	-0.619472
20419	11.555034	-0.021132	-3.817711	0.449932	-2.085820	0.836349	0.451805	0.448056	0.771439	0.729488	-0.683320	-0.030360	0.513536	0.576472	-0.635579
20420	10.866977	-0.506717	-4.596383	0.470650	-1.993874	0.894748	0.468337	0.453362	0.758369	0.727766	-0.684649	-0.040146	0.501016	0.570717	-0.650588
20421	10.421285	-0.971286	-5.671025	0.403178	-1.893944	0.915883	0.484334	0.457858	0.745511	0.725407	-0.686528	-0.049639	0.489087	0.564841	-0.664642
20422	9.938073	-1.919329	-6.841168	0.315669	-1.724478	0.906851	0.499139	0.461299	0.733528	0.722486	-0.688917	-0.058381	0.478409	0.559104	-0.677147
20423	8.916174	-2.802977	-7.741228	0.372820	-1.471997	0.868040	0.512333	0.463531	0.722948	0.719869	-0.690849	-0.067201	0.468298	0.554857	-0.687627
20424	8.220027	-3.332661	-9.116293	0.415678	-1.117885	0.779478	0.523024	0.464316	0.714742	0.717777	-0.692156	-0.075601	0.459610	0.552567	-0.695290
20425	7.240764	-2.497112	-9.790501	0.404976	-0.733716	0.663471	0.531095	0.463795	0.709107	0.716138	-0.692994	-0.083105	0.452863	0.551955	-0.700186
20426	6.480898	-0.929294	-10.135754	0.077907	-0.493906	0.527820	0.537004	0.462839	0.705270	0.713687	-0.695002	-0.087313	0.449752	0.550229	-0.703541
20427	7.508206	0.223709	-9.296209	-0.542429	-0.346623	0.371399	0.541176	0.462169	0.702516	0.709250	-0.699684	-0.086058	0.451766	0.544832	-0.706446
20428	7.108208	-0.324463	-8.271021	-1.076890	0.010860	0.186256	0.542351	0.460791	0.702515	0.703351	-0.706363	-0.079682	0.459514	0.537330	-0.707194
20429	6.624823	-1.833254	-6.747262	-1.314007	0.318697	0.073854	0.541353	0.458589	0.704722	0.696851	-0.713706	-0.070872	0.470463	0.529453	-0.705935
20430	6.387901	-2.678258	-5.868048	-1.109680	0.754051	-0.026106	0.537490	0.454791	0.710119	0.691719	-0.719430	-0.062810	0.482316	0.524963	-0.701274
20431	6.261786	-2.263806	-6.158501	-0.838857	1.134274	-0.104600	0.531198	0.449619	0.718103	0.688192	-0.723351	-0.056167	0.494187	0.524028	-0.693667
20432	6.315259	-1.420577	-6.671046	-0.738999	1.444581	-0.198353	0.522516	0.443468	0.728227	0.685550	-0.726336	-0.049578	0.506951	0.525141	-0.683541
20433	6.076248	-0.635802	-6.891470	-0.771920	1.689126	-0.285917	0.511844	0.436686	0.739811	0.683069	-0.729133	-0.042204	0.520991	0.526944	-0.671489
20434	6.002583	-0.551183	-6.868394	-0.855236	1.885215	-0.343052	0.499450	0.429228	0.752538	0.680291	-0.732158	-0.033897	0.536427	0.528875	-0.657676
20435	6.232035	-1.038021	-6.999334	-0.851798	2.092243	-0.396216	0.485334	0.421065	0.766261	0.677611	-0.734985	-0.025306	0.552535	0.531508	-0.642031
20436	6.306923	-1.549702	-7.263562	-0.733037	2.320642	-0.472937	0.469035	0.412149	0.781114	0.675764	-0.736923	-0.016944	0.568637	0.535796	-0.624159
20437	6.253283	-1.579947	-7.354772	-0.557823	2.541096	-0.556556	0.450596	0.402581	0.796801	0.675113	-0.737659	-0.009080	0.584112	0.542022	-0.604174
20438	6.097225	-1.142307	-7.365967	-0.459496	2.719565	-0.631676	0.430152	0.392386	0.813020	0.675178	-0.737653	-0.001211	0.599252	0.549455	-0.582234
20439	5.952918	-0.931186	-7.182519	-0.480775	2.847663	-0.697763	0.408125	0.381803	0.829253	0.675188	-0.737610	0.007309	0.614456	0.556919	-0.558825
20440	5.985157	-1.507116	-7.043422	-0.505096	2.956147	-0.771347	0.384442	0.370906	0.845359	0.675102	-0.737538	0.016585	0.629636	0.564328	-0.533940
20441	6.128096	-2.424043	-7.034922	-0.364580	3.089873	-0.859082	0.358932	0.359690	0.861273	0.675973	-0.736472	0.025861	0.643605	0.572915	-0.507485
20442	6.219074	-2.558762	-6.876375	-0.128426	3.256107	-0.951849	0.331249	0.347847	0.877084	0.678420	-0.733849	0.034821	0.655759	0.583497	-0.479074
20443	6.326514	-2.420931	-6.892774	0.051678	3.396483	-1.054252	0.301591	0.335563	0.892435	0.682095	-0.729942	0.043956	0.666176	0.595468	-0.449030
20444	6.759896	-2.483424	-7.151155	0.205576	3.513119	-1.140558	0.270151	0.322696	0.907130	0.686727	-0.724953	0.053376	0.674851	0.608531	-0.417451
20445	7.330549	-2.282475	-7.153746	0.362089	3.603223	-1.200616	0.237398	0.309205	0.920888	0.692224	-0.718933	0.062945	0.681519	0.622517	-0.384713
20446	7.636446	-1.617835	-6.735425	0.478639	3.694873	-1.289406	0.203091	0.295144	0.933619	0.698328	-0.712027	0.073184	0.686361	0.637109	-0.350714
20447	7.715513	-1.022743	-6.263286	0.516505	3.710277	-1.383789	0.167819	0.281061	0.944903	0.704440	-0.704715	0.084506	0.689639	0.651445	-0.316255
20448	8.132119	-0.538962	-5.805882	0.542215	3.664781	-1.425702	0.132364	0.266911	0.954588	0.710312	-0.697246	0.096464	0.691330	0.665286	-0.281881
20449	8.199760	0.306626	-5.290008	0.592413	3.587918	-1.430564	0.097319	0.252739	0.962628	0.716038	-0.689553	0.108654	0.691244	0.678704	-0.248077
20450	8.359288	1.087083	-4.850402	0.457588	3.447177	-1.413103	0.063291	0.238826	0.968998	0.720320	-0.682957	0.121278	0.690748	0.690313	-0.215256
20451	8.730598	1.104996	-4.779786	0.240123	3.300790	-1.379498	0.030501	0.225293	0.973813	0.722611	-0.678094	0.134245	0.690582	0.699594	-0.183482
20452	9.447639	1.713965	-4.651707	-0.007621	3.152477	-1.279219	-0.000577	0.211777	0.977318	0.722732	-0.675364	0.146773	0.691128	0.706424	-0.152669
20453	9.838026	2.297288	-4.540101	-0.400444	2.950569	-1.136923	-0.029244	0.198584	0.979647	0.719773	-0.675875	0.158493	0.693594	0.709758	-0.123170
20454	9.447372	2.860676	-2.927947	-0.857151	2.672797	-0.925174	-0.054529	0.185891	0.981056	0.713398	-0.680191	0.168535	0.698635	0.709073	-0.095525
20455	8.942645	2.181752	-1.930697	-1.199304	2.311848	-0.728567	-0.075963	0.174546	0.981714	0.704482	-0.687368	0.176724	0.705645	0.705024	-0.070750
20456	8.466961	1.044583	-1.412968	-1.173474	1.967746	-0.541388	-0.093750	0.164461	0.981918	0.695681	-0.694709	0.182778	0.712207	0.700237	-0.049283
20457	7.983545	1.696989	-1.096413	-1.010457	1.624651	-0.317457	-0.107597	0.155357	0.981981	0.688116	-0.701265	0.186344	0.717579	0.695767	-0.031450
20458	7.273858	1.540832	-0.710429	-0.971121	1.224951	-0.097445	-0.117131	0.147554	0.982094	0.680989	-0.707864	0.187571	0.722866	0.690765	-0.017570
20459	6.784402	0.290898	-1.106796	-0.667680	0.857192	0.066567	-0.122925	0.141196	0.982320	0.676208	-0.712571	0.187042	0.726383	0.687245	-0.007885
20460	6.349901	0.127136	-1.834346	-0.187375	0.510100	0.199248	-0.125328	0.136274	0.982712	0.675070	-0.714149	0.185126	0.727030	0.686601	-0.002491
20461	5.955552	0.749983	-2.248743	0.204431	0.164242	0.315967	-0.124420	0.132911	0.983288	0.676927	-0.713180	0.182055	0.725458	0.688265	-0.001237
20462	6.690653	0.652633	-2.376167	0.440122	-0.157760	0.411162	-0.120525	0.131077	0.984019	0.680595	-0.710701	0.178030	0.722678	0.691175	-0.003553
20463	6.611916	-1.086461	-2.857530	0.767959	-0.430057	0.435025	-0.114488	0.130999	0.984750	0.686616	-0.705956	0.173739	0.717949	0.696036	-0.009122
20464	6.445663	-2.207478	-3.826393	1.380333	-0.645607	0.404622	-0.107115	0.132689	0.985353	0.696893	-0.696834	0.169595	0.709131	0.704852	-0.017829
20465	7.964133	-0.243054	-4.680863	1.848682	-0.715023	0.328013	-0.099816	0.135527	0.985733	0.710208	-0.684146	0.165978	0.696879	0.716643	-0.027963
20466	9.066169	1.827715	-4.861430	1.877832	-0.626517	0.212457	-0.093992	0.138622	0.985875	0.723363	-0.670881	0.163295	0.684041	0.728494	-0.037217
20467	9.404537	2.830692	-5.152322	1.651297	-0.462142	0.075148	-0.090346	0.141531	0.985802	0.734612	-0.658883	0.161921	0.672445	0.738811	-0.044443
20468	10.581166	4.121017	-4.612159	1.503657	-0.179433	-0.119756	-0.090055	0.143662	0.985521	0.744517	-0.647543	0.162427	0.661502	0.748364	-0.048645
20469	11.580534	5.547819	-2.575437	1.221299	-0.010259	-0.228407	-0.091734	0.145225	0.985137	0.752313	-0.638038	0.164111	0.652388	0.756186	-0.050725
20470	12.652997	6.352243	-2.837316	1.226052	-0.143056	-0.019162	-0.090973	0.146456	0.985025	0.760222	-0.628704	0.163688	0.643262	0.763729	-0.054144
20471	13.642520	7.941004	-2.098670	0.807749	-0.461173	0.174619	-0.086725	0.148912	0.985040	0.765531	-0.622787	0.161548	0.637527	0.768089	-0.059986
20472	13.044237	2.185299	-1.249310	0.630443	-0.602467	0.265671	-0.080884	0.151930	0.985076	0.769743	-0.618345	0.158571	0.633209	0.771081	-0.066933
20473	11.450120	1.460962	-1.087769	1.035390	-0.554644	0.335689	-0.074835	0.154175	0.985205	0.776503	-0.610859	0.154576	0.625654	0.776583	-0.074003
20474	9.216031	3.228757	-1.678539	1.429931	-0.511002	0.343107	-0.069012	0.156115	0.985325	0.785603	-0.600241	0.150126	0.614870	0.784435	-0.081221
20475	8.706397	4.244268	-1.821420	1.009077	-0.623343	0.367092	-0.062345	0.158846	0.985333	0.791994	-0.592891	0.145692	0.607338	0.789461	-0.088841
20476	9.723260	0.656938	-3.241397	0.653816	-0.611613	0.380083	-0.055656	0.161472	0.985307	0.796157	-0.588339	0.141389	0.602524	0.792328	-0.095812
20477	9.822099	-1.241201	-5.212525	0.543411	-0.479783	0.378161	-0.049796	0.163076	0.985356	0.799603	-0.584653	0.137169	0.598460	0.794725	-0.101282
20478	9.739856	-1.056529	-6.186222	0.437688	-0.337347	0.378658	-0.044773	0.163588	0.985512	0.802380	-0.581799	0.133027	0.595131	0.796712	-0.105211
20479	9.954882	0.029761	-6.024257	0.223170	-0.241361	0.384638	-0.040288	0.163291	0.985755	0.803854	-0.580661	0.129040	0.593460	0.797602	-0.107868
20480	9.993971	0.019164	-5.395656	-0.006861	-0.178750	0.343494	-0.036480	0.162762	0.985991	0.803933	-0.581285	0.125699	0.593600	0.797256	-0.109644
20481	9.854514	1.035372	-4.935126	0.079334	-0.045832	0.300012	-0.033834	0.161398	0.986309	0.804493	-0.581151	0.122696	0.592997	0.797630	-0.110181
20482	9.256336	3.623332	-3.311625	-0.048505	-0.007715	0.316676	-0.031250	0.159664	0.986677	0.804297	-0.582055	0.119662	0.593406	0.797320	-0.110229
20483	9.477547	3.076655	-1.831153	-0.340054	-0.064641	0.316948	-0.028357	0.158344	0.986977	0.802353	-0.585279	0.116951	0.596176	0.795220	-0.110451
20484	9.754187	0.851557	-0.951855	-0.324473	-0.083025	0.281214	-0.025618	0.157405	0.987202	0.800478	-0.588309	0.114576	0.598815	0.793168	-0.110928
20485	9.746520	0.206232	-0.043502	-0.082806	-0.045721	0.280885	-0.023135	0.156128	0.987466	0.800035	-0.589419	0.111937	0.599507	0.792597	-0.111272
20486	9.592910	0.598845	0.852726	-0.025319	-0.066387	0.302513	-0.020327	0.154920	0.987718	0.799936	-0.590099	0.109018	0.599740	0.792328	-0.111931
20487	9.806790	0.440029	1.071040	-0.056544	-0.112750	0.313706	-0.017180	0.153975	0.987925	0.799641	-0.591044	0.106024	0.600233	0.791807	-0.112971
20488	9.879694	0.206569	0.822482	-0.006107	-0.131082	0.314007	-0.013895	0.153202	0.988097	0.799641	-0.591585	0.102968	0.600318	0.791553	-0.114287
20489	9.569135	1.143325	0.605880	0.098262	-0.149163	0.328360	-0.010411	0.152456	0.988255	0.800255	-0.591321	0.099653	0.599569	0.791894	-0.115847
20490	9.610542	1.673190	0.197954	-0.002426	-0.211623	0.332725	-0.006494	0.152205	0.988328	0.800256	-0.591858	0.096406	0.599623	0.791542	-0.117960
20491	9.975488	0.601515	-0.490423	0.002271	-0.251143	0.311455	-0.002534	0.152364	0.988321	0.800270	-0.592327	0.093368	0.599635	0.791160	-0.120431
20492	9.953871	0.223729	-1.088368	0.111121	-0.245770	0.288843	0.001235	0.152639	0.988281	0.800925	-0.591899	0.090417	0.598764	0.791427	-0.122983
20493	9.941867	0.106645	-1.689147	0.137578	-0.244600	0.268696	0.004813	0.153001	0.988214	0.801725	-0.591233	0.087633	0.597673	0.791855	-0.125510
20494	9.859390	0.083607	-1.962750	0.107512	-0.234746	0.258325	0.008272	0.153373	0.988134	0.802339	-0.590788	0.084982	0.596812	0.792115	-0.127944
20495	9.704737	0.072862	-2.026101	0.043789	-0.230378	0.241787	0.011548	0.153784	0.988037	0.802562	-0.590826	0.082579	0.596457	0.792007	-0.130244
20496	9.822947	-0.089961	-2.175962	-0.021489	-0.213310	0.211997	0.014509	0.154260	0.987924	0.802395	-0.591333	0.080550	0.596617	0.791536	-0.132357
20497	9.642584	-0.210176	-2.200842	-0.004739	-0.182199	0.187525	0.017062	0.154608	0.987829	0.802323	-0.591673	0.078746	0.596646	0.791214	-0.134140
20498	9.596030	-0.118586	-2.190676	0.058027	-0.144060	0.156124	0.019163	0.154864	0.987750	0.802630	-0.591466	0.077161	0.596170	0.791319	-0.135633
20499	9.766677	0.159263	-2.046857	0.144427	-0.112166	0.125301	0.020799	0.155026	0.987691	0.803451	-0.590530	0.075769	0.595007	0.791986	-0.136839
20500	9.747962	0.685158	-1.779335	0.215752	-0.092762	0.108496	0.022214	0.155161	0.987639	0.804699	-0.588999	0.074435	0.593268	0.793099	-0.137942
20501	9.515587	1.377494	-1.360621	0.217689	-0.095975	0.114788	0.023668	0.155263	0.987590	0.805949	-0.587462	0.073042	0.591512	0.794218	-0.139038
20502	9.552119	1.593601	-0.940520	0.114290	-0.130071	0.137340	0.025535	0.155530	0.987501	0.806579	-0.586778	0.071560	0.590574	0.794671	-0.140430
20503	9.631773	1.317114	-0.545134	-0.001394	-0.169558	0.164226	0.027822	0.155928	0.987377	0.806514	-0.587058	0.069983	0.590560	0.794386	-0.142091
20504	9.699298	1.072091	-0.692163	-0.009886	-0.198616	0.180821	0.030442	0.156484	0.987211	0.806392	-0.587430	0.068248	0.590597	0.794002	-0.144069
20505	9.480840	1.680403	-0.902798	0.015964	-0.205993	0.201437	0.033244	0.156950	0.987047	0.806409	-0.587632	0.066279	0.590423	0.793760	-0.146101
20506	9.150554	2.098907	-0.861094	-0.062134	-0.247562	0.226198	0.036516	0.157624	0.986824	0.805952	-0.588492	0.064176	0.590853	0.792990	-0.148526
20507	9.278415	1.535568	-0.601891	-0.159756	-0.306849	0.247747	0.040288	0.158610	0.986519	0.804900	-0.590162	0.062014	0.592042	0.791550	-0.151441
20508	9.451132	0.974215	-0.162445	-0.132800	-0.349063	0.268518	0.044499	0.159824	0.986142	0.803988	-0.591651	0.059609	0.592979	0.790194	-0.154824
20509	9.523135	0.648769	0.340396	-0.085722	-0.391440	0.287299	0.049092	0.161228	0.985695	0.803332	-0.592801	0.056954	0.593504	0.789045	-0.158622
20510	10.037594	0.405183	0.291900	-0.030023	-0.428673	0.289615	0.053943	0.162928	0.985162	0.802994	-0.593519	0.054189	0.593541	0.788156	-0.162847
20511	10.110906	0.307147	-0.657778	0.058248	-0.410851	0.298781	0.058742	0.164408	0.984642	0.803159	-0.593561	0.051193	0.592862	0.787817	-0.166912
20512	9.871269	-0.208782	-1.713994	0.019103	-0.433687	0.288414	0.063608	0.166145	0.984048	0.803085	-0.593899	0.048363	0.592460	0.787197	-0.171205
20513	10.105633	-0.452674	-2.783553	-0.045481	-0.431129	0.281643	0.068385	0.167878	0.983433	0.802618	-0.594739	0.045714	0.592561	0.786195	-0.175414
20514	10.197895	-0.851099	-3.657218	-0.129481	-0.404318	0.234866	0.072648	0.169690	0.982816	0.801674	-0.596164	0.043674	0.593331	0.784725	-0.179346
20515	9.934209	-0.450641	-3.803322	-0.104452	-0.351966	0.203812	0.076332	0.171249	0.982266	0.800891	-0.597342	0.041904	0.593925	0.783489	-0.182748
20516	9.822983	-0.441066	-3.158372	-0.219650	-0.353692	0.178270	0.079846	0.172987	0.981682	0.799435	-0.599379	0.040596	0.595422	0.781550	-0.186150
20517	9.770531	-0.511316	-2.165812	-0.239410	-0.347708	0.161954	0.083175	0.174744	0.981095	0.797865	-0.601541	0.039500	0.597071	0.779495	-0.189455
20518	9.729184	0.172983	-0.673429	-0.242446	-0.360576	0.161495	0.086605	0.176614	0.980463	0.796268	-0.603723	0.038416	0.598712	0.777384	-0.192917
20519	9.400237	0.595334	0.873693	-0.268721	-0.421790	0.179411	0.090523	0.178818	0.979709	0.794487	-0.606139	0.037225	0.600496	0.774997	-0.196938
20520	9.293076	0.951772	2.037427	-0.229613	-0.506531	0.189525	0.095056	0.181620	0.978764	0.792921	-0.608268	0.035863	0.601864	0.772673	-0.201831
20521	9.369021	1.141044	2.793705	-0.192563	-0.623066	0.204437	0.100391	0.185198	0.977560	0.791551	-0.610140	0.034302	0.602801	0.770345	-0.207846
20522	9.552826	0.760704	2.603274	-0.129151	-0.735081	0.215184	0.106504	0.189566	0.976075	0.790540	-0.611547	0.032511	0.603078	0.768164	-0.214992
20523	9.652702	0.785926	1.937435	-0.059476	-0.836521	0.228054	0.113311	0.194604	0.974315	0.789921	-0.612452	0.030462	0.602649	0.766180	-0.223119
20524	9.800820	0.540173	0.905081	-0.042054	-0.922569	0.240829	0.120742	0.200210	0.972285	0.789376	-0.613259	0.028253	0.601919	0.764087	-0.232087
20525	9.849811	0.709601	0.097991	-0.014275	-0.986465	0.249295	0.128604	0.206223	0.970017	0.788970	-0.613885	0.025910	0.600822	0.761982	-0.241652
20526	9.772309	1.147234	-0.267813	-0.026983	-1.053548	0.258228	0.136933	0.212671	0.967481	0.788457	-0.614641	0.023515	0.599655	0.759597	-0.251847
20527	9.855871	1.655126	-0.678308	-0.080912	-1.131304	0.272044	0.145817	0.219591	0.964633	0.787578	-0.615852	0.021140	0.598713	0.756642	-0.262747
20528	10.094988	1.457198	-1.215558	-0.209570	-1.201024	0.289738	0.155252	0.226884	0.961468	0.785879	-0.618089	0.018956	0.598574	0.752655	-0.274263
20529	10.420629	0.773561	-1.671517	-0.250762	-1.233004	0.318268	0.165093	0.234182	0.958073	0.783861	-0.620714	0.016648	0.598587	0.748247	-0.286041
20530	10.754796	1.058505	-2.476944	-0.199402	-1.264235	0.329801	0.175201	0.241580	0.954434	0.782099	-0.622994	0.014122	0.598018	0.743987	-0.298089
20531	10.531422	1.994410	-2.835056	-0.166144	-1.295763	0.317551	0.185387	0.249229	0.950535	0.780526	-0.625014	0.011648	0.597001	0.739758	-0.310399
20532	10.227224	1.325940	-2.663149	-0.183346	-1.343870	0.299950	0.195701	0.257279	0.946313	0.778854	-0.627134	0.009432	0.595892	0.735194	-0.323114
20533	10.087139	0.904715	-2.193720	-0.009865	-1.375222	0.279619	0.206017	0.265627	0.941806	0.778228	-0.627944	0.006871	0.593227	0.731524	-0.336086
20534	10.212895	1.100125	-1.621090	0.143602	-1.424442	0.276384	0.216547	0.274308	0.936943	0.778487	-0.627649	0.003832	0.589123	0.728568	-0.349461
20535	10.675585	1.368322	-1.092331	0.225383	-1.481931	0.285900	0.227430	0.283309	0.931672	0.779169	-0.626814	0.000403	0.584099	0.725838	-0.363302
20536	11.258468	2.014282	-0.829059	0.312285	-1.526786	0.316483	0.238723	0.292406	0.926018	0.780241	-0.625468	-0.003640	0.578130	0.723387	-0.377461
