// General information: 
//  MT Manager version: 2022.2.0 
//  XDA version: 2022.2.0 build 7381 rev 124627 built on 2023-07-19
// Device information: 
//  DeviceId: 00B4CB9F
//  ProductCode: MTW2-3A7G6
//  Firmware Version: 4.6.0
//  Hardware Version: 2.0.0
// Device settings: 
//  Filter Profile: human(46.1)
//  Option Flags: Orientation Smoother Disabled, Position/Velocity Smoother Disabled, Continuous Zero Rotation Update Disabled, AHS Disabled, ICC Disabled
// Coordinate system: ENU
PacketCounter	Acc_X	Acc_Y	Acc_Z	Gyr_X	Gyr_Y	Gyr_Z	Mat[1][1]	Mat[2][1]	Mat[3][1]	Mat[1][2]	Mat[2][2]	Mat[3][2]	Mat[1][3]	Mat[2][3]	Mat[3][3]
43076	9.698559	-1.417742	-0.430455	-0.063876	-0.036442	-0.039311	-0.149382	0.041783	0.987896	-0.732319	0.666638	-0.138931	-0.664374	-0.744209	-0.068985
43077	9.697136	-1.453438	-0.406503	-0.057789	-0.035967	-0.038485	-0.149394	0.041276	0.987916	-0.731904	0.667173	-0.138555	-0.664830	-0.743758	-0.069462
43078	9.692939	-1.469387	-0.481245	-0.040812	-0.040101	-0.038692	-0.149449	0.040708	0.987931	-0.731714	0.667456	-0.138192	-0.665026	-0.743535	-0.069964
43079	9.693255	-1.465790	-0.485832	-0.020957	-0.045189	-0.032448	-0.149566	0.040174	0.987935	-0.731529	0.667720	-0.137900	-0.665204	-0.743328	-0.070480
43080	9.743546	-1.436771	-0.577391	-0.002559	-0.047516	-0.030136	-0.149732	0.039607	0.987933	-0.731580	0.667715	-0.137649	-0.665109	-0.743363	-0.071003
43081	9.757571	-1.445238	-0.639224	0.016647	-0.052337	-0.027422	-0.149936	0.039052	0.987924	-0.731645	0.667688	-0.137434	-0.664992	-0.743416	-0.071538
43082	9.790985	-1.425251	-0.701624	0.023481	-0.044464	-0.030488	-0.150079	0.038506	0.987924	-0.731871	0.667489	-0.137198	-0.664711	-0.743623	-0.071994
43083	9.726796	-1.357569	-0.702430	0.027271	-0.039500	-0.032510	-0.150159	0.038013	0.987931	-0.732014	0.667385	-0.136940	-0.664536	-0.743742	-0.072388
43084	9.713630	-1.283745	-0.733380	0.028741	-0.036157	-0.032973	-0.150228	0.037512	0.987939	-0.732278	0.667148	-0.136683	-0.664229	-0.743980	-0.072756
43085	9.696010	-1.269511	-0.763929	0.024913	-0.035802	-0.033826	-0.150274	0.037037	0.987950	-0.732409	0.667060	-0.136412	-0.664075	-0.744082	-0.073116
43086	9.677589	-1.274973	-0.780303	0.029627	-0.036343	-0.037050	-0.150315	0.036507	0.987964	-0.732685	0.666818	-0.136115	-0.663761	-0.744326	-0.073485
43087	9.694375	-1.262892	-0.812443	0.031212	-0.036011	-0.039119	-0.150323	0.035994	0.987981	-0.732865	0.666684	-0.135796	-0.663559	-0.744471	-0.073839
43088	9.696097	-1.219847	-0.843856	0.032587	-0.034984	-0.035082	-0.150369	0.035488	0.987993	-0.733158	0.666418	-0.135522	-0.663226	-0.744733	-0.074190
43089	9.659080	-1.233873	-0.873116	0.041204	-0.033567	-0.041947	-0.150340	0.034976	0.988015	-0.733404	0.666217	-0.135182	-0.662961	-0.744938	-0.074508
43090	9.642159	-1.199241	-0.917822	0.048311	-0.042368	-0.042433	-0.150381	0.034366	0.988031	-0.733811	0.665836	-0.134847	-0.662500	-0.745306	-0.074911
43091	9.644451	-1.136081	-0.964152	0.048384	-0.046159	-0.042519	-0.150430	0.033755	0.988044	-0.734109	0.665576	-0.134507	-0.662159	-0.745566	-0.075343
43092	9.697476	-1.126096	-0.956771	0.043075	-0.049160	-0.042885	-0.150512	0.033091	0.988054	-0.734482	0.665234	-0.134164	-0.661726	-0.745902	-0.075821
43093	9.692542	-1.142378	-1.031579	0.043291	-0.055196	-0.046067	-0.150595	0.032392	0.988065	-0.734739	0.665026	-0.133786	-0.661422	-0.746118	-0.076350
43094	9.663706	-1.096159	-0.978809	0.040070	-0.056641	-0.040393	-0.150743	0.031688	0.988065	-0.735089	0.664704	-0.133466	-0.661000	-0.746434	-0.076906
43095	9.678040	-1.143470	-0.970279	0.039330	-0.057938	-0.040887	-0.150882	0.031002	0.988066	-0.735312	0.664524	-0.133136	-0.660721	-0.746624	-0.077468
43096	9.729634	-1.173102	-0.935850	0.044057	-0.063807	-0.041195	-0.151071	0.030240	0.988060	-0.735688	0.664172	-0.132811	-0.660258	-0.746968	-0.078090
43097	9.713109	-1.178224	-0.912249	0.047742	-0.061149	-0.038728	-0.151247	0.029543	0.988054	-0.735968	0.663922	-0.132510	-0.659905	-0.747218	-0.078674
43098	9.734871	-1.205350	-0.791358	0.050566	-0.057531	-0.033677	-0.151450	0.028877	0.988043	-0.736376	0.663518	-0.132266	-0.659404	-0.747603	-0.079225
43099	9.733008	-1.262019	-0.753256	0.053417	-0.053143	-0.030132	-0.151635	0.028295	0.988031	-0.736684	0.663218	-0.132054	-0.659017	-0.747891	-0.079723
43100	9.731828	-1.299064	-0.728861	0.057875	-0.047653	-0.030171	-0.151798	0.027726	0.988023	-0.737134	0.662758	-0.131850	-0.658476	-0.748320	-0.080167
43101	9.719030	-1.265139	-0.689618	0.062354	-0.041395	-0.031715	-0.151894	0.027224	0.988022	-0.737496	0.662399	-0.131631	-0.658048	-0.748656	-0.080537
43102	9.666083	-1.269220	-0.704003	0.063016	-0.041644	-0.028190	-0.152030	0.026713	0.988015	-0.737977	0.661899	-0.131452	-0.657478	-0.749117	-0.080915
43103	9.645712	-1.256563	-0.776722	0.069096	-0.041141	-0.027394	-0.152156	0.026241	0.988008	-0.738376	0.661487	-0.131281	-0.657000	-0.749497	-0.081274
43104	9.642098	-1.215872	-0.892996	0.082937	-0.043586	-0.027977	-0.152306	0.025716	0.987999	-0.738987	0.660837	-0.131120	-0.656278	-0.750088	-0.081646
43105	9.690293	-1.208531	-0.969689	0.093593	-0.047456	-0.022892	-0.152506	0.025227	0.987981	-0.739538	0.660242	-0.131015	-0.655611	-0.750629	-0.082035
43106	9.727972	-1.169591	-0.961308	0.101866	-0.041549	-0.023585	-0.152675	0.024747	0.987967	-0.740264	0.659447	-0.130914	-0.654751	-0.751344	-0.082362
43107	9.710716	-1.118153	-1.020324	0.101834	-0.041563	-0.023555	-0.152830	0.024296	0.987954	-0.740870	0.658788	-0.130809	-0.654030	-0.751936	-0.082682
43108	9.716934	-1.056448	-0.982059	0.094195	-0.040127	-0.026738	-0.152965	0.023805	0.987945	-0.741549	0.658050	-0.130671	-0.653228	-0.752598	-0.083006
43109	9.665754	-1.080330	-0.939145	0.081917	-0.036615	-0.029703	-0.153041	0.023351	0.987944	-0.742032	0.657542	-0.130489	-0.652661	-0.753056	-0.083304
43110	9.670609	-1.076904	-0.857848	0.063663	-0.044239	-0.027572	-0.153196	0.022824	0.987932	-0.742513	0.657033	-0.130319	-0.652078	-0.753516	-0.083708
43111	9.688260	-1.105115	-0.819635	0.056709	-0.043790	-0.025755	-0.153348	0.022342	0.987920	-0.742821	0.656716	-0.130155	-0.651691	-0.753807	-0.084110
43112	9.725953	-1.065380	-0.812320	0.045297	-0.048842	-0.023851	-0.153560	0.021804	0.987899	-0.743176	0.656345	-0.130006	-0.651237	-0.754146	-0.084584
43113	9.743570	-1.093806	-0.774978	0.036869	-0.052502	-0.020021	-0.153811	0.021293	0.987871	-0.743347	0.656175	-0.129882	-0.650981	-0.754309	-0.085098
43114	9.811301	-1.135985	-0.754775	0.029924	-0.052050	-0.018207	-0.154085	0.020768	0.987839	-0.743593	0.655917	-0.129777	-0.650636	-0.754547	-0.085624
43115	9.788200	-1.222901	-0.756202	0.028167	-0.044797	-0.015992	-0.154315	0.020342	0.987812	-0.743702	0.655812	-0.129686	-0.650457	-0.754650	-0.086073
43116	9.787257	-1.260969	-0.730686	0.030134	-0.034093	-0.012869	-0.154512	0.019987	0.987789	-0.743940	0.655552	-0.129634	-0.650138	-0.754886	-0.086421
43117	9.787165	-1.260188	-0.733260	0.032900	-0.026640	-0.007809	-0.154685	0.019753	0.987766	-0.744063	0.655413	-0.129628	-0.649956	-0.755012	-0.086685
43118	9.786708	-1.279217	-0.720523	0.032732	-0.018303	-0.009192	-0.154806	0.019542	0.987752	-0.744313	0.655133	-0.129614	-0.649641	-0.755261	-0.086874
43119	9.736638	-1.265166	-0.704206	0.033063	-0.003367	-0.005445	-0.154846	0.019498	0.987746	-0.744436	0.654989	-0.129632	-0.649490	-0.755387	-0.086907
43120	9.690006	-1.211315	-0.673763	0.030591	0.002595	-0.003739	-0.154872	0.019480	0.987743	-0.744664	0.654723	-0.129670	-0.649223	-0.755618	-0.086892
43121	9.712587	-1.142426	-0.661242	0.018030	0.015200	-0.002034	-0.154816	0.019597	0.987749	-0.744691	0.654684	-0.129709	-0.649205	-0.755648	-0.086762
43122	9.697404	-1.111455	-0.659237	0.004188	0.016875	0.000070	-0.154778	0.019712	0.987753	-0.744741	0.654617	-0.129762	-0.649157	-0.755704	-0.086640
43123	9.679635	-1.081461	-0.699159	-0.015934	0.024852	0.003023	-0.154697	0.019937	0.987761	-0.744531	0.654843	-0.129821	-0.649417	-0.755502	-0.086458
43124	9.655124	-1.131613	-0.765065	-0.032037	0.026426	0.003701	-0.154623	0.020148	0.987768	-0.744340	0.655049	-0.129879	-0.649653	-0.755318	-0.086289
43125	9.689249	-1.153602	-0.750588	-0.044244	0.023869	0.005173	-0.154564	0.020376	0.987773	-0.743956	0.655474	-0.129933	-0.650107	-0.754943	-0.086154
43126	9.719071	-1.137907	-0.849768	-0.046509	0.023767	0.003752	-0.154508	0.020567	0.987777	-0.743671	0.655789	-0.129979	-0.650447	-0.754664	-0.086030
43127	9.750690	-1.160367	-0.877565	-0.051125	0.027356	0.000966	-0.154395	0.020796	0.987790	-0.743242	0.656274	-0.129987	-0.650964	-0.754236	-0.085869
43128	9.747923	-1.180717	-0.903201	-0.055119	0.027683	0.007713	-0.154342	0.021042	0.987793	-0.742894	0.656652	-0.130065	-0.651373	-0.753900	-0.085717
43129	9.747659	-1.200651	-0.886541	-0.052130	0.029832	0.008141	-0.154265	0.021335	0.987799	-0.742451	0.657137	-0.130142	-0.651896	-0.753469	-0.085534
43130	9.731671	-1.209437	-0.854699	-0.051525	0.034152	0.010217	-0.154189	0.021646	0.987804	-0.742122	0.657488	-0.130248	-0.652289	-0.753154	-0.085313
43131	9.734306	-1.209582	-0.809713	-0.047865	0.035314	0.015660	-0.154133	0.022028	0.987805	-0.741700	0.657933	-0.130404	-0.652781	-0.752755	-0.085071
43132	9.758494	-1.180707	-0.723709	-0.044968	0.041252	0.016157	-0.154054	0.022432	0.987808	-0.741405	0.658232	-0.130574	-0.653136	-0.752481	-0.084772
43133	9.732072	-1.158191	-0.605485	-0.044550	0.053145	0.018378	-0.153900	0.022971	0.987819	-0.740983	0.658670	-0.130760	-0.653651	-0.752081	-0.084348
43134	9.705582	-1.135938	-0.486185	-0.043304	0.063304	0.019530	-0.153702	0.023563	0.987836	-0.740693	0.658955	-0.130966	-0.654026	-0.751813	-0.083830
43135	9.637311	-1.211524	-0.376188	-0.052968	0.075756	0.026222	-0.153457	0.024319	0.987856	-0.740219	0.659436	-0.131222	-0.654619	-0.751367	-0.083194
43136	9.637718	-1.194649	-0.384005	-0.065515	0.076189	0.036862	-0.153302	0.025122	0.987860	-0.739757	0.659884	-0.131581	-0.655179	-0.750947	-0.082577
43137	9.675377	-1.160162	-0.365742	-0.078638	0.081426	0.034975	-0.153083	0.025981	0.987872	-0.739091	0.660565	-0.131904	-0.655980	-0.750319	-0.081919
43138	9.718499	-1.178498	-0.502363	-0.090923	0.078091	0.037952	-0.152921	0.026804	0.987875	-0.738459	0.661201	-0.132253	-0.656729	-0.749730	-0.081318
43139	9.748262	-1.185153	-0.582330	-0.106333	0.075626	0.042081	-0.152790	0.027665	0.987871	-0.737606	0.662079	-0.132624	-0.657718	-0.748923	-0.080753
43140	9.806272	-1.254263	-0.705887	-0.118618	0.073050	0.043560	-0.152701	0.028488	0.987862	-0.736782	0.662919	-0.133007	-0.658662	-0.748149	-0.080239
43141	9.835579	-1.280583	-0.772533	-0.123885	0.065470	0.044661	-0.152653	0.029291	0.987846	-0.735802	0.663929	-0.133391	-0.659767	-0.747221	-0.079799
43142	9.849773	-1.275603	-0.838947	-0.118492	0.066965	0.040486	-0.152580	0.030047	0.987834	-0.734981	0.664767	-0.133745	-0.660698	-0.746447	-0.079346
43143	9.798681	-1.225754	-0.888441	-0.125323	0.059822	0.042149	-0.152549	0.030788	0.987816	-0.734003	0.665775	-0.134103	-0.661792	-0.745517	-0.078965
43144	9.746389	-1.215011	-0.909887	-0.128164	0.057711	0.034159	-0.152488	0.031434	0.987805	-0.733126	0.666683	-0.134388	-0.662778	-0.744678	-0.078616
43145	9.709963	-1.214760	-0.946815	-0.133271	0.048656	0.030637	-0.152446	0.032013	0.987793	-0.732116	0.667744	-0.134628	-0.663903	-0.743702	-0.078358
43146	9.639169	-1.211525	-0.982753	-0.134599	0.044581	0.025065	-0.152404	0.032500	0.987784	-0.731207	0.668701	-0.134818	-0.664913	-0.742821	-0.078149
43147	9.533345	-1.224965	-1.003462	-0.132678	0.036632	0.016729	-0.152339	0.032895	0.987781	-0.730223	0.669754	-0.134921	-0.666009	-0.741854	-0.078009
43148	9.515583	-1.214026	-1.029382	-0.131700	0.027321	0.015471	-0.152340	0.033190	0.987771	-0.729345	0.670690	-0.135020	-0.666969	-0.740995	-0.077966
43149	9.532093	-1.265202	-0.973291	-0.125357	0.016457	0.015976	-0.152403	0.033432	0.987753	-0.728400	0.671696	-0.135121	-0.667987	-0.740072	-0.078016
43150	9.569794	-1.288298	-0.876568	-0.110002	0.011255	0.019312	-0.152539	0.033634	0.987725	-0.727659	0.672468	-0.135275	-0.668763	-0.739362	-0.078104
43151	9.643893	-1.314509	-0.738934	-0.099527	0.021026	0.020222	-0.152600	0.033941	0.987705	-0.726870	0.673288	-0.135438	-0.669607	-0.738601	-0.078073
43152	9.702858	-1.310280	-0.599397	-0.085245	0.029671	0.023481	-0.152643	0.034307	0.987686	-0.726287	0.673874	-0.135652	-0.670230	-0.738049	-0.077946
43153	9.690205	-1.321521	-0.483872	-0.080086	0.035667	0.025502	-0.152644	0.034757	0.987670	-0.725621	0.674544	-0.135883	-0.670950	-0.737416	-0.077745
43154	9.679009	-1.292801	-0.395637	-0.080902	0.045045	0.019256	-0.152552	0.035208	0.987668	-0.725073	0.675098	-0.136058	-0.671564	-0.736887	-0.077460
43155	9.709901	-1.336152	-0.408162	-0.078426	0.045221	0.013107	-0.152399	0.035643	0.987676	-0.724444	0.675751	-0.136168	-0.672276	-0.736268	-0.077162
43156	9.772539	-1.401142	-0.450621	-0.076006	0.043843	0.009948	-0.152247	0.036022	0.987686	-0.723941	0.676271	-0.136256	-0.672852	-0.735771	-0.076883
43157	9.822787	-1.415702	-0.463822	-0.062455	0.044297	0.018563	-0.152138	0.036489	0.987686	-0.723403	0.676812	-0.136433	-0.673455	-0.735251	-0.076572
43158	9.766274	-1.463419	-0.485673	-0.039890	0.056517	0.025683	-0.152014	0.037067	0.987683	-0.723119	0.677060	-0.136705	-0.673788	-0.734994	-0.076118
43159	9.633576	-1.376521	-0.488142	-0.036166	0.053817	0.031033	-0.151929	0.037689	0.987673	-0.722739	0.677402	-0.137024	-0.674216	-0.734647	-0.075677
43160	9.543907	-1.342047	-0.606464	-0.041393	0.047034	0.030517	-0.151903	0.038230	0.987656	-0.722437	0.677659	-0.137343	-0.674544	-0.734382	-0.075319
43161	9.489568	-1.289448	-0.741505	-0.064742	0.032750	0.024372	-0.151912	0.038647	0.987638	-0.721890	0.678194	-0.137575	-0.675127	-0.733866	-0.075127
43162	9.500803	-1.320830	-0.826152	-0.083798	0.005332	0.014067	-0.152049	0.038771	0.987612	-0.721327	0.678768	-0.137699	-0.675698	-0.733329	-0.075239
43163	9.617842	-1.338853	-0.889872	-0.098278	-0.020373	0.003639	-0.152268	0.038662	0.987583	-0.720574	0.679567	-0.137703	-0.676453	-0.732594	-0.075618
43164	9.730644	-1.456356	-0.886604	-0.097688	-0.041505	-0.000131	-0.152619	0.038346	0.987541	-0.719937	0.680247	-0.137676	-0.677051	-0.731979	-0.076212
43165	9.839118	-1.464748	-0.770188	-0.082947	-0.046439	-0.000357	-0.152984	0.038019	0.987497	-0.719290	0.680937	-0.137649	-0.677657	-0.731354	-0.076826
43166	9.846411	-1.466481	-0.606821	-0.072908	-0.043953	-0.003186	-0.153330	0.037665	0.987457	-0.718824	0.681436	-0.137610	-0.678072	-0.730908	-0.077410
43167	9.854233	-1.509155	-0.372838	-0.061505	-0.035113	-0.004838	-0.153589	0.037389	0.987427	-0.718338	0.681960	-0.137556	-0.678529	-0.730433	-0.077884
43168	9.811693	-1.497766	-0.191043	-0.052513	-0.024128	-0.004801	-0.153789	0.037170	0.987404	-0.718013	0.682310	-0.137516	-0.678827	-0.730117	-0.078244
43169	9.785863	-1.477587	-0.036665	-0.048352	-0.008863	-0.001375	-0.153893	0.037112	0.987390	-0.717599	0.682747	-0.137506	-0.679241	-0.729712	-0.078438
43170	9.771952	-1.467476	0.019821	-0.048905	0.007683	0.003812	-0.153939	0.037184	0.987380	-0.717285	0.683067	-0.137553	-0.679562	-0.729408	-0.078480
43171	9.825900	-1.483387	0.088355	-0.048888	0.021582	0.016992	-0.153968	0.037476	0.987365	-0.716837	0.683503	-0.137725	-0.680029	-0.728985	-0.078374
43172	9.925505	-1.573690	0.140857	-0.037297	0.035980	0.029720	-0.154008	0.037931	0.987341	-0.716561	0.683729	-0.138038	-0.680310	-0.728750	-0.078119
43173	10.026009	-1.727930	0.321805	-0.008792	0.067767	0.055583	-0.153997	0.038825	0.987308	-0.716323	0.683860	-0.138622	-0.680563	-0.728579	-0.077501
43174	10.000274	-1.924863	0.483717	0.028915	0.109884	0.075410	-0.153860	0.040131	0.987277	-0.716428	0.683585	-0.139437	-0.680484	-0.728767	-0.076425
43175	10.008483	-2.106266	0.635782	0.079244	0.158651	0.103668	-0.153576	0.042011	0.987243	-0.716736	0.683032	-0.140561	-0.680224	-0.729180	-0.074786
43176	10.462585	-2.113965	0.820931	0.144466	0.201782	0.125678	-0.153176	0.044331	0.987204	-0.717550	0.681888	-0.141957	-0.679455	-0.730112	-0.072639
43177	10.085431	-2.104881	0.597029	0.207809	0.291226	0.144616	-0.152288	0.047463	0.987196	-0.718663	0.680375	-0.143575	-0.678478	-0.731326	-0.069504
43178	10.087562	-1.956677	0.480165	0.274561	0.332183	0.137039	-0.151094	0.050815	0.987212	-0.720340	0.678261	-0.145161	-0.676965	-0.733062	-0.065877
43179	10.197666	-1.756125	0.321041	0.308102	0.345834	0.124228	-0.149704	0.054214	0.987243	-0.722166	0.676000	-0.146630	-0.675326	-0.734905	-0.062049
43180	10.046959	-1.563520	0.085752	0.316660	0.354805	0.103003	-0.148127	0.057508	0.987295	-0.724172	0.673576	-0.147884	-0.673523	-0.736877	-0.058129
43181	10.453621	-1.395700	-0.052829	0.318714	0.345338	0.082854	-0.146456	0.060631	0.987357	-0.726131	0.671234	-0.148927	-0.671778	-0.738762	-0.054281
43182	10.228475	-1.334462	-0.233462	0.313013	0.337742	0.048238	-0.144612	0.063441	0.987453	-0.728184	0.668852	-0.149614	-0.669951	-0.740684	-0.050528
43183	10.419806	-1.343954	-0.143725	0.330445	0.297950	0.014500	-0.142777	0.065761	0.987568	-0.730321	0.666440	-0.149963	-0.668016	-0.742653	-0.047125
43184	10.523089	-1.582744	-0.010029	0.378019	0.283480	-0.004259	-0.140926	0.067829	0.987694	-0.732872	0.663594	-0.150140	-0.665611	-0.745012	-0.043808
43185	10.717418	-1.985328	0.239477	0.496273	0.271355	-0.014892	-0.139069	0.069762	0.987822	-0.736161	0.659919	-0.150244	-0.662364	-0.748091	-0.040418
43186	11.207511	-2.375673	0.707103	0.664683	0.313567	-0.011907	-0.136982	0.072023	0.987952	-0.740589	0.654904	-0.150428	-0.657848	-0.752272	-0.036371
43187	11.319659	-2.880090	1.161657	0.856669	0.473440	0.011278	-0.134017	0.075679	0.988085	-0.746152	0.648457	-0.150869	-0.652148	-0.757481	-0.030436
43188	11.232763	-3.382213	1.908746	1.085878	0.713110	0.026993	-0.129665	0.081263	0.988222	-0.753182	0.640136	-0.151465	-0.644906	-0.763951	-0.021797
43189	10.951134	-3.691493	2.905339	1.340808	0.999780	0.042120	-0.123630	0.089216	0.988310	-0.761685	0.629834	-0.152137	-0.636044	-0.771589	-0.009912
43190	11.089182	-3.747920	4.085097	1.635756	1.322164	0.049806	-0.115746	0.099772	0.988255	-0.771963	0.617052	-0.152710	-0.625041	-0.780572	0.005599
43191	11.354572	-3.463979	5.121393	1.960211	1.718266	0.030262	-0.105405	0.113463	0.987935	-0.784037	0.601626	-0.152747	-0.611699	-0.790678	0.025545
43192	11.022484	-2.679601	5.814530	2.276494	2.151939	-0.046602	-0.092113	0.130302	0.987186	-0.797851	0.583516	-0.151467	-0.595775	-0.801580	0.050213
43193	10.366135	-1.250829	6.088101	2.531627	2.487357	-0.213902	-0.075848	0.149157	0.985900	-0.812899	0.563348	-0.147768	-0.577445	-0.812645	0.078521
43194	9.912303	0.537161	6.041184	2.598251	2.711462	-0.429355	-0.057000	0.168935	0.983978	-0.827958	0.542738	-0.141143	-0.557886	-0.822737	0.108935
43195	9.241389	2.383110	5.882674	2.403664	2.827115	-0.639970	-0.036203	0.188895	0.981330	-0.841482	0.523939	-0.131896	-0.539071	-0.830546	0.139984
43196	9.017941	3.602877	6.212361	1.928833	2.813786	-0.825647	-0.014330	0.208039	0.978016	-0.851961	0.509466	-0.120854	-0.523408	-0.834963	0.169941
43197	8.800411	3.990439	6.245026	1.392241	2.654285	-0.905442	0.007089	0.225651	0.974182	-0.859281	0.499650	-0.109482	-0.511455	-0.836320	0.197440
43198	8.663125	4.256151	5.413713	0.963434	2.407750	-0.912651	0.027095	0.241221	0.970092	-0.864034	0.493678	-0.098624	-0.502703	-0.835520	0.221800
43199	8.683020	4.301171	3.894270	0.311705	2.030840	-0.885402	0.044849	0.253791	0.966219	-0.865388	0.493073	-0.089344	-0.499091	-0.832147	0.241741
43200	9.498938	3.956137	1.400841	-0.511968	1.727939	-0.812828	0.060458	0.264052	0.962612	-0.862421	0.499371	-0.082816	-0.502568	-0.825170	0.257915
43201	10.158974	2.700394	-0.264307	-1.364507	1.545015	-0.769488	0.074824	0.272832	0.959148	-0.855112	0.512383	-0.079041	-0.513016	-0.814264	0.271640
43202	10.534651	1.121627	-0.723043	-1.873673	1.467742	-0.713158	0.088456	0.280945	0.955639	-0.844806	0.529437	-0.077451	-0.527710	-0.800479	0.284176
43203	10.569162	-0.291892	-0.837747	-1.996357	1.451512	-0.602586	0.101195	0.289226	0.951897	-0.833689	0.546769	-0.077502	-0.542883	-0.785743	0.296454
43204	10.265302	-1.322604	-1.120035	-1.919408	1.425580	-0.454984	0.112736	0.297778	0.947955	-0.822674	0.562995	-0.079015	-0.557223	-0.770950	0.308445
43205	9.558570	-2.175560	-1.555024	-1.812857	1.363624	-0.343683	0.123134	0.306248	0.943955	-0.812204	0.577657	-0.081462	-0.570230	-0.756653	0.319865
43206	8.915926	-2.981015	-1.777321	-1.672530	1.252868	-0.261959	0.132399	0.314096	0.940114	-0.802265	0.590963	-0.084458	-0.582101	-0.743038	0.330231
43207	8.336055	-3.537212	-1.749931	-1.413083	1.125370	-0.203719	0.140521	0.321194	0.936530	-0.793857	0.601808	-0.087284	-0.591646	-0.731206	0.339549
43208	7.664742	-4.124144	-1.528646	-1.068439	0.960235	-0.163772	0.147461	0.327164	0.933391	-0.787296	0.610052	-0.089450	-0.598682	-0.721665	0.347533
43209	7.232463	-4.508653	-1.188386	-0.648223	0.781987	-0.127131	0.153050	0.332020	0.930773	-0.783358	0.614940	-0.090547	-0.602433	-0.715270	0.354207
43210	6.988989	-4.653069	-0.639816	-0.221352	0.597671	-0.078558	0.157198	0.335788	0.928728	-0.781936	0.616734	-0.090633	-0.603212	-0.711959	0.359515
43211	7.042503	-4.457603	0.135440	0.157071	0.431752	-0.027649	0.159962	0.338689	0.927201	-0.782880	0.615654	-0.089824	-0.601258	-0.711519	0.363634
43212	7.369759	-4.423228	1.125975	0.480893	0.309507	0.025487	0.161547	0.341038	0.926065	-0.785837	0.612093	-0.088329	-0.596961	-0.713467	0.366882
43213	7.985505	-4.447147	2.088866	0.783172	0.248275	0.089126	0.162260	0.343356	0.925083	-0.790673	0.606128	-0.086288	-0.590346	-0.717437	0.369832
43214	8.492874	-4.248254	3.000392	1.060531	0.218878	0.196111	0.161916	0.346100	0.924120	-0.797239	0.597765	-0.084189	-0.581544	-0.723113	0.372712
43215	8.712418	-3.643740	3.753766	1.308732	0.202237	0.310971	0.160527	0.349411	0.923116	-0.805322	0.587113	-0.082187	-0.570691	-0.730212	0.375636
43216	8.705595	-2.742378	4.458559	1.525100	0.181477	0.388990	0.158331	0.352988	0.922134	-0.814582	0.574498	-0.080050	-0.558020	-0.738480	0.378499
43217	8.561266	-1.554725	4.993448	1.699078	0.171847	0.423513	0.155742	0.356668	0.921158	-0.824649	0.560307	-0.077523	-0.543781	-0.747559	0.381389
43218	8.396805	-0.219566	5.426502	1.789021	0.183332	0.408876	0.153264	0.360290	0.920164	-0.834906	0.545333	-0.074461	-0.528623	-0.756838	0.384388
43219	8.120138	1.180126	5.659527	1.776631	0.227262	0.368128	0.151292	0.363999	0.919030	-0.844762	0.530409	-0.071012	-0.513310	-0.765618	0.387740
43220	7.880765	2.437002	5.736292	1.676487	0.276577	0.299332	0.150083	0.367674	0.917764	-0.853726	0.516361	-0.067254	-0.498625	-0.773425	0.391390
43221	7.712196	3.432073	5.757851	1.504382	0.323963	0.221472	0.149717	0.371317	0.916356	-0.861497	0.503791	-0.063388	-0.485189	-0.779947	0.395315
43222	7.491984	4.339654	5.582102	1.279499	0.364154	0.151589	0.150086	0.374901	0.914835	-0.867886	0.493161	-0.059715	-0.473548	-0.785011	0.399388
43223	7.169872	5.232066	5.493319	0.929213	0.348130	0.059446	0.151148	0.377925	0.913415	-0.872373	0.485560	-0.056543	-0.464887	-0.788292	0.403083
43224	7.074213	5.768424	5.218599	0.408864	0.311063	-0.017477	0.152675	0.380271	0.912186	-0.874267	0.482348	-0.054752	-0.460812	-0.789135	0.406101
43225	6.778469	5.576502	4.736646	-0.192354	0.257074	-0.052808	0.154277	0.382035	0.911179	-0.873334	0.484001	-0.055060	-0.462046	-0.787269	0.408314
43226	6.187784	5.016129	4.244450	-0.822344	0.199926	-0.042833	0.155515	0.383373	0.910407	-0.869468	0.490566	-0.058056	-0.468872	-0.782541	0.409621
43227	5.551544	4.024866	3.729025	-1.383861	0.078667	0.011507	0.155750	0.384034	0.910088	-0.862951	0.501240	-0.063828	-0.480684	-0.775420	0.409471
43228	5.184852	2.423753	3.139384	-1.791256	-0.117888	0.120966	0.154069	0.383719	0.910507	-0.854418	0.514536	-0.072265	-0.496218	-0.766820	0.407130
43229	5.026096	0.566613	2.421048	-2.009215	-0.343795	0.272848	0.149979	0.382514	0.911696	-0.844724	0.528747	-0.082881	-0.513759	-0.757701	0.402419
43230	5.135452	-1.335009	1.760608	-2.069197	-0.583058	0.436134	0.143200	0.380439	0.913652	-0.834574	0.542619	-0.095137	-0.531959	-0.748886	0.395208
43231	5.406293	-3.059171	1.285076	-2.005929	-0.820807	0.632397	0.133478	0.377789	0.916220	-0.824639	0.555106	-0.108754	-0.549686	-0.741035	0.385634
43232	6.063705	-4.634051	2.022054	-1.874929	-1.018552	0.793887	0.121215	0.374708	0.919185	-0.815219	0.565901	-0.123186	-0.566326	-0.734405	0.374065
43233	7.905889	-6.050667	4.228309	-1.596229	-1.096215	0.904645	0.107549	0.371839	0.922046	-0.807142	0.574148	-0.137393	-0.580479	-0.729445	0.361875
43234	10.321969	-7.917829	7.728272	-1.002693	-0.929082	0.877871	0.094980	0.370115	0.924118	-0.802196	0.578144	-0.149100	-0.589457	-0.727162	0.351817
43235	13.430590	-9.909081	11.814193	-0.075083	-0.486840	0.696604	0.086471	0.370595	0.924761	-0.802430	0.576045	-0.155815	-0.590448	-0.728582	0.347188
43236	15.545228	-10.312509	12.415843	1.120075	-0.062856	0.428347	0.082581	0.372565	0.924324	-0.809386	0.566204	-0.155906	-0.581442	-0.735260	0.348307
43237	18.743205	-7.327230	12.562669	2.257162	0.060048	0.215534	0.081111	0.374225	0.923784	-0.822527	0.548585	-0.150011	-0.562912	-0.747670	0.352307
43238	19.646143	-1.852363	10.854928	2.954365	0.327097	0.002313	0.082824	0.376689	0.922630	-0.838823	0.526217	-0.139542	-0.538068	-0.762365	0.359558
43239	12.557090	4.899442	5.064711	3.086382	0.314024	-0.232931	0.086391	0.377921	0.921798	-0.854873	0.503253	-0.126206	-0.511594	-0.777117	0.366551
43240	8.403837	11.699146	-1.148198	1.937329	-0.044281	-0.444198	0.089919	0.375348	0.922512	-0.864259	0.489723	-0.115015	-0.494946	-0.786947	0.368433
43241	6.949284	15.036082	-5.203164	-0.148316	0.086357	-0.450682	0.094197	0.373817	0.922707	-0.863151	0.492502	-0.111410	-0.496082	-0.785941	0.369053
43242	4.427030	12.225933	-4.698011	-1.871481	0.227147	-0.183223	0.096848	0.374653	0.922093	-0.853571	0.507749	-0.116651	-0.511895	-0.775775	0.368967
43243	3.651111	4.580065	-0.212772	-2.370084	-0.084618	0.217722	0.094534	0.375116	0.922145	-0.841445	0.525121	-0.127351	-0.532009	-0.763896	0.365281
43244	5.036762	-1.378722	0.818121	-2.328211	-0.864542	0.604595	0.084727	0.371753	0.924457	-0.829394	0.540491	-0.141334	-0.552202	-0.754764	0.354124
43245	10.358383	-4.465151	-0.814376	-2.577300	-1.563403	0.699317	0.070140	0.363846	0.928815	-0.815452	0.557210	-0.156697	-0.574559	-0.746413	0.335782
43246	14.485305	-5.991638	-1.975095	-2.680451	-1.638718	0.578362	0.055796	0.354946	0.933220	-0.800141	0.574967	-0.170847	-0.597212	-0.737175	0.316088
43247	14.843144	-6.045917	-2.045238	-2.384761	-1.379059	0.538715	0.043047	0.347969	0.936517	-0.786087	0.590339	-0.183212	-0.616615	-0.728297	0.298946
43248	12.274775	-7.383257	-1.727626	-1.845276	-1.100919	0.439479	0.032676	0.342596	0.938914	-0.774769	0.602147	-0.192751	-0.631400	-0.721143	0.285109
43249	9.571138	-7.594808	-0.881731	-1.106563	-0.970018	0.398481	0.023330	0.338014	0.940852	-0.767991	0.608566	-0.199592	-0.640035	-0.717910	0.273789
43250	7.892346	-6.611055	-0.029655	-0.426240	-1.018723	0.386946	0.013754	0.333041	0.942812	-0.765358	0.610281	-0.204411	-0.643458	-0.718777	0.263289
43251	7.722672	-5.104458	0.710723	0.057496	-1.120911	0.346175	0.003800	0.327055	0.944998	-0.765874	0.608575	-0.207542	-0.642979	-0.722961	0.252796
43252	9.192052	-2.699692	1.444084	0.328409	-1.231585	0.303664	-0.006503	0.319943	0.947415	-0.768007	0.605160	-0.209635	-0.640409	-0.728984	0.241783
43253	11.201888	0.238797	1.900527	0.275570	-1.234127	0.357474	-0.017232	0.313050	0.949580	-0.769835	0.601868	-0.212390	-0.638011	-0.734680	0.230626
43254	10.610913	1.339941	1.801802	-0.089678	-1.076961	0.369663	-0.027021	0.307332	0.951219	-0.769209	0.601334	-0.216138	-0.638426	-0.737526	0.220154
43255	9.785986	1.005374	1.802960	-0.511243	-0.954038	0.336057	-0.035790	0.302299	0.952541	-0.765926	0.603953	-0.220449	-0.641931	-0.737466	0.209924
43256	9.125936	0.333112	1.877949	-0.883264	-0.909876	0.277954	-0.043852	0.297273	0.953785	-0.760145	0.609575	-0.224939	-0.648271	-0.734879	0.199240
43257	9.066458	-0.371313	1.892087	-1.172535	-0.915086	0.229050	-0.051624	0.291951	0.955039	-0.752466	0.617388	-0.229407	-0.656605	-0.730477	0.187811
43258	8.982997	-1.488343	1.918784	-1.396166	-0.928366	0.197687	-0.059315	0.286414	0.956268	-0.743148	0.626927	-0.233868	-0.666493	-0.724520	0.175661
43259	9.152416	-2.935659	1.789355	-1.504019	-0.947241	0.198311	-0.067209	0.280814	0.957406	-0.732999	0.637113	-0.238325	-0.676901	-0.717796	0.163017
43260	9.343603	-4.031985	1.510498	-1.478402	-0.973807	0.218788	-0.075514	0.275250	0.958402	-0.722789	0.647022	-0.242772	-0.686930	-0.711056	0.150088
43261	9.553343	-4.410549	1.271730	-1.349518	-0.990215	0.221516	-0.084009	0.269664	0.959283	-0.713344	0.655900	-0.246851	-0.695760	-0.705037	0.137262
43262	9.591273	-4.328338	1.042678	-1.196794	-0.977910	0.214509	-0.092443	0.264200	0.960027	-0.704811	0.663690	-0.250516	-0.703347	-0.699796	0.124858
43263	9.425277	-4.047651	0.978659	-1.077557	-0.961787	0.182070	-0.100575	0.258692	0.960710	-0.697081	0.670658	-0.253565	-0.709903	-0.695195	0.112878
43264	9.339575	-3.624996	0.945014	-0.998140	-0.963769	0.137220	-0.108469	0.252928	0.961386	-0.689850	0.677182	-0.255990	-0.715780	-0.690979	0.101029
43265	9.081378	-3.207765	0.641111	-0.968069	-0.965413	0.098773	-0.116135	0.246941	0.962046	-0.682821	0.683557	-0.257885	-0.721296	-0.686855	0.089231
43266	9.274385	-2.917705	0.476327	-0.966607	-0.986090	0.063119	-0.123775	0.240614	0.962697	-0.675775	0.689980	-0.259337	-0.726641	-0.682666	0.077199
43267	9.298672	-2.954567	0.272634	-0.976222	-0.977185	0.045173	-0.131258	0.234270	0.963270	-0.668638	0.696467	-0.260493	-0.731912	-0.678270	0.065225
43268	9.302880	-3.010500	0.020660	-0.971735	-1.005364	0.037580	-0.138964	0.227729	0.963757	-0.661477	0.702909	-0.261471	-0.736978	-0.673839	0.052959
43269	8.963908	-3.045616	-0.354817	-0.970186	-1.033863	0.026263	-0.146825	0.220973	0.964165	-0.654276	0.709345	-0.262206	-0.741866	-0.669328	0.040428
43270	8.962650	-2.922249	-0.667899	-0.960441	-1.099698	0.013828	-0.155170	0.213729	0.964491	-0.647135	0.715682	-0.262707	-0.746417	-0.664920	0.027259
43271	8.935415	-2.619958	-0.940202	-0.969153	-1.145307	-0.000601	-0.163787	0.206137	0.964718	-0.639894	0.722082	-0.262931	-0.750806	-0.660382	0.013638
43272	8.948567	-2.566689	-1.035273	-0.962973	-1.194325	-0.031377	-0.172651	0.198045	0.964868	-0.632724	0.728444	-0.262735	-0.754885	-0.655857	-0.000459
43273	9.008255	-2.624011	-1.113122	-0.928521	-1.186319	-0.068111	-0.181243	0.189800	0.964949	-0.625810	0.734639	-0.262043	-0.758626	-0.651368	-0.014369
43274	9.048909	-2.677404	-1.094372	-0.879109	-1.204696	-0.101246	-0.189842	0.181228	0.964944	-0.619341	0.740497	-0.260923	-0.761824	-0.647164	-0.028335
43275	9.234483	-2.811029	-1.068822	-0.825196	-1.205410	-0.128339	-0.198291	0.172514	0.964842	-0.613262	0.746060	-0.259431	-0.764586	-0.643143	-0.042141
43276	9.422398	-2.772019	-1.095391	-0.761427	-1.200649	-0.162660	-0.206562	0.163594	0.964660	-0.607787	0.751180	-0.257535	-0.766764	-0.639505	-0.055735
43277	9.379451	-2.937794	-1.012680	-0.691334	-1.153477	-0.171153	-0.214419	0.154970	0.964370	-0.602792	0.755887	-0.255493	-0.768548	-0.636097	-0.068661
43278	9.187193	-2.980495	-1.006954	-0.625259	-1.139026	-0.166948	-0.222248	0.146475	0.963925	-0.598373	0.760071	-0.253462	-0.769777	-0.633118	-0.081278
43279	9.542047	-2.985035	-0.779840	-0.565578	-1.121543	-0.155999	-0.229992	0.138234	0.963325	-0.594298	0.763907	-0.251506	-0.770658	-0.630347	-0.093540
43280	9.508632	-3.043545	-0.512279	-0.524585	-1.061208	-0.153800	-0.237333	0.130380	0.962639	-0.590638	0.767379	-0.249552	-0.771246	-0.627798	-0.105117
43281	9.334955	-3.120002	-0.035361	-0.495901	-1.005559	-0.152524	-0.244229	0.122948	0.961892	-0.587094	0.770730	-0.247580	-0.771798	-0.625187	-0.116053
43282	9.451910	-3.279259	0.380488	-0.473534	-0.969719	-0.134679	-0.250997	0.115857	0.961029	-0.583796	0.773812	-0.245760	-0.772129	-0.622730	-0.126588
43283	9.327343	-3.293986	0.637539	-0.457032	-0.910619	-0.112489	-0.257410	0.109378	0.960092	-0.580448	0.776842	-0.244125	-0.772541	-0.620124	-0.136479
43284	9.024901	-3.332978	0.694141	-0.436638	-0.872681	-0.095627	-0.263670	0.103233	0.959073	-0.577347	0.779613	-0.242641	-0.772754	-0.617695	-0.145959
43285	9.022613	-3.354967	0.712979	-0.425201	-0.841576	-0.091657	-0.269682	0.097387	0.958012	-0.574197	0.782390	-0.241172	-0.773026	-0.615127	-0.155077
43286	9.038729	-3.673285	0.747728	-0.409764	-0.810916	-0.081011	-0.275557	0.091775	0.956894	-0.571273	0.784950	-0.239793	-0.773121	-0.612724	-0.163870
43287	9.139508	-3.874407	0.713709	-0.373300	-0.772367	-0.050381	-0.281276	0.086724	0.955700	-0.568402	0.787353	-0.238736	-0.773177	-0.610373	-0.172169
43288	9.298779	-3.752329	0.814714	-0.345085	-0.725495	-0.030932	-0.286779	0.082061	0.954476	-0.565844	0.789450	-0.237885	-0.773032	-0.608305	-0.179964
43289	9.513466	-3.304690	0.879766	-0.352669	-0.686476	-0.033870	-0.291928	0.077708	0.953278	-0.563070	0.791706	-0.236969	-0.773130	-0.605940	-0.187365
43290	9.902417	-2.686369	0.950452	-0.386684	-0.652216	-0.053234	-0.296741	0.073344	0.952137	-0.560259	0.794053	-0.235776	-0.773340	-0.603408	-0.194536
43291	9.922333	-2.363501	0.813953	-0.453256	-0.606899	-0.076098	-0.301046	0.069168	0.951098	-0.556848	0.796910	-0.234211	-0.774139	-0.600125	-0.201391
43292	9.707599	-2.550045	0.685607	-0.485318	-0.574678	-0.084593	-0.305097	0.065056	0.950097	-0.553367	0.799841	-0.232466	-0.775049	-0.596676	-0.208029
43293	9.444624	-2.848900	0.292500	-0.466437	-0.570796	-0.086208	-0.309079	0.061068	0.949074	-0.549851	0.802765	-0.230720	-0.775973	-0.593160	-0.214540
43294	9.431502	-2.968852	0.051049	-0.453812	-0.600427	-0.098413	-0.313269	0.056728	0.947969	-0.546656	0.805478	-0.228851	-0.776550	-0.589905	-0.221321
43295	9.612544	-2.811370	-0.261020	-0.514120	-0.642101	-0.129078	-0.317586	0.052016	0.946802	-0.542898	0.808668	-0.226532	-0.777432	-0.585961	-0.228582
43296	8.366805	-2.597245	-0.709816	-0.629392	-0.736141	-0.221722	-0.322182	0.045927	0.945563	-0.538733	0.812421	-0.223023	-0.778438	-0.581259	-0.237006
43297	10.611083	-2.395250	-0.424832	-0.810645	-0.739805	-0.253459	-0.326622	0.039705	0.944321	-0.533041	0.817327	-0.218734	-0.780503	-0.574805	-0.245793
43298	10.321956	-2.775356	-0.741538	-0.969711	-0.681528	-0.243384	-0.330730	0.033822	0.943119	-0.526279	0.822925	-0.214066	-0.783357	-0.567142	-0.254366
43299	10.277799	-3.472414	-0.758844	-0.965192	-0.646619	-0.233269	-0.334618	0.028387	0.941926	-0.519265	0.828553	-0.209439	-0.786381	-0.559191	-0.262508
43300	10.212729	-3.995920	-0.535126	-0.835414	-0.588282	-0.222319	-0.338171	0.023276	0.940797	-0.513454	0.833227	-0.205177	-0.788673	-0.552441	-0.269822
43301	9.930214	-4.381721	0.103404	-0.639815	-0.545726	-0.222726	-0.341382	0.018437	0.939744	-0.509203	0.836751	-0.201395	-0.790045	-0.547273	-0.276263
43302	10.383638	-4.608241	0.766624	-0.429760	-0.483269	-0.192420	-0.344292	0.014195	0.938755	-0.506487	0.839101	-0.198444	-0.790528	-0.543790	-0.281706
43303	10.724245	-4.810659	1.083358	-0.217957	-0.420934	-0.138392	-0.346958	0.010772	0.937819	-0.505289	0.840259	-0.196589	-0.790128	-0.542078	-0.286092
43304	11.793240	-4.523692	1.023725	-0.025920	-0.309294	-0.075120	-0.349089	0.008471	0.937051	-0.505366	0.840382	-0.195866	-0.789140	-0.541929	-0.289086
43305	12.031891	-3.838996	0.538344	0.072434	-0.108371	-0.047173	-0.349742	0.007515	0.936816	-0.506153	0.839947	-0.195700	-0.788346	-0.542616	-0.289961
43306	12.000763	-2.902603	0.089477	0.057270	0.124382	-0.070215	-0.348473	0.007607	0.937288	-0.506870	0.839616	-0.195263	-0.788447	-0.543127	-0.288728
43307	12.132488	-2.221972	0.109323	-0.056881	0.349685	-0.144911	-0.345014	0.008318	0.938561	-0.506976	0.839889	-0.193807	-0.789899	-0.542694	-0.285556
43308	11.367155	-2.210624	0.032764	-0.155142	0.626244	-0.205517	-0.339085	0.009993	0.940703	-0.506472	0.840724	-0.191493	-0.792785	-0.541372	-0.280015
43309	11.830216	-2.552849	0.451242	-0.163628	0.809088	-0.242774	-0.331459	0.012356	0.943389	-0.506042	0.841587	-0.188820	-0.796277	-0.539980	-0.272699
43310	11.959567	-2.532855	0.339719	-0.113003	1.090190	-0.256025	-0.321528	0.016089	0.946763	-0.505997	0.842208	-0.186153	-0.800366	-0.538913	-0.262652
43311	11.844818	-1.923729	0.330172	-0.037479	1.314904	-0.312286	-0.309424	0.020576	0.950702	-0.506741	0.842417	-0.183161	-0.804656	-0.538433	-0.250237
43312	12.018648	-1.253077	0.616016	0.080372	1.578601	-0.380709	-0.294823	0.025880	0.955201	-0.508563	0.842047	-0.179782	-0.808977	-0.538783	-0.235093
43313	11.276585	-0.596176	0.945290	0.248312	1.888221	-0.450687	-0.277236	0.032312	0.960258	-0.511927	0.840787	-0.176090	-0.813063	-0.540401	-0.216555
43314	10.024057	-0.069395	1.252611	0.389149	2.107124	-0.530368	-0.257407	0.039280	0.965504	-0.516541	0.838842	-0.171838	-0.816656	-0.542955	-0.195634
43315	9.111025	0.098886	1.326250	0.401678	2.232863	-0.591014	-0.236090	0.046517	0.970617	-0.521351	0.836858	-0.166918	-0.820034	-0.545440	-0.173322
43316	9.011665	-0.203989	0.967599	0.285307	2.297489	-0.578061	-0.214253	0.054236	0.975271	-0.525025	0.835564	-0.161807	-0.823678	-0.546709	-0.150547
43317	9.296315	-1.014875	0.318658	0.109218	2.268265	-0.460280	-0.193124	0.062828	0.979161	-0.526930	0.835185	-0.157518	-0.827676	-0.546369	-0.128188
43318	9.123741	-1.984773	-0.530279	0.019916	2.211069	-0.288360	-0.173330	0.072493	0.982192	-0.527653	0.835243	-0.154763	-0.831588	-0.545082	-0.106521
43319	9.855360	-2.786868	-0.773181	0.079757	2.095889	-0.092964	-0.155399	0.083174	0.984344	-0.528538	0.834828	-0.153981	-0.834565	-0.544192	-0.085771
43320	10.330634	-3.311517	-0.953330	0.281385	2.022582	0.107849	-0.139147	0.095093	0.985695	-0.530761	0.833171	-0.155304	-0.836021	-0.544779	-0.065461
43321	10.312294	-3.624630	-1.031060	0.553823	1.948540	0.259107	-0.124216	0.108013	0.986359	-0.534754	0.830059	-0.158241	-0.835828	-0.547116	-0.045346
43322	10.558500	-3.583077	-1.155926	0.852759	1.883168	0.340681	-0.110403	0.121188	0.986471	-0.541505	0.824951	-0.161950	-0.833417	-0.552059	-0.025453
43323	10.276024	-3.432737	-1.461976	1.094126	1.829328	0.309308	-0.096867	0.133986	0.986238	-0.550093	0.818593	-0.165240	-0.829467	-0.558528	-0.005590
43324	10.316202	-3.216468	-1.507976	1.255024	1.755301	0.220260	-0.083649	0.145659	0.985792	-0.560304	0.811194	-0.167405	-0.824052	-0.566347	0.013758
43325	10.777331	-2.851014	-1.516304	1.402844	1.692667	0.159064	-0.070650	0.156681	0.985119	-0.571577	0.803017	-0.168710	-0.817501	-0.574991	0.032822
43326	11.622657	-2.394458	-1.353593	1.615680	1.690442	0.154584	-0.057866	0.167724	0.984134	-0.584654	0.793359	-0.169588	-0.809216	-0.585192	0.052152
43327	12.159607	-1.878275	-1.010628	1.873440	1.728732	0.190255	-0.045098	0.179502	0.982723	-0.599572	0.781981	-0.170350	-0.799050	-0.596895	0.072359
43328	12.740908	-1.418608	-0.820815	2.011834	1.782018	0.227742	-0.032417	0.192017	0.980856	-0.615478	0.769389	-0.170960	-0.787487	-0.609237	0.093241
43329	13.138661	-1.293058	-0.686848	2.010249	1.837510	0.263262	-0.019706	0.205380	0.978484	-0.631085	0.756518	-0.171500	-0.775463	-0.620886	0.114704
43330	12.567605	-1.222320	-0.466399	1.962019	1.890166	0.244472	-0.006798	0.219051	0.975690	-0.646182	0.743673	-0.171463	-0.763153	-0.631639	0.136491
43331	11.735141	-0.901643	-0.078373	1.890256	1.908286	0.189457	0.006388	0.232634	0.972543	-0.660504	0.731192	-0.170564	-0.750795	-0.641279	0.158326
43332	10.808461	-0.564375	0.172579	1.799682	1.906483	0.120360	0.019710	0.245811	0.969117	-0.673957	0.719246	-0.168725	-0.738508	-0.649818	0.179842
43333	10.202284	0.129568	0.507133	1.718296	1.868706	0.066043	0.032919	0.258529	0.965442	-0.686592	0.707808	-0.166128	-0.726297	-0.657396	0.200804
43334	9.652638	0.480962	0.759133	1.565636	1.824753	0.057556	0.045596	0.270981	0.961504	-0.697931	0.697272	-0.163415	-0.714713	-0.663612	0.220919
43335	9.238827	-0.237052	0.755056	1.373403	1.838760	-0.041899	0.058895	0.282961	0.957321	-0.707711	0.688176	-0.159869	-0.704043	-0.668092	0.240785
43336	8.913110	-0.277476	0.977991	1.244611	1.826064	-0.132137	0.072529	0.294280	0.952963	-0.716360	0.680178	-0.155521	-0.693951	-0.671384	0.260143
43337	8.487640	-0.540627	0.916163	1.175820	1.800566	-0.214011	0.086436	0.304969	0.948432	-0.724350	0.672842	-0.150338	-0.683993	-0.674001	0.279062
43338	8.272265	-0.243721	1.020574	1.146104	1.745027	-0.260274	0.100109	0.315000	0.943797	-0.731924	0.665865	-0.144603	-0.673992	-0.676312	0.297216
