// General information: 
//  MT Manager version: 2022.2.0 
//  XDA version: 2022.2.0 build 7381 rev 124627 built on 2023-07-19
// Device information: 
//  DeviceId: 00B4CAF0
//  ProductCode: MTW2-3A7G6
//  Firmware Version: 4.6.0
//  Hardware Version: 2.0.0
// Device settings: 
//  Filter Profile: human(46.1)
//  Option Flags: Orientation Smoother Disabled, Position/Velocity Smoother Disabled, Continuous Zero Rotation Update Disabled, AHS Disabled, ICC Disabled
// Coordinate system: ENU
PacketCounter	Acc_X	Acc_Y	Acc_Z	Gyr_X	Gyr_Y	Gyr_Z	Mat[1][1]	Mat[2][1]	Mat[3][1]	Mat[1][2]	Mat[2][2]	Mat[3][2]	Mat[1][3]	Mat[2][3]	Mat[3][3]
52664	5.049860	-0.470234	8.936557	0.005017	0.016715	0.004728	-0.252188	0.828102	0.500648	-0.962090	-0.270087	-0.037886	0.103845	-0.491223	0.864822
52665	5.029196	-0.476327	8.951044	0.008817	0.015845	0.004280	-0.252201	0.828153	0.500556	-0.962082	-0.270123	-0.037828	0.103884	-0.491117	0.864877
52666	5.022551	-0.516500	8.925208	0.005572	0.015362	0.005294	-0.252243	0.828220	0.500425	-0.962074	-0.270153	-0.037829	0.103861	-0.490988	0.864953
52667	5.008990	-0.483919	8.924037	0.007651	0.013495	0.003950	-0.252251	0.828260	0.500354	-0.962068	-0.270180	-0.037780	0.103895	-0.490905	0.864996
52668	5.020898	-0.493641	8.982212	0.003756	0.013610	0.002991	-0.252266	0.828325	0.500240	-0.962068	-0.270179	-0.037785	0.103856	-0.490797	0.865062
52669	4.973598	-0.455731	8.979209	0.005968	0.008200	0.005263	-0.252281	0.828336	0.500214	-0.962061	-0.270209	-0.037756	0.103888	-0.490762	0.865078
52670	4.989336	-0.469549	8.952733	-0.000006	0.010182	0.005647	-0.252313	0.828378	0.500129	-0.962060	-0.270206	-0.037807	0.103819	-0.490693	0.865125
52671	5.006274	-0.461194	8.981614	0.003343	0.001237	0.000391	-0.252274	0.828367	0.500165	-0.962068	-0.270182	-0.037777	0.103843	-0.490723	0.865106
52672	4.986170	-0.489942	8.939713	-0.001849	-0.000922	0.006363	-0.252303	0.828353	0.500175	-0.962066	-0.270178	-0.037847	0.103786	-0.490750	0.865097
52673	5.025640	-0.455321	8.967869	-0.003113	-0.004026	0.004629	-0.252300	0.828305	0.500255	-0.962070	-0.270158	-0.037894	0.103760	-0.490841	0.865048
52674	5.008504	-0.464100	8.939075	-0.001490	-0.003785	0.004122	-0.252312	0.828280	0.500291	-0.962071	-0.270146	-0.037950	0.103719	-0.490891	0.865025
52675	5.041213	-0.468100	8.982685	-0.002560	-0.005378	0.005197	-0.252313	0.828224	0.500383	-0.962073	-0.270134	-0.037995	0.103702	-0.490991	0.864970
52676	5.009221	-0.464939	8.938630	-0.002043	-0.002432	0.003554	-0.252321	0.828207	0.500407	-0.962076	-0.270115	-0.038052	0.103652	-0.491031	0.864953
52677	5.028487	-0.458900	8.924946	-0.002401	0.000430	0.005795	-0.252333	0.828178	0.500449	-0.962076	-0.270108	-0.038099	0.103623	-0.491083	0.864927
52678	5.024249	-0.477564	8.953756	0.001755	-0.003303	0.003108	-0.252332	0.828159	0.500481	-0.962078	-0.270097	-0.038121	0.103608	-0.491121	0.864908
52679	5.041068	-0.491562	8.926661	-0.002043	-0.002432	0.003554	-0.252319	0.828122	0.500548	-0.962083	-0.270074	-0.038154	0.103589	-0.491196	0.864868
52680	5.008026	-0.464414	8.980472	-0.004121	-0.000565	0.004897	-0.252343	0.828110	0.500556	-0.962085	-0.270056	-0.038236	0.103515	-0.491226	0.864859
52681	5.005628	-0.485083	8.967000	0.000685	-0.004897	0.004182	-0.252334	0.828060	0.500644	-0.962086	-0.270051	-0.038248	0.103528	-0.491314	0.864808
52682	5.025360	-0.478893	8.953061	-0.002105	-0.007486	0.004360	-0.252349	0.828014	0.500712	-0.962086	-0.270042	-0.038310	0.103492	-0.491396	0.864766
52683	5.026066	-0.479440	8.952636	-0.005448	-0.008722	0.003969	-0.252334	0.827945	0.500833	-0.962094	-0.270006	-0.038374	0.103457	-0.491532	0.864693
52684	5.007654	-0.486615	8.965786	-0.004797	-0.009321	0.005941	-0.252358	0.827887	0.500917	-0.962094	-0.269993	-0.038467	0.103398	-0.491637	0.864640
52685	5.026245	-0.478967	8.993711	-0.005054	-0.015885	0.003937	-0.252335	0.827783	0.501100	-0.962101	-0.269957	-0.038527	0.103384	-0.491831	0.864531
52686	5.045917	-0.495304	8.923715	-0.005054	-0.015885	0.003937	-0.252326	0.827701	0.501242	-0.962109	-0.269918	-0.038612	0.103335	-0.491992	0.864445
52687	5.011734	-0.488638	8.963395	-0.005668	-0.019587	0.004174	-0.252302	0.827578	0.501457	-0.962116	-0.269881	-0.038679	0.103324	-0.492218	0.864318
52688	5.028251	-0.501671	8.977652	-0.013262	-0.017844	0.005068	-0.252301	0.827482	0.501615	-0.962130	-0.269810	-0.038841	0.103201	-0.492418	0.864219
52689	5.053475	-0.477851	8.934109	-0.005112	-0.020941	0.004738	-0.252280	0.827351	0.501841	-0.962135	-0.269781	-0.038905	0.103199	-0.492654	0.864084
52690	5.040348	-0.466697	8.917849	-0.007840	-0.018476	0.004112	-0.252282	0.827251	0.502005	-0.962142	-0.269743	-0.039015	0.103137	-0.492843	0.863984
52691	5.056799	-0.479508	8.932140	-0.006118	-0.017481	0.005008	-0.252268	0.827136	0.502202	-0.962148	-0.269711	-0.039090	0.103116	-0.493053	0.863867
52692	5.092269	-0.485820	8.932868	-0.007224	-0.014775	0.003874	-0.252270	0.827056	0.502334	-0.962154	-0.269672	-0.039193	0.103050	-0.493210	0.863785
52693	5.074208	-0.492926	8.945849	-0.003365	-0.010592	0.002622	-0.252240	0.826981	0.502471	-0.962163	-0.269635	-0.039232	0.103039	-0.493355	0.863703
52694	5.041039	-0.487949	8.943753	-0.002515	-0.009682	0.007401	-0.252281	0.826916	0.502558	-0.962156	-0.269649	-0.039313	0.103006	-0.493457	0.863649
52695	5.077247	-0.495770	8.902788	-0.002038	-0.002434	0.003553	-0.252269	0.826879	0.502625	-0.962161	-0.269625	-0.039345	0.102987	-0.493532	0.863609
52696	5.058258	-0.502663	8.916314	-0.004312	-0.002075	0.002091	-0.252262	0.826867	0.502649	-0.962171	-0.269581	-0.039414	0.102914	-0.493576	0.863592
52697	5.056757	-0.501192	8.958427	-0.000317	-0.001439	0.004450	-0.252259	0.826832	0.502707	-0.962172	-0.269573	-0.039436	0.102909	-0.493638	0.863557
52698	5.039259	-0.509679	8.929838	0.000752	0.000155	0.003375	-0.252264	0.826828	0.502711	-0.962174	-0.269561	-0.039468	0.102878	-0.493651	0.863553
52699	5.044739	-0.469437	8.956411	-0.003106	-0.004028	0.004628	-0.252260	0.826781	0.502791	-0.962178	-0.269541	-0.039514	0.102853	-0.493742	0.863504
52700	5.049285	-0.451558	8.927369	-0.003560	-0.001920	0.005466	-0.252282	0.826761	0.502812	-0.962179	-0.269525	-0.039594	0.102785	-0.493784	0.863488
52701	5.038185	-0.509175	8.971658	-0.002038	-0.002434	0.003553	-0.252270	0.826724	0.502879	-0.962185	-0.269501	-0.039626	0.102766	-0.493859	0.863448
52702	5.045715	-0.470781	8.955791	-0.001744	-0.010352	0.002112	-0.252262	0.826668	0.502974	-0.962189	-0.269478	-0.039673	0.102744	-0.493964	0.863390
52703	5.055872	-0.523821	8.943948	-0.003975	-0.004114	0.008511	-0.252295	0.826610	0.503054	-0.962184	-0.269486	-0.039747	0.102711	-0.494058	0.863341
52704	5.010199	-0.486772	8.940153	-0.005540	-0.009479	0.002562	-0.252280	0.826561	0.503142	-0.962195	-0.269433	-0.039829	0.102642	-0.494168	0.863286
52705	5.064141	-0.486315	8.927611	-0.002751	-0.006890	0.002384	-0.252252	0.826505	0.503248	-0.962204	-0.269396	-0.039861	0.102628	-0.494282	0.863222
52706	5.049947	-0.474866	8.911985	-0.005440	-0.008725	0.003966	-0.252235	0.826461	0.503328	-0.962217	-0.269338	-0.039949	0.102549	-0.494388	0.863171
52707	5.082089	-0.501270	8.899716	-0.003165	-0.009085	0.005428	-0.252234	0.826386	0.503452	-0.962219	-0.269324	-0.040001	0.102536	-0.494520	0.863097
52708	5.065015	-0.486248	8.968320	-0.005600	-0.014536	0.003362	-0.252239	0.826304	0.503584	-0.962222	-0.269299	-0.040087	0.102491	-0.494671	0.863016
52709	5.046001	-0.515338	8.925705	-0.002257	-0.013301	0.003750	-0.252217	0.826213	0.503744	-0.962227	-0.269276	-0.040122	0.102497	-0.494836	0.862921
52710	5.067343	-0.487385	8.966943	-0.005953	-0.011674	0.005606	-0.252228	0.826145	0.503850	-0.962231	-0.269245	-0.040222	0.102430	-0.494966	0.862854
52711	5.070092	-0.489954	8.924034	-0.005598	-0.014536	0.003361	-0.252201	0.826049	0.504021	-0.962241	-0.269202	-0.040284	0.102407	-0.495150	0.862751
52712	5.053712	-0.499033	8.894770	-0.007673	-0.012669	0.004709	-0.252221	0.825973	0.504137	-0.962243	-0.269177	-0.040395	0.102337	-0.495290	0.862679
52713	5.091454	-0.485019	8.909023	-0.002608	-0.010440	0.005992	-0.252224	0.825889	0.504272	-0.962243	-0.269171	-0.040444	0.102333	-0.495433	0.862598
52714	5.089542	-0.505842	8.895198	-0.003716	-0.007732	0.004861	-0.252242	0.825840	0.504344	-0.962243	-0.269158	-0.040521	0.102284	-0.495523	0.862552
52715	5.073672	-0.492541	8.921856	-0.002648	-0.006138	0.003787	-0.252228	0.825784	0.504443	-0.962248	-0.269134	-0.040560	0.102269	-0.495629	0.862492
52716	5.042765	-0.467305	8.933413	-0.004722	-0.004270	0.005136	-0.252244	0.825752	0.504486	-0.962252	-0.269108	-0.040647	0.102197	-0.495695	0.862463
52717	5.055502	-0.500155	8.934911	-0.003815	-0.008486	0.003456	-0.252225	0.825686	0.504605	-0.962259	-0.269075	-0.040694	0.102176	-0.495825	0.862391
52718	5.091847	-0.508077	8.893751	-0.006090	-0.008126	0.001995	-0.252202	0.825645	0.504683	-0.962273	-0.269011	-0.040777	0.102098	-0.495927	0.862341
52719	5.076189	-0.494781	8.920301	-0.000986	-0.010201	0.005481	-0.252200	0.825564	0.504816	-0.962273	-0.269009	-0.040810	0.102109	-0.496063	0.862262
52720	5.095938	-0.488962	8.906243	-0.006241	-0.003757	0.007050	-0.252240	0.825529	0.504853	-0.962271	-0.268998	-0.040919	0.102024	-0.496127	0.862235
52721	5.092103	-0.508258	8.934816	-0.005889	-0.006619	0.004805	-0.252235	0.825468	0.504956	-0.962277	-0.268965	-0.040991	0.101979	-0.496247	0.862171
52722	5.073553	-0.515306	8.948124	-0.002093	-0.007493	0.004351	-0.252260	0.825417	0.505027	-0.962274	-0.268969	-0.041051	0.101952	-0.496330	0.862127
52723	5.078591	-0.497473	8.918783	-0.006502	-0.010322	0.005038	-0.252254	0.825336	0.505161	-0.962280	-0.268935	-0.041129	0.101910	-0.496481	0.862044
52724	5.079573	-0.498182	8.918184	-0.004428	-0.012190	0.003688	-0.252265	0.825264	0.505274	-0.962281	-0.268920	-0.041206	0.101872	-0.496610	0.861975
52725	5.095436	-0.510956	8.932762	-0.008776	-0.009961	0.003577	-0.252245	0.825190	0.505405	-0.962293	-0.268863	-0.041296	0.101807	-0.496765	0.861893
52726	5.100501	-0.493237	8.903395	-0.003813	-0.008487	0.003454	-0.252247	0.825140	0.505486	-0.962298	-0.268835	-0.041367	0.101759	-0.496862	0.861843
52727	5.095119	-0.510577	8.974205	-0.005071	-0.001410	0.007381	-0.252273	0.825097	0.505542	-0.962296	-0.268828	-0.041444	0.101708	-0.496936	0.861806
52728	5.082192	-0.500986	8.916536	-0.004570	-0.008640	0.000080	-0.252223	0.825062	0.505625	-0.962316	-0.268746	-0.041504	0.101641	-0.497040	0.861754
52729	5.082872	-0.501512	8.916118	-0.003610	-0.006981	0.006263	-0.252232	0.824995	0.505730	-0.962316	-0.268737	-0.041564	0.101619	-0.497156	0.861690
52730	5.067132	-0.488465	8.942742	-0.007053	-0.008968	0.004472	-0.252224	0.824945	0.505815	-0.962328	-0.268680	-0.041667	0.101529	-0.497269	0.861635
52731	5.106303	-0.476515	8.914797	-0.010497	-0.010955	0.002681	-0.252194	0.824868	0.505956	-0.962344	-0.268607	-0.041767	0.101451	-0.497437	0.861548
52732	5.082567	-0.524439	8.901223	-0.007052	-0.008969	0.004472	-0.252223	0.824807	0.506040	-0.962344	-0.268592	-0.041871	0.101383	-0.497545	0.861493
52733	5.100892	-0.517420	8.929276	-0.014641	-0.007220	0.005382	-0.252223	0.824741	0.506147	-0.962357	-0.268521	-0.042020	0.101255	-0.497693	0.861423
52734	5.063403	-0.531603	8.956147	-0.008219	-0.011318	0.004139	-0.252220	0.824678	0.506252	-0.962367	-0.268467	-0.042132	0.101167	-0.497827	0.861356
52735	5.128788	-0.474795	8.898925	-0.015253	-0.010924	0.005613	-0.252219	0.824593	0.506392	-0.962380	-0.268395	-0.042288	0.101042	-0.498007	0.861266
52736	5.148721	-0.469659	8.884695	-0.009881	-0.007253	0.002447	-0.252212	0.824551	0.506463	-0.962394	-0.268328	-0.042405	0.100933	-0.498112	0.861218
52737	5.162750	-0.504978	8.843965	-0.014477	-0.001410	0.005992	-0.252224	0.824512	0.506520	-0.962405	-0.268262	-0.042557	0.100792	-0.498211	0.861177
52738	5.144567	-0.514439	8.815690	-0.005851	0.012919	0.007477	-0.252290	0.824556	0.506416	-0.962400	-0.268263	-0.042665	0.100673	-0.498138	0.861233
52739	5.206664	-0.544555	8.848424	0.002573	0.025742	0.006151	-0.252331	0.824652	0.506239	-0.962394	-0.268284	-0.042670	0.100628	-0.497968	0.861337
52740	5.188698	-0.532211	8.835097	0.011716	0.043019	0.005999	-0.252400	0.824854	0.505876	-0.962380	-0.268344	-0.042619	0.100594	-0.497602	0.861553
52741	5.241385	-0.512081	8.796909	0.015205	0.064540	0.010458	-0.252521	0.825131	0.505363	-0.962350	-0.268463	-0.042537	0.100572	-0.497077	0.861858
52742	5.166540	-0.499584	8.797997	0.024742	0.088310	0.005055	-0.252632	0.825558	0.504609	-0.962323	-0.268586	-0.042369	0.100553	-0.496301	0.862307
52743	5.122437	-0.489875	8.843758	0.038054	0.102650	0.010852	-0.252795	0.826023	0.503767	-0.962270	-0.268821	-0.042092	0.100654	-0.495400	0.862814
52744	5.093617	-0.493623	8.863106	0.037453	0.113411	0.014521	-0.253045	0.826540	0.502793	-0.962199	-0.269112	-0.041862	0.100707	-0.494379	0.863393
52745	5.035330	-0.562542	8.898423	0.042155	0.112605	0.010170	-0.253212	0.827053	0.501863	-0.962143	-0.269361	-0.041545	0.100822	-0.493384	0.863949
52746	4.935743	-0.574811	8.900986	0.041299	0.102328	0.008379	-0.253349	0.827542	0.500987	-0.962097	-0.269571	-0.041250	0.100915	-0.492448	0.864471
52747	4.924980	-0.546097	9.045593	0.032424	0.077142	0.007088	-0.253451	0.827888	0.500364	-0.962058	-0.269746	-0.041002	0.101026	-0.491772	0.864844
52748	4.972886	-0.566951	8.939593	0.025403	0.063061	0.005094	-0.253533	0.828186	0.499828	-0.962031	-0.269868	-0.040827	0.101075	-0.491202	0.865162
52749	4.997727	-0.477476	8.982305	0.024540	0.048499	0.005536	-0.253592	0.828394	0.499454	-0.962005	-0.269991	-0.040639	0.101183	-0.490783	0.865387
52750	5.088953	-0.465811	8.861507	0.020554	0.047866	0.003164	-0.253616	0.828630	0.499050	-0.961996	-0.270045	-0.040496	0.101209	-0.490354	0.865627
52751	5.108672	-0.416684	8.877513	0.033674	0.060693	0.006170	-0.253692	0.828896	0.498569	-0.961958	-0.270218	-0.040233	0.101374	-0.489810	0.865916
52752	5.078095	-0.461176	8.867976	0.029696	0.074528	0.007215	-0.253808	0.829243	0.497932	-0.961921	-0.270380	-0.040031	0.101436	-0.489132	0.866291
52753	4.902609	-0.339176	9.126778	0.051337	0.062611	0.006477	-0.253890	0.829517	0.497435	-0.961865	-0.270642	-0.039615	0.101765	-0.488523	0.866596
52754	4.981816	-0.541776	8.888799	0.015561	0.051507	0.009682	-0.253983	0.829751	0.496997	-0.961843	-0.270728	-0.039548	0.101736	-0.488077	0.866851
52755	5.005536	-0.427651	9.028986	0.047950	0.052024	0.009102	-0.254080	0.829965	0.496589	-0.961783	-0.270994	-0.039174	0.102060	-0.487565	0.867101
52756	5.081855	-0.402782	8.893532	0.037842	0.057754	0.012122	-0.254218	0.830218	0.496096	-0.961728	-0.271228	-0.038925	0.102238	-0.487005	0.867395
52757	5.117831	-0.343900	8.938828	0.054578	0.072474	0.009668	-0.254341	0.830530	0.495511	-0.961660	-0.271531	-0.038497	0.102574	-0.486304	0.867748
52758	5.120060	-0.392232	8.931991	0.054166	0.089039	0.013879	-0.254541	0.830925	0.494745	-0.961579	-0.271871	-0.038114	0.102837	-0.485438	0.868202
52759	5.034147	-0.412537	8.990928	0.071190	0.100125	0.007784	-0.254675	0.831375	0.493920	-0.961498	-0.272238	-0.037532	0.103261	-0.484461	0.868697
52760	4.884363	-0.402273	9.017093	0.073498	0.099747	0.009236	-0.254843	0.831832	0.493063	-0.961408	-0.272634	-0.036957	0.103684	-0.483452	0.869209
52761	4.990234	-0.334099	9.038988	0.063931	0.089655	0.009412	-0.254983	0.832225	0.492327	-0.961330	-0.272979	-0.036445	0.104064	-0.482581	0.869647
52762	4.935662	-0.425349	8.975178	0.055628	0.082667	0.011319	-0.255119	0.832603	0.491617	-0.961263	-0.273265	-0.036035	0.104339	-0.481767	0.870066
52763	4.921133	-0.347152	9.003743	0.070320	0.084763	0.006813	-0.255229	0.832977	0.490924	-0.961185	-0.273618	-0.035454	0.104793	-0.480918	0.870481
52764	4.868211	-0.281199	9.058743	0.059550	0.072340	0.006675	-0.255337	0.833309	0.490305	-0.961118	-0.273913	-0.034987	0.105146	-0.480174	0.870849
52765	4.835385	-0.344914	9.035733	0.027648	0.056033	0.004368	-0.255393	0.833552	0.489863	-0.961090	-0.274039	-0.034765	0.105264	-0.479681	0.871106
52766	4.904046	-0.447270	9.004975	0.023153	0.028575	-0.003893	-0.255348	0.833704	0.489628	-0.961090	-0.274066	-0.034562	0.105376	-0.479402	0.871246
52767	4.971448	-0.481369	8.913469	0.016192	0.034032	-0.003320	-0.255308	0.833861	0.489380	-0.961093	-0.274073	-0.034402	0.105439	-0.479123	0.871392
52768	4.987286	-0.562516	8.949149	0.012948	0.042131	-0.006800	-0.255252	0.834085	0.489028	-0.961110	-0.274030	-0.034274	0.105421	-0.478759	0.871594
52769	4.987915	-0.519758	8.978111	0.022589	0.056476	-0.009243	-0.255179	0.834366	0.488587	-0.961122	-0.274018	-0.034030	0.105488	-0.478275	0.871851
52770	4.946292	-0.486973	9.076429	0.019530	0.061805	-0.007695	-0.255130	0.834687	0.488064	-0.961136	-0.273993	-0.033840	0.105480	-0.477729	0.872152
52771	4.884770	-0.506090	9.077443	0.013381	0.062283	-0.010172	-0.255053	0.834998	0.487571	-0.961160	-0.273929	-0.033671	0.105444	-0.477222	0.872434
52772	4.888688	-0.512140	9.180487	0.010036	0.062672	-0.000534	-0.255076	0.835303	0.487038	-0.961166	-0.273920	-0.033600	0.105343	-0.476695	0.872734
52773	4.888554	-0.493177	9.154291	0.006836	0.048498	-0.001481	-0.255068	0.835523	0.486663	-0.961174	-0.273897	-0.033530	0.105280	-0.476320	0.872946
52774	4.872521	-0.482821	9.098697	0.010710	0.039808	0.003986	-0.255108	0.835707	0.486328	-0.961168	-0.273926	-0.033474	0.105243	-0.475982	0.873135
52775	4.859527	-0.429358	9.111298	0.009886	0.034600	0.001447	-0.255114	0.835853	0.486073	-0.961166	-0.273942	-0.033393	0.105244	-0.475716	0.873280
52776	4.854305	-0.449273	9.099605	0.004330	0.025930	0.005430	-0.255144	0.835968	0.485858	-0.961166	-0.273944	-0.033400	0.105177	-0.475512	0.873399
52777	4.816038	-0.441326	9.140313	0.003380	0.011404	0.005977	-0.255169	0.835992	0.485804	-0.961159	-0.273967	-0.033397	0.105175	-0.475457	0.873429
52778	4.886504	-0.478316	9.047598	-0.016526	-0.008125	0.004388	-0.255153	0.835949	0.485887	-0.961183	-0.273860	-0.033581	0.104993	-0.475595	0.873376
52779	4.877291	-0.538926	9.049688	-0.017155	-0.007535	0.002406	-0.255124	0.835892	0.486000	-0.961207	-0.273755	-0.033740	0.104842	-0.475755	0.873307
52780	4.854078	-0.475831	9.044234	-0.012363	-0.011875	0.001765	-0.255092	0.835834	0.486117	-0.961230	-0.273660	-0.033875	0.104717	-0.475911	0.873237
52781	4.916371	-0.438339	9.016723	-0.022985	-0.018479	0.002193	-0.255049	0.835726	0.486325	-0.961260	-0.273526	-0.034084	0.104538	-0.476178	0.873113
52782	4.871877	-0.402420	9.011015	-0.018534	-0.015674	0.001525	-0.255017	0.835648	0.486475	-0.961288	-0.273408	-0.034272	0.104367	-0.476382	0.873022
52783	4.875872	-0.406380	8.967992	-0.017993	-0.017024	0.002106	-0.254976	0.835547	0.486671	-0.961313	-0.273296	-0.034437	0.104232	-0.476623	0.872907
52784	4.909065	-0.434179	8.956117	-0.017915	-0.020549	0.005742	-0.254974	0.835436	0.486863	-0.961330	-0.273211	-0.034639	0.104077	-0.476868	0.872791
52785	4.878984	-0.521147	8.957667	-0.007491	-0.019743	0.004753	-0.254955	0.835314	0.487081	-0.961338	-0.273172	-0.034725	0.104050	-0.477103	0.872666
52786	4.880584	-0.610619	9.003625	0.001103	-0.024967	0.003698	-0.254919	0.835191	0.487312	-0.961344	-0.273147	-0.034752	0.104083	-0.477334	0.872536
52787	4.885719	-0.500812	8.968558	0.011975	-0.026268	0.001889	-0.254866	0.835046	0.487588	-0.961339	-0.273177	-0.034654	0.104260	-0.477570	0.872386
52788	4.983210	-0.466780	8.942702	0.001450	-0.032116	0.003718	-0.254849	0.834880	0.487881	-0.961336	-0.273185	-0.034679	0.104329	-0.477855	0.872221
52789	4.831656	-0.519148	9.006195	0.003331	-0.007341	0.004883	-0.254844	0.834817	0.487991	-0.961333	-0.273199	-0.034671	0.104375	-0.477957	0.872160
52790	4.826259	-0.536146	9.076154	-0.022391	-0.037819	0.003078	-0.254791	0.834633	0.488333	-0.961364	-0.273059	-0.034900	0.104215	-0.478358	0.871959
52791	4.759358	-0.547007	9.056403	-0.011976	-0.041298	0.004316	-0.254745	0.834409	0.488740	-0.961378	-0.272995	-0.035023	0.104200	-0.478785	0.871726
52792	4.813592	-0.432982	9.135054	-0.042854	-0.074755	-0.000203	-0.254625	0.834055	0.489405	-0.961438	-0.272733	-0.035414	0.103940	-0.479550	0.871337
52793	4.869687	-0.342534	9.157289	-0.034698	-0.082165	0.001772	-0.254513	0.833642	0.490168	-0.961482	-0.272538	-0.035722	0.103810	-0.480379	0.870896
52794	4.858508	-0.420200	9.268409	-0.069215	-0.099532	0.002409	-0.254405	0.833157	0.491047	-0.961558	-0.272185	-0.036355	0.103366	-0.481419	0.870374
52795	4.761626	-0.562785	9.221070	-0.083076	-0.129668	0.004917	-0.254274	0.832504	0.492221	-0.961643	-0.271783	-0.037100	0.102892	-0.482775	0.869679
52796	4.645149	-0.484233	9.286969	-0.064324	-0.176577	0.008579	-0.254127	0.831633	0.493767	-0.961705	-0.271479	-0.037719	0.102679	-0.484444	0.868776
52797	4.574645	-0.236777	9.443312	-0.075562	-0.250950	0.018851	-0.254007	0.830348	0.495986	-0.961747	-0.271226	-0.038466	0.102584	-0.486783	0.867478
52798	4.369498	-0.435019	9.582971	-0.133072	-0.330192	0.025983	-0.253861	0.828675	0.498850	-0.961838	-0.270716	-0.039766	0.102094	-0.489908	0.865775
52799	2.363758	-0.573402	11.160724	-0.074642	-0.559485	-0.002016	-0.253224	0.825911	0.503735	-0.961931	-0.270289	-0.040398	0.102789	-0.494788	0.862913
52800	4.817505	-0.144637	9.623192	-0.585047	-0.991319	-0.002459	-0.252173	0.820965	0.512274	-0.962539	-0.267308	-0.045436	0.099634	-0.504541	0.857619
52801	3.820026	-0.831784	9.315293	-0.331017	-1.082051	-0.042996	-0.250640	0.815551	0.521590	-0.962988	-0.265227	-0.048039	0.099161	-0.514325	0.851843
52802	4.204454	-0.174599	10.119773	-0.428541	-1.305204	-0.067844	-0.248669	0.808944	0.532703	-0.963592	-0.262403	-0.051334	0.098257	-0.526074	0.844744
52803	4.466250	-0.789412	9.328160	-0.578191	-1.512570	-0.087182	-0.246312	0.801092	0.545510	-0.964382	-0.258577	-0.055718	0.096421	-0.539804	0.836250
52804	4.504714	-1.071656	9.331202	-0.381205	-1.638045	-0.134422	-0.243422	0.792482	0.559212	-0.965085	-0.255396	-0.058163	0.096727	-0.553845	0.826982
52805	4.570370	-0.868507	9.515377	-0.253660	-1.792481	-0.209771	-0.239602	0.782935	0.574112	-0.965851	-0.252277	-0.059052	0.098601	-0.568656	0.816645
52806	4.615236	-0.909899	9.292966	-0.172118	-1.944379	-0.296571	-0.234771	0.772473	0.590058	-0.966735	-0.248945	-0.058737	0.101519	-0.584219	0.805221
52807	5.200019	-1.159576	9.413783	-0.035088	-2.086680	-0.382720	-0.228859	0.761039	0.606996	-0.967670	-0.245760	-0.056718	0.106010	-0.600352	0.792679
52808	5.246262	-1.345813	9.447307	0.126503	-2.202900	-0.473770	-0.221846	0.748793	0.624574	-0.968609	-0.242913	-0.052820	0.112166	-0.616686	0.779177
52809	5.427093	-1.350659	9.191384	0.240448	-2.362247	-0.568031	-0.213558	0.735373	0.643133	-0.969578	-0.240159	-0.047353	0.119632	-0.633680	0.764289
52810	6.228323	-1.569815	9.286536	0.332412	-2.481827	-0.641437	-0.204240	0.720967	0.662188	-0.970515	-0.237584	-0.040665	0.128008	-0.650969	0.748233
52811	5.965307	-1.340358	9.140231	0.541978	-2.614452	-0.726895	-0.193652	0.705414	0.681828	-0.971250	-0.235933	-0.031759	0.138463	-0.668376	0.730823
52812	7.245609	-0.998116	9.837578	0.632436	-2.776768	-0.767691	-0.182170	0.688417	0.702066	-0.971791	-0.234827	-0.021896	0.149791	-0.686250	0.711776
52813	8.181068	-1.446960	10.339036	0.553722	-2.871888	-0.770697	-0.170178	0.670222	0.722386	-0.972300	-0.233401	-0.012506	0.160224	-0.704504	0.691377
52814	8.773711	-1.324476	10.033620	0.644439	-2.916281	-0.793081	-0.157612	0.651270	0.742298	-0.972542	-0.232718	-0.002321	0.171234	-0.722281	0.670066
52815	8.880946	-1.422155	10.216327	0.497953	-2.931629	-0.801778	-0.144608	0.631664	0.761635	-0.972887	-0.231175	0.007008	0.180498	-0.739972	0.647968
52816	8.852374	-1.656658	9.171436	0.529059	-2.945601	-0.856323	-0.130805	0.611594	0.780284	-0.973097	-0.229771	0.016969	0.189665	-0.757072	0.625196
52817	8.817188	-0.811493	9.550874	0.512835	-2.940964	-0.895679	-0.116334	0.591104	0.798162	-0.973218	-0.228271	0.027205	0.198278	-0.773620	0.601828
52818	8.564959	-1.196686	8.918493	0.257311	-2.964898	-0.944372	-0.101160	0.570065	0.815348	-0.973737	-0.224759	0.036332	0.203968	-0.790259	0.577830
52819	8.127707	-1.451178	8.565211	0.282255	-2.929989	-1.039988	-0.084924	0.548963	0.831521	-0.974129	-0.221154	0.046515	0.209430	-0.806059	0.553542
52820	7.779641	-1.084341	8.404166	0.237046	-2.887721	-1.127206	-0.067815	0.527945	0.846566	-0.974498	-0.216972	0.057247	0.213905	-0.821095	0.529196
52821	7.303890	-0.919658	8.098374	0.100338	-2.815331	-1.212890	-0.049881	0.507188	0.860391	-0.975002	-0.211488	0.068143	0.216524	-0.835484	0.505058
52822	6.130731	-1.045668	8.294553	-0.046982	-2.597629	-1.279021	-0.031764	0.487987	0.872273	-0.975636	-0.204686	0.078982	0.217084	-0.848512	0.482599
52823	4.761409	-2.163703	8.442952	-0.300523	-2.154466	-1.209049	-0.015260	0.471974	0.881480	-0.976574	-0.196280	0.088188	0.214639	-0.859485	0.463913
52824	3.301066	-4.469513	8.861138	-0.472196	-1.650353	-0.856911	-0.003377	0.459380	0.888233	-0.977666	-0.188168	0.093600	0.210135	-0.868080	0.449756
52825	10.032855	-6.301322	9.977371	-0.089731	-1.488339	-0.434372	0.004041	0.447181	0.894434	-0.977857	-0.185382	0.097102	0.209234	-0.875022	0.436530
52826	5.602323	-5.487817	11.382773	0.633892	-0.286046	0.142806	0.003249	0.444429	0.895808	-0.976527	-0.191521	0.098559	0.215369	-0.875102	0.433374
52827	1.888437	-4.798673	9.763817	0.320347	-0.018865	0.501801	-0.001558	0.443251	0.896396	-0.975841	-0.196516	0.095478	0.218476	-0.874591	0.432849
52828	0.793636	-4.188318	7.904849	0.545882	0.135740	0.743879	-0.009124	0.442974	0.896488	-0.974606	-0.204536	0.091146	0.223739	-0.872891	0.433592
52829	1.845084	-2.752883	9.065916	1.012110	0.247365	0.920300	-0.018597	0.443150	0.896254	-0.972170	-0.217397	0.087319	0.233538	-0.869688	0.434860
52830	2.442140	-1.652607	10.816342	0.673731	0.528539	1.080590	-0.030361	0.445367	0.894833	-0.970324	-0.227998	0.080555	0.239896	-0.865832	0.439072
52831	2.681346	-2.516559	10.193883	0.247587	0.891067	1.184868	-0.043947	0.450280	0.891805	-0.969293	-0.235407	0.071094	0.241949	-0.861296	0.446799
52832	2.471983	-2.220978	10.132568	0.506787	1.270789	1.214388	-0.058831	0.458309	0.886844	-0.967446	-0.245227	0.062553	0.246147	-0.854293	0.457816
52833	2.322601	-1.258300	10.360257	0.422843	1.608140	1.217883	-0.074533	0.468902	0.880100	-0.965594	-0.254433	0.053784	0.249146	-0.845810	0.471733
52834	2.646434	-0.938518	10.243102	0.329615	1.903224	1.196856	-0.090862	0.481866	0.871521	-0.963793	-0.262852	0.044849	0.250692	-0.835891	0.488302
52835	3.265763	-0.681114	10.437553	0.234181	2.216946	1.161602	-0.107554	0.497140	0.860978	-0.962063	-0.270446	0.035977	0.250734	-0.824446	0.507368
52836	3.647283	-0.837645	10.439931	0.087203	2.533546	1.139940	-0.124866	0.514806	0.848164	-0.960533	-0.276887	0.026652	0.248566	-0.811362	0.529062
52837	3.937956	-1.121309	10.080718	0.059641	2.820363	1.114441	-0.142477	0.534328	0.833183	-0.958906	-0.283176	0.017628	0.245357	-0.796432	0.552717
52838	4.206932	-1.154778	9.994022	0.068035	3.052124	1.100998	-0.160482	0.555295	0.816023	-0.957084	-0.289673	0.008896	0.241320	-0.779575	0.577952
52839	4.736299	-1.113401	10.039802	0.060349	3.253127	1.102126	-0.178740	0.577098	0.796875	-0.955082	-0.296341	0.000385	0.236369	-0.761013	0.604144
52840	5.301226	-1.071329	10.178580	0.020581	3.436159	1.126523	-0.197531	0.599594	0.775544	-0.952926	-0.303087	-0.008385	0.230030	-0.740692	0.631238
52841	5.678042	-1.202534	10.220128	-0.034561	3.598473	1.174852	-0.216802	0.622230	0.752214	-0.950583	-0.309974	-0.017565	0.222238	-0.718850	0.658684
52842	5.950745	-1.330356	10.155452	-0.081137	3.726670	1.225850	-0.236578	0.644813	0.726806	-0.947990	-0.317133	-0.027218	0.212944	-0.695445	0.686303
52843	6.327613	-1.312035	10.295670	-0.118256	3.815388	1.281092	-0.256581	0.666746	0.699726	-0.945091	-0.324687	-0.037169	0.202410	-0.670841	0.713444
52844	6.821610	-1.275432	10.542092	-0.185563	3.875332	1.346128	-0.276918	0.687893	0.670910	-0.941873	-0.332553	-0.047787	0.190241	-0.645145	0.739998
52845	7.298662	-1.124579	10.849742	-0.249979	3.932558	1.394804	-0.297199	0.708029	0.640599	-0.938342	-0.340669	-0.058805	0.176597	-0.618578	0.765620
52846	7.682708	-0.906262	11.089763	-0.343809	3.983063	1.420797	-0.317252	0.727291	0.608604	-0.934565	-0.348757	-0.070399	0.161054	-0.591115	0.790345
52847	7.930448	-0.593602	11.341800	-0.434373	4.009276	1.421893	-0.336583	0.745401	0.575404	-0.930595	-0.356680	-0.082294	0.143893	-0.563166	0.813719
52848	8.245255	-0.253708	11.617021	-0.539600	4.027834	1.403639	-0.355047	0.762513	0.540847	-0.926472	-0.364275	-0.094624	0.124866	-0.534676	0.835781
52849	8.583313	-0.299384	11.832601	-0.689276	4.017907	1.374232	-0.372305	0.778361	0.505512	-0.922279	-0.371235	-0.107642	0.103880	-0.506299	0.856079
52850	9.170159	-0.926855	11.959693	-0.781494	4.009225	1.347333	-0.388428	0.793093	0.469177	-0.917881	-0.377954	-0.121015	0.081351	-0.477654	0.874773
52851	9.786002	-1.116364	11.959428	-0.680169	3.982124	1.325119	-0.403323	0.806468	0.432366	-0.913130	-0.385363	-0.132997	0.059360	-0.448447	0.891836
52852	10.244648	-0.177419	11.993078	-0.705313	3.925246	1.345023	-0.417462	0.818308	0.395092	-0.907951	-0.393210	-0.144950	0.036741	-0.419236	0.907134
52853	10.323974	0.249974	10.721262	-0.821986	3.823080	1.347844	-0.430580	0.828441	0.358172	-0.902458	-0.400938	-0.157541	0.013091	-0.391069	0.920268
52854	2.497601	-1.686697	12.663222	-0.390565	3.021830	1.259731	-0.442055	0.834832	0.328091	-0.896980	-0.409915	-0.165516	-0.003689	-0.367458	0.930033
52855	16.347819	8.359572	-2.723332	0.169694	0.316503	0.062838	-0.442571	0.835729	0.325097	-0.896726	-0.411020	-0.164147	-0.003561	-0.364170	0.931326
52856	14.115678	1.748170	10.516021	-0.302827	2.208168	0.281533	-0.444871	0.842452	0.303915	-0.895449	-0.412289	-0.167895	-0.016143	-0.346833	0.937788
52857	22.538273	8.783189	7.171002	0.231990	1.160473	-0.047480	-0.444206	0.846609	0.293146	-0.895719	-0.412640	-0.165580	-0.019218	-0.336128	0.941620
52858	14.918972	3.160886	2.690691	-1.901565	1.525347	-0.176643	-0.442139	0.852442	0.279026	-0.895912	-0.404781	-0.183014	-0.043065	-0.330900	0.942683
52859	14.285180	1.511489	-3.549893	-1.488504	0.829711	-0.433200	-0.437794	0.856917	0.272084	-0.897067	-0.396120	-0.195856	-0.060054	-0.329823	0.942131
52860	13.679853	0.919644	-3.408207	-0.598996	0.610043	-0.938638	-0.428953	0.862608	0.268152	-0.900754	-0.386065	-0.198987	-0.068124	-0.326896	0.942602
52861	14.687874	1.366652	-0.301394	0.133172	-0.097096	-0.791946	-0.421839	0.865321	0.270688	-0.904229	-0.379617	-0.195606	-0.066504	-0.327278	0.942585
52862	13.753128	0.404235	-0.262151	-0.712020	-0.581902	-0.659720	-0.416248	0.865885	0.277455	-0.906511	-0.371525	-0.200519	-0.070545	-0.334981	0.939580
52863	11.874358	-0.980481	-2.468294	-0.806293	-1.057133	-0.605233	-0.411484	0.864500	0.288652	-0.908450	-0.363497	-0.206370	-0.073483	-0.347144	0.934929
52864	10.499414	-1.130052	-3.201487	-0.017233	-1.677319	-0.736158	-0.405941	0.861217	0.305805	-0.911454	-0.357054	-0.204362	-0.066811	-0.361687	0.929903
52865	9.536387	-0.395460	-2.108254	0.705411	-2.176438	-0.936961	-0.398636	0.856483	0.327913	-0.915656	-0.351574	-0.194858	-0.051607	-0.377933	0.924394
52866	1.538883	-4.953547	8.493239	1.851991	-1.653391	-0.764402	-0.392255	0.852866	0.344609	-0.919427	-0.352075	-0.175207	-0.028100	-0.385569	0.922251
52867	7.028044	-5.022505	15.997637	1.756327	-2.452433	-1.307280	-0.380538	0.847797	0.369367	-0.924762	-0.347818	-0.154396	-0.002424	-0.400330	0.916368
52868	9.351026	-3.292274	14.189567	0.753965	-2.199946	-0.851218	-0.372511	0.841762	0.390732	-0.927939	-0.343666	-0.144300	0.012815	-0.416329	0.909124
52869	16.789937	-5.179023	13.623344	1.253919	-2.158038	-1.222430	-0.360615	0.836789	0.411996	-0.932152	-0.338671	-0.128038	0.032390	-0.430215	0.902145
52870	14.721881	3.180068	10.541667	2.706407	-0.481196	-0.916213	-0.351812	0.837855	0.417404	-0.934188	-0.342529	-0.099829	0.059331	-0.425056	0.903221
52871	2.060410	1.892466	13.238937	0.932687	-0.637552	-0.413452	-0.347494	0.836547	0.423601	-0.935045	-0.343000	-0.089676	0.070277	-0.427247	0.901399
52872	7.070622	-0.140417	9.247981	0.493370	-0.831399	-0.328675	-0.343770	0.834101	0.431391	-0.935830	-0.342332	-0.083847	0.077742	-0.432533	0.898260
52873	5.722959	1.809061	11.108770	1.168127	-0.539308	-0.252900	-0.340908	0.832627	0.436479	-0.935729	-0.345238	-0.072266	0.090519	-0.433062	0.896807
52874	6.206190	0.450345	11.302844	0.155833	-0.565347	-0.116310	-0.339263	0.830569	0.441651	-0.935995	-0.344907	-0.070373	0.093879	-0.437258	0.894423
52875	5.983711	-1.678854	9.087380	0.105197	-0.395426	-0.067377	-0.338214	0.829057	0.445281	-0.936139	-0.344767	-0.069133	0.096203	-0.440227	0.892718
52876	4.844086	-0.791623	9.167930	0.487044	-0.317279	-0.101449	-0.336915	0.828010	0.448206	-0.936014	-0.346030	-0.064347	0.101812	-0.441206	0.891611
52877	4.932794	-0.167325	9.785633	0.327410	-0.318063	-0.082728	-0.335767	0.826881	0.451141	-0.935968	-0.346751	-0.061058	0.105946	-0.442755	0.890361
52878	4.943531	-0.857042	9.113770	0.213059	-0.304859	-0.068744	-0.334761	0.825767	0.453921	-0.935984	-0.347085	-0.058863	0.108942	-0.444568	0.889096
52879	5.239558	-0.660225	9.494890	0.310741	-0.282366	-0.074675	-0.333705	0.824760	0.456522	-0.935905	-0.347811	-0.055761	0.112794	-0.445869	0.887963
52880	5.490328	-0.226721	9.470711	0.226239	-0.195305	-0.053706	-0.332943	0.824075	0.458311	-0.935841	-0.348335	-0.053519	0.115542	-0.446725	0.887179
52881	4.889135	-0.567766	9.382773	0.162169	-0.166850	-0.044563	-0.332288	0.823475	0.459864	-0.935816	-0.348651	-0.051875	0.117614	-0.447585	0.886473
52882	4.646258	-0.735013	9.185449	0.136886	-0.157931	-0.036101	-0.331726	0.822893	0.461308	-0.935789	-0.348924	-0.050507	0.119400	-0.448442	0.885801
52883	4.723569	-0.780994	9.118456	0.154605	-0.158372	-0.038350	-0.331133	0.822306	0.462779	-0.935746	-0.349260	-0.048959	0.121370	-0.449255	0.885121
52884	4.407511	-0.732197	9.111319	0.157837	-0.170400	-0.045480	-0.330462	0.821698	0.464335	-0.935719	-0.349553	-0.047363	0.123391	-0.450138	0.884392
52885	4.770740	-0.568183	9.230925	0.151625	-0.213159	-0.041360	-0.329765	0.820872	0.466287	-0.935682	-0.349855	-0.045829	0.125513	-0.451409	0.883446
52886	4.824755	-0.515093	9.149722	0.137352	-0.213295	-0.041534	-0.329070	0.820053	0.468215	-0.935661	-0.350092	-0.044434	0.127480	-0.452713	0.882497
52887	4.777079	-0.531795	9.208802	0.103058	-0.212435	-0.033730	-0.328438	0.819198	0.470152	-0.935655	-0.350241	-0.043365	0.129142	-0.454143	0.881519
52888	5.262693	-0.270748	9.265388	0.139315	-0.229985	-0.022525	-0.327891	0.818231	0.472214	-0.935564	-0.350646	-0.042042	0.131180	-0.455572	0.880481
52889	5.041660	0.046771	9.578918	-0.007823	-0.154699	0.022474	-0.327853	0.817436	0.473615	-0.935516	-0.350753	-0.042216	0.131613	-0.456915	0.879720
52890	4.906389	-0.743311	8.909958	-0.066426	-0.172722	0.030163	-0.327871	0.816539	0.475147	-0.935520	-0.350652	-0.042953	0.131538	-0.458593	0.878857
52891	4.934961	-0.513603	9.179412	0.002422	-0.134516	0.018182	-0.327819	0.815847	0.476369	-0.935473	-0.350769	-0.043016	0.132001	-0.459732	0.878192
52892	4.899197	-0.520444	9.098971	-0.046868	-0.135927	0.022091	-0.327809	0.815143	0.477580	-0.935479	-0.350691	-0.043543	0.131989	-0.461039	0.877509
52893	4.937329	-0.504217	9.049694	-0.032793	-0.119477	0.022525	-0.327818	0.814503	0.478666	-0.935464	-0.350681	-0.043937	0.132072	-0.462178	0.876897
52894	4.898544	-0.529922	9.141974	-0.040821	-0.112530	0.019025	-0.327810	0.813914	0.479671	-0.935471	-0.350603	-0.044396	0.132040	-0.463272	0.876325
52895	4.980189	-0.559265	9.057911	-0.051552	-0.102847	0.022002	-0.327835	0.813350	0.480610	-0.935483	-0.350502	-0.044951	0.131894	-0.464339	0.875781
52896	4.936407	-0.490197	9.043094	-0.039154	-0.086542	0.022936	-0.327899	0.812866	0.481385	-0.935475	-0.350463	-0.045414	0.131792	-0.465214	0.875332
52897	4.919044	-0.491790	9.136192	-0.046207	-0.082317	0.020655	-0.327939	0.812400	0.482144	-0.935484	-0.350374	-0.045916	0.131628	-0.466095	0.874888
52898	4.920251	-0.542221	9.064985	-0.054957	-0.071095	0.018736	-0.327984	0.812002	0.482784	-0.935510	-0.350226	-0.046497	0.131328	-0.466900	0.874504
52899	4.893068	-0.539835	9.058600	-0.056734	-0.068522	0.014198	-0.327982	0.811621	0.483424	-0.935554	-0.350034	-0.047059	0.131021	-0.467704	0.874120
52900	4.864143	-0.561442	8.997649	-0.053078	-0.070346	0.012417	-0.327969	0.811247	0.484060	-0.935599	-0.349843	-0.047593	0.130735	-0.468495	0.873739
52901	4.876493	-0.521909	9.061055	-0.050869	-0.075216	0.008984	-0.327910	0.810852	0.484761	-0.935651	-0.349636	-0.048079	0.130505	-0.469333	0.873324
52902	4.903478	-0.523210	9.043472	-0.061148	-0.081962	0.011497	-0.327874	0.810426	0.485498	-0.935709	-0.349398	-0.048678	0.130182	-0.470246	0.872881
52903	4.883271	-0.574511	9.027056	-0.059213	-0.095370	0.012609	-0.327823	0.809922	0.486373	-0.935760	-0.349180	-0.049254	0.129940	-0.471275	0.872362
52904	4.945308	-0.584468	9.010953	-0.060779	-0.099192	0.009568	-0.327747	0.809419	0.487260	-0.935824	-0.348927	-0.049840	0.129677	-0.472324	0.871834
52905	4.927456	-0.564904	8.973616	-0.053618	-0.107102	0.008262	-0.327641	0.808873	0.488237	-0.935882	-0.348699	-0.050345	0.129525	-0.473428	0.871257
52906	4.979965	-0.611869	8.973632	-0.061434	-0.110045	0.009964	-0.327555	0.808315	0.489218	-0.935944	-0.348445	-0.050939	0.129291	-0.474566	0.870673
52907	5.007244	-0.637144	8.899697	-0.049644	-0.103788	0.012709	-0.327495	0.807767	0.490163	-0.935982	-0.348270	-0.051430	0.129165	-0.475627	0.870112
52908	4.973566	-0.573297	8.985499	-0.050616	-0.101062	0.011514	-0.327436	0.807244	0.491063	-0.936026	-0.348078	-0.051937	0.129003	-0.476654	0.869574
52909	4.985878	-0.656249	8.915782	-0.057071	-0.108879	0.013615	-0.327378	0.806666	0.492051	-0.936070	-0.347874	-0.052497	0.128824	-0.477781	0.868982
52910	4.958468	-0.646379	8.991767	-0.049750	-0.116037	0.013648	-0.327320	0.806061	0.493079	-0.936105	-0.347703	-0.053006	0.128719	-0.478924	0.868368
52911	5.000038	-0.684345	8.932999	-0.063941	-0.118994	0.011579	-0.327231	0.805439	0.494154	-0.936165	-0.347447	-0.053616	0.128508	-0.480154	0.867720
52912	4.932285	-0.707649	8.980733	-0.053536	-0.137918	0.018739	-0.327192	0.804709	0.495367	-0.936188	-0.347297	-0.054182	0.128439	-0.481485	0.866992
52913	4.982642	-0.701783	8.988071	-0.067170	-0.145899	0.013723	-0.327089	0.803946	0.496672	-0.936245	-0.347042	-0.054829	0.128286	-0.482941	0.866205
52914	4.865219	-0.651296	9.026540	-0.066601	-0.162400	0.013080	-0.326966	0.803114	0.498098	-0.936304	-0.346781	-0.055481	0.128174	-0.484511	0.865344
52915	4.840628	-0.663888	9.086683	-0.081126	-0.204894	0.011753	-0.326769	0.802066	0.499912	-0.936385	-0.346440	-0.056238	0.128083	-0.486486	0.864249
52916	4.585820	-0.733267	9.267733	-0.095362	-0.253954	0.004672	-0.326451	0.800810	0.502129	-0.936507	-0.345969	-0.057094	0.128000	-0.488886	0.862906
52917	4.784734	-0.722075	9.157983	-0.138665	-0.350544	0.004420	-0.326000	0.799063	0.505196	-0.936686	-0.345282	-0.058308	0.127843	-0.492218	0.861033
52918	4.650655	-0.689200	9.172854	-0.123027	-0.403819	0.002320	-0.325469	0.797058	0.508694	-0.936851	-0.344650	-0.059387	0.127986	-0.495899	0.858897
52919	4.631633	-0.563502	9.280367	-0.133762	-0.500235	0.000353	-0.324786	0.794552	0.513031	-0.937037	-0.343944	-0.060532	0.128358	-0.500389	0.856233
52920	4.582640	-0.552855	9.249794	-0.174720	-0.610048	0.005877	-0.324021	0.791460	0.518267	-0.937258	-0.343069	-0.062065	0.128680	-0.505860	0.852964
52921	4.619230	-0.662384	9.280803	-0.193094	-0.725183	0.000515	-0.323047	0.787754	0.524485	-0.937520	-0.342048	-0.063706	0.129214	-0.512296	0.849033
52922	4.533494	-0.810933	9.321581	-0.215526	-0.852027	-0.007217	-0.321840	0.783380	0.531729	-0.937838	-0.340837	-0.065501	0.129921	-0.519756	0.844378
52923	4.457109	-0.902297	9.452449	-0.239283	-0.993391	-0.024027	-0.320274	0.778241	0.540153	-0.938243	-0.339353	-0.067381	0.130864	-0.528375	0.838865
52924	4.412796	-1.009887	9.592902	-0.287272	-1.154067	-0.046662	-0.318286	0.772242	0.549852	-0.938783	-0.337417	-0.069535	0.131832	-0.538324	0.832363
52925	4.335070	-1.129455	9.856109	-0.318141	-1.334355	-0.090607	-0.315623	0.765272	0.561018	-0.939507	-0.334948	-0.071661	0.133072	-0.549699	0.824696
52926	4.288678	-1.363773	9.964644	-0.310632	-1.545307	-0.157193	-0.312040	0.757200	0.573828	-0.940431	-0.331983	-0.073324	0.134980	-0.562526	0.815687
52927	4.152323	-1.450000	10.278791	-0.127878	-1.761189	-0.270726	-0.307033	0.748050	0.588347	-0.941460	-0.329175	-0.072780	0.139227	-0.576250	0.805327
