// General information: 
//  MT Manager version: 2022.2.0 
//  XDA version: 2022.2.0 build 7381 rev 124627 built on 2023-07-19
// Device information: 
//  DeviceId: 00B4CBA7
//  ProductCode: MTW2-3A7G6
//  Firmware Version: 4.6.0
//  Hardware Version: 2.0.0
// Device settings: 
//  Filter Profile: human(46.1)
//  Option Flags: Orientation Smoother Disabled, Position/Velocity Smoother Disabled, Continuous Zero Rotation Update Disabled, AHS Disabled, ICC Disabled
// Coordinate system: ENU
PacketCounter	Acc_X	Acc_Y	Acc_Z	Gyr_X	Gyr_Y	Gyr_Z	Mat[1][1]	Mat[2][1]	Mat[3][1]	Mat[1][2]	Mat[2][2]	Mat[3][2]	Mat[1][3]	Mat[2][3]	Mat[3][3]
15701	9.693978	-0.113785	-2.179343	0.045803	0.040198	0.051032	0.112170	0.167402	0.979487	0.873242	-0.486997	-0.016771	0.474200	0.857211	-0.200810
15702	9.645673	0.064299	-2.282748	0.041103	0.038624	0.046331	0.112345	0.166860	0.979559	0.873381	-0.486732	-0.017256	0.473904	0.857467	-0.200414
15703	9.579621	0.133867	-2.275213	-0.006426	0.045105	0.058253	0.112593	0.166219	0.979640	0.873281	-0.486894	-0.017755	0.474029	0.857500	-0.199977
15704	9.567986	-0.040540	-2.288284	-0.057167	0.054023	0.059760	0.112811	0.165480	0.979740	0.872938	-0.487493	-0.018175	0.474609	0.857302	-0.199448
15705	9.605009	-0.189977	-2.236685	-0.064494	0.051291	0.065087	0.113089	0.164752	0.979830	0.872554	-0.488163	-0.018626	0.475249	0.857061	-0.198961
15706	9.627347	-0.259910	-2.130424	-0.068901	0.060785	0.064830	0.113318	0.163929	0.979942	0.872148	-0.488870	-0.019072	0.475938	0.856816	-0.198368
15707	9.657682	-0.258592	-2.038295	-0.064721	0.062907	0.062924	0.113521	0.163113	0.980055	0.871764	-0.489538	-0.019502	0.476593	0.856590	-0.197768
15708	9.641838	-0.150262	-1.896562	-0.064321	0.061353	0.066960	0.113764	0.162274	0.980166	0.871376	-0.490208	-0.019980	0.477243	0.856366	-0.197170
15709	9.618460	-0.167389	-1.923601	-0.091732	0.051688	0.066922	0.114054	0.161533	0.980254	0.870858	-0.491112	-0.020397	0.478120	0.855988	-0.196686
15710	9.560466	-0.227003	-1.853959	-0.097692	0.050745	0.061335	0.114298	0.160812	0.980345	0.870316	-0.492057	-0.020755	0.479048	0.855581	-0.196198
15711	9.585505	-0.219027	-1.817374	-0.087725	0.040889	0.059972	0.114577	0.160197	0.980413	0.869822	-0.492913	-0.021112	0.479876	0.855204	-0.195819
15712	9.574662	-0.268188	-1.751976	-0.086968	0.036591	0.065421	0.114923	0.159576	0.980473	0.869325	-0.493772	-0.021532	0.480694	0.854825	-0.195469
15713	9.544135	-0.238629	-1.719928	-0.060715	0.034209	0.064176	0.115270	0.158996	0.980527	0.868955	-0.494403	-0.021984	0.481280	0.854568	-0.195150
15714	9.609335	-0.181468	-1.659632	-0.064271	0.035172	0.063553	0.115605	0.158396	0.980585	0.868567	-0.495063	-0.022430	0.481899	0.854297	-0.194810
15715	9.585116	-0.295895	-1.634717	-0.092236	0.030280	0.062657	0.115957	0.157857	0.980630	0.868046	-0.495960	-0.022807	0.482753	0.853877	-0.194537
15716	9.529726	-0.375580	-1.581632	-0.078204	0.024359	0.059972	0.116312	0.157366	0.980667	0.867594	-0.496732	-0.023191	0.483479	0.853518	-0.194306
15717	9.543455	-0.308689	-1.506248	-0.077239	0.013901	0.058976	0.116710	0.156983	0.980681	0.867147	-0.497494	-0.023562	0.484185	0.853145	-0.194190
15718	9.494798	-0.336481	-1.570575	-0.091475	0.006947	0.056577	0.117119	0.156657	0.980684	0.866633	-0.498374	-0.023887	0.485005	0.852691	-0.194134
15719	9.543675	-0.467080	-1.635049	-0.095042	-0.006997	0.050236	0.117542	0.156494	0.980660	0.866109	-0.499273	-0.024138	0.485839	0.852195	-0.194227
15720	9.573145	-0.517558	-1.733164	-0.081409	-0.011341	0.043517	0.117927	0.156389	0.980630	0.865657	-0.500045	-0.024354	0.486550	0.851762	-0.194348
15721	9.603714	-0.463073	-1.851572	-0.058910	-0.013254	0.037004	0.118265	0.156344	0.980597	0.865322	-0.500614	-0.024545	0.487063	0.851435	-0.194493
15722	9.623239	-0.355110	-1.962429	-0.044422	-0.016599	0.027132	0.118533	0.156365	0.980561	0.865069	-0.501045	-0.024673	0.487447	0.851178	-0.194657
15723	9.543475	-0.253927	-2.087859	-0.054844	-0.014566	0.027259	0.118794	0.156380	0.980527	0.864765	-0.501564	-0.024777	0.487923	0.850869	-0.194814
15724	9.621558	-0.279030	-2.121265	-0.076678	-0.014919	0.022802	0.119017	0.156407	0.980496	0.864359	-0.502263	-0.024799	0.488587	0.850452	-0.194970
15725	9.630456	-0.443032	-2.144449	-0.085933	-0.006098	0.015868	0.119138	0.156407	0.980481	0.863916	-0.503028	-0.024730	0.489342	0.850000	-0.195052
15726	9.632720	-0.475234	-2.226835	-0.068618	0.000420	0.012281	0.119194	0.156357	0.980482	0.863561	-0.503641	-0.024665	0.489954	0.849646	-0.195055
15727	9.653748	-0.443431	-2.179848	-0.054655	0.015539	0.004751	0.119114	0.156229	0.980512	0.863283	-0.504123	-0.024549	0.490464	0.849384	-0.194918
15728	9.636632	-0.343759	-2.109053	-0.050173	0.012580	-0.000989	0.118996	0.156143	0.980540	0.863033	-0.504558	-0.024390	0.490931	0.849141	-0.194797
15729	9.641553	-0.349300	-2.053695	-0.054836	0.020679	-0.008419	0.118777	0.156037	0.980584	0.862770	-0.505020	-0.024144	0.491447	0.848886	-0.194609
15730	9.571594	-0.350360	-1.979935	-0.039089	0.022026	-0.008959	0.118544	0.155911	0.980632	0.862584	-0.505348	-0.023928	0.491830	0.848714	-0.194393
15731	9.541773	-0.308022	-1.914742	-0.035955	0.022714	-0.012347	0.118281	0.155809	0.980680	0.862417	-0.505644	-0.023682	0.492185	0.848556	-0.194180
15732	9.605935	-0.349481	-1.835446	-0.033712	0.021237	-0.015218	0.117998	0.155721	0.980728	0.862264	-0.505917	-0.023415	0.492520	0.848410	-0.193970
15733	9.555741	-0.331638	-1.782904	-0.020505	0.022635	-0.020130	0.117669	0.155659	0.980777	0.862182	-0.506070	-0.023122	0.492743	0.848330	-0.193755
15734	9.545568	-0.270411	-1.739389	-0.016990	0.012071	-0.016815	0.117417	0.155657	0.980808	0.862114	-0.506198	-0.022873	0.492923	0.848254	-0.193630
15735	9.559020	-0.204408	-1.698020	-0.000213	0.004016	-0.015791	0.117217	0.155730	0.980820	0.862127	-0.506186	-0.022662	0.492948	0.848248	-0.193592
15736	9.552526	-0.157119	-1.635967	-0.006635	-0.000707	-0.016877	0.117028	0.155837	0.980826	0.862109	-0.506226	-0.022432	0.493024	0.848204	-0.193591
15737	9.538255	-0.232412	-1.744898	-0.000083	-0.007536	-0.013717	0.116901	0.155997	0.980815	0.862120	-0.506215	-0.022242	0.493034	0.848181	-0.193666
15738	9.560930	-0.238533	-1.815147	0.016494	-0.014769	-0.014702	0.116800	0.156213	0.980793	0.862214	-0.506062	-0.022078	0.492894	0.848232	-0.193797
15739	9.576449	-0.205293	-1.857904	0.004281	-0.017056	-0.013538	0.116723	0.156453	0.980764	0.862247	-0.506015	-0.021898	0.492856	0.848217	-0.193964
15740	9.586740	-0.263164	-1.901448	0.007621	-0.017188	-0.014920	0.116632	0.156689	0.980737	0.862297	-0.505937	-0.021714	0.492789	0.848219	-0.194121
15741	9.570794	-0.202007	-1.949167	0.021592	-0.020176	-0.014426	0.116562	0.156960	0.980702	0.862415	-0.505742	-0.021559	0.492598	0.848286	-0.194315
15742	9.589716	-0.188676	-2.006199	0.022481	-0.018006	-0.014942	0.116474	0.157204	0.980674	0.862539	-0.505538	-0.021405	0.492403	0.848362	-0.194477
15743	9.581779	-0.154715	-2.014036	0.036449	-0.020985	-0.014449	0.116408	0.157482	0.980637	0.862731	-0.505216	-0.021278	0.492082	0.848502	-0.194675
15744	9.577969	-0.134343	-2.001470	0.026291	-0.009034	-0.012381	0.116298	0.157636	0.980625	0.862870	-0.504984	-0.021157	0.491865	0.848612	-0.194748
15745	9.604054	-0.252955	-1.998258	0.019969	-0.011520	-0.008220	0.116239	0.157802	0.980605	0.862973	-0.504811	-0.021059	0.491698	0.848684	-0.194858
15746	9.627754	-0.247331	-2.000199	0.035889	-0.002490	-0.012072	0.116100	0.157900	0.980606	0.863158	-0.504498	-0.020959	0.491404	0.848852	-0.194865
15747	9.609543	-0.154720	-1.964608	0.027120	-0.002680	-0.007046	0.116007	0.157985	0.980603	0.863295	-0.504267	-0.020887	0.491186	0.848974	-0.194886
15748	9.597361	-0.206064	-1.937334	0.009762	-0.000695	-0.008774	0.115888	0.158050	0.980607	0.863349	-0.504180	-0.020769	0.491120	0.849013	-0.194881
15749	9.593830	-0.185766	-1.923444	0.023370	-0.000912	-0.009677	0.115764	0.158133	0.980608	0.863470	-0.503976	-0.020664	0.490935	0.849118	-0.194886
15750	9.630864	-0.115824	-1.884298	0.012154	0.001188	-0.003788	0.115678	0.158158	0.980614	0.863530	-0.503877	-0.020599	0.490851	0.849173	-0.194861
15751	9.602396	-0.113713	-1.937234	-0.005061	-0.008379	-0.003428	0.115644	0.158273	0.980600	0.863504	-0.503925	-0.020500	0.490904	0.849123	-0.194945
15752	9.586068	-0.151519	-1.930430	-0.014597	-0.004191	-0.003814	0.115585	0.158343	0.980596	0.863432	-0.504053	-0.020382	0.491044	0.849034	-0.194979
15753	9.573840	-0.202781	-1.903471	-0.021069	-0.004746	0.000959	0.115571	0.158405	0.980587	0.863323	-0.504243	-0.020295	0.491239	0.848909	-0.195031
15754	9.621386	-0.192040	-1.906587	-0.015593	-0.003297	-0.000065	0.115540	0.158449	0.980584	0.863242	-0.504385	-0.020212	0.491389	0.848817	-0.195056
15755	9.582814	-0.124438	-1.883889	-0.015233	-0.006049	0.001331	0.115536	0.158519	0.980573	0.863161	-0.504527	-0.020140	0.491533	0.848719	-0.195119
15756	9.589759	-0.163697	-1.912406	-0.027594	-0.006416	0.003115	0.115547	0.158574	0.980563	0.863017	-0.504776	-0.020065	0.491783	0.848561	-0.195177
15757	9.548517	-0.219760	-1.972270	-0.025097	-0.007589	0.004870	0.115581	0.158640	0.980548	0.862884	-0.505007	-0.020008	0.492009	0.848411	-0.195257
15758	9.564601	-0.181297	-1.980280	-0.027752	-0.004473	0.003729	0.115588	0.158675	0.980542	0.862738	-0.505258	-0.019939	0.492263	0.848255	-0.195297
15759	9.580719	-0.142975	-1.988109	-0.027499	-0.004168	0.008356	0.115635	0.158694	0.980533	0.862589	-0.505514	-0.019911	0.492513	0.848099	-0.195343
15760	9.584743	-0.156459	-1.968353	-0.034949	0.000489	0.005717	0.115635	0.158677	0.980536	0.862405	-0.505829	-0.019847	0.492834	0.847914	-0.195335
15761	9.599883	-0.130783	-2.043539	-0.027966	0.001647	0.010196	0.115670	0.158638	0.980538	0.862251	-0.506092	-0.019837	0.493096	0.847765	-0.195325
15762	9.591834	-0.104246	-2.083062	-0.041002	0.007920	0.011818	0.115685	0.158526	0.980554	0.862031	-0.506469	-0.019821	0.493478	0.847561	-0.195246
15763	9.627497	-0.146103	-2.057505	-0.041265	0.012918	0.015667	0.115711	0.158364	0.980577	0.861804	-0.506853	-0.019838	0.493866	0.847361	-0.195127
15764	9.634806	-0.186311	-2.084184	-0.039078	0.015618	0.018650	0.115748	0.158153	0.980607	0.861585	-0.507223	-0.019893	0.494241	0.847179	-0.194972
15765	9.571349	-0.143599	-2.159523	-0.040159	0.023895	0.014478	0.115709	0.157904	0.980652	0.861365	-0.507597	-0.019901	0.494633	0.847002	-0.194746
15766	9.592719	-0.113151	-2.110390	-0.057385	0.029278	0.020625	0.115695	0.157567	0.980708	0.861052	-0.508125	-0.019940	0.495180	0.846748	-0.194460
15767	9.554276	-0.145057	-2.031105	-0.068874	0.031123	0.021899	0.115684	0.157219	0.980765	0.860681	-0.508753	-0.019965	0.495828	0.846435	-0.194170
15768	9.613658	-0.188173	-2.038609	-0.074147	0.038515	0.022257	0.115637	0.156795	0.980838	0.860283	-0.509426	-0.019988	0.496530	0.846109	-0.193797
15769	9.629959	-0.249135	-1.989331	-0.058239	0.037917	0.021105	0.115586	0.156394	0.980908	0.859964	-0.509962	-0.020027	0.497094	0.845860	-0.193438
15770	9.592299	-0.182590	-1.962139	-0.059856	0.041296	0.018848	0.115495	0.155964	0.980987	0.859639	-0.510508	-0.020044	0.497676	0.845610	-0.193034
15771	9.600636	-0.216414	-1.952229	-0.061427	0.045792	0.019215	0.115388	0.155506	0.981073	0.859306	-0.511068	-0.020059	0.498276	0.845356	-0.192599
15772	9.605486	-0.230652	-1.927965	-0.061594	0.047758	0.019841	0.115273	0.155017	0.981164	0.858971	-0.511630	-0.020083	0.498879	0.845106	-0.192132
15773	9.610310	-0.244884	-1.903714	-0.058105	0.045705	0.017846	0.115153	0.154567	0.981249	0.858656	-0.512159	-0.020091	0.499450	0.844868	-0.191697
15774	9.583332	-0.237371	-1.918188	-0.052025	0.044679	0.022851	0.115079	0.154088	0.981333	0.858365	-0.512644	-0.020164	0.499967	0.844662	-0.191259
15775	9.615886	-0.260376	-1.875326	-0.059331	0.047470	0.019605	0.114965	0.153614	0.981420	0.858041	-0.513185	-0.020187	0.500549	0.844419	-0.190806
15776	9.597211	-0.273729	-1.815905	-0.052688	0.046092	0.014226	0.114809	0.153168	0.981508	0.857756	-0.513662	-0.020175	0.501073	0.844210	-0.190354
15777	9.590834	-0.235148	-1.783817	-0.041386	0.036548	0.016240	0.114721	0.152803	0.981575	0.857525	-0.514046	-0.020200	0.501488	0.844043	-0.190004
15778	9.603587	-0.270773	-1.686621	-0.042996	0.039931	0.013987	0.114593	0.152410	0.981651	0.857288	-0.514440	-0.020204	0.501922	0.843873	-0.189611
15779	9.529453	-0.261483	-1.631658	-0.028496	0.032163	0.015243	0.114518	0.152087	0.981710	0.857123	-0.514714	-0.020245	0.502221	0.843765	-0.189302
15780	9.569762	-0.224961	-1.671030	-0.026584	0.024921	0.016254	0.114485	0.151810	0.981757	0.856966	-0.514974	-0.020302	0.502497	0.843656	-0.189052
15781	9.586095	-0.193464	-1.710201	-0.031143	0.011868	0.013517	0.114497	0.151666	0.981778	0.856788	-0.515268	-0.020321	0.502797	0.843502	-0.188942
15782	9.596598	-0.258943	-1.785441	-0.026858	0.015003	0.014265	0.114496	0.151482	0.981806	0.856632	-0.515526	-0.020359	0.503063	0.843377	-0.188790
15783	9.588732	-0.238434	-1.857807	-0.006511	0.014392	0.010630	0.114470	0.151332	0.981832	0.856582	-0.515608	-0.020396	0.503154	0.843354	-0.188650
15784	9.605019	-0.206762	-1.897517	-0.012943	0.009700	0.009509	0.114456	0.151218	0.981852	0.856501	-0.515742	-0.020413	0.503296	0.843293	-0.188548
15785	9.561370	-0.231169	-1.874547	-0.032282	0.009437	0.009389	0.114444	0.151116	0.981869	0.856322	-0.516039	-0.020389	0.503602	0.843130	-0.188462
15786	9.561208	-0.237523	-1.907672	-0.017546	0.010458	0.010012	0.114431	0.150992	0.981890	0.856217	-0.516213	-0.020403	0.503783	0.843046	-0.188353
15787	9.585548	-0.227287	-1.873801	-0.010606	0.010439	0.011889	0.114435	0.150869	0.981908	0.856145	-0.516330	-0.020445	0.503904	0.842996	-0.188252
15788	9.609252	-0.229003	-1.907897	-0.002808	0.011476	0.010637	0.114421	0.150733	0.981930	0.856114	-0.516381	-0.020492	0.503961	0.842989	-0.188130
15789	9.594317	-0.169362	-1.952221	0.005145	0.010570	0.008759	0.114399	0.150625	0.981950	0.856124	-0.516362	-0.020533	0.503949	0.843020	-0.188025
15790	9.601946	-0.203444	-1.945332	-0.002109	0.014475	0.008133	0.114349	0.150477	0.981978	0.856099	-0.516402	-0.020557	0.504002	0.843022	-0.187873
15791	9.589596	-0.256407	-1.917371	-0.004019	0.013195	0.012389	0.114343	0.150328	0.982002	0.856060	-0.516465	-0.020617	0.504070	0.843010	-0.187744
15792	9.569883	-0.276309	-1.894835	0.013369	0.019599	0.008886	0.114274	0.150133	0.982039	0.856112	-0.516376	-0.020677	0.503997	0.843099	-0.187539
15793	9.592543	-0.142119	-1.863868	0.016603	0.022504	0.010764	0.114208	0.149914	0.982081	0.856178	-0.516263	-0.020759	0.503900	0.843207	-0.187315
15794	9.589061	-0.129685	-1.881806	-0.003283	0.017312	0.012511	0.114181	0.149720	0.982113	0.856143	-0.516320	-0.020825	0.503967	0.843207	-0.187135
15795	9.611488	-0.230364	-1.863141	-0.012367	0.015772	0.010255	0.114145	0.149560	0.982142	0.856063	-0.516450	-0.020847	0.504110	0.843155	-0.186983
15796	9.595285	-0.269536	-1.854847	-0.003322	0.016202	0.009885	0.114101	0.149388	0.982173	0.856030	-0.516504	-0.020887	0.504176	0.843153	-0.186814
15797	9.575784	-0.283340	-1.798467	-0.001919	0.013657	0.010136	0.114074	0.149247	0.982198	0.856004	-0.516545	-0.020928	0.504226	0.843153	-0.186680
15798	9.572419	-0.264803	-1.783180	0.005333	0.009749	0.010768	0.114070	0.149125	0.982217	0.856014	-0.516527	-0.020992	0.504211	0.843185	-0.186574
15799	9.541582	-0.231996	-1.753049	0.017186	0.005083	0.010903	0.114093	0.149052	0.982225	0.856084	-0.516408	-0.021076	0.504087	0.843271	-0.186520
15800	9.613196	-0.218003	-1.755789	0.010440	0.004279	0.011023	0.114119	0.148975	0.982234	0.856119	-0.516346	-0.021153	0.504022	0.843322	-0.186465
15801	9.600487	-0.271091	-1.729129	0.004320	-0.004299	0.008642	0.114170	0.148992	0.982225	0.856126	-0.516333	-0.021191	0.503998	0.843328	-0.186506
15802	9.596581	-0.258420	-1.749358	0.010011	-0.003717	0.009648	0.114224	0.148990	0.982219	0.856160	-0.516273	-0.021253	0.503927	0.843365	-0.186530
15803	9.592643	-0.245658	-1.769778	0.007986	-0.008338	0.006018	0.114273	0.149055	0.982204	0.856189	-0.516224	-0.021272	0.503867	0.843383	-0.186610
15804	9.599266	-0.291197	-1.832936	-0.002343	-0.009275	0.002881	0.114298	0.149135	0.982189	0.856169	-0.516259	-0.021244	0.503895	0.843348	-0.186692
15805	9.567611	-0.269085	-1.872456	-0.000236	-0.008825	0.000629	0.114303	0.149231	0.982174	0.856162	-0.516273	-0.021196	0.503906	0.843322	-0.186777
15806	9.575051	-0.296338	-1.833734	0.002183	-0.012261	-0.002873	0.114293	0.149365	0.982154	0.856171	-0.516260	-0.021120	0.503893	0.843306	-0.186887
15807	9.587866	-0.238187	-1.827244	0.003822	-0.005983	-0.003250	0.114252	0.149458	0.982145	0.856189	-0.516234	-0.021041	0.503872	0.843306	-0.186945
15808	9.602691	-0.298561	-1.782715	0.009083	-0.013397	-0.003619	0.114241	0.149606	0.982124	0.856234	-0.516163	-0.020971	0.503798	0.843323	-0.187064
15809	9.618366	-0.271781	-1.858852	0.023743	-0.014615	-0.008242	0.114200	0.149797	0.982099	0.856358	-0.515960	-0.020880	0.503596	0.843414	-0.187202
15810	9.594888	-0.264648	-1.790948	0.022339	-0.012066	-0.008494	0.114141	0.149958	0.982082	0.856476	-0.515769	-0.020787	0.503410	0.843502	-0.187306
15811	9.603512	-0.198760	-1.838648	0.033875	-0.012837	-0.007111	0.114100	0.150128	0.982060	0.856649	-0.515484	-0.020727	0.503124	0.843646	-0.187424
15812	9.555585	-0.208632	-1.837641	0.021244	-0.013399	-0.009993	0.114035	0.150309	0.982040	0.856762	-0.515300	-0.020617	0.502946	0.843726	-0.187541
15813	9.637185	-0.257478	-1.918611	0.024595	-0.013548	-0.011368	0.113962	0.150506	0.982019	0.856894	-0.515086	-0.020498	0.502739	0.843821	-0.187668
15814	9.633136	-0.243304	-1.939594	0.031180	-0.010790	-0.010868	0.113876	0.150670	0.982004	0.857058	-0.514817	-0.020398	0.502478	0.843957	-0.187758
15815	9.605676	-0.228101	-1.924844	0.018630	-0.000596	-0.013763	0.113717	0.150770	0.982007	0.857162	-0.514650	-0.020244	0.502337	0.844040	-0.187759
15816	9.629529	-0.222063	-1.926047	0.009782	-0.001858	-0.011385	0.113582	0.150860	0.982008	0.857219	-0.514560	-0.020099	0.502270	0.844079	-0.187765
15817	9.636915	-0.254252	-1.920396	0.012939	-0.001181	-0.014765	0.113417	0.150971	0.982010	0.857295	-0.514440	-0.019925	0.502177	0.844132	-0.187773
15818	9.609253	-0.244629	-1.939125	0.025174	0.001053	-0.015890	0.113229	0.151060	0.982018	0.857434	-0.514214	-0.019764	0.501982	0.844254	-0.187748
15819	9.629648	-0.218788	-1.925827	0.022522	0.004201	-0.017022	0.113017	0.151137	0.982031	0.857562	-0.514007	-0.019586	0.501811	0.844366	-0.187701
15820	9.636592	-0.262773	-1.987368	0.024311	0.008541	-0.018030	0.112773	0.151174	0.982053	0.857699	-0.513785	-0.019402	0.501631	0.844495	-0.187603
15821	9.633329	-0.242144	-1.972005	0.033970	0.016159	-0.015035	0.112519	0.151139	0.982088	0.857882	-0.513486	-0.019265	0.501377	0.844683	-0.187437
15822	9.612063	-0.129297	-1.919774	0.032290	0.017303	-0.022546	0.112192	0.151125	0.982127	0.858064	-0.513190	-0.019052	0.501138	0.844866	-0.187250
15823	9.647334	-0.175605	-1.927005	0.018061	0.026495	-0.016567	0.111872	0.151011	0.982181	0.858169	-0.513021	-0.018870	0.501030	0.844988	-0.186986
15824	9.624502	-0.167645	-1.855753	0.023714	0.017448	-0.012911	0.111627	0.150946	0.982219	0.858297	-0.512811	-0.018736	0.500865	0.845127	-0.186800
15825	9.625482	-0.154778	-1.785579	0.030676	0.027103	-0.013676	0.111331	0.150811	0.982274	0.858460	-0.512543	-0.018605	0.500652	0.845314	-0.186527
15826	9.637209	-0.200813	-1.757408	0.021095	0.021717	-0.011419	0.111077	0.150702	0.982319	0.858573	-0.512358	-0.018481	0.500514	0.845445	-0.186300
15827	9.630139	-0.166893	-1.761385	0.027253	0.016492	-0.012273	0.110845	0.150650	0.982353	0.858718	-0.512120	-0.018358	0.500317	0.845599	-0.186132
15828	9.626584	-0.152840	-1.779795	0.032238	0.014103	-0.008754	0.110652	0.150591	0.982384	0.858884	-0.511845	-0.018280	0.500075	0.845776	-0.185977
15829	9.584030	-0.083831	-1.843122	0.018956	0.011623	-0.006513	0.110494	0.150551	0.982408	0.858980	-0.511686	-0.018198	0.499944	0.845879	-0.185859
15830	9.588063	-0.096988	-1.822193	-0.002307	0.008905	-0.005036	0.110360	0.150517	0.982428	0.858969	-0.511708	-0.018092	0.499993	0.845872	-0.185762
15831	9.597975	-0.247806	-1.776760	-0.009239	0.008901	-0.006924	0.110212	0.150502	0.982447	0.858925	-0.511787	-0.017954	0.500101	0.845827	-0.185674
15832	9.621907	-0.241982	-1.777449	0.003120	-0.000437	-0.006001	0.110115	0.150552	0.982450	0.858942	-0.511762	-0.017849	0.500093	0.845833	-0.185668
15833	9.618383	-0.221844	-1.763038	0.004588	0.007794	-0.005772	0.109982	0.150540	0.982467	0.858966	-0.511724	-0.017748	0.500081	0.845858	-0.185589
15834	9.539747	-0.197484	-1.731254	0.011961	0.000850	-0.008367	0.109859	0.150591	0.982473	0.859030	-0.511621	-0.017636	0.499998	0.845911	-0.185569
15835	9.587427	-0.186557	-1.733489	0.006630	-0.002523	-0.007991	0.109759	0.150677	0.982471	0.859067	-0.511564	-0.017516	0.499957	0.845931	-0.185591
15836	9.574835	-0.237771	-1.706869	0.004490	-0.004096	-0.008365	0.109661	0.150771	0.982468	0.859093	-0.511524	-0.017391	0.499933	0.845938	-0.185620
15837	9.587738	-0.173091	-1.666544	0.017742	-0.011258	-0.007946	0.109605	0.150931	0.982449	0.859185	-0.511372	-0.017293	0.499787	0.846001	-0.185726
15838	9.587015	-0.184730	-1.735961	0.022974	-0.019770	-0.010913	0.109563	0.151169	0.982417	0.859307	-0.511172	-0.017176	0.499588	0.846080	-0.185906
15839	9.590521	-0.197615	-1.718000	0.009696	-0.022260	-0.008672	0.109555	0.151426	0.982379	0.859360	-0.511086	-0.017056	0.499497	0.846086	-0.186121
15840	9.582376	-0.170189	-1.760314	0.024229	-0.028890	-0.004749	0.109611	0.151710	0.982329	0.859481	-0.510884	-0.017003	0.499277	0.846157	-0.186391
15841	9.610751	-0.079768	-1.797049	0.014998	-0.028527	-0.006388	0.109654	0.152008	0.982278	0.859559	-0.510757	-0.016915	0.499134	0.846180	-0.186666
15842	9.597684	-0.131300	-1.773146	-0.012446	-0.035686	-0.001388	0.109773	0.152333	0.982214	0.859493	-0.510871	-0.016826	0.499221	0.846053	-0.187009
15843	9.659117	-0.199158	-1.834870	-0.010505	-0.033282	-0.003020	0.109869	0.152653	0.982154	0.859439	-0.510965	-0.016723	0.499294	0.845938	-0.187335
15844	9.626632	-0.183201	-1.910670	0.014333	-0.030390	-0.001257	0.109963	0.152933	0.982100	0.859506	-0.510853	-0.016686	0.499156	0.845956	-0.187621
15845	9.635224	-0.105658	-1.892637	0.012191	-0.031958	-0.001627	0.110064	0.153235	0.982041	0.859564	-0.510757	-0.016640	0.499034	0.845959	-0.187931
15846	9.605226	-0.208117	-1.929350	-0.005300	-0.026836	-0.000153	0.110149	0.153478	0.981994	0.859533	-0.510811	-0.016577	0.499069	0.845882	-0.188185
15847	9.591302	-0.278294	-2.006756	0.012567	-0.025074	-0.002904	0.110205	0.153728	0.981948	0.859594	-0.510711	-0.016519	0.498953	0.845897	-0.188427
15848	9.632000	-0.216354	-1.915399	0.025995	-0.024514	-0.005780	0.110230	0.153981	0.981906	0.859725	-0.510493	-0.016459	0.498721	0.845983	-0.188653
15849	9.619925	-0.175558	-1.976931	0.020018	-0.011598	-0.008209	0.110173	0.154145	0.981887	0.859829	-0.510319	-0.016363	0.498553	0.846058	-0.188762
15850	9.599755	-0.193997	-1.957075	0.026214	-0.015690	-0.006438	0.110149	0.154326	0.981861	0.859962	-0.510098	-0.016298	0.498330	0.846158	-0.188901
15851	9.630803	-0.221778	-1.953709	0.021420	-0.014128	-0.007946	0.110107	0.154510	0.981837	0.860072	-0.509915	-0.016207	0.498149	0.846235	-0.189034
15852	9.610697	-0.240175	-1.933591	0.042312	-0.008611	-0.010846	0.110009	0.154654	0.981825	0.860290	-0.509551	-0.016129	0.497795	0.846428	-0.189102
15853	9.564242	-0.145712	-1.950873	0.051180	-0.006185	-0.010603	0.109904	0.154783	0.981816	0.860551	-0.509111	-0.016069	0.497366	0.846669	-0.189152
15854	9.604272	-0.101895	-1.959845	0.030780	-0.007884	-0.012222	0.109791	0.154928	0.981806	0.860712	-0.508841	-0.015955	0.497112	0.846804	-0.189215
15855	9.548349	-0.170953	-1.877262	0.031333	-0.011463	-0.008824	0.109728	0.155093	0.981787	0.860873	-0.508572	-0.015875	0.496848	0.846936	-0.189320
15856	9.564525	-0.132418	-1.885165	0.041983	-0.004697	-0.009608	0.109622	0.155198	0.981782	0.861087	-0.508212	-0.015808	0.496500	0.847133	-0.189350
15857	9.598984	-0.186106	-1.928832	0.035406	-0.007477	-0.010092	0.109528	0.155335	0.981771	0.861268	-0.507907	-0.015723	0.496206	0.847290	-0.189415
15858	9.602123	-0.211836	-1.977163	0.042867	-0.002511	-0.010117	0.109406	0.155424	0.981771	0.861487	-0.507539	-0.015654	0.495854	0.847495	-0.189423
15859	9.618774	-0.167151	-1.950525	0.045001	-0.000925	-0.009749	0.109283	0.155504	0.981772	0.861716	-0.507152	-0.015590	0.495483	0.847712	-0.189423
15860	9.575932	-0.092529	-1.981471	0.037220	-0.001997	-0.008490	0.109172	0.155580	0.981772	0.861904	-0.506834	-0.015526	0.495180	0.847888	-0.189427
15861	9.586349	-0.157811	-2.057139	0.029817	0.003797	-0.008526	0.109036	0.155614	0.981782	0.862056	-0.506578	-0.015446	0.494945	0.848035	-0.189384
15862	9.617837	-0.185614	-2.051691	0.029500	0.007684	-0.007299	0.108888	0.155602	0.981800	0.862205	-0.506327	-0.015378	0.494719	0.848187	-0.189293
15863	9.599419	-0.099420	-2.048792	0.033215	0.014427	-0.009968	0.108687	0.155553	0.981830	0.862375	-0.506039	-0.015290	0.494466	0.848367	-0.189145
15864	9.576316	-0.097924	-2.011913	0.021222	0.020941	-0.009514	0.108454	0.155439	0.981874	0.862485	-0.505855	-0.015185	0.494325	0.848498	-0.188926
15865	9.611802	-0.145323	-2.018462	0.016038	0.030558	-0.003950	0.108225	0.155224	0.981933	0.862564	-0.505721	-0.015124	0.494237	0.848617	-0.188622
15866	9.588641	-0.150413	-2.014111	0.023452	0.034412	-0.006597	0.107951	0.154981	0.982002	0.862682	-0.505522	-0.015052	0.494091	0.848780	-0.188271
15867	9.578222	-0.097505	-2.002837	0.026673	0.037355	-0.004735	0.107681	0.154712	0.982074	0.862815	-0.505298	-0.015002	0.493919	0.848963	-0.187899
15868	9.615510	-0.034147	-1.993628	0.002472	0.041559	-0.003163	0.107401	0.154390	0.982155	0.862825	-0.505282	-0.014924	0.493961	0.849031	-0.187480
15869	9.611830	-0.112547	-1.921998	-0.012471	0.046570	0.002666	0.107151	0.154005	0.982243	0.862755	-0.505403	-0.014874	0.494138	0.849029	-0.187023
15870	9.619989	-0.151935	-1.945310	-0.012674	0.047399	0.000660	0.106875	0.153615	0.982334	0.862686	-0.505522	-0.014805	0.494318	0.849029	-0.186549
15871	9.628736	-0.178435	-1.900495	-0.024514	0.051980	0.000487	0.106578	0.153195	0.982432	0.862560	-0.505741	-0.014711	0.494602	0.848974	-0.186041
15872	9.621201	-0.242973	-1.848140	-0.024914	0.053634	-0.003525	0.106235	0.152773	0.982535	0.862435	-0.505958	-0.014579	0.494894	0.848921	-0.185508
15873	9.615091	-0.196617	-1.781359	-0.022232	0.051647	0.000250	0.105938	0.152358	0.982631	0.862320	-0.506157	-0.014487	0.495159	0.848877	-0.185003
15874	9.616389	-0.183517	-1.708689	-0.025458	0.048724	-0.001613	0.105636	0.151968	0.982724	0.862190	-0.506381	-0.014373	0.495449	0.848813	-0.184517
15875	9.582175	-0.135343	-1.695345	-0.030588	0.044521	0.000779	0.105379	0.151610	0.982807	0.862031	-0.506654	-0.014271	0.495780	0.848714	-0.184083
15876	9.590761	-0.155318	-1.617270	-0.030465	0.041464	-0.002454	0.105105	0.151286	0.982886	0.861877	-0.506920	-0.014140	0.496105	0.848614	-0.183670
15877	9.594729	-0.186790	-1.695573	-0.028575	0.033098	-0.004025	0.104862	0.151049	0.982949	0.861734	-0.507167	-0.013995	0.496405	0.848508	-0.183347
15878	9.599396	-0.186938	-1.604654	-0.031570	0.030472	-0.001266	0.104653	0.150812	0.983007	0.861574	-0.507443	-0.013873	0.496728	0.848385	-0.183041
15879	9.579809	-0.204745	-1.581189	-0.024063	0.020480	-0.007068	0.104447	0.150698	0.983047	0.861455	-0.507649	-0.013707	0.496977	0.848283	-0.182841
15880	9.600222	-0.178899	-1.566756	-0.020891	0.012635	-0.005139	0.104293	0.150632	0.983073	0.861351	-0.507829	-0.013567	0.497189	0.848186	-0.182710
15881	9.548873	-0.174948	-1.583973	-0.021129	0.002676	-0.007092	0.104174	0.150668	0.983080	0.861248	-0.508007	-0.013406	0.497392	0.848073	-0.182684
15882	9.576262	-0.194677	-1.633060	-0.015851	-0.004713	-0.007413	0.104087	0.150762	0.983075	0.861172	-0.508141	-0.013252	0.497543	0.847976	-0.182722
15883	9.583672	-0.226921	-1.627760	-0.008438	-0.010520	-0.007360	0.104031	0.150911	0.983058	0.861133	-0.508211	-0.013112	0.497622	0.847908	-0.182824
15884	9.564587	-0.146256	-1.661216	-0.001057	-0.017448	-0.009929	0.103985	0.151125	0.983030	0.861133	-0.508215	-0.012961	0.497632	0.847867	-0.182986
15885	9.584388	-0.120516	-1.650308	-0.008123	-0.024070	-0.005916	0.104009	0.151382	0.982988	0.861094	-0.508284	-0.012835	0.497694	0.847780	-0.183220
15886	9.615256	-0.147666	-1.648228	-0.009251	-0.036200	-0.007362	0.104079	0.151742	0.982925	0.861050	-0.508361	-0.012694	0.497755	0.847669	-0.183567
15887	9.614515	-0.153070	-1.685621	-0.004821	-0.034976	-0.007229	0.104147	0.152098	0.982863	0.861029	-0.508401	-0.012562	0.497778	0.847581	-0.183909
15888	9.625124	-0.205154	-1.697122	0.011421	-0.039458	-0.009538	0.104214	0.152497	0.982794	0.861090	-0.508300	-0.012438	0.497658	0.847570	-0.184285
15889	9.601418	-0.117512	-1.787125	0.024313	-0.043803	-0.010483	0.104297	0.152943	0.982716	0.861217	-0.508088	-0.012327	0.497421	0.847617	-0.184709
15890	9.613040	-0.065222	-1.818431	0.014266	-0.043395	-0.006378	0.104411	0.153359	0.982639	0.861289	-0.507968	-0.012239	0.497272	0.847614	-0.185124
15891	9.599415	-0.129053	-1.863495	0.011041	-0.046317	-0.008244	0.104526	0.153816	0.982555	0.861347	-0.507872	-0.012126	0.497147	0.847589	-0.185575
15892	9.622193	-0.129629	-1.902772	0.014096	-0.041432	-0.005760	0.104636	0.154212	0.982482	0.861418	-0.507754	-0.012044	0.497001	0.847588	-0.185970
15893	9.620956	-0.141897	-1.974464	0.013770	-0.037538	-0.004528	0.104739	0.154575	0.982414	0.861485	-0.507641	-0.011973	0.496863	0.847589	-0.186334
15894	9.647665	-0.156054	-1.993318	0.016187	-0.040955	-0.008007	0.104827	0.154978	0.982341	0.861569	-0.507502	-0.011873	0.496700	0.847599	-0.186724
15895	9.611413	-0.120630	-2.055414	0.017155	-0.026890	-0.005956	0.104864	0.155258	0.982292	0.861655	-0.507357	-0.011794	0.496542	0.847634	-0.186982
15896	9.630818	-0.101749	-2.078855	0.021065	-0.020959	-0.006609	0.104864	0.155485	0.982257	0.861761	-0.507179	-0.011717	0.496358	0.847699	-0.187176
15897	9.634118	-0.121172	-2.094434	0.016838	-0.013355	-0.007408	0.104823	0.155658	0.982234	0.861847	-0.507035	-0.011624	0.496218	0.847754	-0.187302
15898	9.641823	-0.147718	-2.055196	0.018131	-0.003182	-0.006591	0.104735	0.155734	0.982231	0.861939	-0.506881	-0.011541	0.496077	0.847832	-0.187321
15899	9.610983	-0.107111	-1.992246	0.024536	0.001565	-0.005486	0.104636	0.155771	0.982236	0.862060	-0.506675	-0.011481	0.495886	0.847948	-0.187300
15900	9.620016	-0.029402	-1.971094	0.026188	0.008976	-0.003277	0.104516	0.155727	0.982255	0.862188	-0.506459	-0.011446	0.495689	0.848085	-0.187199
15901	9.596397	-0.034746	-1.968958	0.015755	0.011008	-0.003177	0.104391	0.155672	0.982277	0.862264	-0.506331	-0.011392	0.495584	0.848171	-0.187086
15902	9.631971	-0.076218	-1.942854	0.004514	0.013108	0.002675	0.104302	0.155563	0.982304	0.862278	-0.506308	-0.011376	0.495578	0.848206	-0.186947
15903	9.588793	-0.094138	-1.885280	0.002217	0.013468	0.002920	0.104216	0.155456	0.982330	0.862280	-0.506304	-0.011356	0.495593	0.848227	-0.186812
15904	9.600106	-0.153614	-1.925333	-0.000923	0.022421	0.003610	0.104089	0.155263	0.982374	0.862266	-0.506328	-0.011338	0.495643	0.848248	-0.186581
15905	9.621182	-0.116511	-1.842626	0.008459	0.020163	0.004640	0.103985	0.155092	0.982412	0.862299	-0.506272	-0.011347	0.495608	0.848313	-0.186380
15906	9.621599	-0.117052	-1.840418	0.003345	0.025592	0.004348	0.103849	0.154868	0.982462	0.862306	-0.506261	-0.011344	0.495625	0.848361	-0.186118
15907	9.613625	-0.182676	-1.790732	0.001209	0.024011	0.003979	0.103720	0.154667	0.982507	0.862302	-0.506267	-0.011334	0.495658	0.848394	-0.185879
15908	9.559286	-0.147931	-1.724464	0.010590	0.021754	0.005013	0.103608	0.154472	0.982550	0.862344	-0.506195	-0.011351	0.495609	0.848472	-0.185654
15909	9.583624	-0.136895	-1.690009	0.009101	0.012397	0.002192	0.103522	0.154379	0.982573	0.862381	-0.506132	-0.011337	0.495562	0.848527	-0.185529
15910	9.559970	-0.142683	-1.687893	0.016546	0.007733	0.004865	0.103479	0.154304	0.982590	0.862453	-0.506010	-0.011364	0.495446	0.848613	-0.185441
15911	9.587555	-0.157858	-1.702342	0.014573	0.004207	0.003883	0.103448	0.154270	0.982598	0.862514	-0.505905	-0.011377	0.495346	0.848682	-0.185395
15912	9.572668	-0.085805	-1.680495	0.012762	-0.001265	0.002288	0.103427	0.154285	0.982598	0.862570	-0.505811	-0.011372	0.495254	0.848735	-0.185396
15913	9.563669	-0.164044	-1.701492	0.001078	-0.008293	0.004185	0.103460	0.154357	0.982583	0.862566	-0.505817	-0.011363	0.495254	0.848718	-0.185475
15914	9.598086	-0.224689	-1.779233	0.017111	-0.011933	-0.000134	0.103471	0.154474	0.982564	0.862645	-0.505682	-0.011342	0.495113	0.848777	-0.185580
15915	9.570379	-0.210504	-1.765342	0.023997	-0.013009	-0.000862	0.103484	0.154611	0.982541	0.862759	-0.505489	-0.011326	0.494912	0.848868	-0.185702
15916	9.582712	-0.152836	-1.760079	0.026650	-0.016128	0.000291	0.103519	0.154762	0.982513	0.862885	-0.505273	-0.011326	0.494685	0.848969	-0.185847
15917	9.582154	-0.159808	-1.795662	0.025959	-0.019117	0.002814	0.103594	0.154932	0.982479	0.863006	-0.505066	-0.011350	0.494459	0.849061	-0.186029
15918	9.598273	-0.115557	-1.771053	0.028339	-0.023663	-0.003278	0.103635	0.155165	0.982438	0.863144	-0.504831	-0.011319	0.494209	0.849158	-0.186248
15919	9.550225	-0.126336	-1.770922	0.030668	-0.022890	-0.000901	0.103695	0.155386	0.982396	0.863293	-0.504576	-0.011315	0.493935	0.849269	-0.186466
15920	9.606647	-0.032080	-1.721191	0.033121	-0.025185	-0.001754	0.103757	0.155624	0.982352	0.863453	-0.504302	-0.011308	0.493642	0.849388	-0.186699
15921	9.600830	-0.130117	-1.758326	0.025140	-0.035098	0.000187	0.103888	0.155943	0.982288	0.863572	-0.504099	-0.011304	0.493407	0.849451	-0.187038
15922	9.595458	-0.215376	-1.728171	0.032179	-0.038103	-0.001153	0.104019	0.156288	0.982219	0.863727	-0.503834	-0.011302	0.493109	0.849544	-0.187398
15923	9.563051	-0.194464	-1.770930	0.054227	-0.043830	-0.003074	0.104164	0.156697	0.982138	0.863993	-0.503377	-0.011321	0.492612	0.849740	-0.187819
15924	9.566950	-0.110434	-1.808864	0.054577	-0.046567	-0.001669	0.104331	0.157117	0.982054	0.864258	-0.502921	-0.011356	0.492111	0.849932	-0.188260
15925	9.569707	-0.131005	-1.827250	0.046959	-0.049591	-0.001021	0.104522	0.157564	0.981962	0.864485	-0.502530	-0.011382	0.491672	0.850081	-0.188738
15926	9.585018	-0.093390	-1.839461	0.058215	-0.050530	-0.004250	0.104687	0.158031	0.981869	0.864770	-0.502039	-0.011399	0.491135	0.850284	-0.189217
15927	9.580074	-0.080925	-1.864502	0.058764	-0.054072	-0.000833	0.104900	0.158516	0.981768	0.865055	-0.501547	-0.011450	0.490588	0.850484	-0.189737
15928	9.617681	-0.149357	-1.892314	0.052033	-0.054924	-0.000696	0.105116	0.159002	0.981666	0.865305	-0.501113	-0.011491	0.490099	0.850649	-0.190260
15929	9.596068	-0.181984	-1.943679	0.052795	-0.049660	0.002009	0.105333	0.159435	0.981573	0.865556	-0.500678	-0.011559	0.489609	0.850824	-0.190738
15930	9.598705	-0.202961	-1.962074	0.064928	-0.048418	-0.001750	0.105508	0.159871	0.981483	0.865871	-0.500133	-0.011614	0.489015	0.851063	-0.191195
15931	9.605533	-0.145812	-2.048049	0.072160	-0.042584	-0.003808	0.105638	0.160273	0.981404	0.866223	-0.499522	-0.011663	0.488363	0.851346	-0.191601
15932	9.591305	-0.054296	-1.928896	0.064757	-0.036811	-0.003863	0.105737	0.160621	0.981336	0.866538	-0.498975	-0.011698	0.487783	0.851602	-0.191944
15933	9.621558	-0.089563	-1.961274	0.053450	-0.036975	-0.003226	0.105844	0.160973	0.981267	0.866798	-0.498521	-0.011717	0.487296	0.851801	-0.192297
15934	9.659924	-0.151380	-1.953188	0.061090	-0.032766	-0.001273	0.105946	0.161274	0.981207	0.867092	-0.498009	-0.011770	0.486751	0.852044	-0.192601
15935	9.651680	-0.119652	-1.962557	0.063466	-0.030830	0.003711	0.106084	0.161538	0.981148	0.867391	-0.497485	-0.011877	0.486188	0.852299	-0.192892
15936	9.584210	-0.052230	-1.995362	0.058157	-0.024619	0.001391	0.106168	0.161756	0.981103	0.867667	-0.497001	-0.011952	0.485676	0.852540	-0.193117
15937	9.583721	-0.053623	-1.997676	0.048154	-0.024244	0.005526	0.106289	0.161957	0.981057	0.867892	-0.496607	-0.012047	0.485249	0.852732	-0.193345
15938	9.607057	-0.050044	-2.001292	0.042577	-0.022630	0.009766	0.106437	0.162116	0.981015	0.868083	-0.496270	-0.012173	0.484875	0.852898	-0.193552
15939	9.626404	-0.033518	-2.024690	0.037528	-0.016107	0.012064	0.106575	0.162215	0.980983	0.868247	-0.495979	-0.012313	0.484550	0.853048	-0.193701
15940	9.633719	-0.068324	-2.019631	0.023588	-0.013211	0.011540	0.106692	0.162285	0.980959	0.868344	-0.495806	-0.012420	0.484350	0.853135	-0.193818
15941	9.625429	-0.134562	-1.972496	0.019946	-0.009209	0.014117	0.106814	0.162315	0.980941	0.868422	-0.495668	-0.012545	0.484185	0.853210	-0.193902
15942	9.601408	-0.141360	-1.971999	0.023225	-0.010462	0.010128	0.106906	0.162369	0.980922	0.868518	-0.495496	-0.012637	0.483991	0.853299	-0.193992
15943	9.626131	-0.124217	-1.906394	0.016099	-0.004402	0.014682	0.107009	0.162355	0.980913	0.868577	-0.495390	-0.012760	0.483863	0.853364	-0.194029
15944	9.582475	-0.149407	-1.883798	0.022759	-0.004639	0.011926	0.107088	0.162350	0.980905	0.868669	-0.495225	-0.012870	0.483680	0.853460	-0.194062
15945	9.625394	-0.134307	-1.941007	0.023849	-0.003272	0.013408	0.107176	0.162333	0.980898	0.868766	-0.495053	-0.012996	0.483487	0.853564	-0.194087
15946	9.625307	-0.135958	-1.941326	0.018180	-0.003939	0.012423	0.107256	0.162320	0.980892	0.868835	-0.494928	-0.013101	0.483344	0.853638	-0.194113
15947	9.581636	-0.161021	-1.918743	0.015003	-0.005756	0.013204	0.107353	0.162325	0.980880	0.868890	-0.494829	-0.013208	0.483224	0.853695	-0.194164
15948	9.555789	-0.036688	-1.891228	0.008139	-0.004712	0.013947	0.107450	0.162311	0.980872	0.868909	-0.494792	-0.013308	0.483168	0.853719	-0.194199
15949	9.641766	-0.095471	-1.916712	-0.003301	-0.002972	0.015187	0.107551	0.162282	0.980866	0.868873	-0.494853	-0.013399	0.483210	0.853689	-0.194224
15950	9.596484	-0.140948	-1.995405	0.000129	-0.000815	0.019031	0.107673	0.162210	0.980864	0.868849	-0.494893	-0.013534	0.483227	0.853680	-0.194222
15951	9.581299	-0.076683	-2.008512	0.002416	-0.001162	0.018784	0.107797	0.162147	0.980861	0.868835	-0.494913	-0.013671	0.483224	0.853680	-0.194230
15952	9.576175	-0.169684	-2.007363	-0.009840	0.009141	0.020402	0.107883	0.161983	0.980879	0.868760	-0.495040	-0.013800	0.483339	0.853637	-0.194131
15953	9.610062	-0.232741	-2.082937	0.007165	0.005790	0.014926	0.107940	0.161881	0.980889	0.868775	-0.495012	-0.013908	0.483300	0.853673	-0.194070
15954	9.654919	-0.197364	-2.037325	0.009882	0.013428	0.015941	0.107966	0.161702	0.980916	0.868800	-0.494964	-0.014032	0.483249	0.853735	-0.193927
15955	9.615227	-0.151709	-2.114977	0.006930	0.020401	0.015969	0.107963	0.161470	0.980954	0.868811	-0.494942	-0.014151	0.483230	0.853792	-0.193722
15956	9.585437	-0.111711	-2.050055	-0.010840	0.028103	0.016000	0.107918	0.161166	0.981009	0.868736	-0.495070	-0.014235	0.483374	0.853775	-0.193438
15957	9.570781	-0.137722	-1.971674	-0.012038	0.029824	0.017730	0.107883	0.160844	0.981066	0.868655	-0.495210	-0.014333	0.483528	0.853754	-0.193143
15958	9.610727	-0.193250	-1.923417	-0.012089	0.028689	0.015119	0.107829	0.160539	0.981122	0.868575	-0.495347	-0.014407	0.483683	0.853732	-0.192853
15959	9.583461	-0.186339	-1.939223	-0.010514	0.033828	0.012044	0.107724	0.160212	0.981187	0.868510	-0.495461	-0.014452	0.483825	0.853727	-0.192519
15960	9.577068	-0.147574	-1.908743	-0.003451	0.031982	0.013321	0.107638	0.159888	0.981249	0.868474	-0.495522	-0.014524	0.483909	0.853753	-0.192196
15961	9.593544	-0.117362	-1.947159	-0.015201	0.037626	0.015748	0.107547	0.159511	0.981320	0.868380	-0.495684	-0.014597	0.484096	0.853729	-0.191826
15962	9.594236	-0.118403	-1.943684	-0.019674	0.035253	0.013030	0.107442	0.159161	0.981389	0.868266	-0.495883	-0.014636	0.484325	0.853679	-0.191473
15963	9.602416	-0.152394	-1.933710	-0.025453	0.037682	0.015250	0.107348	0.158786	0.981460	0.868123	-0.496132	-0.014685	0.484602	0.853604	-0.191104
15964	9.593373	-0.238138	-1.983323	-0.019099	0.041323	0.013704	0.107219	0.158380	0.981540	0.868011	-0.496327	-0.014731	0.484831	0.853566	-0.190691
15965	9.603085	-0.167968	-1.993518	-0.011455	0.045529	0.015656	0.107090	0.157934	0.981625	0.867933	-0.496460	-0.014811	0.484999	0.853571	-0.190243
15966	9.585930	-0.076234	-1.954700	-0.020506	0.043866	0.013421	0.106946	0.157508	0.981709	0.867814	-0.496667	-0.014852	0.485243	0.853530	-0.189805
15967	9.566555	-0.101951	-1.962440	-0.053066	0.053518	0.016023	0.106780	0.156994	0.981810	0.867537	-0.497151	-0.014856	0.485775	0.853343	-0.189284
