// General information: 
//  MT Manager version: 2022.2.0 
//  XDA version: 2022.2.0 build 7381 rev 124627 built on 2023-07-19
// Device information: 
//  DeviceId: 00B4CAF0
//  ProductCode: MTW2-3A7G6
//  Firmware Version: 4.6.0
//  Hardware Version: 2.0.0
// Device settings: 
//  Filter Profile: human(46.1)
//  Option Flags: Orientation Smoother Disabled, Position/Velocity Smoother Disabled, Continuous Zero Rotation Update Disabled, AHS Disabled, ICC Disabled
// Coordinate system: ENU
PacketCounter	Acc_X	Acc_Y	Acc_Z	Gyr_X	Gyr_Y	Gyr_Z	Mat[1][1]	Mat[2][1]	Mat[3][1]	Mat[1][2]	Mat[2][2]	Mat[3][2]	Mat[1][3]	Mat[2][3]	Mat[3][3]
02476	4.466446	-1.441084	9.168146	0.003991	0.005122	0.005037	0.413236	0.798703	0.437389	-0.843842	0.516414	-0.145766	-0.342298	-0.308852	0.887380
02477	4.465824	-1.441008	9.168461	0.002685	0.006828	0.005262	0.413228	0.798718	0.437370	-0.843847	0.516402	-0.145775	-0.342292	-0.308835	0.887388
02478	4.465005	-1.440808	9.168891	0.006116	0.009598	0.003876	0.413252	0.798741	0.437306	-0.843868	0.516383	-0.145725	-0.342214	-0.308807	0.887428
02479	4.465218	-1.445851	9.193152	0.001166	0.007030	0.005339	0.413244	0.798756	0.437285	-0.843869	0.516375	-0.145748	-0.342220	-0.308781	0.887434
02480	4.439945	-1.434374	9.172090	0.001313	0.008863	0.002425	0.413285	0.798766	0.437229	-0.843862	0.516390	-0.145734	-0.342188	-0.308731	0.887464
02481	4.468099	-1.412510	9.151033	0.003292	0.011506	0.004178	0.413303	0.798789	0.437170	-0.843866	0.516384	-0.145733	-0.342158	-0.308681	0.887493
02482	4.452552	-1.453392	9.118313	0.001658	0.009711	0.008699	0.413284	0.798838	0.437098	-0.843891	0.516339	-0.145744	-0.342116	-0.308630	0.887527
02483	4.459369	-1.435782	9.147272	-0.000173	0.008901	0.004033	0.413294	0.798852	0.437062	-0.843882	0.516345	-0.145773	-0.342126	-0.308582	0.887540
02484	4.458423	-1.436004	9.147698	0.000074	0.010242	0.005713	0.413305	0.798886	0.436990	-0.843889	0.516331	-0.145785	-0.342097	-0.308517	0.887574
02485	4.442959	-1.417173	9.202822	0.000952	0.005526	0.005190	0.413294	0.798896	0.436982	-0.843889	0.516325	-0.145809	-0.342111	-0.308502	0.887573
02486	4.426822	-1.452783	9.146061	0.004170	0.006790	0.003656	0.413311	0.798908	0.436944	-0.843900	0.516316	-0.145775	-0.342062	-0.308486	0.887598
02487	4.457469	-1.441262	9.172486	0.002289	0.003655	0.006497	0.413283	0.798919	0.436951	-0.843910	0.516295	-0.145794	-0.342073	-0.308493	0.887591
02488	4.433666	-1.434946	9.175038	0.000460	0.002845	0.001829	0.413306	0.798908	0.436950	-0.843898	0.516316	-0.145785	-0.342073	-0.308488	0.887593
02489	4.433417	-1.434726	9.175193	0.008151	0.001341	0.006045	0.413273	0.798909	0.436978	-0.843926	0.516281	-0.145749	-0.342044	-0.308543	0.887585
02490	4.433328	-1.434401	9.175286	0.004686	-0.001263	0.005898	0.413248	0.798906	0.437008	-0.843946	0.516256	-0.145720	-0.342025	-0.308592	0.887575
02491	4.455739	-1.435234	9.149126	0.007873	0.000164	0.002833	0.413238	0.798887	0.437051	-0.843960	0.516247	-0.145673	-0.342003	-0.308656	0.887562
02492	4.449099	-1.457575	9.144493	0.008964	-0.003047	0.002460	0.413236	0.798860	0.437102	-0.843980	0.516237	-0.145592	-0.341956	-0.308742	0.887550
02493	4.479508	-1.440356	9.146780	0.007478	-0.003008	0.004067	0.413205	0.798838	0.437172	-0.843997	0.516220	-0.145553	-0.341950	-0.308829	0.887522
02494	4.486398	-1.416789	9.151482	0.007626	-0.001176	0.001153	0.413211	0.798815	0.437208	-0.844013	0.516215	-0.145479	-0.341904	-0.308896	0.887516
02495	4.485315	-1.411077	9.127756	0.006568	0.001871	0.003057	0.413206	0.798802	0.437236	-0.844023	0.516208	-0.145444	-0.341887	-0.308939	0.887508
02496	4.440195	-1.408080	9.180426	0.008300	0.003173	0.003130	0.413215	0.798800	0.437232	-0.844046	0.516192	-0.145372	-0.341819	-0.308973	0.887522
02497	4.485937	-1.415092	9.151970	0.007659	-0.001340	0.002685	0.413202	0.798776	0.437289	-0.844058	0.516184	-0.145326	-0.341805	-0.309048	0.887501
02498	4.454476	-1.425899	9.126058	0.010279	0.005816	0.004883	0.413211	0.798788	0.437258	-0.844092	0.516153	-0.145244	-0.341711	-0.309069	0.887530
02499	4.462809	-1.412357	9.178770	0.011305	0.002931	0.001448	0.413222	0.798771	0.437279	-0.844111	0.516144	-0.145160	-0.341648	-0.309128	0.887534
02500	4.479210	-1.440871	9.171997	0.009819	0.002971	0.003055	0.413233	0.798767	0.437276	-0.844138	0.516125	-0.145074	-0.341569	-0.309172	0.887549
02501	4.447693	-1.451570	9.146132	0.009819	0.002971	0.003055	0.413231	0.798758	0.437294	-0.844159	0.516108	-0.145011	-0.341519	-0.309223	0.887550
02502	4.432717	-1.431635	9.201150	0.011337	0.002768	0.002980	0.413241	0.798753	0.437293	-0.844191	0.516084	-0.144911	-0.341428	-0.309276	0.887567
02503	4.448249	-1.454951	9.170479	0.010877	-0.000078	0.001152	0.413245	0.798724	0.437342	-0.844208	0.516079	-0.144830	-0.341382	-0.309357	0.887557
02504	4.448307	-1.454018	9.170599	0.009080	-0.001054	-0.001984	0.413283	0.798683	0.437382	-0.844213	0.516099	-0.144729	-0.341325	-0.309429	0.887553
02505	4.423916	-1.441489	9.149254	0.012396	-0.000281	0.001077	0.413286	0.798654	0.437432	-0.844234	0.516090	-0.144634	-0.341267	-0.309520	0.887544
02506	4.509041	-1.418671	9.175332	0.011475	-0.005973	-0.002578	0.413316	0.798592	0.437517	-0.844242	0.516113	-0.144509	-0.341212	-0.309643	0.887522
02507	4.432562	-1.421291	9.177696	0.013026	-0.006339	-0.001122	0.413317	0.798532	0.437624	-0.844257	0.516119	-0.144398	-0.341173	-0.309785	0.887488
02508	4.485610	-1.404799	9.153716	0.010384	-0.002761	-0.002207	0.413356	0.798481	0.437680	-0.844261	0.516144	-0.144284	-0.341114	-0.309876	0.887478
02509	4.485821	-1.403776	9.153770	0.010631	-0.001419	-0.000528	0.413370	0.798440	0.437743	-0.844271	0.516153	-0.144198	-0.341076	-0.309966	0.887462
02510	4.507267	-1.399098	9.103801	0.007840	0.000328	0.001302	0.413384	0.798420	0.437767	-0.844284	0.516152	-0.144123	-0.341025	-0.310022	0.887462
02511	4.509130	-1.408596	9.151702	0.009786	0.003135	0.001522	0.413395	0.798403	0.437786	-0.844299	0.516147	-0.144053	-0.340974	-0.310071	0.887464
02512	4.484087	-1.396197	9.130647	0.012192	0.008788	0.003568	0.413422	0.798419	0.437731	-0.844335	0.516117	-0.143948	-0.340852	-0.310080	0.887508
02513	4.482987	-1.395509	9.131293	0.006760	0.014113	0.004311	0.413448	0.798451	0.437649	-0.844351	0.516100	-0.143918	-0.340782	-0.310027	0.887553
02514	4.475954	-1.422847	9.151259	0.012770	0.013626	0.000948	0.413510	0.798470	0.437556	-0.844380	0.516086	-0.143797	-0.340634	-0.310002	0.887619
02515	4.459972	-1.402821	9.206732	0.008278	0.013910	0.004236	0.413536	0.798501	0.437475	-0.844401	0.516064	-0.143753	-0.340552	-0.309958	0.887666
02516	4.451951	-1.425327	9.202787	0.006545	0.012608	0.004164	0.413567	0.798533	0.437386	-0.844422	0.516044	-0.143701	-0.340461	-0.309909	0.887718
02517	4.420639	-1.441346	9.201137	0.009336	0.010860	0.002336	0.413598	0.798545	0.437336	-0.844438	0.516034	-0.143639	-0.340382	-0.309894	0.887753
02518	4.448843	-1.419032	9.180137	0.006085	0.009761	0.002338	0.413636	0.798559	0.437275	-0.844450	0.516030	-0.143584	-0.340307	-0.309865	0.887792
02519	4.464712	-1.447776	9.173656	0.008845	0.008174	-0.001021	0.413686	0.798545	0.437253	-0.844451	0.516049	-0.143511	-0.340244	-0.309870	0.887814
02520	4.447435	-1.417922	9.180991	0.002224	0.003987	0.003430	0.413691	0.798548	0.437241	-0.844456	0.516045	-0.143496	-0.340224	-0.309868	0.887823
02521	4.493773	-1.430617	9.176582	0.004202	0.006631	0.005182	0.413684	0.798562	0.437224	-0.844467	0.516028	-0.143491	-0.340207	-0.309861	0.887832
02522	4.438585	-1.435197	9.153137	0.008386	0.005327	-0.002847	0.413752	0.798534	0.437210	-0.844464	0.516060	-0.143393	-0.340131	-0.309879	0.887854
02523	4.476031	-1.400001	9.184256	0.005412	0.005409	0.000365	0.413781	0.798519	0.437211	-0.844459	0.516079	-0.143357	-0.340109	-0.309888	0.887860
02524	4.491158	-1.423925	9.153770	0.004138	0.006955	0.002118	0.413810	0.798523	0.437175	-0.844464	0.516082	-0.143319	-0.340062	-0.309872	0.887884
02525	4.468045	-1.422264	9.180342	0.005657	0.006752	0.002044	0.413830	0.798520	0.437161	-0.844466	0.516086	-0.143288	-0.340031	-0.309871	0.887895
02526	4.441893	-1.405352	9.135373	0.002802	0.008824	0.000808	0.413880	0.798522	0.437112	-0.844459	0.516108	-0.143256	-0.339989	-0.309832	0.887925
02527	4.449809	-1.392138	9.188166	0.005808	0.008580	-0.000872	0.413930	0.798510	0.437086	-0.844450	0.516135	-0.143211	-0.339950	-0.309818	0.887945
02528	4.464801	-1.416062	9.157758	0.002588	0.007320	0.000661	0.413971	0.798509	0.437049	-0.844444	0.516152	-0.143180	-0.339914	-0.309791	0.887968
02529	4.470842	-1.393020	9.162736	0.001163	0.007038	0.005330	0.413964	0.798524	0.437028	-0.844445	0.516144	-0.143203	-0.339921	-0.309765	0.887975
02530	4.493498	-1.399521	9.160778	-0.000235	0.009231	0.000956	0.414009	0.798530	0.436975	-0.844431	0.516169	-0.143199	-0.339902	-0.309709	0.888002
02531	4.469067	-1.393093	9.163591	0.003292	0.011510	0.004165	0.414027	0.798553	0.436916	-0.844434	0.516164	-0.143199	-0.339872	-0.309659	0.888031
02532	4.490403	-1.394467	9.137956	0.000286	0.011755	0.005845	0.414042	0.798590	0.436833	-0.844440	0.516151	-0.143211	-0.339838	-0.309584	0.888070
02533	4.490154	-1.399721	9.162387	0.000438	0.013583	0.002928	0.414077	0.798613	0.436757	-0.844429	0.516164	-0.143230	-0.339824	-0.309502	0.888104
02534	4.472926	-1.375468	9.193916	0.002660	0.017570	0.006360	0.414104	0.798673	0.436622	-0.844447	0.516136	-0.143224	-0.339746	-0.309394	0.888171
02535	4.480142	-1.422863	9.159332	0.001324	0.019440	0.005049	0.414141	0.798725	0.436491	-0.844447	0.516129	-0.143245	-0.339699	-0.309270	0.888232
02536	4.462526	-1.398788	9.191010	-0.001713	0.019846	0.005195	0.414190	0.798784	0.436338	-0.844443	0.516129	-0.143272	-0.339650	-0.309121	0.888303
02537	4.436259	-1.387496	9.170330	0.002873	0.019074	0.006508	0.414214	0.798842	0.436209	-0.844455	0.516106	-0.143286	-0.339592	-0.309008	0.888364
02538	4.445377	-1.445134	9.183457	0.001170	0.017612	0.007966	0.414228	0.798910	0.436071	-0.844474	0.516070	-0.143300	-0.339527	-0.308892	0.888430
02539	4.420481	-1.438967	9.186415	-0.001295	0.012282	0.002855	0.414259	0.798929	0.436007	-0.844457	0.516089	-0.143334	-0.339532	-0.308812	0.888455
02540	4.418442	-1.434130	9.163045	-0.001509	0.010777	0.002708	0.414299	0.798946	0.435937	-0.844442	0.516109	-0.143349	-0.339519	-0.308735	0.888487
02541	4.471115	-1.424290	9.163520	-0.001664	0.008950	0.005624	0.414296	0.798969	0.435899	-0.844435	0.516107	-0.143399	-0.339541	-0.308679	0.888498
02542	4.436894	-1.365836	9.177724	-0.001907	0.007607	0.003945	0.414314	0.798983	0.435857	-0.844425	0.516117	-0.143423	-0.339545	-0.308626	0.888515
02543	4.468456	-1.419953	9.140386	-0.003027	0.010981	0.002781	0.414341	0.798997	0.435804	-0.844401	0.516142	-0.143472	-0.339570	-0.308547	0.888533
02544	4.469288	-1.430427	9.188561	0.000039	0.010412	0.004168	0.414367	0.799020	0.435736	-0.844398	0.516145	-0.143480	-0.339546	-0.308482	0.888565
02545	4.480892	-1.379671	9.174411	-0.003212	0.009315	0.004165	0.414378	0.799037	0.435697	-0.844380	0.516159	-0.143537	-0.339580	-0.308415	0.888575
02546	4.443765	-1.424696	9.191743	-0.001081	0.013786	0.003003	0.414421	0.799066	0.435601	-0.844370	0.516171	-0.143550	-0.339550	-0.308318	0.888620
02547	4.457163	-1.444216	9.137762	-0.000594	0.016472	0.006362	0.414437	0.799116	0.435495	-0.844369	0.516160	-0.143593	-0.339533	-0.308208	0.888665
02548	4.456552	-1.449652	9.162312	-0.000808	0.014967	0.006215	0.414455	0.799167	0.435384	-0.844376	0.516143	-0.143618	-0.339495	-0.308104	0.888715
02549	4.438410	-1.420479	9.169894	0.000681	0.014925	0.004611	0.414481	0.799203	0.435294	-0.844372	0.516142	-0.143642	-0.339473	-0.308013	0.888755
02550	4.413671	-1.414210	9.172761	0.000253	0.011916	0.004316	0.414507	0.799233	0.435213	-0.844372	0.516141	-0.143649	-0.339440	-0.307938	0.888794
02551	4.459546	-1.427241	9.168697	-0.000176	0.008907	0.004021	0.414517	0.799247	0.435177	-0.844363	0.516147	-0.143679	-0.339450	-0.307890	0.888807
02552	4.434190	-1.415866	9.147564	0.001800	0.011550	0.005776	0.414530	0.799284	0.435097	-0.844375	0.516128	-0.143679	-0.339406	-0.307826	0.888846
02553	4.434086	-1.421101	9.171890	-0.000176	0.008907	0.004021	0.414540	0.799299	0.435062	-0.844366	0.516134	-0.143708	-0.339416	-0.307779	0.888858
02554	4.426331	-1.444201	9.167705	0.003347	0.011185	0.007237	0.414541	0.799341	0.434984	-0.844388	0.516101	-0.143700	-0.339361	-0.307725	0.888898
02555	4.416302	-1.396871	9.203601	0.001314	0.008865	0.002418	0.414564	0.799346	0.434950	-0.844377	0.516115	-0.143710	-0.339358	-0.307685	0.888913
02556	4.454629	-1.427578	9.171034	0.003076	0.010003	0.004026	0.414589	0.799368	0.434887	-0.844384	0.516109	-0.143690	-0.339311	-0.307639	0.888947
02557	4.430220	-1.420972	9.173777	0.004594	0.009799	0.003955	0.414603	0.799385	0.434843	-0.844391	0.516101	-0.143677	-0.339277	-0.307609	0.888970
02558	4.476150	-1.433625	9.169784	0.004622	0.009638	0.005487	0.414611	0.799414	0.434782	-0.844411	0.516076	-0.143651	-0.339217	-0.307575	0.889005
02559	4.428290	-1.420649	9.174760	0.003104	0.009842	0.005558	0.414611	0.799439	0.434735	-0.844419	0.516060	-0.143658	-0.339195	-0.307537	0.889026
02560	4.450755	-1.427013	9.173003	0.003076	0.010003	0.004026	0.414637	0.799460	0.434672	-0.844426	0.516056	-0.143638	-0.339148	-0.307491	0.889060
02561	4.478948	-1.405357	9.152106	0.002014	0.013055	0.005924	0.414645	0.799497	0.434597	-0.844432	0.516040	-0.143657	-0.339123	-0.307421	0.889094
02562	4.419922	-1.453599	9.219487	0.004995	0.012969	0.002719	0.414692	0.799520	0.434510	-0.844439	0.516040	-0.143615	-0.339047	-0.307361	0.889143
02563	4.418938	-1.453526	9.219971	0.001183	0.006876	0.006866	0.414671	0.799543	0.434488	-0.844447	0.516019	-0.143645	-0.339054	-0.307337	0.889149
02564	4.406516	-1.509754	9.258690	0.000858	0.006017	0.000591	0.414712	0.799534	0.434465	-0.844431	0.516048	-0.143630	-0.339042	-0.307311	0.889163
02565	4.465036	-1.466464	9.215882	-0.000429	-0.003009	-0.000295	0.414718	0.799489	0.434542	-0.844404	0.516090	-0.143643	-0.339104	-0.307357	0.889123
02566	4.442983	-1.465488	9.241664	-0.008908	-0.007843	-0.002064	0.414734	0.799423	0.434647	-0.844344	0.516171	-0.143705	-0.339233	-0.307392	0.889062
02567	4.461288	-1.501301	9.258073	-0.024447	-0.006497	-0.009163	0.414803	0.799322	0.434767	-0.844198	0.516357	-0.143893	-0.339512	-0.307342	0.888973
02568	4.474571	-1.507369	9.131054	-0.037733	-0.009264	-0.024504	0.415002	0.799138	0.434916	-0.843948	0.516704	-0.144113	-0.339889	-0.307240	0.888864
02569	4.488591	-1.403604	9.227318	-0.038908	-0.005566	-0.028731	0.415239	0.798938	0.435056	-0.843672	0.517091	-0.144344	-0.340285	-0.307107	0.888758
02570	4.536453	-1.419404	9.221905	-0.054581	-0.006213	-0.031377	0.415508	0.798726	0.435189	-0.843335	0.517546	-0.144684	-0.340793	-0.306892	0.888638
02571	4.582474	-1.425393	9.168731	-0.054296	-0.002392	-0.038735	0.415840	0.798485	0.435315	-0.842963	0.518059	-0.145008	-0.341306	-0.306654	0.888523
02572	4.576265	-1.277398	9.200870	-0.042086	0.006226	-0.033594	0.416168	0.798299	0.435341	-0.842660	0.518492	-0.145227	-0.341656	-0.306406	0.888474
02573	4.762636	-1.097761	9.308290	-0.044628	0.017073	-0.015335	0.416369	0.798238	0.435261	-0.842418	0.518789	-0.145568	-0.342006	-0.306062	0.888458
02574	4.501709	-1.260268	9.184415	-0.057945	0.040722	-0.001579	0.416545	0.798324	0.434935	-0.842193	0.519013	-0.146067	-0.342346	-0.305456	0.888536
02575	4.477626	-1.334535	9.171377	-0.058827	0.045437	-0.001053	0.416723	0.798424	0.434582	-0.841962	0.519239	-0.146595	-0.342697	-0.304812	0.888622
02576	4.381620	-1.379150	9.117206	-0.055310	0.037143	-0.000485	0.416878	0.798504	0.434286	-0.841750	0.519447	-0.147076	-0.343029	-0.304248	0.888687
02577	4.215818	-1.523567	9.143392	-0.054138	0.033436	0.003738	0.416975	0.798591	0.434033	-0.841555	0.519620	-0.147583	-0.343391	-0.303724	0.888726
02578	4.097402	-1.675153	9.140493	-0.048539	0.008815	-0.005239	0.417071	0.798561	0.433995	-0.841347	0.519842	-0.147983	-0.343783	-0.303421	0.888678
02579	4.104741	-1.829207	9.106301	-0.032621	-0.020892	-0.008898	0.417087	0.798418	0.434244	-0.841173	0.520049	-0.148245	-0.344190	-0.303443	0.888513
02580	4.323913	-1.680992	9.079706	-0.010762	-0.040013	-0.017834	0.417122	0.798174	0.434658	-0.841041	0.520260	-0.148255	-0.344468	-0.303725	0.888309
02581	4.386819	-1.582812	9.147146	-0.005379	-0.045003	-0.021638	0.417163	0.797890	0.435139	-0.840907	0.520486	-0.148219	-0.344747	-0.304080	0.888079
02582	4.529651	-1.436700	9.122237	-0.023985	-0.027021	-0.050107	0.417510	0.797519	0.435486	-0.840597	0.520990	-0.148207	-0.345082	-0.304191	0.887911
02583	4.354669	-1.264272	9.165375	-0.030815	-0.013995	-0.076388	0.418117	0.797045	0.435773	-0.840146	0.521731	-0.148158	-0.345445	-0.304166	0.887779
02584	4.476199	-1.137306	9.262989	-0.042412	0.000799	-0.113161	0.419090	0.796428	0.435966	-0.839508	0.522793	-0.148034	-0.345818	-0.303958	0.887705
02585	4.458841	-1.271293	9.183689	-0.081698	0.012851	-0.132244	0.420257	0.795741	0.436097	-0.838645	0.524132	-0.148193	-0.346495	-0.303452	0.887614
02586	4.604724	-1.444902	9.064583	-0.086013	0.020132	-0.151445	0.421613	0.794980	0.436175	-0.837692	0.525625	-0.148288	-0.347151	-0.302861	0.887559
02587	4.661592	-1.510015	9.048200	-0.078840	0.039595	-0.154227	0.423055	0.794254	0.436102	-0.836742	0.527127	-0.148325	-0.347689	-0.302155	0.887589
02588	4.629165	-1.526378	9.046885	-0.072430	0.065616	-0.159366	0.424636	0.793582	0.435789	-0.835796	0.528642	-0.148266	-0.348038	-0.301272	0.887753
02589	4.339906	-1.381904	9.116866	-0.068262	0.072067	-0.152590	0.426174	0.792957	0.435425	-0.834883	0.530096	-0.148218	-0.348347	-0.300362	0.887940
02590	4.521566	-1.523617	9.054756	-0.053725	0.041933	-0.106751	0.427228	0.792489	0.435245	-0.834223	0.531133	-0.148223	-0.348637	-0.299766	0.888027
02591	4.152755	-1.574852	8.807626	-0.012964	0.039649	-0.035538	0.427676	0.792385	0.434994	-0.834000	0.531491	-0.148194	-0.348622	-0.299407	0.888155
02592	4.036453	-1.348157	9.113664	0.020395	-0.008216	-0.006208	0.427713	0.792301	0.435110	-0.834029	0.531506	-0.147979	-0.348507	-0.299602	0.888134
02593	4.117947	-1.358446	9.182642	-0.002558	-0.030291	-0.003203	0.427647	0.792159	0.435433	-0.833980	0.531576	-0.147998	-0.348704	-0.299852	0.887972
02594	4.360630	-1.651283	9.031100	0.011957	-0.049140	-0.004178	0.427530	0.791961	0.435908	-0.833986	0.531604	-0.147866	-0.348835	-0.300324	0.887761
02595	4.351749	-1.532832	9.106146	0.022016	-0.042266	-0.008411	0.427465	0.791756	0.436345	-0.834001	0.531642	-0.147645	-0.348878	-0.300799	0.887583
02596	4.518475	-1.617350	9.178713	0.022783	-0.059038	-0.011800	0.427375	0.791488	0.436919	-0.834013	0.531696	-0.147384	-0.348961	-0.301408	0.887344
02597	4.666879	-1.552681	9.185009	0.027542	-0.045203	-0.016657	0.427369	0.791229	0.437394	-0.834012	0.531782	-0.147077	-0.348970	-0.301935	0.887161
02598	5.055345	-1.314524	9.396694	0.023756	-0.017992	-0.005846	0.427375	0.791114	0.437595	-0.834050	0.531789	-0.146834	-0.348871	-0.302223	0.887102
02599	4.512050	-1.591355	8.980801	-0.014291	0.033092	-0.002140	0.427521	0.791168	0.437354	-0.833965	0.531887	-0.146962	-0.348894	-0.301908	0.887200
02600	4.593673	-1.243886	9.181640	-0.000684	0.018953	-0.002577	0.427624	0.791185	0.437223	-0.833935	0.531937	-0.146951	-0.348840	-0.301776	0.887266
02601	4.473931	-1.323232	9.219470	-0.015921	0.018363	0.007166	0.427641	0.791244	0.437099	-0.833885	0.531966	-0.147134	-0.348940	-0.301570	0.887297
02602	4.528670	-1.384134	9.179773	-0.021306	0.025831	0.001959	0.427733	0.791304	0.436901	-0.833800	0.532046	-0.147324	-0.349030	-0.301273	0.887363
02603	4.497449	-1.408917	9.201617	-0.029669	0.020437	0.004755	0.427778	0.791357	0.436762	-0.833691	0.532135	-0.147619	-0.349235	-0.300977	0.887383
02604	4.514424	-1.451669	9.242536	-0.029669	0.020437	0.004756	0.427829	0.791414	0.436607	-0.833589	0.532218	-0.147896	-0.349417	-0.300677	0.887413
02605	4.510919	-1.443611	9.195345	-0.022648	0.014787	0.005458	0.427848	0.791454	0.436517	-0.833507	0.532281	-0.148131	-0.349588	-0.300463	0.887418
02606	4.583279	-1.424933	9.122746	-0.017947	0.026271	0.008098	0.427893	0.791546	0.436306	-0.833459	0.532304	-0.148318	-0.349648	-0.300179	0.887490
02607	4.576249	-1.351643	9.140938	-0.014062	0.031734	0.010113	0.427932	0.791661	0.436059	-0.833427	0.532304	-0.148497	-0.349675	-0.299877	0.887582
02608	4.577081	-1.319852	9.099920	-0.016327	0.048526	0.015114	0.427995	0.791857	0.435640	-0.833416	0.532265	-0.148701	-0.349626	-0.299426	0.887753
02609	4.350221	-1.269054	9.022049	-0.020930	0.059491	0.019560	0.428053	0.792105	0.435132	-0.833401	0.532210	-0.148983	-0.349592	-0.298867	0.887955
02610	4.086092	-1.327283	9.371245	-0.048005	0.030620	0.018842	0.428024	0.792266	0.434867	-0.833293	0.532238	-0.149483	-0.349884	-0.298389	0.888001
02611	4.227918	-1.753640	9.095437	-0.058146	0.001128	0.017497	0.427895	0.792329	0.434880	-0.833138	0.532311	-0.150086	-0.350409	-0.298094	0.887893
02612	4.213003	-1.469693	9.210659	-0.055476	-0.012652	0.012803	0.427765	0.792329	0.435008	-0.832978	0.532408	-0.150627	-0.350948	-0.297919	0.887738
02613	4.363949	-1.657293	9.136939	-0.065161	-0.039477	0.014820	0.427515	0.792256	0.435385	-0.832787	0.532522	-0.151280	-0.351705	-0.297909	0.887442
02614	4.371055	-1.685051	9.229244	-0.055211	-0.044830	0.009260	0.427301	0.792143	0.435803	-0.832612	0.532647	-0.151803	-0.352379	-0.297989	0.887148
02615	4.483116	-1.559782	9.201959	-0.050506	-0.056483	0.010920	0.427023	0.791998	0.436337	-0.832455	0.532748	-0.152309	-0.353086	-0.298191	0.886799
02616	4.587842	-1.560722	9.170792	-0.050649	-0.055619	0.003277	0.426820	0.791820	0.436859	-0.832270	0.532907	-0.152766	-0.353768	-0.298381	0.886463
02617	4.555416	-1.490983	9.111111	-0.048694	-0.042773	0.010837	0.426591	0.791716	0.437271	-0.832118	0.533004	-0.153255	-0.354402	-0.298484	0.886175
02618	4.656637	-1.318859	9.120658	-0.055420	-0.033414	0.004361	0.426455	0.791610	0.437595	-0.831920	0.533167	-0.153759	-0.355028	-0.298473	0.885928
02619	4.624627	-1.429074	9.045763	-0.074611	-0.016006	0.010056	0.426327	0.791582	0.437771	-0.831672	0.533347	-0.154474	-0.355763	-0.298225	0.885717
02620	4.569410	-1.383185	9.108971	-0.078705	0.000161	0.008908	0.426272	0.791601	0.437791	-0.831411	0.533543	-0.155203	-0.356439	-0.297825	0.885580
02621	4.571910	-1.460731	9.066689	-0.087920	0.012046	0.010562	0.426239	0.791659	0.437717	-0.831116	0.533759	-0.156038	-0.357164	-0.297284	0.885469
02622	4.487726	-1.502734	9.086545	-0.096261	0.019400	0.010132	0.426244	0.791741	0.437565	-0.830795	0.533998	-0.156928	-0.357904	-0.296637	0.885387
02623	4.307959	-1.738426	9.164960	-0.080701	0.018080	0.017205	0.426179	0.791852	0.437427	-0.830553	0.534138	-0.157728	-0.358543	-0.296086	0.885313
02624	4.495091	-1.680045	9.096975	-0.068807	-0.007747	0.012320	0.426068	0.791865	0.437511	-0.830339	0.534277	-0.158384	-0.359171	-0.295801	0.885154
02625	4.444183	-1.599185	9.118256	-0.058651	-0.001392	0.012699	0.425969	0.791895	0.437553	-0.830156	0.534387	-0.158969	-0.359709	-0.295522	0.885029
02626	4.438794	-1.633768	9.135652	-0.059420	-0.007765	0.015100	0.425836	0.791922	0.437634	-0.829986	0.534477	-0.159554	-0.360259	-0.295286	0.884884
02627	4.497568	-1.594679	9.092572	-0.056670	-0.009121	0.010203	0.425731	0.791916	0.437748	-0.829799	0.534601	-0.160110	-0.360814	-0.295079	0.884727
02628	4.501759	-1.560179	9.025438	-0.051254	-0.003869	0.012172	0.425636	0.791939	0.437798	-0.829645	0.534690	-0.160610	-0.361279	-0.294855	0.884611
02629	4.497057	-1.599363	9.066826	-0.044521	-0.000315	0.013900	0.425532	0.791978	0.437828	-0.829517	0.534748	-0.161075	-0.361696	-0.294643	0.884512
02630	4.509717	-1.557628	9.076739	-0.033250	0.002835	0.013876	0.425448	0.792030	0.437816	-0.829435	0.534771	-0.161423	-0.361983	-0.294463	0.884455
02631	4.479326	-1.577876	9.073449	-0.027313	0.000193	0.016468	0.425324	0.792085	0.437837	-0.829380	0.534758	-0.161747	-0.362254	-0.294339	0.884385
02632	4.481684	-1.598118	9.144240	-0.027136	0.001877	0.015107	0.425225	0.792141	0.437832	-0.829326	0.534752	-0.162047	-0.362495	-0.294199	0.884333
02633	4.469288	-1.652892	9.157021	-0.029100	-0.000755	0.013320	0.425124	0.792176	0.437867	-0.829251	0.534770	-0.162372	-0.362785	-0.294073	0.884256
02634	4.506835	-1.621748	9.188330	-0.022140	-0.006058	0.010915	0.425030	0.792187	0.437938	-0.829197	0.534781	-0.162610	-0.363018	-0.294023	0.884176
02635	4.558847	-1.601933	9.140888	-0.014031	-0.004569	0.015460	0.424897	0.792222	0.438003	-0.829185	0.534737	-0.162812	-0.363200	-0.294008	0.884107
02636	4.459104	-1.607226	9.168642	0.002193	0.001181	0.014016	0.424805	0.792269	0.438006	-0.829232	0.534654	-0.162847	-0.363201	-0.294031	0.884099
02637	4.460823	-1.619297	9.216007	-0.001622	-0.004805	0.016554	0.424663	0.792310	0.438072	-0.829270	0.534565	-0.162944	-0.363280	-0.294084	0.884049
02638	4.422844	-1.648534	9.160047	-0.003794	-0.008939	0.014599	0.424528	0.792331	0.438163	-0.829298	0.534494	-0.163035	-0.363373	-0.294155	0.883987
02639	4.440548	-1.678550	9.151883	-0.004266	-0.011583	0.011208	0.424405	0.792323	0.438297	-0.829304	0.534455	-0.163132	-0.363503	-0.294247	0.883903
02640	4.452151	-1.731393	9.138247	-0.003574	-0.017792	0.010463	0.424273	0.792296	0.438473	-0.829315	0.534417	-0.163203	-0.363633	-0.294390	0.883802
02641	4.459332	-1.703282	9.118941	-0.000853	-0.018961	0.004031	0.424183	0.792228	0.438684	-0.829303	0.534424	-0.163239	-0.363766	-0.294559	0.883691
02642	4.481658	-1.640487	9.157534	-0.001269	-0.021968	0.003696	0.424092	0.792152	0.438908	-0.829293	0.534434	-0.163260	-0.363894	-0.294746	0.883576
02643	4.483662	-1.640896	9.156480	-0.007709	-0.021782	-0.003810	0.424056	0.792034	0.439157	-0.829223	0.534524	-0.163321	-0.364096	-0.294901	0.883441
02644	4.513007	-1.607915	9.087014	-0.017077	-0.021932	-0.005049	0.424039	0.791911	0.439395	-0.829118	0.534649	-0.163444	-0.364355	-0.295004	0.883300
02645	4.559993	-1.558018	9.146633	-0.016899	-0.020247	-0.006410	0.424030	0.791783	0.439634	-0.829003	0.534787	-0.163575	-0.364626	-0.295097	0.883157
02646	4.552330	-1.564969	9.069173	-0.016099	-0.014052	-0.007268	0.424059	0.791672	0.439806	-0.828892	0.534927	-0.163679	-0.364844	-0.295142	0.883051
02647	4.530036	-1.559718	9.070824	-0.009329	-0.010687	-0.004014	0.424065	0.791585	0.439957	-0.828815	0.535023	-0.163754	-0.365012	-0.295201	0.882963
02648	4.550692	-1.606796	9.133694	-0.010347	-0.008031	0.000983	0.424049	0.791535	0.440062	-0.828760	0.535082	-0.163843	-0.365157	-0.295229	0.882893
02649	4.554860	-1.567545	9.067458	-0.008024	-0.002031	0.000048	0.424053	0.791495	0.440130	-0.828705	0.535142	-0.163924	-0.365277	-0.295225	0.882845
02650	4.550294	-1.602299	9.109494	-0.001582	0.000559	-0.002980	0.424100	0.791450	0.440166	-0.828665	0.535205	-0.163918	-0.365313	-0.295233	0.882827
02651	4.531365	-1.561837	9.069795	-0.001314	0.001699	0.000245	0.424116	0.791422	0.440201	-0.828635	0.535245	-0.163941	-0.365362	-0.295236	0.882806
02652	4.527228	-1.601925	9.135867	0.000978	0.007881	-0.002218	0.424182	0.791403	0.440172	-0.828609	0.535293	-0.163917	-0.365345	-0.295200	0.882825
02653	4.501156	-1.584193	9.091220	0.001038	0.007517	0.000839	0.424214	0.791396	0.440154	-0.828590	0.535321	-0.163921	-0.365350	-0.295169	0.882833
02654	4.494935	-1.612758	9.109974	0.002382	0.005636	0.002123	0.424237	0.791392	0.440137	-0.828587	0.535332	-0.163903	-0.365331	-0.295158	0.882845
02655	4.471117	-1.606326	9.112591	0.006354	0.000359	0.002918	0.424226	0.791375	0.440179	-0.828596	0.535327	-0.163870	-0.365322	-0.295213	0.882830
02656	4.488303	-1.634823	9.104893	0.010149	-0.006604	0.005075	0.424179	0.791352	0.440266	-0.828634	0.535291	-0.163797	-0.365291	-0.295340	0.882800
02657	4.427528	-1.661353	9.075563	0.023361	-0.000650	0.005300	0.424145	0.791345	0.440313	-0.828716	0.535217	-0.163624	-0.365146	-0.295494	0.882809
02658	4.340700	-1.727274	9.138183	0.015612	-0.011896	0.004267	0.424086	0.791301	0.440448	-0.828770	0.535172	-0.163498	-0.365092	-0.295692	0.882765
02659	4.389719	-1.738276	9.132639	0.015747	-0.033333	0.001772	0.423962	0.791178	0.440789	-0.828808	0.535149	-0.163377	-0.365148	-0.296064	0.882617
02660	4.393124	-1.737178	9.131210	0.006770	-0.040651	-0.004959	0.423875	0.790999	0.441192	-0.828790	0.535204	-0.163289	-0.365290	-0.296442	0.882432
02661	4.432528	-1.685582	9.089660	-0.002228	-0.060918	-0.006987	0.423722	0.790747	0.441791	-0.828726	0.535303	-0.163288	-0.365612	-0.296935	0.882133
02662	4.475846	-1.651322	9.118675	-0.001009	-0.062073	-0.011814	0.423613	0.790468	0.442394	-0.828651	0.535434	-0.163239	-0.365908	-0.297440	0.881839
02663	4.499048	-1.680172	9.107929	-0.006855	-0.070327	-0.014106	0.423484	0.790149	0.443087	-0.828540	0.535604	-0.163247	-0.366308	-0.297983	0.881490
02664	4.601479	-1.600783	9.094473	-0.001075	-0.072068	-0.019169	0.423398	0.789800	0.443790	-0.828434	0.535792	-0.163166	-0.366648	-0.298567	0.881151
02665	4.511293	-1.621728	9.190979	-0.010034	-0.058857	-0.015751	0.423325	0.789506	0.444384	-0.828305	0.535984	-0.163194	-0.367025	-0.299001	0.880847
02666	4.593021	-1.496539	9.114250	-0.003719	-0.071265	-0.009669	0.423162	0.789210	0.445064	-0.828229	0.536105	-0.163178	-0.367383	-0.299564	0.880506
02667	4.693525	-1.411583	9.077213	-0.000087	-0.056606	-0.006555	0.423020	0.788971	0.445623	-0.828175	0.536195	-0.163160	-0.367669	-0.300034	0.880227
02668	4.546298	-1.541543	9.150637	-0.007803	-0.057682	-0.001731	0.422842	0.788756	0.446170	-0.828117	0.536267	-0.163214	-0.368003	-0.300467	0.879940
02669	4.614113	-1.629402	8.998163	0.000908	-0.061858	-0.002547	0.422648	0.788522	0.446768	-0.828084	0.536322	-0.163205	-0.368302	-0.300983	0.879638
02670	4.559282	-1.662244	8.990293	0.012771	-0.054018	-0.003647	0.422497	0.788309	0.447286	-0.828095	0.536346	-0.163070	-0.368450	-0.301498	0.879400
02671	4.536395	-1.688562	9.032932	0.023522	-0.053333	-0.008637	0.422384	0.788068	0.447818	-0.828119	0.536381	-0.162834	-0.368526	-0.302068	0.879172
02672	4.562648	-1.680830	8.980849	0.023383	-0.055200	-0.005743	0.422248	0.787838	0.448350	-0.828159	0.536391	-0.162597	-0.368591	-0.302649	0.878945
02673	4.433269	-1.675445	9.136886	0.028942	-0.045494	-0.015696	0.422222	0.787582	0.448825	-0.828173	0.536464	-0.162282	-0.368588	-0.303186	0.878761
02674	4.342804	-1.803691	9.258633	-0.000202	-0.074380	-0.027167	0.422192	0.787179	0.449559	-0.828037	0.536713	-0.162156	-0.368930	-0.303791	0.878409
02675	4.290835	-1.777102	9.339381	0.024679	-0.095926	-0.030640	0.422103	0.786688	0.450501	-0.827973	0.536916	-0.161811	-0.369175	-0.304701	0.877990
02676	4.293438	-1.677386	9.484418	-0.030337	-0.121526	-0.040644	0.422009	0.786068	0.451669	-0.827668	0.537362	-0.161888	-0.369965	-0.305514	0.877375
02677	4.251955	-1.620555	9.519646	-0.046746	-0.170599	-0.053347	0.421830	0.785225	0.453301	-0.827244	0.537961	-0.162066	-0.371117	-0.306626	0.876500
02678	4.256885	-1.549507	9.655007	-0.093228	-0.215035	-0.058022	0.421528	0.784221	0.455315	-0.826631	0.538737	-0.162614	-0.372820	-0.307831	0.875354
02679	4.201989	-1.430333	9.753342	-0.137112	-0.298971	-0.059549	0.420913	0.782943	0.458076	-0.825842	0.539664	-0.163550	-0.375257	-0.309457	0.873738
02680	4.408460	-1.313309	9.632295	-0.185611	-0.371825	-0.057963	0.420011	0.781444	0.461451	-0.824877	0.540729	-0.164897	-0.378377	-0.311381	0.871706
02681	4.328923	-1.513821	9.650253	-0.231870	-0.417634	-0.051687	0.418860	0.779824	0.465221	-0.823752	0.541894	-0.166685	-0.382086	-0.313409	0.869359
02682	4.289701	-1.499121	9.691872	-0.239108	-0.494412	-0.050865	0.417399	0.777961	0.469632	-0.822600	0.543077	-0.168516	-0.386145	-0.315981	0.866630
02683	4.407092	-1.751689	9.450426	-0.291208	-0.588841	-0.060642	0.415620	0.775726	0.474878	-0.821189	0.544510	-0.170757	-0.391036	-0.318994	0.863327
02684	4.475595	-1.763199	9.471414	-0.244533	-0.617413	-0.069441	0.413781	0.773337	0.480350	-0.819918	0.545867	-0.172525	-0.395626	-0.322460	0.859942
02685	4.386608	-1.730540	9.514823	-0.245601	-0.708387	-0.087748	0.411690	0.770522	0.486628	-0.818551	0.547378	-0.174216	-0.400607	-0.326608	0.856062
02686	4.388199	-1.663196	9.532041	-0.239606	-0.792830	-0.104134	0.409364	0.767312	0.493613	-0.817136	0.549002	-0.175743	-0.405844	-0.331406	0.851740
02687	4.259277	-1.677320	9.742099	-0.225785	-0.900500	-0.117637	0.406654	0.763618	0.501517	-0.815707	0.550695	-0.177082	-0.411406	-0.337079	0.846831
02688	3.956282	-1.518736	10.348029	-0.212408	-1.052291	-0.139576	0.403451	0.759234	0.510677	-0.814240	0.552515	-0.178159	-0.417421	-0.343935	0.841112
02689	3.751811	-1.813644	10.672492	-0.260388	-1.303199	-0.176563	0.399408	0.753682	0.521955	-0.812408	0.554795	-0.179435	-0.424814	-0.352372	0.833886
02690	3.992780	-2.324787	10.391448	-0.175432	-1.507271	-0.235403	0.394881	0.746953	0.534912	-0.810700	0.557222	-0.179636	-0.432244	-0.362718	0.825591
02691	3.716062	-2.032175	10.526705	-0.082424	-1.679400	-0.313130	0.390104	0.738973	0.549307	-0.809085	0.559890	-0.178619	-0.439547	-0.374756	0.816307
02692	3.528903	-2.365641	10.484243	-0.149844	-1.921378	-0.428718	0.385061	0.729206	0.565674	-0.806737	0.563643	-0.177433	-0.448223	-0.388027	0.805314
02693	3.682108	-2.868388	10.101071	-0.052431	-2.183389	-0.566567	0.379749	0.717318	0.584162	-0.804305	0.567986	-0.174597	-0.457038	-0.403542	0.792635
02694	3.677897	-3.108052	10.154408	0.093046	-2.439674	-0.711173	0.374231	0.703169	0.604570	-0.802032	0.572688	-0.169627	-0.465506	-0.421405	0.778281
02695	3.832873	-3.469891	9.852624	0.292949	-2.773210	-0.884976	0.368305	0.686058	0.627435	-0.800094	0.577608	-0.161920	-0.473498	-0.442372	0.761647
02696	4.494390	-3.580173	10.229332	0.442621	-3.109508	-1.072409	0.362055	0.665684	0.652519	-0.798268	0.582881	-0.151715	-0.481335	-0.465956	0.742429
02697	5.285547	-3.747863	9.804928	0.521408	-3.415532	-1.277378	0.355664	0.641804	0.679405	-0.796188	0.588774	-0.139391	-0.489478	-0.491357	0.720402
02698	6.358148	-3.241222	10.277221	0.489155	-3.701757	-1.441540	0.348859	0.614566	0.707535	-0.793502	0.595399	-0.125918	-0.498650	-0.517503	0.695370
02699	8.518983	-3.391933	11.087704	0.217213	-3.951661	-1.561911	0.341280	0.584206	0.736364	-0.789180	0.603648	-0.113154	-0.510610	-0.542506	0.667057
02700	10.730488	-5.011279	10.656524	0.049057	-3.974805	-1.728112	0.334341	0.551643	0.764137	-0.783569	0.613227	-0.099855	-0.523674	-0.565369	0.637278
02701	12.679262	-5.471609	11.511497	0.103310	-3.718833	-1.832919	0.328964	0.518856	0.789032	-0.778009	0.622481	-0.084966	-0.535242	-0.585923	0.608448
02702	10.498870	-5.732159	10.758310	0.220658	-3.414009	-1.911470	0.325377	0.486531	0.810813	-0.772918	0.630814	-0.068352	-0.544727	-0.604452	0.581301
02703	10.743701	-5.049156	10.705750	0.035642	-3.220621	-1.932864	0.322550	0.454480	0.830307	-0.766823	0.639726	-0.052274	-0.554927	-0.619838	0.554849
02704	8.446407	-3.936296	9.403785	0.246455	-3.056107	-2.040949	0.321089	0.422154	0.847754	-0.761600	0.647164	-0.033808	-0.562909	-0.634795	0.529310
02705	8.612214	-3.466615	9.497154	0.070184	-3.088813	-2.122150	0.319650	0.388466	0.864244	-0.755171	0.655350	-0.015262	-0.572311	-0.647774	0.502841
02706	7.652568	-2.560170	9.668626	-0.126835	-2.914717	-2.154894	0.319032	0.355205	0.878662	-0.747522	0.664231	0.002897	-0.582605	-0.657744	0.477435
02707	6.393025	-1.555537	8.474355	-0.452968	-2.788329	-2.166424	0.318704	0.322213	0.891407	-0.737917	0.674595	0.019984	-0.594900	-0.664154	0.452763
02708	1.919935	-3.115891	6.976223	-0.878450	-2.490095	-2.075091	0.318923	0.291518	0.901834	-0.725975	0.686845	0.034709	-0.609302	-0.665778	0.430686
02709	-2.088334	-5.158518	8.738519	-0.506546	-2.305932	-1.808909	0.317793	0.263572	0.910790	-0.717071	0.695276	0.048996	-0.620336	-0.668671	0.409954
02710	22.507778	-6.834291	12.746429	-0.744701	-1.309036	-1.013747	0.316864	0.247746	0.915543	-0.709159	0.702882	0.055235	-0.629834	-0.666768	0.398409
02711	3.074312	-7.483931	14.093244	-0.310428	0.907980	0.132513	0.321635	0.254654	0.911977	-0.707598	0.704640	0.052796	-0.629171	-0.662294	0.406830
02712	-0.185169	-9.314222	9.094036	-0.184173	1.286260	0.738387	0.324504	0.268359	0.907017	-0.708784	0.703970	0.045299	-0.626357	-0.657579	0.418650
02713	-3.646199	-6.393118	8.317639	-0.009831	1.186342	1.162941	0.323644	0.284251	0.902472	-0.712461	0.700850	0.034755	-0.622619	-0.654225	0.429344
02714	-2.646513	-4.550699	8.450759	-0.032769	1.022240	1.451192	0.319648	0.301094	0.898425	-0.716880	0.696865	0.021513	-0.619604	-0.650940	0.438599
02715	-0.393942	-3.027230	8.871695	-0.300759	0.946739	1.659503	0.313581	0.318714	0.894477	-0.720242	0.693702	0.005323	-0.618804	-0.645909	0.447083
02716	1.579556	-2.072023	9.406258	-0.597449	1.096359	1.816965	0.307298	0.338378	0.889420	-0.722138	0.691615	-0.013623	-0.619746	-0.638097	0.456888
02717	3.018130	-1.928297	9.658219	-0.869893	1.350258	1.890222	0.302023	0.359930	0.882742	-0.722466	0.690551	-0.034380	-0.621952	-0.627368	0.468599
02718	4.028615	-1.892216	9.506650	-1.034912	1.613612	1.859317	0.298693	0.382830	0.874199	-0.721556	0.690114	-0.055677	-0.624612	-0.614153	0.482365
02719	5.037468	-2.130377	9.231139	-1.139823	1.804718	1.733314	0.297497	0.405688	0.864241	-0.719558	0.690227	-0.076310	-0.627481	-0.599169	0.497256
02720	6.100947	-2.554651	8.967706	-1.156307	1.899903	1.525945	0.298527	0.427509	0.853298	-0.716790	0.690746	-0.095300	-0.630154	-0.583186	0.512640
02721	7.279841	-2.881681	8.854276	-1.061627	1.974893	1.283965	0.301798	0.447689	0.841720	-0.713916	0.691266	-0.111692	-0.631856	-0.567209	0.528235
02722	8.206056	-3.103277	8.513370	-0.916813	2.065990	1.060755	0.307340	0.466632	0.829335	-0.711309	0.691580	-0.125522	-0.632125	-0.551335	0.544470
02723	8.358813	-3.003255	8.296068	-0.759837	2.156789	0.896088	0.314590	0.484502	0.816267	-0.709267	0.691482	-0.137083	-0.630851	-0.535826	0.561175
02724	8.425162	-2.860967	7.992201	-0.635736	2.218236	0.818641	0.322799	0.501930	0.802413	-0.707831	0.690835	-0.147384	-0.628312	-0.520397	0.578283
02725	8.525577	-2.923714	7.853529	-0.562007	2.236360	0.828331	0.330949	0.519064	0.788064	-0.706986	0.689522	-0.157258	-0.625014	-0.505106	0.595168
02726	8.812566	-3.155553	7.624121	-0.468025	2.255325	0.920117	0.338537	0.536670	0.772902	-0.707108	0.687024	-0.167321	-0.620798	-0.489881	0.612067
02727	8.890672	-3.238727	7.209458	-0.321008	2.302750	1.065925	0.345218	0.555034	0.756810	-0.708738	0.682788	-0.177457	-0.615236	-0.475119	0.629084
02728	8.463476	-2.761867	6.820220	-0.166652	2.341958	1.221756	0.350911	0.574347	0.739586	-0.711929	0.676696	-0.187720	-0.608292	-0.460660	0.646354
02729	7.855850	-2.097565	6.616743	-0.067902	2.320187	1.363918	0.355191	0.594005	0.721802	-0.716304	0.669071	-0.198124	-0.600623	-0.446657	0.663136
02730	7.581535	-1.525754	6.477574	-0.025080	2.274709	1.474474	0.358209	0.613853	0.703471	-0.721373	0.660302	-0.208859	-0.592712	-0.432650	0.679343
02731	7.202825	-0.952353	6.269843	0.016248	2.257960	1.534998	0.360381	0.633482	0.684709	-0.726954	0.650694	-0.219398	-0.584520	-0.418685	0.695010
02732	6.773708	-0.315980	6.209908	0.023951	2.230054	1.531176	0.362194	0.652589	0.665540	-0.732586	0.640774	-0.229623	-0.576310	-0.404397	0.710162
02733	6.808254	0.195893	6.347959	-0.042194	2.187244	1.451430	0.364046	0.670463	0.646490	-0.737585	0.631375	-0.239445	-0.568717	-0.389673	0.724373
02734	7.052098	0.388105	6.388285	-0.129681	2.198907	1.342619	0.366588	0.687313	0.627068	-0.741721	0.622777	-0.248995	-0.561661	-0.373831	0.738097
02735	7.008356	0.355341	6.327899	-0.171883	2.244224	1.215859	0.370075	0.703001	0.607318	-0.745211	0.614989	-0.257779	-0.554712	-0.357182	0.751475
02736	6.859671	0.343821	6.249258	-0.191998	2.270483	1.071310	0.374636	0.717494	0.587239	-0.748108	0.608069	-0.265681	-0.547706	-0.339785	0.764568
02737	6.903888	0.295913	6.216853	-0.217371	2.273165	0.918430	0.380127	0.730536	0.567292	-0.750361	0.602174	-0.272660	-0.540797	-0.322029	0.777069
02738	7.146687	-0.088759	6.228276	-0.230744	2.281921	0.790120	0.386496	0.742438	0.547181	-0.752119	0.597096	-0.278913	-0.533796	-0.303746	0.789177
02739	7.517010	-0.470657	6.365888	-0.218862	2.305856	0.702697	0.393431	0.753372	0.526917	-0.753669	0.592521	-0.284432	-0.526492	-0.285217	0.800910
02740	7.754490	-0.870567	6.455258	-0.185705	2.367823	0.677297	0.400735	0.763915	0.505811	-0.755359	0.587912	-0.289468	-0.518502	-0.266069	0.812627
02741	7.603951	-1.128629	6.424195	-0.138819	2.446643	0.695636	0.408054	0.774224	0.483807	-0.757429	0.582953	-0.294052	-0.509699	-0.246460	0.824296
02742	7.270875	-0.977061	6.259693	-0.100941	2.502804	0.749039	0.415049	0.784498	0.460757	-0.759973	0.577372	-0.298467	-0.500174	-0.226285	0.835835
