// General information: 
//  MT Manager version: 2022.2.0 
//  XDA version: 2022.2.0 build 7381 rev 124627 built on 2023-07-19
// Device information: 
//  DeviceId: 00B4CB9F
//  ProductCode: MTW2-3A7G6
//  Firmware Version: 4.6.0
//  Hardware Version: 2.0.0
// Device settings: 
//  Filter Profile: human(46.1)
//  Option Flags: Orientation Smoother Disabled, Position/Velocity Smoother Disabled, Continuous Zero Rotation Update Disabled, AHS Disabled, ICC Disabled
// Coordinate system: ENU
PacketCounter	Acc_X	Acc_Y	Acc_Z	Gyr_X	Gyr_Y	Gyr_Z	Mat[1][1]	Mat[2][1]	Mat[3][1]	Mat[1][2]	Mat[2][2]	Mat[3][2]	Mat[1][3]	Mat[2][3]	Mat[3][3]
27463	9.919295	0.810565	0.438524	0.020285	-0.022309	-0.042163	-0.120385	0.001519	0.992726	0.693898	-0.715010	0.085241	0.709939	0.699112	0.085023
27464	9.863383	0.833679	0.423284	0.006639	-0.032632	-0.057533	-0.120491	0.002161	0.992712	0.693913	-0.714931	0.085781	0.709906	0.699191	0.084643
27465	9.880665	0.855855	0.508180	-0.017302	-0.035258	-0.069899	-0.120656	0.002920	0.992690	0.693744	-0.715018	0.086424	0.710044	0.699100	0.084246
27466	9.892082	0.808578	0.613536	-0.052189	-0.039613	-0.072961	-0.120817	0.003721	0.992668	0.693330	-0.715341	0.087066	0.710420	0.698765	0.083846
27467	9.795156	0.666648	0.682834	-0.076946	-0.050946	-0.082133	-0.120954	0.004676	0.992647	0.692722	-0.715843	0.087780	0.710990	0.698245	0.083345
27468	9.828108	0.588103	0.741217	-0.101724	-0.052481	-0.090800	-0.121148	0.005697	0.992618	0.691923	-0.716519	0.088561	0.711735	0.697544	0.082863
27469	9.885568	0.559270	0.711715	-0.106247	-0.047218	-0.100593	-0.121437	0.006759	0.992576	0.691082	-0.717222	0.089435	0.712502	0.696812	0.082426
27470	9.906950	0.545181	0.721725	-0.104447	-0.030952	-0.102188	-0.121861	0.007711	0.992517	0.690249	-0.717912	0.090326	0.713237	0.696091	0.082163
27471	9.817206	0.575613	0.768349	-0.094822	-0.010265	-0.105486	-0.122446	0.008552	0.992438	0.689482	-0.718531	0.091259	0.713878	0.695442	0.082085
27472	9.784005	0.552182	0.672883	-0.079908	0.002965	-0.112765	-0.123181	0.009344	0.992340	0.688812	-0.719043	0.092274	0.714398	0.694903	0.082136
27473	9.785776	0.551908	0.696112	-0.040864	0.021811	-0.113721	-0.124050	0.010022	0.992225	0.688418	-0.719284	0.093333	0.714627	0.694644	0.082328
27474	9.792357	0.530068	0.764850	-0.008365	0.051102	-0.114825	-0.125142	0.010494	0.992083	0.688259	-0.719294	0.094426	0.714590	0.694627	0.082791
27475	9.766793	0.483132	0.799404	0.024103	0.072034	-0.107849	-0.126329	0.010781	0.991930	0.688334	-0.719083	0.095480	0.714309	0.694841	0.083420
27476	9.859670	0.350835	0.806043	0.045318	0.073410	-0.100391	-0.127481	0.010991	0.991780	0.688579	-0.718716	0.096473	0.713868	0.695217	0.084054
27477	9.950621	0.237352	0.851047	0.079141	0.085955	-0.087166	-0.128625	0.011031	0.991632	0.689070	-0.718124	0.097368	0.713188	0.695828	0.084767
27478	9.932724	0.248121	0.890163	0.118853	0.100499	-0.084149	-0.129858	0.010935	0.991472	0.689854	-0.717249	0.098264	0.712207	0.696731	0.085597
27479	9.868120	0.207116	0.826799	0.150053	0.100463	-0.084839	-0.131089	0.010854	0.991311	0.690849	-0.716161	0.099198	0.711016	0.697850	0.086382
27480	9.881383	0.125914	0.789892	0.204335	0.111603	-0.087667	-0.132423	0.010702	0.991136	0.692230	-0.714687	0.100204	0.709424	0.699363	0.087233
27481	9.758956	0.231851	0.807259	0.216179	0.125668	-0.094264	-0.133897	0.010507	0.990940	0.693674	-0.713131	0.101292	0.707734	0.700952	0.088198
27482	9.747932	0.296018	0.791590	0.208630	0.138893	-0.121630	-0.135658	0.010400	0.990701	0.695032	-0.711615	0.102641	0.706065	0.702493	0.089308
27483	9.821576	0.290334	0.868663	0.209951	0.145993	-0.141545	-0.137603	0.010392	0.990433	0.696358	-0.710091	0.104196	0.704380	0.704033	0.090474
27484	9.846426	0.353724	0.875678	0.212149	0.157431	-0.152396	-0.139706	0.010362	0.990139	0.697689	-0.708537	0.105857	0.702647	0.705597	0.091758
27485	9.836961	0.412426	0.884532	0.226559	0.172067	-0.165709	-0.142002	0.010332	0.989813	0.699083	-0.706887	0.107671	0.700798	0.707251	0.093156
27486	9.843871	0.480283	0.923828	0.262336	0.190736	-0.175819	-0.144501	0.010225	0.989452	0.700709	-0.704976	0.109618	0.698661	0.709157	0.094705
27487	9.788476	0.606245	1.025342	0.302707	0.211829	-0.180973	-0.147179	0.010007	0.989059	0.702594	-0.702775	0.111662	0.696204	0.711342	0.096403
27488	9.750879	0.730825	1.179197	0.333767	0.237975	-0.180588	-0.150038	0.009578	0.988634	0.704692	-0.700339	0.113731	0.693468	0.713747	0.098328
27489	9.685634	0.809222	1.341865	0.351515	0.258359	-0.179770	-0.153025	0.009001	0.988181	0.706891	-0.697776	0.115822	0.690571	0.716260	0.100415
27490	9.637662	0.887032	1.556904	0.339550	0.277286	-0.190512	-0.156218	0.008337	0.987687	0.708988	-0.695278	0.118006	0.687701	0.718693	0.102704
27491	9.495345	0.895452	1.722687	0.313082	0.290687	-0.184385	-0.159453	0.007538	0.987177	0.710884	-0.692976	0.120117	0.684996	0.720921	0.105138
27492	9.400083	0.838888	1.962626	0.272100	0.297107	-0.186306	-0.162743	0.006679	0.986646	0.712500	-0.690949	0.122201	0.682538	0.722873	0.107688
27493	9.406893	0.791362	2.144344	0.242858	0.314103	-0.185861	-0.166140	0.005703	0.986086	0.713888	-0.689147	0.124264	0.680266	0.724600	0.110424
27494	9.482549	0.929189	2.458689	0.229620	0.336737	-0.189366	-0.169714	0.004566	0.985483	0.715173	-0.687433	0.126348	0.678030	0.726234	0.113402
27495	9.342343	1.077458	2.663598	0.190066	0.343620	-0.180173	-0.173261	0.003320	0.984870	0.716189	-0.686011	0.128307	0.676057	0.727584	0.116481
27496	9.441437	1.165979	2.553574	0.132006	0.342342	-0.183812	-0.176825	0.002089	0.984240	0.716803	-0.685006	0.130232	0.674482	0.728535	0.119629
27497	9.504730	1.347913	2.435395	0.075207	0.341604	-0.208790	-0.180556	0.001044	0.983564	0.716975	-0.684421	0.132343	0.673310	0.729087	0.122828
27498	9.579753	1.388066	2.254227	0.018476	0.336731	-0.221641	-0.184345	0.000104	0.982862	0.716744	-0.684242	0.134504	0.672529	0.729255	0.126062
27499	9.683277	1.368679	2.260036	-0.034116	0.344787	-0.232409	-0.188259	-0.000804	0.982119	0.716120	-0.684457	0.136710	0.672109	0.729052	0.129431
27500	9.747568	1.282790	2.268491	-0.080155	0.355719	-0.235161	-0.192268	-0.001786	0.981341	0.715179	-0.685006	0.138874	0.671976	0.728535	0.132982
27501	9.810437	1.126302	2.220634	-0.098986	0.360903	-0.241761	-0.196353	-0.002742	0.980529	0.714083	-0.685698	0.141079	0.671961	0.727881	0.136597
27502	9.969775	1.004011	2.315809	-0.103004	0.370262	-0.242447	-0.200508	-0.003772	0.979685	0.712952	-0.686420	0.143274	0.671935	0.727195	0.140321
27503	10.110000	0.884151	2.442181	-0.073657	0.390807	-0.234267	-0.204734	-0.004989	0.978805	0.712022	-0.686932	0.145430	0.671647	0.726705	0.144191
27504	10.267035	0.753596	2.646372	-0.027807	0.425126	-0.213379	-0.209044	-0.006612	0.977884	0.711435	-0.687112	0.147439	0.670941	0.726522	0.148341
27505	10.415135	0.653283	2.869093	0.053667	0.461366	-0.180607	-0.213353	-0.008709	0.976936	0.711453	-0.686702	0.149252	0.669564	0.726887	0.152706
27506	10.435091	0.642302	3.090606	0.171467	0.514682	-0.139238	-0.217723	-0.011498	0.975943	0.712338	-0.685436	0.150840	0.667212	0.728042	0.157425
27507	10.280299	0.684325	3.322881	0.293768	0.572745	-0.095264	-0.222146	-0.015006	0.974898	0.714123	-0.683272	0.152207	0.663836	0.730010	0.162503
27508	9.919661	0.743199	3.627412	0.420592	0.620252	-0.053305	-0.226570	-0.019179	0.973806	0.716826	-0.680172	0.153384	0.659414	0.732802	0.167855
27509	9.612229	0.760894	4.016266	0.520040	0.656085	-0.002852	-0.230832	-0.023964	0.972698	0.720275	-0.676318	0.154268	0.654156	0.736220	0.173376
27510	9.449313	0.866359	4.248851	0.590874	0.681843	0.033651	-0.234970	-0.029224	0.971563	0.724240	-0.671914	0.154944	0.648279	0.740052	0.179045
27511	9.308122	0.977937	4.349989	0.637272	0.728191	0.058536	-0.239175	-0.035003	0.970345	0.728529	-0.667130	0.155505	0.641904	0.744118	0.185062
27512	9.211127	1.295088	4.401831	0.629407	0.750193	0.054987	-0.243505	-0.040967	0.969034	0.732721	-0.662380	0.156120	0.635473	0.748047	0.191310
27513	9.239449	1.690740	4.428445	0.570606	0.757180	0.053185	-0.247836	-0.046978	0.967662	0.736500	-0.658041	0.156685	0.629401	0.751515	0.197686
27514	9.255486	2.117067	4.308426	0.466371	0.739151	0.055227	-0.252004	-0.052906	0.966279	0.739599	-0.654468	0.157052	0.624090	0.754236	0.204058
27515	9.206848	2.380319	4.150384	0.332707	0.714009	0.053602	-0.255981	-0.058630	0.964902	0.741843	-0.651888	0.157195	0.619792	0.756045	0.210365
27516	9.307572	2.641841	4.126099	0.176203	0.687225	0.052055	-0.259787	-0.064169	0.963532	0.743105	-0.650489	0.157034	0.616690	0.756801	0.216672
27517	9.420211	2.748108	4.152882	0.002715	0.680791	0.044728	-0.263580	-0.069593	0.962124	0.743278	-0.650400	0.156581	0.614869	0.756397	0.223159
27518	9.388240	2.700726	4.021423	-0.183242	0.698807	0.037116	-0.267544	-0.075116	0.960613	0.742288	-0.651723	0.155776	0.614352	0.754729	0.230122
27519	9.330670	2.584785	3.792054	-0.322401	0.727314	0.040573	-0.271647	-0.080843	0.958995	0.740456	-0.654082	0.154605	0.614763	0.752091	0.237540
27520	9.314725	2.420733	3.759896	-0.431227	0.726701	0.041930	-0.275755	-0.086573	0.957321	0.737955	-0.657247	0.153131	0.615940	0.748686	0.245126
27521	9.401287	2.379068	3.571053	-0.527286	0.673693	0.045182	-0.279513	-0.091884	0.955735	0.734867	-0.661106	0.151360	0.617934	0.744645	0.252310
27522	9.194448	2.231515	3.136454	-0.715792	0.577559	0.061443	-0.282589	-0.096580	0.954367	0.730642	-0.666324	0.148913	0.621535	0.739382	0.258861
27523	8.796166	1.649119	2.284798	-0.951850	0.388995	0.119199	-0.284084	-0.100226	0.953547	0.725077	-0.673174	0.145261	0.627344	0.732661	0.263909
27524	8.705456	1.052221	1.708582	-1.091617	0.199263	0.183066	-0.283967	-0.102922	0.953294	0.718747	-0.680909	0.140586	0.634638	0.725100	0.267330
27525	8.900111	0.777618	1.053782	-1.133017	0.128009	0.220715	-0.283139	-0.105342	0.953276	0.712180	-0.688813	0.135412	0.642364	0.717245	0.270052
27526	9.110895	0.461892	0.476686	-1.079055	0.155180	0.248220	-0.282327	-0.108173	0.953200	0.705951	-0.696211	0.130086	0.649557	0.709639	0.272924
27527	9.245743	0.202355	0.400820	-0.922722	0.233489	0.273159	-0.281862	-0.111719	0.952928	0.700743	-0.702391	0.124923	0.655372	0.702969	0.276264
27528	9.577072	-0.516581	0.639163	-0.701693	0.303467	0.289522	-0.281778	-0.115891	0.952455	0.696987	-0.706941	0.120182	0.659401	0.697713	0.279975
27529	9.627218	-0.793923	0.934452	-0.354994	0.354540	0.309440	-0.281897	-0.120538	0.951843	0.695558	-0.709010	0.116210	0.660858	0.694821	0.283709
27530	9.521726	-0.791746	1.083577	-0.039246	0.333251	0.353810	-0.281579	-0.125367	0.951313	0.696337	-0.708812	0.112699	0.660173	0.694168	0.286884
27531	9.250888	-0.711820	1.170238	0.204050	0.232872	0.431852	-0.280034	-0.130029	0.951143	0.698936	-0.706805	0.109153	0.658080	0.695355	0.288812
27532	9.054657	-0.562520	1.261839	0.399175	0.130611	0.512813	-0.277238	-0.134561	0.951332	0.703027	-0.703309	0.105397	0.654898	0.698032	0.289584
27533	9.052776	-0.377486	1.329018	0.538279	0.084516	0.589591	-0.273562	-0.139273	0.951718	0.708207	-0.698697	0.101321	0.650851	0.701731	0.289771
27534	9.166782	-0.251793	1.406995	0.653889	0.109604	0.669742	-0.269449	-0.144710	0.952080	0.714306	-0.693105	0.096809	0.645882	0.706161	0.290124
27535	9.201529	-0.236630	1.726846	0.780824	0.146359	0.754726	-0.264906	-0.150940	0.952388	0.721383	-0.686416	0.091865	0.639868	0.711372	0.290721
27536	9.327843	-0.204654	2.013973	0.879865	0.173819	0.823921	-0.259975	-0.157810	0.952633	0.729185	-0.678821	0.086545	0.633010	0.717145	0.291549
27537	9.334004	-0.114982	2.421565	0.954953	0.205225	0.857286	-0.254913	-0.165057	0.952772	0.737441	-0.670520	0.081142	0.625460	0.723298	0.292644
27538	9.246169	0.128711	2.932884	1.023312	0.221111	0.866443	-0.249799	-0.172437	0.952820	0.746026	-0.661583	0.075854	0.617289	0.729777	0.293905
27539	9.094819	0.649542	3.405253	1.071733	0.225908	0.834388	-0.244857	-0.179558	0.952788	0.754698	-0.652216	0.071036	0.608668	0.736460	0.295211
27540	8.869857	1.335929	3.621289	1.114441	0.212210	0.788817	-0.240090	-0.186236	0.952719	0.763382	-0.642486	0.066784	0.599671	0.743322	0.296424
27541	8.923508	2.177451	3.515984	1.107091	0.214487	0.718688	-0.235784	-0.192402	0.952569	0.771718	-0.632816	0.063202	0.590641	0.750017	0.297689
27542	9.098349	2.945170	3.514165	1.028114	0.251027	0.641464	-0.232222	-0.198322	0.952230	0.779285	-0.623779	0.060130	0.582055	0.756021	0.299405
27543	9.351422	3.577816	3.676219	0.873327	0.298251	0.561189	-0.229490	-0.204044	0.951683	0.785667	-0.615982	0.057388	0.574510	0.760876	0.301672
27544	9.574444	3.892125	4.011951	0.628511	0.343032	0.487447	-0.227551	-0.209645	0.950931	0.790409	-0.610139	0.054626	0.568747	0.764055	0.304543
27545	9.663578	3.909557	4.290087	0.319303	0.364993	0.424545	-0.226194	-0.214999	0.950059	0.793219	-0.606751	0.051544	0.565367	0.765263	0.307785
27546	9.565629	3.609258	4.421607	0.003393	0.382173	0.383838	-0.225250	-0.220246	0.949081	0.794140	-0.605846	0.047883	0.564451	0.764488	0.311373
27547	9.449418	3.131135	4.453272	-0.277749	0.406660	0.357693	-0.224644	-0.225499	0.947990	0.793410	-0.607124	0.043596	0.565717	0.761939	0.315299
27548	9.355252	2.352174	4.500675	-0.526378	0.427633	0.346200	-0.224272	-0.230851	0.946789	0.791236	-0.610290	0.038621	0.568900	0.757795	0.319529
27549	9.505567	1.489949	4.565539	-0.687001	0.458564	0.342428	-0.224121	-0.236392	0.945457	0.788116	-0.614634	0.033147	0.573274	0.752558	0.324057
27550	9.626757	0.643245	4.551437	-0.741607	0.516793	0.334314	-0.224413	-0.242326	0.943884	0.784632	-0.619349	0.027543	0.577919	0.746783	0.329127
27551	9.676935	-0.019364	4.666693	-0.717728	0.563950	0.321706	-0.225100	-0.248502	0.942113	0.781228	-0.623854	0.022105	0.582248	0.740981	0.334567
27552	9.648182	-0.399104	4.683686	-0.589632	0.621463	0.308292	-0.226271	-0.255018	0.940089	0.778517	-0.627388	0.017190	0.585416	0.735765	0.340495
27553	9.502336	-0.550751	4.656196	-0.433277	0.678773	0.296189	-0.227881	-0.261841	0.937821	0.776686	-0.629756	0.012898	0.587221	0.731332	0.346878
27554	9.281023	-0.510280	4.658582	-0.265704	0.715341	0.285433	-0.229814	-0.268859	0.935361	0.775815	-0.630892	0.009271	0.587620	0.727798	0.353573
27555	9.332338	-0.342737	4.608755	-0.119621	0.736683	0.272625	-0.231959	-0.275914	0.932774	0.775779	-0.630974	0.006277	0.586824	0.725082	0.360408
27556	9.237603	-0.072023	4.485796	-0.006373	0.773164	0.265592	-0.234375	-0.283186	0.929986	0.776397	-0.630233	0.003758	0.585044	0.722919	0.367576
27557	9.017218	0.081385	4.338489	0.070848	0.778155	0.263477	-0.236805	-0.290447	0.927127	0.777468	-0.628920	0.001554	0.582637	0.721179	0.374745
27558	8.891331	0.195845	4.193886	0.131425	0.767477	0.253948	-0.239236	-0.297572	0.924239	0.778873	-0.627181	-0.000321	0.579761	0.719788	0.381815
27559	8.830628	0.194953	4.044736	0.182394	0.776547	0.245286	-0.241748	-0.304676	0.921266	0.780554	-0.625085	-0.001901	0.576449	0.718638	0.388929
27560	8.750595	0.170178	3.852565	0.231207	0.781025	0.245666	-0.244262	-0.311818	0.918208	0.782516	-0.622622	-0.003273	0.572717	0.717713	0.396086
27561	8.647173	0.112445	3.694221	0.264237	0.801519	0.243935	-0.246860	-0.319066	0.915018	0.784660	-0.619911	-0.004471	0.568656	0.716874	0.403389
27562	8.502737	0.078836	3.612778	0.335490	0.804327	0.246173	-0.249427	-0.326352	0.911746	0.787207	-0.616665	-0.005373	0.563996	0.716392	0.410720
27563	8.375853	0.106204	3.583333	0.394769	0.808710	0.238318	-0.252023	-0.333593	0.908405	0.790057	-0.613005	-0.005924	0.558833	0.716199	0.418049
27564	8.281295	0.252862	3.604160	0.444122	0.802705	0.225986	-0.254645	-0.340722	0.905021	0.793135	-0.609015	-0.006118	0.553256	0.716247	0.425322
27565	8.161448	0.411895	3.752408	0.473994	0.794256	0.218323	-0.257217	-0.347720	0.901626	0.796339	-0.604820	-0.006074	0.547434	0.716438	0.432473
27566	8.064217	0.637318	3.819243	0.427643	0.792270	0.198526	-0.259897	-0.354591	0.898175	0.799217	-0.601012	-0.006012	0.541946	0.716275	0.439596
27567	7.889520	0.728606	3.863520	0.344769	0.783192	0.171557	-0.262685	-0.361209	0.894721	0.801561	-0.597882	-0.006038	0.537118	0.715587	0.446586
27568	7.741456	0.742532	3.994849	0.275254	0.763408	0.141351	-0.265583	-0.367509	0.891293	0.803443	-0.595351	-0.006076	0.532865	0.714489	0.453387
27569	7.624358	0.716313	4.092568	0.195455	0.735410	0.104414	-0.268586	-0.373360	0.887955	0.804795	-0.593521	-0.006127	0.529307	0.712976	0.459890
27570	7.439808	0.716698	4.117631	0.105461	0.702123	0.084613	-0.271560	-0.378859	0.884715	0.805616	-0.592403	-0.006402	0.526534	0.711002	0.466088
27571	7.382558	0.782274	4.043554	0.048675	0.667501	0.047869	-0.274618	-0.383863	0.881609	0.806038	-0.591827	-0.006611	0.524297	0.708795	0.471935
27572	7.274020	0.906821	4.048481	0.010394	0.621280	0.018663	-0.277669	-0.388368	0.878676	0.806179	-0.591633	-0.006737	0.522470	0.706499	0.477372
27573	7.211995	0.995440	3.943286	-0.088980	0.551889	-0.011877	-0.280583	-0.392172	0.876056	0.805717	-0.592258	-0.007073	0.521625	0.703869	0.482157
27574	7.137540	1.023403	3.835296	-0.227606	0.492510	-0.018811	-0.283254	-0.395516	0.873690	0.804512	-0.593882	-0.008022	0.522042	0.700622	0.486417
27575	7.053050	0.969482	3.856588	-0.377454	0.418452	-0.017618	-0.285521	-0.398318	0.871677	0.802524	-0.596541	-0.009723	0.523864	0.696765	0.489985
27576	7.023620	0.876313	4.020600	-0.488857	0.353270	-0.019788	-0.287485	-0.400651	0.869960	0.799935	-0.599967	-0.011964	0.526741	0.692473	0.492977
27577	6.968415	0.774338	4.112016	-0.609389	0.282388	-0.019661	-0.289072	-0.402465	0.868596	0.796693	-0.604203	-0.014816	0.530771	0.687721	0.495299
27578	6.905559	0.556964	4.012503	-0.707676	0.203856	-0.020300	-0.290271	-0.403737	0.867606	0.792896	-0.609086	-0.018160	0.535778	0.682650	0.496921
27579	6.887540	0.332616	4.116681	-0.818602	0.127232	-0.010478	-0.290976	-0.404523	0.867003	0.788492	-0.614646	-0.022152	0.541861	0.677179	0.497810
27580	6.977258	0.089830	4.363608	-0.924347	0.049113	-0.008683	-0.291262	-0.404799	0.866778	0.783462	-0.620866	-0.026689	0.548956	0.671315	0.497980
27581	7.071670	-0.202307	4.556953	-0.993308	-0.031352	0.010650	-0.290942	-0.404642	0.866959	0.778039	-0.627414	-0.031736	0.556784	0.665295	0.497368
27582	7.083173	-0.618297	4.597855	-1.065915	-0.119004	0.049501	-0.289840	-0.404166	0.867550	0.772240	-0.634225	-0.037469	0.565365	0.659097	0.495937
27583	7.094152	-1.184277	4.816562	-1.125623	-0.202646	0.074282	-0.288049	-0.403298	0.868549	0.766077	-0.641262	-0.043695	0.574590	0.652790	0.493672
27584	7.227220	-1.775346	4.915778	-1.146243	-0.286697	0.091892	-0.285636	-0.402030	0.869933	0.759739	-0.648292	-0.050146	0.584131	0.646599	0.490613
27585	7.517035	-2.236214	4.717742	-1.085760	-0.387183	0.099008	-0.282542	-0.400171	0.871799	0.753666	-0.654839	-0.056326	0.593428	0.641131	0.486615
27586	7.635060	-2.477352	4.559415	-0.953588	-0.465226	0.082530	-0.279090	-0.397744	0.874018	0.748239	-0.660557	-0.061677	0.601870	0.636761	0.481963
27587	7.463298	-2.408320	4.649230	-0.798554	-0.507702	0.070716	-0.275423	-0.394978	0.876433	0.743638	-0.665303	-0.066138	0.609216	0.633533	0.476960
27588	6.957416	-2.240427	4.474784	-0.634715	-0.614623	0.058790	-0.271170	-0.391487	0.879321	0.739952	-0.669041	-0.069677	0.615579	0.631761	0.471106
27589	6.851015	-1.862153	4.386577	-0.528951	-0.734109	0.022769	-0.266395	-0.386995	0.882762	0.736782	-0.672247	-0.072365	0.621439	0.631125	0.464214
27590	7.062808	-1.603354	4.443808	-0.433963	-0.857697	-0.009247	-0.261056	-0.381524	0.886730	0.734089	-0.674976	-0.074297	0.626867	0.631543	0.456279
27591	7.461735	-1.694953	4.498290	-0.345123	-1.011502	-0.028918	-0.254834	-0.374923	0.891343	0.731882	-0.677223	-0.075614	0.631987	0.633089	0.446979
27592	8.954968	-2.632508	4.710309	-0.286182	-1.201466	0.014542	-0.247050	-0.367407	0.896649	0.730143	-0.678939	-0.077025	0.637069	0.635653	0.435991
27593	10.655319	-4.193961	5.123285	-0.157098	-1.269378	0.170654	-0.237624	-0.360464	0.901998	0.729592	-0.679275	-0.079252	0.641272	0.639259	0.424404
27594	11.927518	-5.551317	5.977791	0.335210	-1.156126	0.268229	-0.228192	-0.354862	0.906643	0.732408	-0.676115	-0.080294	0.641489	0.645710	0.414188
27595	11.547968	-5.876952	7.352649	1.159107	-0.852355	0.344358	-0.220149	-0.351614	0.909891	0.740615	-0.667307	-0.078678	0.634841	0.656559	0.407318
27596	9.171230	-5.003992	7.847922	1.993909	-0.639035	0.415600	-0.212972	-0.350120	0.912173	0.754078	-0.652556	-0.074410	0.621296	0.672002	0.402994
27597	7.627518	-2.484322	7.103388	2.572966	-0.677364	0.378641	-0.205872	-0.347925	0.914639	0.770661	-0.633653	-0.067574	0.603075	0.690965	0.398583
27598	7.797671	0.890749	6.194452	2.665100	-0.726894	0.291113	-0.199234	-0.344655	0.917343	0.787103	-0.613924	-0.059710	0.583758	0.710148	0.393594
27599	8.352130	3.917954	5.549611	2.232086	-0.761863	0.252866	-0.192775	-0.340696	0.920198	0.800483	-0.596978	-0.053331	0.567507	0.726322	0.387804
27600	9.059774	5.852268	5.731777	1.496706	-0.776739	0.231286	-0.186493	-0.336381	0.923075	0.809371	-0.585188	-0.049730	0.556901	0.737836	0.381391
27601	10.299036	6.599170	6.922710	0.878201	-0.739432	0.122168	-0.181339	-0.331588	0.925832	0.814494	-0.578219	-0.047558	0.551103	0.745461	0.374930
27602	12.184481	6.513358	9.300115	0.340537	-0.689584	0.025108	-0.177290	-0.326578	0.928394	0.816447	-0.575541	-0.046544	0.549529	0.749733	0.368672
27603	12.207178	5.228054	8.181215	-0.345591	-0.687903	0.004103	-0.173397	-0.321423	0.930925	0.814581	-0.578071	-0.047865	0.553526	0.750014	0.362061
27604	9.746438	3.957091	3.005204	-0.959346	-0.888935	-0.016491	-0.168524	-0.314673	0.934120	0.809232	-0.585258	-0.051160	0.562800	0.747298	0.353273
27605	8.670198	3.230338	-0.677012	-1.435028	-1.090928	-0.102133	-0.163068	-0.305924	0.937987	0.800923	-0.596216	-0.055216	0.576134	0.742251	0.342246
27606	8.971068	2.193559	-1.615588	-1.775217	-1.137869	-0.171095	-0.157738	-0.296488	0.941920	0.790314	-0.609797	-0.059596	0.592050	0.735012	0.330506
27607	9.337874	0.690081	-1.940929	-1.800420	-1.125107	-0.210639	-0.152574	-0.286945	0.945719	0.779219	-0.623529	-0.063476	0.607897	0.727237	0.318727
27608	10.485809	-0.998807	-1.606042	-1.734903	-1.204328	-0.252962	-0.147072	-0.276636	0.949654	0.768197	-0.636749	-0.066517	0.623092	0.719738	0.306159
27609	11.383696	-3.121501	-1.279695	-1.728257	-1.327848	-0.272463	-0.140708	-0.265360	0.953827	0.756940	-0.649818	-0.069120	0.638156	0.712264	0.292296
27610	11.228705	-5.494610	-1.734962	-1.495428	-1.387179	-0.211689	-0.133306	-0.254134	0.957938	0.747045	-0.660930	-0.071381	0.651270	0.706107	0.277956
27611	10.551103	-6.448998	-1.889364	-0.695749	-1.393859	-0.200537	-0.125605	-0.242954	0.961871	0.742266	-0.666294	-0.071368	0.658229	0.705000	0.264026
27612	10.286498	-5.397534	-1.080441	0.247145	-1.381077	-0.125944	-0.117397	-0.232345	0.965523	0.743775	-0.664802	-0.069544	0.658039	0.709968	0.250858
27613	10.128404	-3.506570	0.039622	0.982105	-1.291270	-0.023748	-0.109047	-0.222944	0.968713	0.750217	-0.657794	-0.066937	0.652137	0.719446	0.238987
27614	9.912251	-0.711495	0.727804	1.388312	-1.211465	0.033034	-0.100896	-0.214371	0.971527	0.759277	-0.647608	-0.064044	0.642898	0.731196	0.228108
27615	9.516508	2.162123	1.412821	1.483993	-1.143969	0.046119	-0.093179	-0.206217	0.974060	0.768820	-0.636529	-0.061213	0.632640	0.743173	0.217855
27616	9.524356	3.805617	2.184569	1.250886	-1.093587	0.042499	-0.085924	-0.198298	0.976368	0.776751	-0.627039	-0.058993	0.623919	0.753326	0.207906
27617	9.672995	4.188022	2.560359	0.897290	-1.019385	0.014056	-0.079418	-0.190648	0.978441	0.782365	-0.620175	-0.057338	0.617736	0.760945	0.198409
27618	9.426462	4.039508	3.005518	0.494696	-0.949507	-0.009563	-0.073588	-0.183334	0.980293	0.785438	-0.616373	-0.056312	0.614550	0.765815	0.189355
27619	9.307676	3.444010	3.036057	0.072132	-0.924432	-0.009153	-0.067911	-0.176168	0.982015	0.785907	-0.615793	-0.056120	0.614605	0.767961	0.180271
27620	9.669982	2.169540	2.633639	-0.358088	-0.893204	-0.013996	-0.062465	-0.169216	0.983597	0.783722	-0.618524	-0.056638	0.617962	0.767329	0.171255
27621	9.732405	0.683688	2.214612	-0.624512	-0.830557	-0.004443	-0.057277	-0.162806	0.984994	0.779875	-0.623273	-0.057669	0.623309	0.764869	0.162668
27622	9.726630	-0.784363	1.972564	-0.740892	-0.770541	0.015428	-0.052280	-0.157013	0.986212	0.775274	-0.628861	-0.059022	0.629457	0.761499	0.154605
27623	9.663710	-1.860481	1.710009	-0.693164	-0.717479	0.020286	-0.047518	-0.151671	0.987288	0.770933	-0.634055	-0.060301	0.635141	0.758268	0.147057
27624	9.726462	-2.460872	1.660966	-0.573566	-0.653921	0.027308	-0.043089	-0.146887	0.988214	0.767321	-0.638315	-0.061421	0.639814	0.755631	0.140214
27625	9.899608	-2.536220	1.935563	-0.432606	-0.578602	0.024280	-0.039122	-0.142658	0.988999	0.764587	-0.641504	-0.062289	0.643332	0.753738	0.134171
27626	9.996106	-2.364234	1.843727	-0.350496	-0.480925	0.005461	-0.035928	-0.139066	0.989631	0.762361	-0.644095	-0.062833	0.646154	0.752199	0.129159
27627	9.951501	-2.290081	1.825961	-0.260650	-0.374391	-0.005919	-0.033481	-0.136196	0.990116	0.760704	-0.646021	-0.063140	0.648235	0.751071	0.125234
27628	9.597561	-1.899839	1.601936	-0.202606	-0.315092	-0.026538	-0.031585	-0.133654	0.990525	0.759412	-0.647537	-0.063159	0.649843	0.750221	0.121951
27629	9.465570	-1.486250	1.475449	-0.226520	-0.304682	-0.062672	-0.030009	-0.130946	0.990935	0.757950	-0.649278	-0.062845	0.651622	0.749194	0.118735
27630	9.418938	-1.321246	1.457496	-0.294712	-0.315023	-0.080881	-0.028512	-0.128058	0.991357	0.756035	-0.651548	-0.062420	0.653910	0.747720	0.115393
27631	9.598736	-1.369937	1.108209	-0.344368	-0.340554	-0.103475	-0.026993	-0.124822	0.991812	0.753781	-0.654211	-0.061820	0.656571	0.745941	0.111747
27632	9.707888	-1.458942	0.684245	-0.371397	-0.324588	-0.119293	-0.025701	-0.121619	0.992244	0.751338	-0.657085	-0.061078	0.659417	0.743941	0.108265
27633	9.711268	-1.487991	0.391194	-0.353116	-0.317710	-0.132430	-0.024526	-0.118370	0.992667	0.749003	-0.659828	-0.060175	0.662112	0.742035	0.104842
27634	9.729144	-1.363852	0.058099	-0.301832	-0.313239	-0.142370	-0.023459	-0.115104	0.993076	0.747000	-0.662192	-0.059106	0.664410	0.740441	0.101517
27635	9.487314	-1.219196	-0.103909	-0.270025	-0.347640	-0.153720	-0.022223	-0.111496	0.993516	0.745200	-0.664324	-0.057884	0.666471	0.739082	0.097851
27636	9.626512	-1.192290	-0.166069	-0.251064	-0.387843	-0.168510	-0.020834	-0.107509	0.993986	0.743520	-0.666324	-0.056485	0.668389	0.737872	0.093817
27637	9.749551	-1.293972	-0.237326	-0.238128	-0.423245	-0.178353	-0.019257	-0.103182	0.994476	0.741923	-0.668229	-0.054966	0.670209	0.736766	0.089421
27638	9.822881	-1.324751	-0.173232	-0.200287	-0.454995	-0.189918	-0.017555	-0.098558	0.994976	0.740576	-0.669856	-0.053287	0.671743	0.735920	0.084750
27639	9.935428	-1.226462	0.107109	-0.138834	-0.456774	-0.189298	-0.015816	-0.093913	0.995455	0.739643	-0.671022	-0.051554	0.672813	0.735466	0.080075
27640	9.873826	-1.143687	0.253322	-0.103459	-0.446797	-0.193789	-0.014184	-0.089324	0.995902	0.738950	-0.671922	-0.049741	0.673611	0.735216	0.075536
27641	9.802111	-1.137914	0.528221	-0.085713	-0.435118	-0.196146	-0.012631	-0.084791	0.996319	0.738378	-0.672685	-0.047887	0.674269	0.735055	0.071104
27642	9.922173	-1.291128	0.696402	-0.063608	-0.425353	-0.197775	-0.011165	-0.080331	0.996706	0.737958	-0.673278	-0.045997	0.674755	0.735013	0.066798
27643	9.953783	-1.211624	0.896488	-0.039746	-0.392283	-0.193178	-0.009873	-0.076131	0.997049	0.737701	-0.673684	-0.044135	0.675056	0.735088	0.062813
27644	9.890873	-0.953223	0.998999	-0.025447	-0.363352	-0.198582	-0.008827	-0.072120	0.997357	0.737543	-0.673980	-0.042208	0.675243	0.735221	0.059140
27645	9.782812	-0.730971	1.226084	-0.018107	-0.326331	-0.204966	-0.008065	-0.068323	0.997631	0.737435	-0.674220	-0.040212	0.675370	0.735363	0.055821
27646	9.601023	-0.626665	1.300272	-0.023468	-0.298221	-0.216799	-0.007592	-0.064666	0.997878	0.737291	-0.674500	-0.038101	0.675532	0.735438	0.052798
27647	9.562314	-0.641962	1.392782	-0.065657	-0.286103	-0.242626	-0.007378	-0.060909	0.998116	0.736861	-0.675098	-0.035751	0.676004	0.735209	0.049862
27648	9.434039	-0.738196	1.374120	-0.142426	-0.280620	-0.267139	-0.007389	-0.057041	0.998344	0.735910	-0.676265	-0.033193	0.677039	0.734447	0.046974
27649	9.473459	-0.797083	1.277665	-0.211492	-0.300110	-0.284018	-0.007373	-0.052900	0.998573	0.734487	-0.677937	-0.030491	0.678582	0.733214	0.043853
27650	9.587248	-0.711365	1.077243	-0.269567	-0.309148	-0.299916	-0.007415	-0.048600	0.998791	0.732666	-0.680027	-0.027650	0.680548	0.731575	0.040650
27651	9.518749	-0.719674	0.954238	-0.319733	-0.320527	-0.312045	-0.007443	-0.044117	0.998999	0.730495	-0.682472	-0.024696	0.682878	0.729579	0.037307
27652	9.442378	-1.009082	1.022134	-0.367940	-0.341434	-0.331223	-0.007465	-0.039365	0.999197	0.727985	-0.685254	-0.021558	0.685552	0.727239	0.033773
27653	9.375313	-1.512895	1.253577	-0.410346	-0.381680	-0.349887	-0.007315	-0.034177	0.999389	0.725172	-0.688326	-0.018231	0.688529	0.724596	0.029819
27654	9.691582	-1.927359	1.263475	-0.421290	-0.419893	-0.365516	-0.007005	-0.028621	0.999566	0.722271	-0.691453	-0.014737	0.691574	0.721855	0.025515
27655	9.930359	-2.144635	1.260666	-0.364837	-0.408007	-0.376815	-0.006825	-0.023056	0.999711	0.719750	-0.694145	-0.011095	0.694200	0.719466	0.021332
27656	10.079408	-2.069474	1.409279	-0.290734	-0.397194	-0.391144	-0.006816	-0.017486	0.999824	0.717735	-0.696279	-0.007284	0.696283	0.717559	0.017296
27657	10.267709	-1.724106	1.605058	-0.194575	-0.387015	-0.402422	-0.006935	-0.011893	0.999905	0.716384	-0.697699	-0.003330	0.697672	0.716293	0.013358
27658	9.653587	-1.684990	1.918527	-0.158130	-0.376553	-0.408389	-0.007170	-0.006351	0.999954	0.715284	-0.698834	0.000690	0.698797	0.715256	0.009554
27659	9.617628	-1.818106	2.293830	-0.159676	-0.414874	-0.440718	-0.007349	-0.000290	0.999973	0.714168	-0.699956	0.005045	0.699936	0.714186	0.005351
27660	10.202401	-1.788410	2.689446	-0.148747	-0.384996	-0.452244	-0.007821	0.005619	0.999954	0.713125	-0.700973	0.009516	0.700994	0.713166	0.001475
27661	10.298252	-1.619476	3.172060	-0.105917	-0.301132	-0.434136	-0.008733	0.010823	0.999903	0.712379	-0.701659	0.013817	0.701741	0.712431	-0.001582
27662	10.568545	-1.264711	3.843342	-0.062778	-0.170566	-0.398261	-0.010314	0.014824	0.999837	0.711933	-0.702023	0.017752	0.702171	0.712000	-0.003313
27663	10.646928	-0.814743	4.860905	-0.115082	0.086379	-0.352910	-0.013362	0.016701	0.999771	0.711116	-0.702753	0.021243	0.702947	0.711238	-0.002487
27664	9.228869	-0.393528	5.239838	-0.296256	0.254395	-0.335342	-0.017476	0.017243	0.999699	0.709013	-0.704768	0.024551	0.704979	0.709228	0.000091
27665	8.936034	0.815909	4.525735	-0.506565	0.125596	-0.373213	-0.020934	0.019004	0.999600	0.705394	-0.708252	0.028237	0.708506	0.705704	0.001421
27666	8.681376	2.063805	3.414006	-0.742425	0.080070	-0.469469	-0.024747	0.021764	0.999457	0.700042	-0.713345	0.032867	0.713673	0.700475	0.002417
27667	8.299379	2.493683	1.955476	-1.127868	-0.100108	-0.600937	-0.028140	0.026783	0.999245	0.691824	-0.721023	0.038808	0.721518	0.692393	0.001761
27668	9.828538	2.078438	0.632317	-1.580681	-0.292933	-0.740032	-0.031034	0.034153	0.998935	0.680148	-0.731621	0.046144	0.732418	0.680855	-0.000524
27669	10.363839	0.934981	0.031542	-1.783734	-0.305814	-0.797523	-0.034076	0.042107	0.998532	0.666751	-0.743314	0.054098	0.744501	0.667616	-0.002745
27670	10.863544	-0.958378	-0.459744	-1.778992	-0.311451	-0.781060	-0.036840	0.049997	0.998070	0.653160	-0.754685	0.061914	0.756324	0.654180	-0.004854
27671	12.362981	-2.790873	0.299444	-1.416847	-0.201806	-0.725887	-0.039935	0.056824	0.997585	0.642136	-0.763461	0.069194	0.765550	0.643349	-0.006000
27672	13.541550	-3.390742	1.618696	-0.956617	0.119957	-0.607365	-0.044679	0.060690	0.997156	0.634564	-0.769199	0.075249	0.771578	0.636121	-0.004144
27673	13.600476	-2.929732	2.968018	-0.478006	0.566890	-0.421168	-0.051655	0.060345	0.996840	0.630704	-0.771949	0.079413	0.774302	0.632813	0.001815
27674	13.352343	-1.498680	4.192161	0.050316	0.933019	-0.263446	-0.060482	0.056445	0.996572	0.630983	-0.771452	0.081989	0.773435	0.633779	0.011043
27675	12.996100	0.216437	5.270607	0.517426	1.221141	-0.153217	-0.070801	0.049862	0.996243	0.634913	-0.768052	0.083563	0.769333	0.638444	0.022720
27676	12.109774	1.722441	6.357063	0.826985	1.413382	-0.101047	-0.082221	0.041536	0.995748	0.641209	-0.762671	0.084760	0.762949	0.645452	0.036074
27677	10.936775	2.831805	8.321136	0.804495	1.487747	-0.110628	-0.094165	0.032732	0.995018	0.647262	-0.757381	0.086169	0.756429	0.652152	0.050133
27678	10.597192	2.943693	9.099380	0.328603	1.500889	-0.131224	-0.106292	0.023887	0.994048	0.649648	-0.755170	0.087613	0.752768	0.655094	0.064751
27679	10.968721	1.738034	8.927871	-0.194945	1.597770	-0.135865	-0.119127	0.014464	0.992774	0.648068	-0.756390	0.088784	0.752208	0.653961	0.080733
27680	10.641588	0.355314	8.124971	-0.552374	1.732953	-0.167208	-0.133209	0.004403	0.991078	0.643736	-0.759949	0.089900	0.753565	0.649968	0.098397
27681	10.323713	-0.763829	7.537387	-0.646238	1.879968	-0.186992	-0.148519	-0.006338	0.988889	0.638638	-0.764105	0.091018	0.755039	0.645061	0.117532
27682	10.392271	-1.004702	5.982902	-0.687164	1.984377	-0.185668	-0.164652	-0.017695	0.986193	0.633194	-0.768515	0.091927	0.756277	0.639587	0.137742
27683	10.190768	0.051517	3.748311	-0.333835	1.979445	-0.082652	-0.180062	-0.029684	0.983207	0.630571	-0.770634	0.092216	0.754956	0.636586	0.157480
27684	11.127140	0.570013	1.048201	0.023730	1.949530	0.091887	-0.194122	-0.042833	0.980042	0.630962	-0.770422	0.091307	0.751135	0.636093	0.176582
27685	12.396703	1.419181	-1.061057	0.467337	1.972593	0.276131	-0.207054	-0.057524	0.976637	0.635053	-0.767273	0.089443	0.744202	0.638736	0.195397
27686	13.502136	2.200286	-0.910707	0.444524	2.014030	0.453409	-0.219039	-0.073915	0.972912	0.639352	-0.764102	0.085891	0.737056	0.640847	0.214626
27687	13.819747	1.789054	-0.672662	-0.046365	1.981869	0.532743	-0.230128	-0.090661	0.968928	0.640251	-0.763927	0.080585	0.732885	0.638902	0.233847
27688	13.533594	1.031420	-1.377163	-0.561283	1.888318	0.486471	-0.240808	-0.106424	0.964720	0.637327	-0.766986	0.074476	0.732001	0.632777	0.252523
27689	12.680228	0.238505	-2.018753	-0.838188	1.782457	0.351547	-0.251564	-0.120327	0.960332	0.632097	-0.771822	0.068874	0.732918	0.624349	0.270221
27690	11.586526	-0.212284	-1.968420	-0.756829	1.671502	0.227391	-0.262341	-0.132488	0.955837	0.627176	-0.776199	0.064548	0.733367	0.616411	0.286722
27691	10.601322	-0.153353	-1.410661	-0.465481	1.559616	0.204429	-0.272422	-0.143642	0.951395	0.624356	-0.778738	0.061204	0.732097	0.610683	0.301829
27692	10.432335	0.038924	-1.106082	-0.174495	1.505727	0.264974	-0.281720	-0.154905	0.946910	0.623860	-0.779373	0.058110	0.728994	0.607110	0.316204
27693	10.444326	0.058837	-0.591752	0.153104	1.519950	0.392638	-0.290238	-0.167177	0.942239	0.626140	-0.777777	0.054873	0.723678	0.605900	0.330417
27694	10.238514	-0.112984	-0.019046	0.382171	1.525562	0.524009	-0.297883	-0.180518	0.937379	0.630479	-0.774516	0.051201	0.716772	0.606249	0.344528
27695	9.770483	-0.327223	0.273650	0.448919	1.494279	0.597516	-0.304689	-0.194195	0.932444	0.635526	-0.770637	0.047171	0.709416	0.606965	0.358221
27696	9.100663	-0.672929	0.721345	0.444118	1.481708	0.620952	-0.311132	-0.207992	0.927327	0.640617	-0.766657	0.042982	0.702002	0.607435	0.371775
27697	8.282036	-0.906808	1.009133	0.475347	1.472429	0.610838	-0.317416	-0.221606	0.922029	0.645901	-0.762419	0.039113	0.694305	0.607954	0.385139
27698	7.760332	-0.701120	1.405335	0.567845	1.435021	0.616634	-0.323266	-0.235050	0.916652	0.651840	-0.757519	0.035633	0.686005	0.609030	0.398094
27699	7.620631	-0.234496	1.565280	0.617746	1.370401	0.665082	-0.328185	-0.248421	0.911363	0.658263	-0.752106	0.032033	0.677483	0.610429	0.410356
27700	7.935330	0.253380	1.730980	0.556127	1.315691	0.741177	-0.332090	-0.262037	0.906120	0.664501	-0.746779	0.027580	0.669444	0.611276	0.422121
27701	8.384384	0.383669	1.903181	0.373861	1.280702	0.807291	-0.335169	-0.275867	0.900866	0.669729	-0.742284	0.021869	0.662665	0.610665	0.433546
27702	8.609843	0.111100	2.049505	0.176516	1.256813	0.864469	-0.337601	-0.289952	0.895518	0.673846	-0.738722	0.014849	0.657234	0.608455	0.444777
27703	8.579168	-0.373267	2.177361	0.019745	1.234661	0.909827	-0.339478	-0.304146	0.890084	0.677100	-0.735859	0.006799	0.652909	0.604984	0.455745
27704	8.262255	-0.791273	2.278837	-0.047665	1.209832	0.946084	-0.340879	-0.318412	0.884542	0.680053	-0.733161	-0.001844	0.649099	0.600907	0.466456
27705	8.103623	-1.048800	2.345922	-0.011333	1.178076	0.970960	-0.341818	-0.332567	0.878954	0.683338	-0.730027	-0.010473	0.645143	0.597043	0.476792
27706	7.952376	-0.989043	2.417534	0.093401	1.130137	0.978230	-0.342323	-0.346440	0.873381	0.687329	-0.726107	-0.018622	0.640619	0.593926	0.486682
27707	7.700411	-0.773674	2.439434	0.229431	1.071632	0.975549	-0.342366	-0.359849	0.867925	0.692177	-0.721260	-0.026001	0.635356	0.591856	0.496014
27708	7.303744	-0.510589	2.530897	0.343050	1.000916	0.974313	-0.341868	-0.372788	0.862645	0.697724	-0.715618	-0.032741	0.629530	0.590695	0.504750
27709	6.949948	-0.270903	2.574276	0.412394	0.926261	0.966103	-0.340837	-0.385135	0.857614	0.703648	-0.709479	-0.038964	0.623465	0.590178	0.512816
27710	6.766178	-0.092106	2.548044	0.458677	0.856803	0.953947	-0.339353	-0.396948	0.852802	0.709782	-0.702997	-0.044778	0.617292	0.590109	0.520310
27711	6.741227	0.012555	2.599717	0.484476	0.793366	0.933008	-0.337510	-0.408153	0.848233	0.715958	-0.696337	-0.050186	0.611139	0.590361	0.527241
27712	6.838566	0.186379	2.557789	0.500979	0.733820	0.903714	-0.335416	-0.418767	0.843878	0.722088	-0.689595	-0.055197	0.605049	0.590840	0.533688
27713	6.962022	0.120120	2.634313	0.494435	0.687314	0.878860	-0.333118	-0.428854	0.839712	0.728045	-0.682903	-0.059951	0.599152	0.591377	0.539712
27714	6.960306	0.047262	2.612669	0.505536	0.625726	0.849846	-0.330578	-0.438349	0.835804	0.733922	-0.676179	-0.064350	0.593361	0.592142	0.545244
27715	6.982910	-0.059871	2.731329	0.496402	0.549907	0.833789	-0.327618	-0.447210	0.832267	0.739638	-0.669500	-0.068594	0.587879	0.593104	0.550114
27716	7.027437	-0.170155	2.914880	0.469787	0.455030	0.810731	-0.324205	-0.455328	0.829197	0.745072	-0.663004	-0.072754	0.582888	0.594224	0.554201
27717	7.097100	-0.217793	3.045591	0.412782	0.338702	0.781203	-0.320268	-0.462490	0.826759	0.750027	-0.656917	-0.076936	0.578695	0.595452	0.557270
27718	7.140406	-0.314308	3.037589	0.336060	0.207394	0.745320	-0.315800	-0.468615	0.825028	0.754378	-0.651395	-0.081235	0.575486	0.596729	0.559223
27719	7.223551	-0.363940	3.063362	0.310461	0.072355	0.711166	-0.310772	-0.473653	0.824060	0.758428	-0.646142	-0.085369	0.572894	0.598460	0.560034
27720	7.140749	-0.338122	3.144291	0.275986	-0.064723	0.693793	-0.305067	-0.477742	0.823830	0.762183	-0.641137	-0.089558	0.570974	0.600588	0.559717
27721	6.930509	-0.411647	3.275460	0.263287	-0.199857	0.660260	-0.298819	-0.480747	0.824372	0.765717	-0.636340	-0.093535	0.569548	0.603286	0.558267
27722	6.636332	-0.514439	3.304642	0.275232	-0.319457	0.623797	-0.292155	-0.482779	0.825572	0.769166	-0.631619	-0.097166	0.568357	0.606615	0.555868
27723	6.374896	-0.521796	3.203922	0.317349	-0.466488	0.577657	-0.284988	-0.483564	0.827615	0.772673	-0.626848	-0.100190	0.567238	0.610923	0.552281
27724	6.217653	-0.523012	3.091147	0.409570	-0.584068	0.540539	-0.277433	-0.483364	0.830296	0.776552	-0.621670	-0.102436	0.565684	0.616349	0.547829
27725	6.163125	-0.361576	3.095122	0.551331	-0.686887	0.492516	-0.269655	-0.482143	0.833561	0.781049	-0.615828	-0.103535	0.563249	0.623133	0.542638
27726	6.316178	-0.123898	3.080185	0.660509	-0.772328	0.450051	-0.261731	-0.480065	0.837278	0.785992	-0.609469	-0.103748	0.560101	0.630940	0.536844
27727	6.592855	0.238141	3.019852	0.770299	-0.829527	0.414652	-0.253766	-0.477295	0.841304	0.791397	-0.602541	-0.103126	0.556142	0.639635	0.530634
27728	6.828581	0.562880	2.995451	0.869275	-0.847364	0.368459	-0.246087	-0.474047	0.845411	0.797168	-0.595136	-0.101666	0.551329	0.648916	0.524351
27729	7.233709	0.827470	3.046054	0.904108	-0.844947	0.300881	-0.238979	-0.470290	0.849539	0.802895	-0.587756	-0.099514	0.546122	0.658308	0.518055
27730	7.765465	1.051413	3.100247	0.915404	-0.811745	0.220721	-0.232730	-0.466201	0.853518	0.808425	-0.580602	-0.096697	0.540634	0.667501	0.512012
