// General information: 
//  MT Manager version: 2022.2.0 
//  XDA version: 2022.2.0 build 7381 rev 124627 built on 2023-07-19
// Device information: 
//  DeviceId: 00B4CB9F
//  ProductCode: MTW2-3A7G6
//  Firmware Version: 4.6.0
//  Hardware Version: 2.0.0
// Device settings: 
//  Filter Profile: human(46.1)
//  Option Flags: Orientation Smoother Disabled, Position/Velocity Smoother Disabled, Continuous Zero Rotation Update Disabled, AHS Disabled, ICC Disabled
// Coordinate system: ENU
PacketCounter	Acc_X	Acc_Y	Acc_Z	Gyr_X	Gyr_Y	Gyr_Z	Mat[1][1]	Mat[2][1]	Mat[3][1]	Mat[1][2]	Mat[2][2]	Mat[3][2]	Mat[1][3]	Mat[2][3]	Mat[3][3]
02476	9.889503	-0.165916	0.662259	0.007316	0.044935	-0.000301	0.057966	0.082978	0.994864	-0.881475	0.472079	0.011985	-0.468660	-0.877643	0.100508
02477	9.871797	-0.141323	0.682514	0.033658	0.042435	0.015881	0.057965	0.083403	0.994829	-0.881667	0.471724	0.011824	-0.468298	-0.877793	0.100877
02478	9.819275	-0.067590	0.734248	0.053691	0.039122	0.030329	0.057806	0.083850	0.994800	-0.881961	0.471181	0.011534	-0.467763	-0.878042	0.101189
02479	9.756230	-0.082984	0.763958	0.073734	0.034870	0.040646	0.057550	0.084325	0.994775	-0.882355	0.470452	0.011167	-0.467053	-0.878387	0.101479
02480	9.756085	0.004325	0.810613	0.096421	0.030727	0.044938	0.057221	0.084766	0.994756	-0.882856	0.469520	0.010775	-0.466144	-0.878843	0.101703
02481	9.717658	0.108376	0.863928	0.095938	0.033095	0.038324	0.056976	0.085214	0.994732	-0.883350	0.468597	0.010454	-0.465238	-0.879292	0.101973
02482	9.710711	0.219194	0.903565	0.093864	0.021469	0.033946	0.056701	0.085522	0.994722	-0.883831	0.467697	0.010169	-0.464358	-0.879742	0.102106
02483	9.717721	0.299852	1.007813	0.072282	0.029522	0.023597	0.056569	0.085869	0.994699	-0.884204	0.466994	0.009971	-0.463662	-0.880081	0.102344
02484	9.717457	0.284364	0.957703	0.050669	0.026871	0.012157	0.056511	0.086122	0.994681	-0.884471	0.466490	0.009860	-0.463160	-0.880324	0.102535
02485	9.720619	0.241395	0.994283	0.021134	0.023770	0.006654	0.056502	0.086340	0.994662	-0.884598	0.466252	0.009778	-0.462919	-0.880429	0.102721
02486	9.737797	0.215811	0.980653	-0.002610	0.019439	-0.000136	0.056519	0.086470	0.994650	-0.884611	0.466228	0.009735	-0.462892	-0.880429	0.102843
02487	9.782857	0.176736	0.981874	-0.014215	0.018290	-0.002006	0.056561	0.086599	0.994636	-0.884569	0.466308	0.009702	-0.462967	-0.880373	0.102978
02488	9.806973	0.143289	1.026779	-0.020544	0.017491	-0.003780	0.056601	0.086695	0.994626	-0.884497	0.466445	0.009677	-0.463099	-0.880291	0.103083
02489	9.820619	0.098185	1.040887	-0.034778	0.017973	-0.003486	0.056655	0.086814	0.994612	-0.884359	0.466708	0.009638	-0.463356	-0.880141	0.103217
02490	9.781925	0.038050	1.058855	-0.048486	0.014188	-0.004824	0.056690	0.086877	0.994605	-0.884157	0.467092	0.009595	-0.463738	-0.879931	0.103292
02491	9.760860	0.029053	1.051136	-0.056388	0.010106	-0.003278	0.056705	0.086928	0.994599	-0.883918	0.467544	0.009532	-0.464190	-0.879685	0.103349
02492	9.760567	-0.047818	1.061622	-0.051105	0.010454	-0.003170	0.056708	0.086965	0.994596	-0.883705	0.467948	0.009469	-0.464596	-0.879467	0.103388
02493	9.728798	-0.116629	1.137722	-0.046877	0.011293	-0.000591	0.056705	0.087039	0.994590	-0.883512	0.468314	0.009389	-0.464963	-0.879265	0.103456
02494	9.721416	-0.142856	1.247776	-0.041587	0.017932	0.004207	0.056677	0.087177	0.994579	-0.883346	0.468631	0.009262	-0.465283	-0.879082	0.103568
02495	9.651441	-0.133231	1.269042	-0.038424	0.014717	0.000675	0.056680	0.087287	0.994569	-0.883192	0.468921	0.009178	-0.465574	-0.878916	0.103670
02496	9.619737	-0.125766	1.336143	-0.020508	0.016668	0.004318	0.056645	0.087416	0.994560	-0.883125	0.469051	0.009072	-0.465706	-0.878834	0.103768
02497	9.651170	-0.043296	1.315270	-0.007348	0.012140	-0.002093	0.056660	0.087490	0.994553	-0.883114	0.469070	0.009047	-0.465724	-0.878816	0.103841
02498	9.671984	-0.034192	1.325071	0.010544	0.005131	-0.003427	0.056640	0.087482	0.994555	-0.883188	0.468933	0.009050	-0.465587	-0.878891	0.103823
02499	9.720646	-0.038401	1.349856	0.023197	0.010216	-0.007647	0.056695	0.087513	0.994549	-0.883316	0.468689	0.009113	-0.465337	-0.879018	0.103874
02500	9.709899	-0.020199	1.425481	0.016882	0.011159	-0.013303	0.056790	0.087512	0.994543	-0.883413	0.468504	0.009220	-0.465141	-0.879116	0.103916
02501	9.747931	-0.021042	1.472861	0.009525	0.018877	-0.011784	0.056922	0.087601	0.994528	-0.883476	0.468384	0.009309	-0.465006	-0.879171	0.104054
02502	9.789272	-0.078616	1.502375	0.007437	0.026015	-0.014327	0.057096	0.087727	0.994507	-0.883528	0.468284	0.009417	-0.464885	-0.879212	0.104246
02503	9.799686	-0.017443	1.421146	0.000601	0.029472	-0.014454	0.057301	0.087895	0.994480	-0.883548	0.468244	0.009524	-0.464823	-0.879216	0.104491
02504	9.771389	-0.002201	1.409279	-0.003591	0.036653	-0.016201	0.057541	0.088107	0.994448	-0.883546	0.468244	0.009638	-0.464795	-0.879195	0.104790
02505	9.729581	0.030119	1.279910	-0.014646	0.032975	-0.023599	0.057843	0.088264	0.994416	-0.883490	0.468347	0.009820	-0.464866	-0.879125	0.105071
02506	9.698019	0.088337	1.233947	-0.012534	0.033861	-0.020227	0.058106	0.088433	0.994386	-0.883446	0.468427	0.009965	-0.464916	-0.879066	0.105344
02507	9.666418	0.069920	1.196816	-0.016762	0.022309	-0.023889	0.058360	0.088495	0.994366	-0.883380	0.468548	0.010147	-0.465010	-0.878994	0.105519
02508	9.680349	0.089331	1.148948	-0.021503	0.017690	-0.025630	0.058596	0.088497	0.994351	-0.883291	0.468711	0.010337	-0.465148	-0.878908	0.105633
02509	9.638617	0.059754	1.079685	-0.029401	0.012668	-0.028261	0.058844	0.088453	0.994341	-0.883163	0.468947	0.010549	-0.465360	-0.878786	0.105714
02510	9.610887	-0.014937	1.021873	-0.028364	0.002409	-0.027675	0.059027	0.088311	0.994342	-0.883041	0.469174	0.010751	-0.465570	-0.878679	0.105677
02511	9.614477	-0.069266	1.003188	-0.025209	-0.002541	-0.027330	0.059197	0.088138	0.994348	-0.882932	0.469373	0.010959	-0.465754	-0.878590	0.105605
02512	9.603965	-0.064059	1.024677	-0.023618	-0.004612	-0.031171	0.059378	0.087919	0.994356	-0.882829	0.469560	0.011201	-0.465926	-0.878512	0.105499
02513	9.614391	-0.049770	1.054648	0.003213	-0.014147	-0.029008	0.059508	0.087636	0.994374	-0.882852	0.469511	0.011455	-0.465865	-0.878567	0.105309
02514	9.708627	-0.013777	1.067521	0.015865	-0.014394	-0.033754	0.059666	0.087318	0.994392	-0.882932	0.469354	0.011764	-0.465695	-0.878682	0.105100
02515	9.781507	0.041987	1.176496	0.039023	-0.020072	-0.030826	0.059784	0.086975	0.994415	-0.883120	0.468991	0.012074	-0.465322	-0.878910	0.104847
02516	9.816451	0.085916	1.186743	0.041677	-0.013672	-0.032153	0.059932	0.086672	0.994433	-0.883319	0.468608	0.012393	-0.464925	-0.879144	0.104643
02517	9.816237	0.180395	1.228650	0.034843	-0.015585	-0.032819	0.060089	0.086358	0.994450	-0.883487	0.468283	0.012718	-0.464586	-0.879348	0.104435
02518	9.823107	0.175655	1.286115	0.026428	-0.011011	-0.033248	0.060260	0.086074	0.994465	-0.883615	0.468033	0.013033	-0.464321	-0.879509	0.104260
02519	9.764113	0.172357	1.230113	0.012742	-0.009480	-0.034051	0.060456	0.085809	0.994476	-0.883679	0.467904	0.013347	-0.464174	-0.879604	0.104115
02520	9.736538	0.174894	1.161247	0.016412	-0.011458	-0.026506	0.060566	0.085553	0.994491	-0.883762	0.467739	0.013584	-0.464000	-0.879716	0.103937
02521	9.743884	0.140894	1.113536	0.003252	-0.011512	-0.028683	0.060705	0.085295	0.994505	-0.883785	0.467688	0.013835	-0.463938	-0.879768	0.103773
02522	9.719803	0.163101	1.016735	0.007475	-0.008918	-0.029987	0.060857	0.085045	0.994517	-0.883827	0.467602	0.014098	-0.463839	-0.879838	0.103622
02523	9.713100	0.111992	1.018817	0.006953	-0.015366	-0.029428	0.060986	0.084749	0.994534	-0.883866	0.467520	0.014360	-0.463747	-0.879911	0.103419
02524	9.713439	0.100694	0.964722	0.019072	-0.013084	-0.028649	0.061107	0.084469	0.994551	-0.883961	0.467332	0.014621	-0.463550	-0.880038	0.103225
02525	9.776553	0.101884	0.885093	0.028019	-0.010271	-0.024613	0.061217	0.084241	0.994563	-0.884101	0.467059	0.014857	-0.463268	-0.880204	0.103070
02526	9.773337	0.070372	0.859665	0.038557	-0.004178	-0.023869	0.061337	0.084062	0.994571	-0.884292	0.466691	0.015091	-0.462889	-0.880416	0.102961
02527	9.808214	0.098930	0.818499	0.049604	-0.000462	-0.016474	0.061420	0.083958	0.994575	-0.884536	0.466222	0.015268	-0.462411	-0.880675	0.102900
02528	9.835970	0.149825	0.771645	0.059632	0.006270	-0.018498	0.061542	0.083896	0.994572	-0.884824	0.465669	0.015469	-0.461844	-0.880973	0.102891
02529	9.790586	0.176149	0.720108	0.073857	0.007720	-0.010470	0.061610	0.083893	0.994568	-0.885183	0.464981	0.015612	-0.461146	-0.881337	0.102908
02530	9.713797	0.195812	0.681611	0.078103	0.010304	-0.011751	0.061689	0.083897	0.994563	-0.885560	0.464257	0.015765	-0.460410	-0.881718	0.102935
02531	9.678691	0.233421	0.661232	0.079172	0.013422	-0.009779	0.061777	0.083947	0.994553	-0.885944	0.463520	0.015907	-0.459660	-0.882101	0.103007
02532	9.727338	0.230472	0.686645	0.079725	0.017177	-0.010583	0.061879	0.084017	0.994541	-0.886328	0.462781	0.016051	-0.458906	-0.882482	0.103103
02533	9.758857	0.223962	0.622707	0.082931	0.019302	-0.013534	0.062027	0.084102	0.994525	-0.886724	0.462013	0.016233	-0.458118	-0.882876	0.103233
02534	9.775764	0.229827	0.714289	0.086137	0.024100	-0.016216	0.062209	0.084207	0.994504	-0.887132	0.461222	0.016440	-0.457303	-0.883280	0.103395
02535	9.761778	0.200308	0.714182	0.091959	0.031850	-0.012498	0.062405	0.084408	0.994475	-0.887569	0.460374	0.016622	-0.456427	-0.883703	0.103648
02536	9.782351	0.211011	0.726186	0.102014	0.035111	-0.006720	0.062553	0.084654	0.994445	-0.888057	0.459428	0.016752	-0.455458	-0.884172	0.103916
02537	9.886620	0.180993	0.784564	0.106785	0.043357	-0.000525	0.062695	0.085011	0.994406	-0.888567	0.458438	0.016830	-0.454442	-0.884651	0.104280
02538	9.830470	0.208533	0.758074	0.105768	0.043835	0.001991	0.062804	0.085374	0.994368	-0.889073	0.457455	0.016878	-0.453437	-0.885125	0.104634
02539	9.777478	0.269938	0.756088	0.095723	0.048769	0.009228	0.062883	0.085825	0.994324	-0.889537	0.456553	0.016849	-0.452515	-0.885547	0.105054
02540	10.291748	0.474282	0.820410	0.083498	0.058364	0.025761	0.062847	0.086425	0.994274	-0.889954	0.455747	0.016638	-0.451699	-0.885904	0.105556
02541	9.387509	0.162945	0.645333	0.043292	0.058075	0.024217	0.062833	0.087026	0.994222	-0.890189	0.455295	0.016406	-0.451237	-0.886077	0.106078
02542	9.610294	0.116720	0.709496	0.043439	0.026470	0.000962	0.062873	0.087230	0.994202	-0.890412	0.454859	0.016400	-0.450792	-0.886281	0.106269
02543	9.756155	0.104439	0.784621	0.043476	0.017469	-0.003940	0.062927	0.087343	0.994189	-0.890630	0.454431	0.016448	-0.450353	-0.886490	0.106387
02544	9.721454	0.064365	0.774804	0.035524	0.016070	-0.002200	0.062947	0.087440	0.994179	-0.890814	0.454069	0.016466	-0.449986	-0.886665	0.106476
02545	9.731851	0.000728	0.817334	0.041393	0.011189	-0.007803	0.063007	0.087481	0.994172	-0.891020	0.453662	0.016551	-0.449570	-0.886870	0.106531
02546	9.752929	-0.065756	0.837758	0.053028	0.007983	-0.002204	0.062990	0.087505	0.994171	-0.891283	0.453144	0.016586	-0.449051	-0.887132	0.106536
02547	9.763012	-0.052697	0.869338	0.069511	0.009167	-0.006994	0.063034	0.087531	0.994165	-0.891615	0.452487	0.016693	-0.448385	-0.887465	0.106566
02548	9.772561	-0.024103	0.953607	0.087570	0.012859	-0.007047	0.063082	0.087578	0.994158	-0.892027	0.451669	0.016813	-0.447558	-0.887877	0.106614
02549	9.796444	0.082405	0.925204	0.096087	0.021640	-0.005182	0.063165	0.087723	0.994140	-0.892478	0.450773	0.016929	-0.446647	-0.888317	0.106764
02550	9.840335	0.151827	1.022151	0.093998	0.032378	-0.003357	0.063266	0.087959	0.994113	-0.892920	0.449894	0.017020	-0.445748	-0.888740	0.107004
02551	10.068859	0.314305	1.060989	0.075899	0.050335	0.010914	0.063333	0.088432	0.994067	-0.893289	0.449163	0.016955	-0.444998	-0.889063	0.107442
02552	9.620099	0.216255	0.941959	0.050459	0.058728	0.008729	0.063444	0.088957	0.994013	-0.893544	0.448659	0.016880	-0.444471	-0.889265	0.107952
02553	9.608626	0.158568	1.032058	0.039428	0.047653	-0.007512	0.063663	0.089323	0.993966	-0.893738	0.448268	0.016960	-0.444048	-0.889425	0.108370
02554	9.782398	0.119292	1.073118	0.032057	0.042707	-0.015416	0.063918	0.089598	0.993925	-0.893898	0.447944	0.017105	-0.443690	-0.889561	0.108723
02555	9.841841	0.098457	1.028166	0.021961	0.052077	-0.011932	0.064196	0.089983	0.993872	-0.894012	0.447712	0.017211	-0.443420	-0.889639	0.109188
02556	9.786346	0.110733	0.949868	0.015042	0.056506	-0.008030	0.064446	0.090414	0.993817	-0.894099	0.447537	0.017264	-0.443209	-0.889683	0.109681
02557	9.757961	0.125022	0.940117	0.002882	0.063963	-0.012057	0.064777	0.090905	0.993751	-0.894128	0.447475	0.017350	-0.443102	-0.889664	0.110267
02558	9.763238	0.195740	0.994687	-0.010865	0.069873	-0.016672	0.065164	0.091416	0.993678	-0.894095	0.447537	0.017461	-0.443112	-0.889581	0.110898
02559	9.905548	0.211200	0.988789	-0.018847	0.082836	-0.009549	0.065556	0.092086	0.993591	-0.894030	0.447666	0.017497	-0.443186	-0.889447	0.111675
02560	9.636612	0.081674	1.019964	-0.036248	0.091612	-0.017608	0.066048	0.092786	0.993493	-0.893884	0.447952	0.017590	-0.443405	-0.889230	0.112526
02561	9.677490	0.025526	1.057694	-0.031322	0.087928	-0.028702	0.066634	0.093415	0.993395	-0.893751	0.448210	0.017802	-0.443587	-0.889034	0.113356
02562	9.794152	0.029266	1.125284	-0.019554	0.096128	-0.029977	0.067256	0.094099	0.993289	-0.893671	0.448361	0.018035	-0.443654	-0.888886	0.114248
02563	9.939349	0.004831	1.157227	-0.000882	0.103556	-0.030723	0.067930	0.094858	0.993170	-0.893671	0.448350	0.018303	-0.443552	-0.888811	0.115228
02564	10.092725	0.084457	1.262740	0.015633	0.117357	-0.026034	0.068611	0.095748	0.993038	-0.893749	0.448185	0.018537	-0.443290	-0.888799	0.116325
02565	10.072084	0.128115	1.342303	0.025301	0.125598	-0.026498	0.069344	0.096722	0.992893	-0.893867	0.447938	0.018793	-0.442937	-0.888817	0.117519
02566	9.873272	0.192575	1.412220	0.024787	0.130811	-0.020668	0.070036	0.097757	0.992743	-0.893991	0.447682	0.018985	-0.442577	-0.888833	0.118747
02567	9.657004	0.128544	1.519134	0.023627	0.139579	-0.005205	0.070640	0.098950	0.992582	-0.894117	0.447430	0.019028	-0.442228	-0.888828	0.120079
02568	9.502294	0.090738	1.653811	0.045784	0.145376	0.013912	0.071087	0.100270	0.992418	-0.894354	0.446961	0.018903	-0.441676	-0.888916	0.121450
02569	9.515351	0.019095	1.768851	0.069793	0.151443	0.017403	0.071540	0.101670	0.992243	-0.894699	0.446275	0.018779	-0.440904	-0.889102	0.122891
02570	9.617029	0.039657	1.917481	0.112756	0.160991	0.003739	0.072144	0.103085	0.992053	-0.895226	0.445213	0.018840	-0.439733	-0.889471	0.124404
02571	10.047994	0.220556	2.076055	0.164043	0.172538	0.007644	0.072773	0.104630	0.991845	-0.895976	0.443698	0.018933	-0.438099	-0.890048	0.126035
02572	9.708246	0.340330	2.208278	0.178319	0.202879	0.012298	0.073478	0.106457	0.991599	-0.896794	0.442040	0.018996	-0.436304	-0.890656	0.127950
02573	9.723272	0.545401	2.430988	0.181543	0.230410	0.013526	0.074300	0.108546	0.991311	-0.897619	0.440360	0.019060	-0.434465	-0.891236	0.130151
02574	9.729327	0.849998	2.637979	0.162815	0.275358	0.006034	0.075369	0.110995	0.990959	-0.898359	0.438843	0.019173	-0.432747	-0.891682	0.132788
02575	9.619735	1.010280	2.922515	0.115013	0.320830	-0.008610	0.076774	0.113794	0.990534	-0.898874	0.437779	0.019377	-0.431429	-0.891853	0.135896
02576	9.625322	1.131968	3.056427	0.064671	0.361577	-0.025853	0.078496	0.116875	0.990040	-0.899162	0.437172	0.019683	-0.430517	-0.891752	0.139406
02577	9.487821	1.147014	3.163250	-0.016477	0.394306	-0.047699	0.080563	0.120157	0.989481	-0.899078	0.437327	0.020096	-0.430312	-0.891239	0.143263
02578	9.454769	1.090295	3.116200	-0.085787	0.405600	-0.058721	0.082772	0.123485	0.988888	-0.898687	0.438110	0.020514	-0.430709	-0.890399	0.147238
02579	9.541278	0.967682	3.005328	-0.148874	0.414330	-0.060021	0.085039	0.126884	0.988266	-0.898020	0.439461	0.020850	-0.431659	-0.889255	0.151316
02580	9.546012	0.770507	2.832513	-0.200084	0.412019	-0.034467	0.087068	0.130368	0.987635	-0.897151	0.441232	0.020848	-0.433058	-0.887873	0.155377
02581	9.426082	0.495183	2.627953	-0.236366	0.413883	-0.005252	0.088852	0.133992	0.986991	-0.896146	0.443287	0.020494	-0.434774	-0.886309	0.159463
02582	9.311416	0.210276	2.480456	-0.236423	0.408498	0.034311	0.090264	0.137738	0.986347	-0.895172	0.445284	0.019739	-0.436486	-0.884732	0.163492
02583	9.184895	-0.031263	2.315493	-0.199952	0.389665	0.052326	0.091440	0.141393	0.985722	-0.894371	0.446929	0.018858	-0.437881	-0.883325	0.167324
02584	9.115453	-0.110983	2.183541	-0.130715	0.363622	0.064615	0.092396	0.144870	0.985127	-0.893883	0.447941	0.017965	-0.438676	-0.882248	0.170885
02585	9.236691	-0.093792	2.172732	-0.065050	0.337215	0.053882	0.093335	0.148062	0.984564	-0.893673	0.448387	0.017289	-0.438905	-0.881492	0.174169
02586	9.360622	0.113290	2.163027	-0.002087	0.311525	0.040980	0.094276	0.150970	0.984033	-0.893727	0.448294	0.016847	-0.438593	-0.881045	0.177190
02587	9.488583	0.350025	2.236109	0.035327	0.303638	0.027632	0.095300	0.153745	0.983504	-0.893934	0.447891	0.016605	-0.437950	-0.880770	0.180122
02588	9.516420	0.619280	2.246687	0.052911	0.318183	0.010774	0.096537	0.156576	0.982937	-0.894201	0.447359	0.016561	-0.437132	-0.880542	0.183197
02589	9.446587	0.872169	2.289777	0.051030	0.342995	-0.012334	0.098086	0.159517	0.982310	-0.894437	0.446879	0.016743	-0.436303	-0.880257	0.186511
02590	9.290047	1.070887	2.319521	0.040342	0.357424	-0.034044	0.099891	0.162491	0.981641	-0.894605	0.446529	0.017121	-0.435549	-0.879891	0.189970
02591	9.193873	1.186073	2.196822	0.001109	0.354058	-0.049459	0.101816	0.165361	0.980963	-0.894586	0.446551	0.017575	-0.435144	-0.879345	0.193396
02592	9.037911	1.203203	1.990840	-0.036338	0.305423	-0.030500	0.103362	0.167890	0.980372	-0.894422	0.446871	0.017773	-0.435116	-0.878703	0.196354
02593	9.014047	0.928792	1.841727	-0.100709	0.210199	0.006291	0.104162	0.169741	0.979969	-0.894015	0.447695	0.017480	-0.435760	-0.877928	0.198384
02594	9.371018	0.483194	1.737269	-0.166415	0.088363	0.054018	0.104011	0.170739	0.979811	-0.893371	0.449014	0.016591	-0.437116	-0.877060	0.199235
02595	9.898924	-0.042283	1.652289	-0.219627	0.027384	0.082178	0.103337	0.171325	0.979780	-0.892519	0.450749	0.015316	-0.439011	-0.876056	0.199490
02596	10.127817	-0.444881	1.561846	-0.217053	0.011842	0.125022	0.102220	0.171973	0.979784	-0.891719	0.452385	0.013629	-0.440896	-0.875085	0.199594
02597	10.038077	-0.698369	1.482547	-0.155934	0.001814	0.168579	0.100665	0.172730	0.979812	-0.891227	0.453409	0.011633	-0.442246	-0.874406	0.199584
02598	9.876694	-0.604120	1.568131	-0.046224	-0.022031	0.213828	0.098606	0.173486	0.979887	-0.891261	0.453393	0.009416	-0.442641	-0.874264	0.199329
02599	9.627891	-0.280592	1.623016	0.037315	-0.041120	0.247070	0.096162	0.174223	0.980000	-0.891692	0.452587	0.007037	-0.442309	-0.874535	0.198875
02600	9.270264	0.252719	1.433015	0.049129	-0.071012	0.276099	0.093328	0.174829	0.980166	-0.892197	0.451626	0.004397	-0.441899	-0.874911	0.198132
02601	9.139171	0.750273	1.350951	0.014566	-0.149826	0.278114	0.090125	0.174750	0.980479	-0.892542	0.450962	0.001667	-0.441867	-0.875269	0.196615
02602	9.454648	1.156377	1.345108	-0.039551	-0.202443	0.259400	0.086858	0.174126	0.980885	-0.892622	0.450806	-0.000985	-0.442360	-0.875474	0.194585
02603	9.699068	1.295775	1.302597	-0.125532	-0.221006	0.205875	0.083982	0.173097	0.981318	-0.892267	0.451497	-0.003280	-0.443630	-0.875321	0.192366
02604	9.897927	1.393343	1.325423	-0.201067	-0.212024	0.159415	0.081562	0.171939	0.981725	-0.891529	0.452932	-0.005258	-0.445559	-0.874808	0.190231
02605	9.893260	1.405995	1.411557	-0.243004	-0.225197	0.121124	0.079417	0.170497	0.982153	-0.890567	0.454800	-0.006940	-0.447866	-0.874121	0.187957
02606	9.844028	1.418074	1.527172	-0.247126	-0.250051	0.103264	0.077321	0.168757	0.982620	-0.889562	0.456736	-0.008442	-0.450222	-0.873449	0.185435
02607	9.620430	1.372182	1.516334	-0.269373	-0.284441	0.121172	0.074900	0.166806	0.983141	-0.888464	0.458834	-0.010162	-0.452794	-0.872724	0.182567
02608	9.326020	1.250104	1.586729	-0.343787	-0.308475	0.157158	0.072051	0.164812	0.983690	-0.887041	0.461525	-0.012354	-0.456033	-0.871684	0.179448
02609	9.366175	1.012351	1.782100	-0.379845	-0.303641	0.184560	0.068965	0.162999	0.984213	-0.885458	0.464481	-0.014879	-0.459574	-0.870453	0.176362
02610	9.263772	0.579411	2.176156	-0.402212	-0.266077	0.213810	0.065796	0.161654	0.984652	-0.883770	0.467585	-0.017711	-0.463272	-0.869041	0.173630
02611	9.266737	0.044536	2.217902	-0.432321	-0.256974	0.219135	0.062605	0.160429	0.985060	-0.881925	0.470937	-0.020647	-0.467214	-0.867457	0.170970
02612	9.876377	-0.489080	1.978635	-0.460643	-0.280084	0.229247	0.059222	0.159059	0.985491	-0.879927	0.474516	-0.023709	-0.471403	-0.865757	0.168062
02613	10.092114	-0.908386	1.663866	-0.468104	-0.290926	0.251697	0.055572	0.157720	0.985919	-0.877881	0.478117	-0.027004	-0.475644	-0.864019	0.165029
02614	10.200871	-1.142544	1.459607	-0.430740	-0.310485	0.290754	0.051489	0.156410	0.986349	-0.876004	0.481332	-0.030598	-0.479548	-0.862470	0.161799
02615	9.970654	-1.162079	1.010122	-0.362035	-0.350102	0.337793	0.046787	0.155001	0.986806	-0.874453	0.483878	-0.034545	-0.482848	-0.861299	0.158181
02616	9.982090	-0.756362	0.559888	-0.303744	-0.400782	0.357948	0.041666	0.153262	0.987307	-0.873166	0.485894	-0.038578	-0.485639	-0.860475	0.154068
02617	9.945335	-0.048290	0.327195	-0.286500	-0.431882	0.364439	0.036322	0.151301	0.987820	-0.871938	0.487755	-0.042647	-0.488267	-0.859769	0.149641
02618	9.641004	0.621601	0.093652	-0.341785	-0.476987	0.349418	0.030888	0.148884	0.988372	-0.870406	0.490122	-0.046628	-0.491365	-0.858845	0.144729
02619	9.419770	1.150296	-0.076160	-0.462825	-0.504807	0.314087	0.025606	0.146077	0.988942	-0.868236	0.493582	-0.050427	-0.495490	-0.857344	0.139468
02620	9.174077	1.281277	-0.072470	-0.600354	-0.544209	0.263731	0.020556	0.142696	0.989553	-0.865331	0.498296	-0.053880	-0.500779	-0.855183	0.133723
02621	9.198390	0.890211	0.043292	-0.732135	-0.576451	0.204684	0.015822	0.138781	0.990197	-0.861704	0.504212	-0.056899	-0.507165	-0.852356	0.127566
02622	9.585643	0.243966	0.223606	-0.827432	-0.582094	0.150803	0.011525	0.134562	0.990838	-0.857433	0.511150	-0.059444	-0.514466	-0.848893	0.121269
02623	9.659216	-0.409404	0.342770	-0.868304	-0.570498	0.130151	0.007394	0.130380	0.991436	-0.852972	0.518286	-0.061797	-0.521905	-0.845211	0.115043
02624	10.004585	-1.083434	0.422330	-0.834337	-0.568150	0.137895	0.003205	0.126276	0.991990	-0.848528	0.525251	-0.064121	-0.529141	-0.841526	0.108832
02625	10.145404	-1.509906	0.454901	-0.726469	-0.538023	0.169306	-0.001154	0.122633	0.992451	-0.844690	0.531096	-0.066607	-0.535255	-0.838390	0.102974
02626	9.826050	-1.740699	0.496703	-0.572721	-0.513445	0.233923	-0.005920	0.119552	0.992810	-0.841534	0.535712	-0.069527	-0.540172	-0.835895	0.097435
02627	9.612199	-1.897355	0.562478	-0.395732	-0.503660	0.282703	-0.011087	0.116847	0.993088	-0.839391	0.538637	-0.072747	-0.543414	-0.834396	0.092108
02628	9.686966	-1.782339	0.671253	-0.221131	-0.491964	0.317477	-0.016464	0.114429	0.993295	-0.838075	0.540218	-0.076125	-0.545307	-0.833709	0.087006
02629	9.557530	-1.529772	0.843764	-0.072545	-0.458794	0.349626	-0.021958	0.112476	0.993412	-0.837638	0.540381	-0.079698	-0.545785	-0.833869	0.082348
02630	9.243163	-1.348661	0.995855	0.021079	-0.420575	0.359030	-0.027298	0.110883	0.993459	-0.837595	0.539908	-0.083276	-0.545610	-0.834389	0.078136
02631	9.310510	-1.202391	1.192660	0.058936	-0.395751	0.343195	-0.032394	0.109413	0.993468	-0.837839	0.538992	-0.086680	-0.544956	-0.835174	0.074210
02632	9.561999	-1.157832	1.291184	0.067678	-0.368935	0.324725	-0.037163	0.108057	0.993450	-0.838025	0.538177	-0.089887	-0.544365	-0.835876	0.070554
02633	9.825031	-1.251783	1.456851	0.022046	-0.348074	0.302297	-0.041653	0.106755	0.993412	-0.838050	0.537623	-0.092914	-0.544000	-0.836400	0.067073
02634	9.836384	-1.423824	1.624231	-0.029979	-0.327462	0.288071	-0.045888	0.105546	0.993355	-0.837691	0.537672	-0.095826	-0.544213	-0.836522	0.063742
02635	9.692299	-1.466588	1.689234	-0.097722	-0.327723	0.260419	-0.049916	0.104188	0.993304	-0.837059	0.538171	-0.098513	-0.544831	-0.836371	0.060348
02636	9.561107	-1.407649	1.726910	-0.178885	-0.309759	0.218075	-0.053470	0.102758	0.993268	-0.835900	0.539544	-0.100816	-0.546271	-0.835664	0.057046
02637	9.543022	-1.531668	1.879467	-0.259257	-0.279977	0.156462	-0.056371	0.101248	0.993263	-0.834420	0.541504	-0.102554	-0.548239	-0.834579	0.053958
02638	9.581371	-1.838915	1.883120	-0.319729	-0.240259	0.092345	-0.058501	0.099734	0.993293	-0.832539	0.544180	-0.103673	-0.550869	-0.833020	0.051197
02639	9.644095	-2.016394	1.676998	-0.394145	-0.222460	0.044984	-0.060166	0.098111	0.993355	-0.830359	0.547370	-0.104356	-0.553971	-0.831120	0.048534
02640	9.730429	-2.109770	1.289474	-0.472141	-0.212021	0.023012	-0.061577	0.096469	0.993429	-0.827649	0.551367	-0.104843	-0.557858	-0.828666	0.045891
02641	9.520388	-2.255516	0.727942	-0.526684	-0.220185	0.001348	-0.062883	0.094639	0.993524	-0.824723	0.555679	-0.105131	-0.562030	-0.825993	0.043108
02642	9.545623	-2.533555	0.267297	-0.531499	-0.235235	-0.022919	-0.064065	0.092565	0.993643	-0.821666	0.560183	-0.105162	-0.566357	-0.823181	0.040170
02643	9.669393	-2.636946	-0.215583	-0.472853	-0.246960	-0.030561	-0.065280	0.090348	0.993768	-0.819024	0.564054	-0.105082	-0.570033	-0.820780	0.037176
02644	9.729846	-2.567178	-0.650801	-0.361855	-0.266946	-0.027481	-0.066627	0.088000	0.993890	-0.816901	0.567144	-0.104978	-0.572917	-0.818904	0.034100
02645	9.765117	-2.278476	-0.890015	-0.229396	-0.284243	-0.006163	-0.068270	0.085624	0.993986	-0.815614	0.568983	-0.105032	-0.574555	-0.817879	0.030991
02646	9.635861	-1.883821	-0.984195	-0.100828	-0.298026	0.011515	-0.070128	0.083249	0.994058	-0.814952	0.569897	-0.105219	-0.575270	-0.817488	0.027878
02647	9.549929	-1.466838	-0.928116	-0.008012	-0.310698	0.034497	-0.072259	0.080890	0.994100	-0.814906	0.569891	-0.105606	-0.575071	-0.817730	0.024738
02648	9.471161	-1.200305	-0.864026	0.057063	-0.316238	0.044344	-0.074491	0.078552	0.994123	-0.815127	0.569487	-0.106077	-0.574473	-0.818238	0.021609
02649	9.573856	-1.062589	-0.699966	0.090346	-0.325486	0.051556	-0.076842	0.076166	0.994130	-0.815631	0.568664	-0.106613	-0.573446	-0.819036	0.018426
02650	9.605971	-1.158634	-0.478842	0.098345	-0.331203	0.047224	-0.079180	0.073716	0.994131	-0.816083	0.567922	-0.107111	-0.572485	-0.819775	0.015191
02651	9.553324	-1.416441	-0.207423	0.119770	-0.345810	0.050023	-0.081628	0.071148	0.994120	-0.816752	0.566860	-0.107634	-0.571185	-0.820736	0.011839
02652	9.295170	-1.675550	0.194616	0.169385	-0.375304	0.036806	-0.084126	0.068270	0.994114	-0.817613	0.565543	-0.108028	-0.569589	-0.821888	0.008242
02653	9.968646	-1.694338	0.594539	0.225549	-0.379917	0.040803	-0.086682	0.065360	0.994090	-0.818885	0.563617	-0.108462	-0.567375	-0.823446	0.004666
02654	9.764407	-1.566553	0.976180	0.254123	-0.349460	0.042431	-0.089067	0.062716	0.994049	-0.820212	0.561595	-0.108922	-0.565084	-0.825032	0.001421
02655	9.469645	-1.480611	1.355561	0.252536	-0.326691	0.028759	-0.091207	0.060163	0.994013	-0.821633	0.559449	-0.109251	-0.562672	-0.826679	-0.001594
02656	9.414010	-1.392239	1.745632	0.234090	-0.297914	0.006820	-0.092995	0.057736	0.993991	-0.822868	0.557608	-0.109374	-0.560572	-0.828094	-0.004345
02657	9.346257	-1.385181	2.085621	0.208410	-0.257537	-0.005496	-0.094453	0.055555	0.993978	-0.824062	0.555841	-0.109373	-0.558570	-0.829430	-0.006720
02658	9.344423	-1.463665	2.223576	0.163088	-0.207158	-0.005182	-0.095623	0.053810	0.993962	-0.824903	0.554590	-0.109383	-0.557127	-0.830382	-0.008644
02659	9.519539	-1.565354	2.091104	0.103423	-0.181503	0.004858	-0.096736	0.052313	0.993934	-0.825497	0.553685	-0.109484	-0.556054	-0.831081	-0.010377
02660	9.710738	-1.605879	1.626406	0.036498	-0.147803	0.007314	-0.097674	0.051131	0.993904	-0.825620	0.553477	-0.109610	-0.555708	-0.831293	-0.011845
02661	9.667725	-1.518055	0.971248	-0.029307	-0.144562	0.010789	-0.098629	0.049973	0.993869	-0.825469	0.553673	-0.109757	-0.555763	-0.831233	-0.013357
02662	9.615811	-1.400394	0.154985	-0.122376	-0.169369	-0.003655	-0.099606	0.048537	0.993842	-0.824816	0.554647	-0.109753	-0.556558	-0.830669	-0.015212
02663	9.763292	-1.454386	-0.587330	-0.202050	-0.205343	-0.026395	-0.100595	0.046670	0.993832	-0.823739	0.556294	-0.109501	-0.557973	-0.829674	-0.017517
02664	9.911984	-1.361619	-1.211336	-0.260503	-0.249899	-0.061262	-0.101545	0.044267	0.993846	-0.822271	0.558580	-0.108894	-0.559963	-0.828268	-0.020322
02665	10.107349	-1.139816	-1.519961	-0.303806	-0.302085	-0.098069	-0.102497	0.041202	0.993880	-0.820690	0.561094	-0.107896	-0.562105	-0.826726	-0.023696
02666	10.349441	-0.830448	-1.639729	-0.323804	-0.338057	-0.132784	-0.103372	0.037672	0.993929	-0.818928	0.563919	-0.106545	-0.564509	-0.824970	-0.027443
02667	9.853087	-0.589341	-1.463986	-0.347994	-0.389026	-0.165423	-0.104282	0.033516	0.993983	-0.817154	0.566804	-0.104842	-0.566907	-0.823171	-0.031720
02668	8.510984	-0.806919	-1.088855	-0.372309	-0.493835	-0.227367	-0.105294	0.028171	0.994042	-0.815202	0.570034	-0.102505	-0.569526	-0.821138	-0.037056
02669	9.891814	-0.668163	-0.697351	-0.422457	-0.546134	-0.248061	-0.106455	0.022259	0.994068	-0.813075	0.573520	-0.099915	-0.572342	-0.818889	-0.042956
02670	9.789768	-0.765888	-0.500511	-0.474217	-0.525777	-0.232538	-0.107650	0.016630	0.994050	-0.810526	0.577541	-0.097438	-0.575725	-0.816192	-0.048693
02671	9.552257	-1.028396	-0.061660	-0.541919	-0.511681	-0.222663	-0.108867	0.011156	0.993994	-0.807660	0.581947	-0.094990	-0.579511	-0.813150	-0.054344
02672	9.465384	-1.666940	0.373215	-0.599510	-0.493831	-0.218650	-0.110043	0.005881	0.993909	-0.804334	0.586929	-0.092526	-0.583898	-0.809617	-0.059857
02673	9.500051	-2.496563	0.659879	-0.596651	-0.447715	-0.211899	-0.111029	0.001001	0.993817	-0.801096	0.591717	-0.090094	-0.588148	-0.806145	-0.064895
02674	9.884318	-3.102336	0.915556	-0.557561	-0.403068	-0.212844	-0.111774	-0.003493	0.993728	-0.797963	0.596298	-0.087658	-0.592251	-0.802756	-0.069438
02675	10.192447	-3.327453	1.122798	-0.535886	-0.342635	-0.243921	-0.111930	-0.007711	0.993686	-0.795076	0.600539	-0.084898	-0.596092	-0.799559	-0.073349
02676	10.318686	-3.113200	1.414743	-0.495913	-0.275242	-0.256677	-0.111609	-0.011436	0.993686	-0.792318	0.604568	-0.082034	-0.599813	-0.796471	-0.076537
02677	11.213352	-2.168714	1.592531	-0.486672	-0.227325	-0.310621	-0.110583	-0.015140	0.993752	-0.789760	0.608358	-0.078615	-0.603366	-0.793518	-0.079231
02678	10.921658	-0.920264	1.816728	-0.542575	-0.118921	-0.361244	-0.108528	-0.018265	0.993926	-0.786790	0.612689	-0.074651	-0.607604	-0.790113	-0.080864
02679	10.648072	-0.285189	2.327700	-0.641990	-0.075735	-0.425795	-0.105710	-0.021493	0.994165	-0.783355	0.617627	-0.069942	-0.612520	-0.786177	-0.082126
02680	10.403036	-0.517836	3.228837	-0.777611	-0.029940	-0.494468	-0.102098	-0.024789	0.994465	-0.779110	0.623566	-0.064445	-0.618517	-0.781377	-0.082978
02681	9.932279	-1.301037	4.217818	-0.880289	0.049046	-0.516093	-0.097848	-0.027653	0.994817	-0.774177	0.630248	-0.058627	-0.625361	-0.775901	-0.083077
02682	9.451157	-2.093534	4.611565	-0.948978	0.118361	-0.488331	-0.093399	-0.029820	0.995182	-0.768703	0.637402	-0.053044	-0.632750	-0.769954	-0.082455
02683	9.068766	-2.170271	3.418299	-1.012150	0.077769	-0.455122	-0.089482	-0.032151	0.995469	-0.762702	0.644986	-0.047728	-0.640529	-0.763518	-0.082237
02684	9.153363	-1.896645	1.610704	-1.044517	-0.033653	-0.430081	-0.086499	-0.035160	0.995631	-0.756266	0.652873	-0.042647	-0.648521	-0.756651	-0.083063
02685	9.871747	-1.446314	0.271385	-1.048835	-0.108174	-0.455989	-0.083835	-0.038978	0.995717	-0.749840	0.660569	-0.037274	-0.656287	-0.749753	-0.084606
02686	10.263081	-0.881563	-0.686612	-1.039532	-0.125163	-0.529400	-0.080776	-0.043388	0.995787	-0.743328	0.668200	-0.031182	-0.664032	-0.742716	-0.086226
02687	10.717454	-0.579340	-0.834813	-1.030633	-0.113324	-0.615839	-0.077038	-0.048371	0.995854	-0.736961	0.675502	-0.024200	-0.671531	-0.735770	-0.087687
02688	11.460947	-1.075725	-0.341165	-1.010323	-0.069273	-0.681947	-0.072562	-0.053480	0.995929	-0.730682	0.682516	-0.016586	-0.678851	-0.728911	-0.088602
02689	12.608345	-1.722610	0.461719	-0.927119	-0.024545	-0.723570	-0.067528	-0.058626	0.995993	-0.724895	0.688806	-0.008603	-0.685542	-0.722571	-0.089011
02690	13.579444	-1.786347	1.328586	-0.815342	0.079341	-0.732830	-0.061760	-0.063080	0.996096	-0.719668	0.694318	-0.000652	-0.691566	-0.716898	-0.088277
02691	13.252847	-1.328694	2.462011	-0.703049	0.266672	-0.738434	-0.054675	-0.066323	0.996299	-0.715249	0.698832	0.007269	-0.696728	-0.712204	-0.085646
02692	12.681409	-0.920617	4.021444	-0.600813	0.481427	-0.727024	-0.046183	-0.067960	0.996619	-0.711451	0.702577	0.014941	-0.701216	-0.708356	-0.080797
02693	11.685744	-0.943217	5.474569	-0.535422	0.721542	-0.699971	-0.036205	-0.067794	0.997042	-0.708007	0.705854	0.022285	-0.705277	-0.705106	-0.073554
02694	11.213603	-1.064064	6.417498	-0.441222	0.963777	-0.688518	-0.024593	-0.065830	0.997528	-0.705010	0.708589	0.029381	-0.708771	-0.702544	-0.063837
02695	10.678812	-0.845337	6.865345	-0.319399	1.179706	-0.685486	-0.011456	-0.062418	0.997984	-0.702899	0.710359	0.036360	-0.711197	-0.701066	-0.052011
02696	9.910580	-0.160047	5.890686	-0.285226	1.279346	-0.681984	0.002395	-0.058252	0.998299	-0.700937	0.711913	0.043222	-0.713220	-0.699848	-0.039126
02697	9.471230	0.844584	4.050096	-0.239629	1.175378	-0.651128	0.015281	-0.054675	0.998387	-0.699203	0.713189	0.049758	-0.714760	-0.698836	-0.027331
02698	10.494163	1.592543	2.647712	-0.159025	1.109698	-0.606394	0.027402	-0.051194	0.998313	-0.697850	0.714069	0.055773	-0.715720	-0.698201	-0.016159
02699	11.596194	1.692718	1.885130	-0.150631	1.190812	-0.547007	0.039678	-0.046794	0.998116	-0.696624	0.714821	0.061206	-0.716338	-0.697741	-0.004235
02700	11.996921	0.457531	1.907823	-0.092573	1.433500	-0.466428	0.053148	-0.040075	0.997782	-0.695658	0.715354	0.065787	-0.716404	-0.697612	0.010141
02701	11.519414	-1.024451	1.872331	0.029860	1.689786	-0.358932	0.067676	-0.030850	0.997230	-0.695693	0.714986	0.069331	-0.715145	-0.698458	0.026925
02702	10.705323	-2.204766	1.731038	0.210660	1.887082	-0.209979	0.082565	-0.019101	0.996403	-0.696953	0.713550	0.071430	-0.712348	-0.700344	0.045602
02703	9.624610	-2.904611	1.526317	0.485975	1.914206	-0.032806	0.096317	-0.005896	0.995333	-0.700412	0.710100	0.071984	-0.707210	-0.704076	0.064265
02704	9.239086	-3.161657	1.425246	0.917873	1.735223	0.136681	0.107516	0.007393	0.994176	-0.706923	0.703696	0.071218	-0.699071	-0.710463	0.080884
02705	9.954515	-2.424748	-0.190931	1.260278	1.482922	0.298868	0.115613	0.020078	0.993091	-0.716038	0.694611	0.069316	-0.688420	-0.719105	0.094683
02706	11.075018	-1.603868	-1.650601	1.362879	1.284138	0.356482	0.121771	0.031876	0.992046	-0.725689	0.684745	0.067074	-0.677161	-0.728085	0.106515
02707	11.241485	-0.635471	-1.861208	1.406550	1.227678	0.313986	0.127654	0.042999	0.990886	-0.735560	0.674285	0.065501	-0.665323	-0.737218	0.117703
02708	11.579449	0.224871	-1.618971	1.426937	1.268140	0.213495	0.134392	0.053874	0.989463	-0.745173	0.663688	0.065076	-0.653189	-0.746067	0.129340
02709	9.942981	0.760396	-1.163171	1.351426	1.367968	0.090297	0.142505	0.064723	0.987676	-0.754082	0.653458	0.065980	-0.641134	-0.754191	0.141927
02710	9.556035	1.267522	-1.403886	1.307674	1.365478	0.001821	0.151112	0.075144	0.985656	-0.762432	0.643503	0.067830	-0.629176	-0.761746	0.154533
02711	9.750952	2.090293	-1.787009	1.270669	1.351727	-0.006929	0.159526	0.085435	0.983490	-0.770378	0.633743	0.069906	-0.617308	-0.768811	0.166916
02712	10.405903	2.758486	-1.464058	1.136262	1.348367	0.016033	0.167597	0.095996	0.981171	-0.777397	0.624916	0.071650	-0.606271	-0.774768	0.179361
02713	11.172745	2.751916	-0.821637	0.954186	1.404620	0.037803	0.175686	0.107134	0.978599	-0.783237	0.617421	0.073020	-0.596384	-0.779304	0.192384
02714	11.609301	2.279545	-0.041400	0.737450	1.454338	0.050967	0.183843	0.118848	0.975744	-0.787736	0.611561	0.073931	-0.587940	-0.782220	0.206052
02715	12.014214	1.584139	0.480522	0.533679	1.514133	0.068534	0.192089	0.131108	0.972580	-0.791020	0.607253	0.074369	-0.580852	-0.783616	0.220356
02716	11.700440	0.944213	0.901139	0.394789	1.599545	0.098179	0.200497	0.144280	0.969012	-0.793533	0.603979	0.074260	-0.574548	-0.783832	0.235587
02717	11.186729	0.412546	1.149875	0.358201	1.656144	0.159424	0.208632	0.158208	0.965113	-0.795943	0.600886	0.073561	-0.568285	-0.783522	0.251288
02718	11.009769	0.192982	1.421209	0.358995	1.739326	0.239882	0.216489	0.173305	0.960780	-0.798522	0.597629	0.072128	-0.561690	-0.782818	0.267768
02719	10.710841	0.138492	1.991766	0.374552	1.839100	0.331883	0.224038	0.189658	0.955948	-0.801380	0.594051	0.069955	-0.554614	-0.781750	0.285078
02720	10.330844	0.268388	2.560234	0.319816	1.939518	0.408648	0.231388	0.207259	0.950528	-0.804114	0.590694	0.066948	-0.547595	-0.779823	0.303339
02721	10.140347	0.257080	3.122732	0.190798	2.018452	0.454582	0.238657	0.225635	0.944527	-0.806257	0.588178	0.063212	-0.541287	-0.776618	0.322292
02722	9.986897	0.090460	3.630294	0.019867	2.101024	0.475267	0.246080	0.244729	0.937844	-0.807557	0.586856	0.058754	-0.536000	-0.771821	0.342046
02723	9.540019	-0.078964	3.969980	-0.121122	2.153572	0.506191	0.253426	0.264243	0.930565	-0.808211	0.586450	0.053576	-0.531573	-0.765671	0.362186
02724	9.118378	-0.312878	4.095306	-0.199470	2.163119	0.568163	0.260228	0.284097	0.922805	-0.808655	0.586360	0.047520	-0.527596	-0.758598	0.382324
02725	8.788265	-0.560181	3.922434	-0.210503	2.138496	0.639635	0.266234	0.303979	0.914722	-0.809269	0.586019	0.040797	-0.523643	-0.751118	0.402019
02726	8.649833	-0.628747	3.715542	-0.180771	2.088229	0.702310	0.271378	0.323734	0.906394	-0.810256	0.585112	0.033611	-0.519461	-0.743532	0.421094
02727	8.546692	-0.905071	3.477056	-0.106792	2.021668	0.739265	0.275777	0.343001	0.897941	-0.811763	0.583387	0.026464	-0.514770	-0.736213	0.439320
02728	8.298382	-0.991304	3.106825	0.010808	1.942601	0.753017	0.279540	0.361657	0.889416	-0.813951	0.580598	0.019737	-0.509256	-0.729459	0.456671
02729	7.941037	-1.013727	2.983994	0.133954	1.871270	0.758735	0.282764	0.379631	0.880866	-0.816799	0.576762	0.013629	-0.502876	-0.723344	0.473169
02730	7.601965	-0.858140	2.895174	0.265063	1.796459	0.759902	0.285448	0.396977	0.872313	-0.820323	0.571842	0.008198	-0.495571	-0.717918	0.488880
02731	7.198953	-0.757913	2.813488	0.404822	1.711532	0.766515	0.287496	0.413575	0.863888	-0.824544	0.565786	0.003540	-0.487312	-0.713331	0.503672
02732	6.901206	-0.602889	2.713511	0.523777	1.610329	0.767367	0.288859	0.429380	0.855683	-0.829325	0.558766	-0.000426	-0.478309	-0.709516	0.517500
02733	6.494581	-0.432299	2.720353	0.612225	1.501393	0.752683	0.289649	0.444176	0.847827	-0.834438	0.551090	-0.003641	-0.468847	-0.706404	0.530260
02734	6.224428	-0.277592	2.715271	0.672467	1.392724	0.732851	0.289910	0.458037	0.840330	-0.839722	0.542981	-0.006262	-0.459151	-0.703828	0.542039
02735	5.991013	-0.152512	2.817142	0.710596	1.270767	0.699671	0.289731	0.470728	0.833349	-0.845012	0.534683	-0.008237	-0.449455	-0.701804	0.552685
02736	5.820833	-0.023755	2.861362	0.743428	1.148607	0.670342	0.289088	0.482365	0.826893	-0.850297	0.526214	-0.009695	-0.439799	-0.700301	0.562276
02737	5.666864	0.167580	2.988229	0.737895	1.034409	0.625517	0.288197	0.492858	0.820995	-0.855347	0.517946	-0.010676	-0.430493	-0.699159	0.570835
02738	5.439945	0.383186	3.118054	0.712303	0.905179	0.579914	0.287013	0.502190	0.815738	-0.860088	0.510020	-0.011365	-0.421750	-0.698344	0.578310
02739	5.251056	0.682734	3.143486	0.657527	0.779280	0.520884	0.285720	0.510256	0.811174	-0.864359	0.502737	-0.011785	-0.413821	-0.697778	0.584686
02740	5.012111	1.003492	3.156333	0.580768	0.641723	0.459002	0.284311	0.517050	0.807358	-0.868087	0.496264	-0.012122	-0.406931	-0.697411	0.589937
02741	4.853452	1.293207	3.182724	0.475629	0.486840	0.406778	0.282684	0.522440	0.804454	-0.871194	0.490777	-0.012591	-0.401385	-0.697277	0.593881
02742	4.873224	1.562243	3.150484	0.352943	0.311240	0.351123	0.280798	0.526348	0.802565	-0.873629	0.486410	-0.013342	-0.397398	-0.697397	0.596416
