// General information: 
//  MT Manager version: 2022.2.0 
//  XDA version: 2022.2.0 build 7381 rev 124627 built on 2023-07-19
// Device information: 
//  DeviceId: 00B4CAF0
//  ProductCode: MTW2-3A7G6
//  Firmware Version: 4.6.0
//  Hardware Version: 2.0.0
// Device settings: 
//  Filter Profile: human(46.1)
//  Option Flags: Orientation Smoother Disabled, Position/Velocity Smoother Disabled, Continuous Zero Rotation Update Disabled, AHS Disabled, ICC Disabled
// Coordinate system: ENU
PacketCounter	Acc_X	Acc_Y	Acc_Z	Gyr_X	Gyr_Y	Gyr_Z	Mat[1][1]	Mat[2][1]	Mat[3][1]	Mat[1][2]	Mat[2][2]	Mat[3][2]	Mat[1][3]	Mat[2][3]	Mat[3][3]
22489	4.710086	1.604174	9.004901	0.003208	0.003896	0.001696	-0.693825	0.546560	0.468912	-0.538659	-0.826047	0.165807	0.477967	-0.137543	0.867542
22490	4.666588	1.569188	9.026736	0.002805	0.002725	0.003595	-0.693866	0.546542	0.468874	-0.538657	-0.826059	0.165759	0.477911	-0.137547	0.867572
22491	4.737894	1.608648	8.985523	0.004809	0.001061	0.003083	-0.693841	0.546544	0.468907	-0.538649	-0.826057	0.165790	0.477956	-0.137544	0.867548
22492	4.681460	1.600365	9.024589	-0.001003	0.001856	0.004209	-0.693890	0.546508	0.468877	-0.538646	-0.826076	0.165707	0.477889	-0.137576	0.867580
22493	4.712070	1.605648	9.039542	0.002404	0.000872	0.002859	-0.693863	0.546512	0.468912	-0.538651	-0.826070	0.165719	0.477922	-0.137594	0.867559
22494	4.678673	1.599184	8.990315	0.004610	0.005258	0.003494	-0.693910	0.546504	0.468852	-0.538647	-0.826079	0.165688	0.477859	-0.137573	0.867597
22495	4.706371	1.603634	8.971000	0.005013	0.006428	0.001595	-0.693903	0.546526	0.468837	-0.538648	-0.826070	0.165728	0.477867	-0.137539	0.867598
22496	4.717386	1.620980	9.021652	-0.001406	0.000685	0.006107	-0.693941	0.546490	0.468822	-0.538655	-0.826085	0.165634	0.477804	-0.137593	0.867624
22497	4.686875	1.558807	9.026311	0.002007	0.009265	0.003680	-0.693959	0.546499	0.468786	-0.538656	-0.826083	0.165638	0.477777	-0.137568	0.867643
22498	4.685681	1.615319	9.007333	0.000202	0.006732	0.003781	-0.694014	0.546490	0.468714	-0.538670	-0.826088	0.165569	0.477681	-0.137575	0.867695
22499	4.676356	1.599044	8.991545	0.000202	0.006732	0.003781	-0.694020	0.546495	0.468700	-0.538679	-0.826085	0.165557	0.477662	-0.137579	0.867705
22500	4.682253	1.613689	8.973479	-0.000603	0.003708	0.004944	-0.694070	0.546469	0.468656	-0.538685	-0.826097	0.165475	0.477582	-0.137606	0.867744
22501	4.710599	1.561192	8.973510	0.003609	0.005747	0.002433	-0.694065	0.546483	0.468648	-0.538687	-0.826091	0.165499	0.477588	-0.137588	0.867744
22502	4.708224	1.605540	9.041565	0.002606	0.006920	0.004006	-0.694114	0.546481	0.468576	-0.538698	-0.826093	0.165450	0.477503	-0.137580	0.867792
22503	4.681037	1.613761	8.974100	0.001400	0.002044	0.004433	-0.694102	0.546474	0.468604	-0.538698	-0.826095	0.165446	0.477523	-0.137599	0.867778
22504	4.729083	1.651184	9.021348	-0.000603	0.003708	0.004944	-0.694164	0.546432	0.468560	-0.538684	-0.826120	0.165365	0.477447	-0.137616	0.867817
22505	4.689743	1.572884	9.009917	0.000201	0.006731	0.003781	-0.694170	0.546437	0.468545	-0.538694	-0.826116	0.165353	0.477428	-0.137620	0.867827
22506	4.691158	1.630665	9.025290	0.002605	0.006919	0.004006	-0.694241	0.546409	0.468473	-0.538673	-0.826139	0.165304	0.477348	-0.137593	0.867875
22507	4.723130	1.591693	8.972723	0.000198	0.007412	0.006416	-0.694265	0.546392	0.468457	-0.538664	-0.826150	0.165280	0.477323	-0.137593	0.867888
22508	4.681224	1.614130	9.009864	-0.000803	0.007903	0.005354	-0.694335	0.546370	0.468379	-0.538669	-0.826164	0.165196	0.477215	-0.137600	0.867947
22509	4.715466	1.576326	8.991836	0.000005	0.010243	0.001556	-0.694346	0.546398	0.468330	-0.538694	-0.826148	0.165192	0.477171	-0.137586	0.867974
22510	4.679592	1.613715	9.010786	-0.001403	0.010245	0.005028	-0.694404	0.546407	0.468232	-0.538735	-0.826138	0.165105	0.477039	-0.137603	0.868043
22511	4.706818	1.617429	8.991885	-0.003003	0.013078	0.003639	-0.694440	0.546422	0.468163	-0.538761	-0.826129	0.165066	0.476959	-0.137599	0.868088
22512	4.699381	1.602124	9.010857	-0.003003	0.013078	0.003639	-0.694526	0.546420	0.468038	-0.538787	-0.826131	0.164972	0.476805	-0.137595	0.868173
22513	4.685792	1.571912	9.048049	-0.002809	0.009564	0.005864	-0.694557	0.546411	0.468002	-0.538796	-0.826135	0.164924	0.476749	-0.137609	0.868202
22514	4.675598	1.612008	9.013165	-0.000600	0.013264	0.003865	-0.694653	0.546396	0.467876	-0.538795	-0.826150	0.164850	0.476610	-0.137575	0.868284
22515	4.670123	1.552691	8.964253	-0.001001	0.011412	0.003129	-0.694678	0.546412	0.467820	-0.538815	-0.826141	0.164831	0.476551	-0.137564	0.868317
22516	4.701822	1.615729	8.994803	0.000003	0.010239	0.001556	-0.694740	0.546422	0.467717	-0.538838	-0.826138	0.164773	0.476434	-0.137549	0.868384
22517	4.679442	1.569944	9.015784	0.003807	0.011786	0.003581	-0.694769	0.546435	0.467659	-0.538831	-0.826138	0.164794	0.476399	-0.137496	0.868412
22518	4.700252	1.615621	8.995643	-0.003013	0.003517	0.004717	-0.694814	0.546412	0.467619	-0.538850	-0.826145	0.164696	0.476313	-0.137544	0.868451
22519	4.671562	1.611351	9.015374	0.003006	0.008083	0.002109	-0.694817	0.546432	0.467590	-0.538858	-0.826136	0.164716	0.476299	-0.137518	0.868463
22520	4.705952	1.573740	8.997272	0.000197	0.006725	0.003781	-0.694869	0.546425	0.467522	-0.538873	-0.826140	0.164650	0.476207	-0.137524	0.868512
22521	4.722724	1.605656	9.029953	-0.003407	0.011222	0.002901	-0.694892	0.546443	0.467467	-0.538905	-0.826126	0.164611	0.476137	-0.137534	0.868549
22522	4.691061	1.599880	9.015589	-0.002007	0.012580	0.004700	-0.694986	0.546424	0.467349	-0.538909	-0.826141	0.164522	0.475995	-0.137518	0.868630
22523	4.687664	1.598233	8.981752	-0.002408	0.010729	0.003964	-0.695012	0.546432	0.467300	-0.538930	-0.826135	0.164486	0.475934	-0.137522	0.868663
22524	4.695602	1.613937	8.998374	-0.002808	0.008878	0.003227	-0.695081	0.546419	0.467213	-0.538946	-0.826142	0.164398	0.475814	-0.137532	0.868726
22525	4.679607	1.582524	9.001091	-0.004408	0.011710	0.001838	-0.695101	0.546447	0.467152	-0.538991	-0.826121	0.164355	0.475735	-0.137547	0.868767
22526	4.678532	1.581898	9.001760	-0.005419	0.013562	0.006044	-0.695196	0.546431	0.467028	-0.539017	-0.826129	0.164231	0.475567	-0.137563	0.868857
22527	4.701279	1.628363	9.016407	-0.003009	0.013068	0.003637	-0.695231	0.546446	0.466959	-0.539042	-0.826120	0.164192	0.475486	-0.137559	0.868902
22528	4.688851	1.610848	8.966556	0.002604	0.016462	0.002930	-0.695305	0.546482	0.466806	-0.539079	-0.826104	0.164153	0.475337	-0.137509	0.868991
22529	4.683737	1.597028	9.019902	-0.001418	0.010913	0.007660	-0.695352	0.546461	0.466762	-0.539069	-0.826119	0.164108	0.475280	-0.137504	0.869023
22530	4.710828	1.600872	9.001128	0.002597	0.017139	0.005565	-0.695451	0.546465	0.466608	-0.539073	-0.826127	0.164057	0.475129	-0.137442	0.869116
22531	4.635450	1.560340	9.008440	-0.000208	0.015101	0.004600	-0.695502	0.546475	0.466522	-0.539079	-0.826127	0.164037	0.475049	-0.137404	0.869166
22532	4.680004	1.596736	9.021891	0.007604	0.013320	0.005611	-0.695591	0.546464	0.466401	-0.539048	-0.826149	0.164030	0.474953	-0.137315	0.869232
22533	4.672745	1.582132	9.040595	0.003994	0.008264	0.005808	-0.695616	0.546454	0.466377	-0.539025	-0.826161	0.164041	0.474943	-0.137279	0.869243
22534	4.678285	1.597227	9.022695	0.006205	0.011961	0.003811	-0.695695	0.546449	0.466264	-0.539004	-0.826177	0.164030	0.474851	-0.137204	0.869305
22535	4.705902	1.601302	9.003628	-0.000622	0.004379	0.007576	-0.695710	0.546419	0.466277	-0.538991	-0.826193	0.163993	0.474843	-0.137228	0.869306
22536	4.701484	1.587464	9.056590	0.000199	0.006039	0.001145	-0.695753	0.546419	0.466212	-0.539007	-0.826193	0.163942	0.474762	-0.137228	0.869350
22537	4.685119	1.613205	9.039841	0.003208	0.013433	0.000621	-0.695774	0.546459	0.466134	-0.539024	-0.826176	0.163971	0.474712	-0.137171	0.869386
22538	4.703550	1.601035	9.004904	-0.003421	0.011892	0.005531	-0.695854	0.546449	0.466026	-0.539048	-0.826181	0.163869	0.474568	-0.137182	0.869463
22539	4.693788	1.584448	8.989387	-0.002016	0.012569	0.004696	-0.695893	0.546454	0.465963	-0.539061	-0.826179	0.163833	0.474496	-0.137172	0.869504
22540	4.673243	1.595877	9.025547	-0.005826	0.011704	0.005301	-0.695966	0.546451	0.465857	-0.539104	-0.826175	0.163711	0.474339	-0.137208	0.869584
22541	4.665879	1.580410	9.044442	-0.003414	0.011210	0.002896	-0.695989	0.546469	0.465802	-0.539136	-0.826162	0.163672	0.474269	-0.137217	0.869621
22542	4.671242	1.594455	9.026835	-0.010237	0.013177	0.005578	-0.696082	0.546451	0.465683	-0.539182	-0.826164	0.163511	0.474082	-0.137271	0.869715
22543	4.689759	1.581526	8.992005	-0.005819	0.011022	0.002666	-0.696102	0.546471	0.465630	-0.539227	-0.826146	0.163451	0.474000	-0.137302	0.869754
22544	4.697617	1.597075	9.008704	-0.003814	0.009360	0.002159	-0.696160	0.546475	0.465539	-0.539264	-0.826140	0.163362	0.473874	-0.137322	0.869820
22545	4.681073	1.622251	8.992159	-0.003617	0.015395	0.003305	-0.696204	0.546496	0.465449	-0.539294	-0.826129	0.163319	0.473774	-0.137311	0.869876
22546	4.666963	1.591695	9.029534	-0.009842	0.015021	0.006313	-0.696306	0.546479	0.465316	-0.539337	-0.826132	0.163158	0.473575	-0.137354	0.869977
22547	4.650664	1.560112	9.032366	0.000394	0.012070	0.002293	-0.696329	0.546503	0.465253	-0.539356	-0.826121	0.163155	0.473519	-0.137327	0.870012
22548	4.656207	1.574758	9.014577	-0.001819	0.008374	0.004287	-0.696387	0.546495	0.465175	-0.539376	-0.826124	0.163074	0.473411	-0.137341	0.870068
22549	4.664252	1.590650	9.031119	0.000595	0.007882	0.001883	-0.696388	0.546517	0.465147	-0.539397	-0.826110	0.163074	0.473386	-0.137336	0.870083
22550	4.661397	1.589263	8.997001	-0.000222	0.005542	0.005678	-0.696439	0.546496	0.465096	-0.539402	-0.826121	0.163001	0.473305	-0.137354	0.870124
22551	4.704437	1.567581	8.995230	0.003785	0.012440	0.006222	-0.696485	0.546489	0.465036	-0.539378	-0.826135	0.163009	0.473265	-0.137297	0.870155
22552	4.668628	1.605182	9.013962	0.000186	0.006711	0.003780	-0.696543	0.546469	0.464972	-0.539376	-0.826149	0.162948	0.473182	-0.137294	0.870201
22553	4.689809	1.594404	9.013244	0.003396	0.009914	0.002850	-0.696559	0.546486	0.464929	-0.539377	-0.826144	0.162968	0.473158	-0.137255	0.870220
22554	4.660740	1.589964	9.033053	-0.006640	0.008678	0.006458	-0.696632	0.546457	0.464852	-0.539400	-0.826155	0.162836	0.473023	-0.137305	0.870286
22555	4.673057	1.562355	9.016381	-0.003430	0.011879	0.005529	-0.696672	0.546455	0.464796	-0.539415	-0.826156	0.162784	0.472948	-0.137311	0.870325
22556	4.680806	1.577937	9.033133	-0.003419	0.011201	0.002894	-0.696735	0.546463	0.464692	-0.539452	-0.826148	0.162697	0.472812	-0.137322	0.870397
22557	4.679763	1.577493	9.033751	-0.003022	0.013047	0.003631	-0.696770	0.546477	0.464622	-0.539478	-0.826139	0.162657	0.472732	-0.137319	0.870442
22558	4.617600	1.566290	9.004168	-0.006233	0.009845	0.004560	-0.696837	0.546468	0.464533	-0.539515	-0.826138	0.162538	0.472591	-0.137360	0.870512
22559	4.643207	1.557542	9.072455	0.000991	0.009724	0.002620	-0.696850	0.546487	0.464491	-0.539529	-0.826129	0.162538	0.472554	-0.137342	0.870534
22560	4.638340	1.555102	9.003754	0.000600	-0.002338	0.000328	-0.696833	0.546500	0.464501	-0.539568	-0.826112	0.162499	0.472535	-0.137396	0.870536
22561	4.670730	1.618448	9.034052	0.006399	0.007757	0.003411	-0.696842	0.546509	0.464478	-0.539551	-0.826114	0.162542	0.472542	-0.137343	0.870540
22562	4.668110	1.617577	8.999737	0.004796	0.001048	0.003098	-0.696864	0.546494	0.464463	-0.539539	-0.826125	0.162526	0.472524	-0.137337	0.870551
22563	4.679020	1.635094	9.050336	0.003787	0.002217	0.004668	-0.696853	0.546485	0.464489	-0.539525	-0.826131	0.162541	0.472555	-0.137336	0.870534
22564	4.654977	1.588167	9.036340	0.002789	0.002709	0.003603	-0.696889	0.546463	0.464461	-0.539514	-0.826146	0.162506	0.472516	-0.137335	0.870556
22565	4.683110	1.592316	9.017095	0.002789	0.002708	0.003603	-0.696875	0.546464	0.464481	-0.539512	-0.826145	0.162517	0.472538	-0.137339	0.870543
22566	4.676663	1.577291	9.035391	-0.001829	-0.001170	0.005364	-0.696895	0.546431	0.464490	-0.539520	-0.826156	0.162433	0.472500	-0.137403	0.870554
22567	4.696153	1.565349	8.999946	0.007010	0.004740	0.001105	-0.696877	0.546455	0.464489	-0.539516	-0.826147	0.162493	0.472531	-0.137361	0.870544
22568	4.711064	1.596540	8.997933	0.001382	0.002031	0.004436	-0.696916	0.546422	0.464469	-0.539500	-0.826167	0.162442	0.472491	-0.137372	0.870564
22569	4.697435	1.623467	9.015393	0.003395	0.009908	0.002851	-0.696932	0.546438	0.464425	-0.539501	-0.826163	0.162462	0.472466	-0.137333	0.870583
22570	4.681571	1.592428	9.017875	-0.002221	0.006522	0.003547	-0.696970	0.546441	0.464365	-0.539535	-0.826156	0.162384	0.472371	-0.137364	0.870630
22571	4.680993	1.592082	9.018236	-0.000827	0.007876	0.005349	-0.696990	0.546434	0.464343	-0.539538	-0.826159	0.162356	0.472338	-0.137370	0.870647
22572	4.651978	1.587661	9.037973	-0.002821	0.008860	0.003219	-0.697048	0.546430	0.464262	-0.539562	-0.826160	0.162275	0.472226	-0.137385	0.870705
22573	4.651252	1.587380	9.038396	0.000580	0.008552	0.004516	-0.697066	0.546431	0.464233	-0.539564	-0.826161	0.162262	0.472196	-0.137376	0.870723
22574	4.670250	1.575088	9.003281	-0.002222	0.006521	0.003547	-0.697106	0.546431	0.464173	-0.539595	-0.826156	0.162185	0.472102	-0.137405	0.870769
22575	4.656709	1.545281	9.040145	0.002996	0.008060	0.002115	-0.697109	0.546451	0.464145	-0.539603	-0.826147	0.162205	0.472089	-0.137379	0.870781
22576	4.677591	1.591144	9.020167	0.000989	0.009720	0.002619	-0.697151	0.546473	0.464056	-0.539637	-0.826133	0.162160	0.471988	-0.137372	0.870836
22577	4.674761	1.589836	8.986050	0.000781	0.004367	0.004108	-0.697147	0.546472	0.464063	-0.539641	-0.826132	0.162152	0.471988	-0.137384	0.870834
22578	4.645905	1.585749	9.005630	0.002982	0.008735	0.004749	-0.697206	0.546462	0.463986	-0.539635	-0.826143	0.162115	0.471908	-0.137356	0.870882
22579	4.695596	1.579120	8.985534	0.003198	0.003875	0.001706	-0.697187	0.546480	0.463993	-0.539645	-0.826132	0.162138	0.471925	-0.137351	0.870874
22580	4.669210	1.576265	9.039424	-0.000627	0.003690	0.004940	-0.697217	0.546470	0.463961	-0.539664	-0.826133	0.162069	0.471859	-0.137386	0.870904
22581	4.703621	1.595207	9.002062	0.005002	0.006397	0.001611	-0.697210	0.546492	0.463946	-0.539666	-0.826124	0.162109	0.471868	-0.137352	0.870905
22582	4.666015	1.575020	9.005489	-0.002237	0.007196	0.006180	-0.697275	0.546459	0.463886	-0.539664	-0.826143	0.162020	0.471773	-0.137369	0.870953
22583	4.682749	1.606926	9.038232	0.000989	0.009718	0.002618	-0.697289	0.546477	0.463843	-0.539677	-0.826134	0.162020	0.471737	-0.137351	0.870976
22584	4.642705	1.585431	9.007336	-0.001812	0.007688	0.001648	-0.697328	0.546488	0.463772	-0.539712	-0.826124	0.161957	0.471641	-0.137366	0.871026
22585	4.666190	1.575757	9.041072	0.002584	0.006887	0.004012	-0.697336	0.546491	0.463756	-0.539708	-0.826125	0.161965	0.471633	-0.137349	0.871032
22586	4.663363	1.574488	9.006955	0.001573	0.008055	0.005581	-0.697397	0.546472	0.463688	-0.539701	-0.826140	0.161912	0.471552	-0.137335	0.871079
22587	4.686825	1.564854	9.040698	0.001587	0.007379	0.002947	-0.697401	0.546484	0.463666	-0.539709	-0.826134	0.161916	0.471535	-0.137325	0.871089
22588	4.677351	1.605286	9.005515	0.000179	0.006702	0.003778	-0.697445	0.546480	0.463607	-0.539723	-0.826136	0.161861	0.471456	-0.137330	0.871131
22589	4.661764	1.574193	9.007834	-0.000614	0.003013	0.002305	-0.697425	0.546491	0.463622	-0.539746	-0.826123	0.161848	0.471458	-0.137362	0.871125
22590	4.656951	1.560584	9.060807	0.003391	0.009899	0.002852	-0.697478	0.546499	0.463534	-0.539751	-0.826124	0.161825	0.471374	-0.137324	0.871177
22591	4.675864	1.605009	9.006337	-0.000645	0.004364	0.007573	-0.697493	0.546469	0.463546	-0.539738	-0.826140	0.161788	0.471366	-0.137348	0.871177
22592	4.668959	1.590143	9.024814	0.005001	0.006393	0.001612	-0.697532	0.546470	0.463487	-0.539730	-0.826146	0.161785	0.471318	-0.137308	0.871209
22593	4.668451	1.590333	9.025043	0.001190	0.005533	0.002210	-0.697523	0.546486	0.463480	-0.539746	-0.826135	0.161789	0.471313	-0.137310	0.871212
22594	4.661456	1.575306	9.043592	-0.002225	0.006518	0.003544	-0.697563	0.546484	0.463423	-0.539773	-0.826132	0.161714	0.471223	-0.137337	0.871256
22595	4.658816	1.573827	9.009424	0.000777	0.004364	0.004107	-0.697559	0.546483	0.463430	-0.539777	-0.826130	0.161706	0.471223	-0.137350	0.871254
22596	4.658595	1.573725	9.009556	0.001377	0.002027	0.004436	-0.697587	0.546462	0.463414	-0.539775	-0.826141	0.161659	0.471186	-0.137368	0.871272
22597	4.666964	1.590056	9.025861	0.007404	0.006575	0.001847	-0.697581	0.546482	0.463398	-0.539764	-0.826137	0.161718	0.471206	-0.137314	0.871269
22598	4.657996	1.574222	9.009778	0.000980	0.000183	0.003700	-0.697595	0.546466	0.463396	-0.539770	-0.826142	0.161671	0.471179	-0.137346	0.871279
22599	4.666594	1.590387	9.025994	0.004192	0.003379	0.002773	-0.697580	0.546474	0.463409	-0.539767	-0.826138	0.161698	0.471204	-0.137335	0.871267
22600	4.627266	1.569001	8.994690	0.000551	-0.000311	0.008231	-0.697610	0.546427	0.463420	-0.539752	-0.826162	0.161627	0.471177	-0.137379	0.871274
22601	4.657781	1.574487	9.009844	0.009015	0.003069	0.000608	-0.697581	0.546453	0.463432	-0.539742	-0.826153	0.161706	0.471231	-0.137330	0.871253
22602	4.666394	1.591147	9.025963	0.006781	0.000056	0.005234	-0.697583	0.546448	0.463435	-0.539739	-0.826156	0.161703	0.471232	-0.137332	0.871252
22603	4.703517	1.611592	9.022779	0.005786	0.000548	0.004168	-0.697562	0.546441	0.463475	-0.539719	-0.826162	0.161738	0.471286	-0.137324	0.871224
22604	4.664333	1.590573	8.991337	0.005389	-0.001296	0.003432	-0.697569	0.546423	0.463487	-0.539703	-0.826174	0.161732	0.471295	-0.137326	0.871219
22605	4.673261	1.606963	9.007340	0.003997	-0.002647	0.001630	-0.697519	0.546432	0.463551	-0.539709	-0.826164	0.161762	0.471361	-0.137350	0.871179
22606	4.679972	1.565418	9.008359	0.003779	0.002209	0.004670	-0.697551	0.546405	0.463534	-0.539688	-0.826183	0.161737	0.471338	-0.137345	0.871193
22607	4.681969	1.567062	9.042832	0.008998	0.003742	0.003241	-0.697540	0.546410	0.463545	-0.539660	-0.826188	0.161804	0.471386	-0.137292	0.871175
22608	4.694861	1.596850	9.006342	-0.001440	0.000676	0.006099	-0.697570	0.546372	0.463545	-0.539656	-0.826206	0.161726	0.471346	-0.137340	0.871189
22609	4.679073	1.622472	8.989315	0.004799	0.010570	0.002017	-0.697585	0.546396	0.463494	-0.539656	-0.826199	0.161762	0.471324	-0.137285	0.871210
22610	4.665240	1.592898	9.026251	0.000575	0.008544	0.004512	-0.697634	0.546395	0.463423	-0.539670	-0.826200	0.161709	0.471237	-0.137281	0.871258
22611	4.679851	1.567058	9.043928	-0.000421	0.009037	0.003446	-0.697649	0.546405	0.463388	-0.539684	-0.826194	0.161693	0.471198	-0.137278	0.871279
22612	4.663780	1.592541	9.027069	0.000574	0.008543	0.004512	-0.697704	0.546395	0.463316	-0.539687	-0.826202	0.161641	0.471112	-0.137268	0.871327
22613	4.660852	1.534446	9.012484	-0.001036	0.012048	0.005749	-0.697746	0.546391	0.463259	-0.539689	-0.826207	0.161609	0.471049	-0.137253	0.871363
22614	4.671008	1.608145	9.044088	0.001770	0.003869	0.005172	-0.697782	0.546369	0.463229	-0.539682	-0.826221	0.161564	0.471003	-0.137260	0.871387
22615	4.683676	1.581270	9.027168	0.002993	0.008048	0.002113	-0.697785	0.546389	0.463201	-0.539689	-0.826212	0.161584	0.470990	-0.137234	0.871399
22616	4.652351	1.576089	9.012369	0.000986	0.009710	0.002614	-0.697828	0.546405	0.463117	-0.539714	-0.826203	0.161545	0.470898	-0.137220	0.871451
22617	4.643125	1.559966	8.996472	0.002764	0.003375	0.006238	-0.697831	0.546385	0.463136	-0.539694	-0.826216	0.161543	0.470915	-0.137222	0.871441
22618	4.688648	1.596148	9.009703	0.003178	0.004543	0.004340	-0.697870	0.546367	0.463100	-0.539681	-0.826230	0.161515	0.470874	-0.137210	0.871465
22619	4.681863	1.581467	9.028073	0.002799	0.002025	0.000971	-0.697838	0.546388	0.463122	-0.539698	-0.826215	0.161539	0.470901	-0.137218	0.871449
22620	4.673021	1.565608	9.011934	0.003794	0.001531	0.002037	-0.697835	0.546403	0.463109	-0.539720	-0.826203	0.161527	0.470881	-0.137230	0.871458
22621	4.674896	1.623672	9.027064	0.003195	0.003868	0.001707	-0.697816	0.546421	0.463116	-0.539730	-0.826192	0.161550	0.470898	-0.137225	0.871450
22622	4.687751	1.596809	9.010053	0.001769	0.003868	0.005171	-0.697855	0.546396	0.463088	-0.539718	-0.826208	0.161507	0.470854	-0.137229	0.871473
22623	4.650250	1.576885	9.013313	0.004999	0.006385	0.001612	-0.697847	0.546418	0.463073	-0.539720	-0.826199	0.161546	0.470863	-0.137195	0.871473
22624	4.671627	1.566254	9.012544	0.002183	0.005035	0.003274	-0.697883	0.546406	0.463033	-0.539716	-0.826208	0.161515	0.470814	-0.137187	0.871501
22625	4.695026	1.613358	9.026885	0.002993	0.008046	0.002112	-0.697886	0.546427	0.463004	-0.539724	-0.826199	0.161535	0.470801	-0.137161	0.871512
22626	4.677035	1.581373	8.994814	0.003591	0.005709	0.002443	-0.697914	0.546432	0.462956	-0.539729	-0.826198	0.161521	0.470754	-0.137143	0.871540
22627	4.683110	1.596033	8.976819	-0.003636	0.005841	0.004370	-0.697919	0.546431	0.462951	-0.539752	-0.826193	0.161472	0.470720	-0.137184	0.871552
22628	4.669484	1.566230	9.013659	0.003986	0.007552	0.003179	-0.697966	0.546424	0.462888	-0.539740	-0.826203	0.161458	0.470664	-0.137147	0.871588
22629	4.647023	1.577142	9.014932	-0.000801	0.006515	0.000074	-0.697951	0.546458	0.462869	-0.539780	-0.826178	0.161454	0.470640	-0.137161	0.871599
22630	4.685560	1.598521	9.046670	0.003388	0.009887	0.002848	-0.698006	0.546460	0.462785	-0.539776	-0.826184	0.161436	0.470564	-0.137117	0.871647
22631	4.676237	1.582274	9.030848	-0.002642	0.005347	0.005435	-0.698014	0.546449	0.462785	-0.539787	-0.826186	0.161391	0.470539	-0.137152	0.871655
22632	4.675682	1.582051	9.031174	0.002973	0.008718	0.004745	-0.698075	0.546430	0.462716	-0.539768	-0.826204	0.161361	0.470470	-0.137117	0.871698
22633	4.690268	1.612982	9.029425	0.001583	0.007369	0.002943	-0.698079	0.546442	0.462694	-0.539776	-0.826198	0.161365	0.470454	-0.137106	0.871708
22634	4.665771	1.566097	9.015605	0.003589	0.005707	0.002443	-0.698103	0.546452	0.462648	-0.539787	-0.826194	0.161351	0.470407	-0.137091	0.871736
22635	4.652108	1.593058	9.032998	0.000174	0.006695	0.003773	-0.698108	0.546457	0.462634	-0.539796	-0.826190	0.161339	0.470388	-0.137096	0.871745
22636	4.679862	1.596846	9.014146	-0.000425	0.009030	0.003442	-0.698154	0.546461	0.462559	-0.539816	-0.826187	0.161286	0.470297	-0.137095	0.871795
22637	4.670437	1.523824	9.017821	-0.002847	0.009524	0.005839	-0.698184	0.546453	0.462524	-0.539826	-0.826190	0.161237	0.470241	-0.137109	0.871822
22638	4.678304	1.596365	9.015040	0.003406	0.009209	0.000215	-0.698222	0.546473	0.462442	-0.539837	-0.826184	0.161232	0.470172	-0.137068	0.871866
22639	4.662300	1.565491	9.017505	-0.001815	0.007681	0.001639	-0.698221	0.546496	0.462416	-0.539871	-0.826166	0.161213	0.470135	-0.137083	0.871884
22640	4.666000	1.624233	9.067329	-0.002645	0.005346	0.005434	-0.698269	0.546468	0.462378	-0.539874	-0.826180	0.161131	0.470060	-0.137113	0.871920
22641	4.676440	1.595619	9.016139	-0.000446	0.009702	0.006075	-0.698301	0.546458	0.462341	-0.539870	-0.826188	0.161103	0.470016	-0.137106	0.871944
22642	4.662606	1.565557	9.053091	-0.003244	0.007680	0.005102	-0.698348	0.546448	0.462282	-0.539893	-0.826189	0.161018	0.469920	-0.137136	0.871991
22643	4.659969	1.564150	9.018942	0.004582	0.005211	0.003511	-0.698345	0.546453	0.462280	-0.539884	-0.826190	0.161045	0.469935	-0.137113	0.871987
22644	4.624686	1.545604	9.056514	0.002798	0.002021	0.000973	-0.698354	0.546455	0.462264	-0.539891	-0.826188	0.161032	0.469914	-0.137115	0.871998
22645	4.668181	1.580813	9.035270	0.007582	0.003055	0.004080	-0.698344	0.546452	0.462283	-0.539864	-0.826196	0.161083	0.469960	-0.137078	0.871979
22646	4.674738	1.596202	9.016918	0.007805	-0.001796	0.001042	-0.698330	0.546457	0.462299	-0.539856	-0.826195	0.161113	0.469991	-0.137065	0.871964
22647	4.637727	1.576817	9.019775	0.008200	0.000046	0.001778	-0.698293	0.546469	0.462340	-0.539841	-0.826191	0.161180	0.470061	-0.137039	0.871930
22648	4.696784	1.586489	9.015670	0.005382	-0.001301	0.003439	-0.698291	0.546457	0.462357	-0.539832	-0.826198	0.161179	0.470076	-0.137045	0.871922
22649	4.674817	1.597634	9.016624	0.004581	0.005210	0.003510	-0.698289	0.546462	0.462355	-0.539822	-0.826199	0.161206	0.470091	-0.137021	0.871917
22650	4.683174	1.613971	9.032929	0.004186	0.003368	0.002775	-0.698308	0.546457	0.462331	-0.539817	-0.826204	0.161198	0.470067	-0.137008	0.871932
22651	4.689495	1.572360	9.034185	0.001784	0.003189	0.002538	-0.698291	0.546467	0.462345	-0.539827	-0.826196	0.161205	0.470081	-0.137019	0.871923
22652	4.704405	1.603381	9.032263	0.003588	0.005703	0.002443	-0.698338	0.546446	0.462300	-0.539800	-0.826216	0.161193	0.470042	-0.136982	0.871950
22653	4.682082	1.557786	9.052840	0.001185	0.005524	0.002206	-0.698330	0.546462	0.462293	-0.539816	-0.826205	0.161197	0.470037	-0.136985	0.871952
22654	4.666307	1.583479	9.035771	0.002574	0.006871	0.004009	-0.698369	0.546456	0.462240	-0.539814	-0.826211	0.161169	0.469980	-0.136968	0.871985
22655	4.650711	1.609128	9.018617	0.001367	0.002022	0.004436	-0.698356	0.546449	0.462268	-0.539814	-0.826213	0.161164	0.470000	-0.136989	0.871971
22656	4.663677	1.582257	9.001591	0.004185	0.003367	0.002775	-0.698360	0.546464	0.462245	-0.539831	-0.826203	0.161156	0.469974	-0.136989	0.871985
22657	4.676582	1.601289	9.086579	0.006395	-0.002471	0.001874	-0.698312	0.546472	0.462307	-0.539825	-0.826197	0.161207	0.470052	-0.136992	0.871943
22658	4.670470	1.597833	8.983082	0.005380	-0.001303	0.003439	-0.698306	0.546465	0.462325	-0.539820	-0.826200	0.161207	0.470067	-0.137001	0.871933
22659	4.657426	1.568575	9.019488	0.006768	0.000044	0.005242	-0.698288	0.546448	0.462372	-0.539788	-0.826213	0.161245	0.470130	-0.136987	0.871902
22660	4.694664	1.588881	9.016353	0.005359	-0.000629	0.006072	-0.698302	0.546418	0.462388	-0.539762	-0.826233	0.161232	0.470140	-0.136990	0.871896
22661	4.688169	1.574242	9.034545	0.003373	0.000359	0.003937	-0.698279	0.546412	0.462429	-0.539755	-0.826235	0.161247	0.470182	-0.137003	0.871871
22662	4.672794	1.600196	9.017219	0.006587	0.003545	0.003012	-0.698312	0.546390	0.462404	-0.539718	-0.826257	0.161259	0.470175	-0.136958	0.871882
22663	4.664051	1.584224	9.001052	0.000555	-0.000986	0.005598	-0.698292	0.546369	0.462460	-0.539712	-0.826264	0.161242	0.470212	-0.137002	0.871855
22664	4.666334	1.585578	9.035389	0.005380	-0.001304	0.003439	-0.698303	0.546340	0.462478	-0.539681	-0.826284	0.161242	0.470231	-0.136995	0.871846
22665	4.672873	1.600762	9.017077	0.006586	0.003544	0.003011	-0.698289	0.546346	0.462491	-0.539666	-0.826285	0.161289	0.470269	-0.136964	0.871830
22666	4.642388	1.596051	9.001718	0.008378	-0.003462	0.004009	-0.698273	0.546335	0.462530	-0.539647	-0.826293	0.161314	0.470316	-0.136962	0.871805
22667	4.655919	1.569610	8.984332	0.005997	-0.004314	0.001140	-0.698212	0.546346	0.462607	-0.539647	-0.826282	0.161364	0.470405	-0.136978	0.871755
22668	4.680330	1.560671	9.017494	0.010384	-0.005125	0.003512	-0.698199	0.546319	0.462660	-0.539601	-0.826304	0.161408	0.470478	-0.136957	0.871719
22669	4.645949	1.599290	9.035066	0.009988	-0.006967	0.002777	-0.698135	0.546313	0.462763	-0.539571	-0.826308	0.161486	0.470607	-0.136955	0.871649
22670	4.674996	1.604095	9.015384	0.013777	-0.005443	0.004815	-0.698116	0.546288	0.462821	-0.539516	-0.826331	0.161554	0.470698	-0.136916	0.871606
22671	4.684314	1.564734	9.050487	0.013401	-0.007961	0.001449	-0.698040	0.546292	0.462931	-0.539479	-0.826333	0.161667	0.470852	-0.136891	0.871527
22672	4.704815	1.610215	8.995056	0.013401	-0.007962	0.001448	-0.697988	0.546295	0.463006	-0.539454	-0.826334	0.161748	0.470959	-0.136872	0.871472
22673	4.714114	1.570903	9.030168	0.012803	-0.005627	0.001115	-0.697921	0.546305	0.463095	-0.539422	-0.826333	0.161858	0.471094	-0.136840	0.871404
22674	4.655750	1.619332	9.014190	0.011394	-0.006299	0.001946	-0.697904	0.546276	0.463155	-0.539366	-0.826357	0.161918	0.471184	-0.136807	0.871361
22675	4.737042	1.618328	9.008879	0.008375	-0.003465	0.004008	-0.697863	0.546265	0.463230	-0.539335	-0.826366	0.161976	0.471280	-0.136799	0.871310
22676	4.700432	1.598829	9.011588	0.007563	-0.006473	0.005173	-0.697847	0.546227	0.463298	-0.539297	-0.826389	0.161989	0.471347	-0.136811	0.871272
22677	4.648413	1.605252	8.996972	0.013989	-0.000106	0.003315	-0.697819	0.546226	0.463342	-0.539244	-0.826401	0.162099	0.471449	-0.136739	0.871228
22678	4.707745	1.558592	9.012141	0.006174	-0.007821	0.003372	-0.697788	0.546201	0.463419	-0.539224	-0.826413	0.162108	0.471519	-0.136769	0.871186
22679	4.673324	1.597201	9.029728	0.012204	-0.003296	0.000780	-0.697730	0.546217	0.463487	-0.539198	-0.826409	0.162214	0.471634	-0.136729	0.871130
22680	4.673637	1.597998	9.029425	0.007382	-0.002973	0.002940	-0.697718	0.546204	0.463520	-0.539178	-0.826418	0.162236	0.471676	-0.136725	0.871108
22681	4.680596	1.613327	9.010830	0.009366	-0.003962	0.005075	-0.697680	0.546183	0.463601	-0.539135	-0.826434	0.162297	0.471780	-0.136712	0.871053
22682	4.716005	1.632711	8.972954	0.010794	-0.003969	0.001611	-0.697641	0.546198	0.463643	-0.539128	-0.826427	0.162355	0.471845	-0.136697	0.871020
22683	4.672705	1.598610	8.994017	0.006965	-0.004139	0.004839	-0.697601	0.546179	0.463725	-0.539098	-0.826438	0.162397	0.471938	-0.136705	0.870969
22684	4.732009	1.608194	8.989732	0.008769	-0.001627	0.004740	-0.697612	0.546144	0.463751	-0.539047	-0.826467	0.162423	0.471981	-0.136675	0.870950
22685	4.717027	1.634379	8.972113	0.007381	-0.002975	0.002940	-0.697568	0.546142	0.463819	-0.539028	-0.826468	0.162477	0.472068	-0.136673	0.870903
22686	4.723507	1.593003	8.973322	0.004581	0.005206	0.003501	-0.697594	0.546139	0.463784	-0.539020	-0.826474	0.162473	0.472038	-0.136649	0.870923
22687	4.709918	1.620322	8.990569	0.004998	0.006371	0.001602	-0.697586	0.546161	0.463769	-0.539022	-0.826465	0.162512	0.472047	-0.136616	0.870924
22688	4.717951	1.636614	9.007026	0.000989	0.009703	0.002596	-0.697630	0.546169	0.463693	-0.539036	-0.826463	0.162481	0.471967	-0.136596	0.870970
22689	4.686681	1.574526	9.011785	-0.003653	0.006527	0.006990	-0.697653	0.546147	0.463686	-0.539041	-0.826471	0.162420	0.471928	-0.136633	0.870985
22690	4.703586	1.606235	9.044415	-0.003216	0.007015	0.002459	-0.697669	0.546171	0.463633	-0.539096	-0.826448	0.162352	0.471841	-0.136675	0.871026
22691	4.694368	1.589934	9.028577	0.002180	0.005029	0.003266	-0.697664	0.546178	0.463632	-0.539100	-0.826445	0.162360	0.471844	-0.136672	0.871025
22692	4.670015	1.599398	8.995274	-0.000220	0.004854	0.003030	-0.697682	0.546183	0.463599	-0.539123	-0.826438	0.162316	0.471790	-0.136692	0.871051
22693	4.700163	1.604667	9.010691	0.004580	0.005204	0.003502	-0.697679	0.546187	0.463598	-0.539114	-0.826439	0.162343	0.471805	-0.136669	0.871046
22694	4.653981	1.568781	8.997777	0.001805	0.002511	-0.000099	-0.697685	0.546195	0.463580	-0.539126	-0.826433	0.162332	0.471783	-0.136672	0.871058
22695	4.671317	1.601433	9.030017	0.008192	0.000030	0.001776	-0.697648	0.546207	0.463621	-0.539111	-0.826430	0.162399	0.471854	-0.136646	0.871024
22696	4.671633	1.601962	9.029759	0.006566	-0.005982	0.004109	-0.697608	0.546203	0.463686	-0.539113	-0.826426	0.162410	0.471911	-0.136681	0.870987
22697	4.700336	1.606422	9.010288	0.009600	0.000699	0.000944	-0.697570	0.546223	0.463720	-0.539098	-0.826420	0.162493	0.471984	-0.136640	0.870954
22698	4.685267	1.632754	8.992680	0.008370	-0.003472	0.004010	-0.697570	0.546188	0.463761	-0.539049	-0.826446	0.162520	0.472040	-0.136621	0.870926
22699	4.731469	1.612991	9.024958	0.009382	-0.004644	0.002446	-0.697515	0.546188	0.463844	-0.539024	-0.826448	0.162594	0.472150	-0.136612	0.870869
22700	4.679372	1.619436	9.010370	0.009204	-0.001143	0.000211	-0.697504	0.546190	0.463859	-0.539001	-0.826453	0.162646	0.472193	-0.136575	0.870851
22701	4.708046	1.624031	8.990880	0.008390	-0.004150	0.001378	-0.697445	0.546199	0.463936	-0.538989	-0.826447	0.162716	0.472294	-0.136571	0.870797
22702	4.708398	1.624472	8.990616	0.004957	-0.002475	0.005338	-0.697442	0.546174	0.463971	-0.538970	-0.826461	0.162707	0.472321	-0.136587	0.870780
22703	4.710697	1.626291	9.024884	0.008191	0.000028	0.001775	-0.697405	0.546186	0.464012	-0.538955	-0.826457	0.162774	0.472391	-0.136562	0.870745
22704	4.686541	1.636348	8.991363	0.006980	0.005377	0.003735	-0.697439	0.546173	0.463977	-0.538924	-0.826475	0.162791	0.472377	-0.136512	0.870761
22705	4.699483	1.609520	8.974387	0.001962	-0.000313	0.004767	-0.697417	0.546159	0.464026	-0.538918	-0.826479	0.162789	0.472416	-0.136540	0.870735
22706	4.701567	1.611038	9.008822	0.005175	0.002866	0.003835	-0.697431	0.546152	0.464013	-0.538906	-0.826486	0.162790	0.472408	-0.136524	0.870742
22707	4.714362	1.584271	8.991913	0.004580	0.005203	0.003499	-0.697429	0.546156	0.464011	-0.538897	-0.826487	0.162817	0.472423	-0.136501	0.870738
22708	4.707465	1.626242	8.990785	0.002201	0.004351	0.000632	-0.697435	0.546175	0.463981	-0.538918	-0.826475	0.162808	0.472390	-0.136500	0.870756
22709	4.694052	1.653382	9.007947	0.001784	0.003187	0.002531	-0.697417	0.546185	0.463995	-0.538929	-0.826467	0.162815	0.472404	-0.136510	0.870747
22710	4.678551	1.622666	9.010215	0.003787	0.001520	0.002035	-0.697420	0.546184	0.463991	-0.538929	-0.826467	0.162812	0.472399	-0.136509	0.870749
22711	4.706788	1.626672	8.991061	0.004162	0.004038	0.005398	-0.697422	0.546172	0.464003	-0.538908	-0.826478	0.162827	0.472419	-0.136495	0.870740
22712	4.649449	1.619177	9.029722	0.002993	0.008033	0.002095	-0.697462	0.546173	0.463942	-0.538904	-0.826482	0.162818	0.472367	-0.136461	0.870775
22713	4.690725	1.596103	8.993598	0.002973	-0.001486	0.003203	-0.697426	0.546171	0.463998	-0.538904	-0.826479	0.162832	0.472419	-0.136487	0.870742
22714	4.699522	1.612437	9.009638	0.004778	0.001024	0.003103	-0.697439	0.546152	0.464001	-0.538881	-0.826494	0.162834	0.472426	-0.136474	0.870740
22715	4.684255	1.581883	9.011758	0.005372	-0.001313	0.003439	-0.697405	0.546149	0.464056	-0.538868	-0.826496	0.162868	0.472490	-0.136480	0.870704
22716	4.708488	1.629197	9.025513	0.005372	-0.001313	0.003439	-0.697383	0.546156	0.464080	-0.538879	-0.826488	0.162874	0.472511	-0.136497	0.870690
22717	4.734852	1.632102	8.971742	0.009576	0.001370	0.003575	-0.697362	0.546155	0.464112	-0.538845	-0.826496	0.162944	0.472580	-0.136453	0.870660
22718	4.699875	1.613977	9.009178	0.002972	-0.001486	0.003204	-0.697347	0.546153	0.464138	-0.538855	-0.826492	0.162931	0.472592	-0.136484	0.870649
22719	4.728340	1.618068	8.989891	0.006186	0.001691	0.002271	-0.697321	0.546163	0.464165	-0.538846	-0.826488	0.162977	0.472639	-0.136466	0.870626
22720	4.699797	1.614443	9.009136	0.001366	0.002023	0.004430	-0.697358	0.546119	0.464161	-0.538812	-0.826518	0.162943	0.472624	-0.136466	0.870634
22721	4.756228	1.622075	8.970923	0.002003	0.008528	0.001025	-0.697358	0.546149	0.464127	-0.538832	-0.826501	0.162960	0.472601	-0.136445	0.870650
22722	4.683271	1.583581	9.011971	-0.000418	0.009032	0.003420	-0.697402	0.546148	0.464061	-0.538843	-0.826503	0.162916	0.472524	-0.136439	0.870693
22723	4.682784	1.639903	8.992673	0.001167	0.006200	0.004825	-0.697411	0.546144	0.464053	-0.538841	-0.826506	0.162907	0.472513	-0.136438	0.870698
22724	4.725879	1.618017	8.991194	0.001584	0.007363	0.002925	-0.697450	0.546138	0.464001	-0.538838	-0.826513	0.162883	0.472459	-0.136419	0.870731
22725	4.681811	1.639602	8.993235	-0.003038	0.003518	0.004689	-0.697446	0.546131	0.464016	-0.538856	-0.826510	0.162838	0.472445	-0.136467	0.870731
22726	4.718374	1.602792	9.010074	0.000594	0.007858	0.001857	-0.697467	0.546152	0.463959	-0.538886	-0.826496	0.162810	0.472379	-0.136466	0.870767
22727	4.695789	1.613612	9.011374	0.000967	0.010375	0.005220	-0.697498	0.546150	0.463915	-0.538881	-0.826501	0.162798	0.472338	-0.136444	0.870793
22728	4.692848	1.612096	8.977396	0.000989	0.009698	0.002588	-0.697560	0.546132	0.463843	-0.538862	-0.826519	0.162771	0.472269	-0.136405	0.870836
22729	4.678943	1.582591	9.014393	0.001165	0.006198	0.004825	-0.697569	0.546127	0.463835	-0.538859	-0.826522	0.162762	0.472259	-0.136404	0.870842
22730	4.680826	1.640557	9.029356	0.004181	0.003357	0.002768	-0.697575	0.546133	0.463819	-0.538864	-0.826520	0.162762	0.472245	-0.136397	0.870851
22731	4.713455	1.601343	8.977123	0.003762	0.002194	0.004667	-0.697564	0.546124	0.463845	-0.538850	-0.826526	0.162776	0.472276	-0.136396	0.870834
22732	4.700162	1.628518	8.994193	0.004158	0.004034	0.005398	-0.697608	0.546084	0.463827	-0.538806	-0.826557	0.162763	0.472262	-0.136368	0.870846
22733	4.728304	1.632406	8.975139	0.003168	0.004529	0.004330	-0.697607	0.546081	0.463833	-0.538797	-0.826560	0.162774	0.472273	-0.136359	0.870841
22734	4.715065	1.659461	8.992201	0.000967	0.000181	0.003699	-0.697615	0.546059	0.463846	-0.538792	-0.826570	0.162742	0.472268	-0.136385	0.870840
22735	4.712471	1.601535	8.977605	0.002969	0.008705	0.004724	-0.697636	0.546058	0.463816	-0.538781	-0.826576	0.162749	0.472249	-0.136355	0.870855
22736	4.720497	1.617778	8.994063	0.002992	0.008028	0.002093	-0.697657	0.546080	0.463758	-0.538800	-0.826565	0.162742	0.472196	-0.136334	0.870887
22737	4.719888	1.617680	8.994401	-0.002225	0.006521	0.003519	-0.697661	0.546086	0.463745	-0.538822	-0.826557	0.162710	0.472165	-0.136360	0.870900
22738	4.712524	1.602793	9.013135	0.002374	0.011039	0.004387	-0.697701	0.546103	0.463664	-0.538841	-0.826550	0.162686	0.472085	-0.136335	0.870947
22739	4.705157	1.644364	9.012305	-0.002424	0.010696	0.003912	-0.697726	0.546112	0.463616	-0.538861	-0.826543	0.162650	0.472024	-0.136339	0.870979
22740	4.717357	1.617065	8.995839	-0.000002	0.010190	0.001519	-0.697777	0.546114	0.463538	-0.538865	-0.826546	0.162620	0.471944	-0.136312	0.871027
22741	4.694579	1.627820	8.997235	-0.002005	0.011858	0.002012	-0.697798	0.546140	0.463476	-0.538897	-0.826530	0.162596	0.471877	-0.136307	0.871064
22742	4.724183	1.632768	9.013025	-0.001411	0.009522	0.002350	-0.697832	0.546155	0.463406	-0.538927	-0.826520	0.162550	0.471792	-0.136310	0.871110
22743	4.686035	1.612518	9.016646	-0.003020	0.013029	0.003574	-0.697867	0.546170	0.463336	-0.538953	-0.826510	0.162511	0.471711	-0.136306	0.871154
22744	4.713313	1.616022	8.998146	-0.000202	0.014362	0.001912	-0.697911	0.546209	0.463224	-0.538998	-0.826488	0.162477	0.471596	-0.136282	0.871220
22745	4.683943	1.611842	9.017854	-0.004651	0.007023	0.005910	-0.697929	0.546196	0.463210	-0.539015	-0.826490	0.162413	0.471548	-0.136325	0.871239
22746	4.661550	1.622263	9.019095	-0.000843	0.007861	0.005318	-0.697947	0.546217	0.463160	-0.539060	-0.826471	0.162358	0.471471	-0.136354	0.871277
22747	4.676304	1.596399	9.036806	0.000370	0.002515	0.003362	-0.697931	0.546219	0.463181	-0.539071	-0.826465	0.162349	0.471482	-0.136379	0.871267
22748	4.693693	1.582662	8.967247	0.003584	0.005688	0.002432	-0.697946	0.546230	0.463145	-0.539079	-0.826461	0.162346	0.471450	-0.136363	0.871287
22749	4.695408	1.584332	9.001815	0.005167	0.002857	0.003839	-0.697934	0.546229	0.463165	-0.539065	-0.826464	0.162377	0.471484	-0.136347	0.871270
22750	4.717143	1.630140	8.981422	0.004573	0.005192	0.003501	-0.697954	0.546229	0.463136	-0.539058	-0.826468	0.162378	0.471463	-0.136324	0.871286
22751	4.703636	1.600707	9.018146	-0.001435	0.000009	0.003461	-0.697926	0.546227	0.463179	-0.539077	-0.826461	0.162353	0.471481	-0.136379	0.871267
22752	4.747090	1.635352	8.997001	0.005783	0.010031	0.003064	-0.697970	0.546233	0.463106	-0.539063	-0.826467	0.162367	0.471432	-0.136316	0.871303
22753	4.691928	1.583234	8.968069	-0.000645	0.003686	0.004924	-0.697968	0.546224	0.463120	-0.539069	-0.826468	0.162342	0.471429	-0.136344	0.871301
22754	4.687136	1.626312	9.001387	0.002569	0.006858	0.003994	-0.698009	0.546207	0.463077	-0.539051	-0.826483	0.162324	0.471388	-0.136319	0.871327
22755	4.717104	1.631548	9.016953	0.002569	0.006858	0.003994	-0.698017	0.546210	0.463062	-0.539048	-0.826484	0.162331	0.471381	-0.136303	0.871333
22756	4.707841	1.615460	9.001111	0.002569	0.006858	0.003994	-0.698060	0.546192	0.463020	-0.539028	-0.826501	0.162313	0.471340	-0.136277	0.871359
22757	4.685163	1.569766	9.021965	-0.001834	0.008355	0.004247	-0.698076	0.546195	0.462992	-0.539044	-0.826497	0.162281	0.471299	-0.136289	0.871380
22758	4.685021	1.626181	9.002512	0.003782	0.001513	0.002039	-0.698076	0.546193	0.462993	-0.539041	-0.826498	0.162283	0.471300	-0.136287	0.871379
