// General information: 
//  MT Manager version: 2022.2.0 
//  XDA version: 2022.2.0 build 7381 rev 124627 built on 2023-07-19
// Device information: 
//  DeviceId: 00B4CB9F
//  ProductCode: MTW2-3A7G6
//  Firmware Version: 4.6.0
//  Hardware Version: 2.0.0
// Device settings: 
//  Filter Profile: human(46.1)
//  Option Flags: Orientation Smoother Disabled, Position/Velocity Smoother Disabled, Continuous Zero Rotation Update Disabled, AHS Disabled, ICC Disabled
// Coordinate system: ENU
PacketCounter	Acc_X	Acc_Y	Acc_Z	Gyr_X	Gyr_Y	Gyr_Z	Mat[1][1]	Mat[2][1]	Mat[3][1]	Mat[1][2]	Mat[2][2]	Mat[3][2]	Mat[1][3]	Mat[2][3]	Mat[3][3]
45438	9.466717	1.496771	0.945259	0.155298	0.005127	-0.004937	-0.144427	0.043122	0.988575	0.372398	-0.923231	0.094678	0.916767	0.381817	0.117281
45439	9.610769	1.638005	0.902883	0.074808	-0.015992	-0.019055	-0.144253	0.043346	0.988591	0.373108	-0.922921	0.094910	0.916505	0.382542	0.116961
45440	9.665547	1.511819	0.875152	-0.005582	-0.015723	-0.028137	-0.144158	0.043643	0.988592	0.373066	-0.922914	0.095144	0.916537	0.382525	0.116764
45441	9.608716	1.236535	0.732837	-0.086273	-0.006511	-0.040850	-0.144153	0.044034	0.988575	0.372271	-0.923207	0.095406	0.916861	0.381771	0.116691
45442	9.521808	0.830728	0.696484	-0.124511	-0.006293	-0.049654	-0.144224	0.044493	0.988544	0.371107	-0.923644	0.095714	0.917322	0.380660	0.116700
45443	9.467901	0.614539	0.707373	-0.089663	-0.004846	-0.040309	-0.144231	0.044873	0.988526	0.370280	-0.923950	0.095967	0.917655	0.379873	0.116646
45444	9.498572	0.774473	0.798544	-0.041046	-0.015897	-0.034302	-0.144156	0.045226	0.988521	0.369904	-0.924074	0.096221	0.917818	0.379528	0.116481
45445	9.527116	0.813326	0.906688	-0.024407	-0.035921	-0.026815	-0.143826	0.045599	0.988552	0.369696	-0.924137	0.096416	0.917953	0.379331	0.116057
45446	9.732678	0.568930	0.930217	-0.003261	-0.052614	-0.020624	-0.143363	0.045966	0.988602	0.369686	-0.924124	0.096579	0.918030	0.379319	0.115492
45447	9.968633	0.424595	0.932297	0.050227	-0.074995	-0.013453	-0.142625	0.046364	0.988690	0.370181	-0.923910	0.096727	0.917946	0.379790	0.114610
45448	9.868482	0.491861	0.983240	0.106801	-0.076948	-0.012452	-0.141909	0.046748	0.988775	0.371193	-0.923482	0.096934	0.917648	0.380782	0.113698
45449	9.667820	0.863110	0.970138	0.148306	-0.087464	-0.016356	-0.141068	0.047220	0.988873	0.372583	-0.922892	0.097220	0.917214	0.382152	0.112597
45450	9.767179	1.268294	0.854269	0.138446	-0.101472	-0.022631	-0.140166	0.047794	0.988974	0.373870	-0.922336	0.097561	0.916829	0.383422	0.111412
45451	9.762336	1.443041	0.765501	0.079812	-0.104822	-0.039869	-0.139254	0.048552	0.989066	0.374598	-0.921994	0.098000	0.916671	0.384149	0.110204
45452	9.600461	1.399062	0.835951	0.002506	-0.097445	-0.052918	-0.138503	0.049391	0.989130	0.374597	-0.921942	0.098489	0.916785	0.384166	0.109190
45453	9.677881	1.243927	0.914879	-0.070222	-0.086372	-0.062176	-0.137845	0.050285	0.989177	0.373923	-0.922163	0.098985	0.917159	0.383520	0.108313
45454	9.808711	0.751518	0.963817	-0.119642	-0.070112	-0.059443	-0.137367	0.051078	0.989202	0.372792	-0.922575	0.099406	0.917691	0.382422	0.107690
45455	9.907267	0.211634	1.059943	-0.095304	-0.038851	-0.048282	-0.137091	0.051661	0.989210	0.371908	-0.922896	0.099739	0.918090	0.381569	0.107308
45456	9.877622	0.051260	1.206859	0.000961	-0.008472	-0.037139	-0.137096	0.052012	0.989191	0.371916	-0.922857	0.100069	0.918087	0.381615	0.107176
45457	9.805611	0.276021	1.314792	0.111794	0.002385	-0.033742	-0.137143	0.052302	0.989170	0.372948	-0.922396	0.100478	0.917661	0.382688	0.106994
45458	9.661297	0.762077	1.246551	0.195487	0.007326	-0.038842	-0.137299	0.052608	0.989132	0.374737	-0.921610	0.101033	0.916908	0.384536	0.106822
45459	9.561429	1.224530	1.117314	0.232786	-0.016278	-0.048041	-0.137231	0.053099	0.989115	0.376856	-0.920671	0.101710	0.916050	0.386711	0.106334
45460	9.561152	1.702680	1.147496	0.211366	-0.034530	-0.053455	-0.137061	0.053701	0.989106	0.378767	-0.919807	0.102425	0.915287	0.388679	0.105729
45461	9.600410	1.938445	1.269727	0.124178	-0.036510	-0.057080	-0.136845	0.054355	0.989100	0.379880	-0.919275	0.103075	0.914858	0.389844	0.105150
45462	9.710692	1.831751	1.306487	0.013689	-0.038916	-0.057100	-0.136650	0.055008	0.989091	0.379976	-0.919175	0.103616	0.914847	0.389990	0.104703
45463	9.844642	1.548744	1.365903	-0.070263	-0.040262	-0.051625	-0.136382	0.055628	0.989093	0.379317	-0.919402	0.104011	0.915160	0.389365	0.104289
45464	9.734381	1.219754	1.442716	-0.118404	-0.012658	-0.047182	-0.136389	0.056088	0.989066	0.378218	-0.919820	0.104316	0.915614	0.388311	0.104240
45465	9.592663	0.938699	1.392696	-0.118166	-0.016311	-0.047485	-0.136325	0.056577	0.989047	0.377127	-0.920234	0.104621	0.916074	0.387259	0.104114
45466	9.645238	0.867351	1.392113	-0.092180	-0.024080	-0.050358	-0.136237	0.057110	0.989029	0.376263	-0.920546	0.104985	0.916442	0.386438	0.103924
45467	9.626147	0.873675	1.405278	-0.054164	-0.028763	-0.048475	-0.136062	0.057656	0.989021	0.375751	-0.920711	0.105367	0.916678	0.385962	0.103610
45468	9.657602	0.803866	1.375872	-0.019166	-0.031127	-0.044692	-0.135888	0.058164	0.989015	0.375564	-0.920743	0.105751	0.916780	0.385809	0.103274
45469	9.667556	0.910963	1.367870	0.017509	-0.031458	-0.040639	-0.135660	0.058646	0.989018	0.375724	-0.920635	0.106128	0.916748	0.385996	0.102859
45470	9.704094	1.229471	1.477173	0.020163	-0.010815	-0.038065	-0.135648	0.059015	0.988998	0.375907	-0.920519	0.106487	0.916675	0.386216	0.102682
45471	9.786521	1.404336	1.592313	-0.013649	0.012653	-0.033656	-0.135801	0.059263	0.988962	0.375789	-0.920535	0.106765	0.916701	0.386140	0.102739
45472	9.798759	1.456644	1.564521	-0.068124	0.043557	-0.040521	-0.136296	0.059445	0.988883	0.375158	-0.920758	0.107057	0.916886	0.385579	0.103194
45473	9.696015	1.386828	1.296504	-0.117982	0.048891	-0.050595	-0.136844	0.059710	0.988791	0.374057	-0.921166	0.107394	0.917254	0.384561	0.103721
45474	9.691269	1.219700	0.970849	-0.146418	0.042762	-0.067310	-0.137432	0.060143	0.988684	0.372671	-0.921673	0.107870	0.917730	0.383278	0.104254
45475	9.770075	1.049480	0.710658	-0.152158	0.037543	-0.070015	-0.137949	0.060632	0.988582	0.371231	-0.922196	0.108363	0.918236	0.381941	0.104708
45476	9.795810	0.834086	0.467825	-0.148126	0.022835	-0.072349	-0.138371	0.061189	0.988488	0.369820	-0.922701	0.108885	0.918742	0.380629	0.105046
45477	9.735295	0.701822	0.337367	-0.117493	0.005340	-0.074580	-0.138608	0.061844	0.988415	0.368692	-0.923084	0.109459	0.919159	0.379592	0.105145
45478	9.590994	0.895232	0.324394	-0.092532	-0.021297	-0.084906	-0.138668	0.062685	0.988353	0.367773	-0.923367	0.110163	0.919518	0.378766	0.104988
45479	9.542523	1.134027	0.344851	-0.088627	-0.045925	-0.090058	-0.138488	0.063677	0.988315	0.366890	-0.923628	0.110920	0.919898	0.377964	0.104549
45480	9.687353	1.287455	0.384219	-0.115618	-0.067338	-0.097433	-0.138169	0.064807	0.988286	0.365740	-0.923987	0.111724	0.920404	0.376893	0.103964
45481	9.851513	1.220503	0.598066	-0.142736	-0.078683	-0.093207	-0.137694	0.065952	0.988277	0.364353	-0.924446	0.112457	0.921025	0.375566	0.103261
45482	9.798104	1.084318	0.783684	-0.169436	-0.070683	-0.097225	-0.137341	0.067092	0.988249	0.362708	-0.925001	0.113205	0.921727	0.373993	0.102706
45483	9.705253	0.983621	0.914453	-0.181690	-0.066292	-0.096305	-0.136987	0.068218	0.988221	0.360956	-0.925597	0.113931	0.922467	0.372311	0.102171
45484	9.662940	0.894795	1.028246	-0.183253	-0.058829	-0.098856	-0.136744	0.069328	0.988177	0.359179	-0.926196	0.114683	0.923196	0.370615	0.101751
45485	9.621956	0.717712	1.116371	-0.177651	-0.051843	-0.091584	-0.136504	0.070355	0.988138	0.357470	-0.926772	0.115367	0.923895	0.368978	0.101358
45486	9.611002	0.289692	1.039185	-0.151314	-0.046582	-0.080734	-0.136306	0.071251	0.988101	0.356011	-0.927257	0.115974	0.924487	0.367583	0.101024
45487	9.533803	-0.324948	0.941452	-0.077133	-0.034718	-0.056991	-0.136097	0.071891	0.988084	0.355273	-0.927485	0.116417	0.924802	0.366884	0.100686
45488	9.453155	-0.490549	0.820138	0.063078	-0.025868	-0.035348	-0.135927	0.072290	0.988078	0.355858	-0.927214	0.116791	0.924602	0.367491	0.100309
45489	9.439441	0.135199	0.719376	0.203722	-0.024629	-0.019492	-0.135678	0.072543	0.988094	0.357768	-0.926434	0.117142	0.923901	0.369402	0.099743
45490	9.487004	1.042220	0.930056	0.247110	-0.024016	-0.011274	-0.135441	0.072712	0.988114	0.360084	-0.925496	0.117461	0.923036	0.371713	0.099167
45491	9.560124	1.753124	0.999374	0.209280	-0.026314	-0.024399	-0.135194	0.073016	0.988125	0.362039	-0.924682	0.117862	0.922307	0.373674	0.098577
45492	9.555678	2.064678	0.828517	0.132570	-0.043313	-0.046789	-0.134909	0.073587	0.988122	0.363248	-0.924137	0.118416	0.921874	0.374908	0.097944
45493	9.552446	1.892680	0.685860	0.039027	-0.068834	-0.064607	-0.134418	0.074424	0.988126	0.363577	-0.923926	0.119047	0.921815	0.375262	0.097134
45494	9.518802	1.276865	0.643327	-0.020434	-0.089366	-0.074316	-0.133808	0.075422	0.988133	0.363338	-0.923933	0.119723	0.921998	0.375046	0.096226
45495	9.538752	0.431948	0.617545	-0.037721	-0.104130	-0.063470	-0.132988	0.076382	0.988170	0.362959	-0.924011	0.120270	0.922266	0.374660	0.095159
45496	9.636802	-0.466383	0.771084	0.025687	-0.102903	-0.029623	-0.132090	0.077018	0.988241	0.363206	-0.923877	0.120549	0.922298	0.374859	0.094062
45497	9.512174	-0.666860	1.101944	0.180954	-0.091111	-0.001067	-0.131162	0.077351	0.988339	0.364929	-0.923181	0.120681	0.921750	0.376502	0.092859
45498	9.325398	0.318456	1.468111	0.333153	-0.104032	0.007289	-0.130121	0.077653	0.988453	0.368057	-0.921913	0.120877	0.920654	0.379535	0.091379
45499	9.339494	1.843542	1.764391	0.319281	-0.137935	-0.006674	-0.128784	0.078218	0.988583	0.371041	-0.920676	0.121181	0.919643	0.382411	0.089546
45500	9.315347	2.556433	2.002269	0.168050	-0.150070	-0.024030	-0.127437	0.078991	0.988696	0.372605	-0.919998	0.121529	0.919198	0.383880	0.087810
45501	9.365871	2.484108	1.900566	0.017293	-0.157251	-0.038246	-0.126045	0.079925	0.988800	0.372772	-0.919885	0.121873	0.919323	0.383958	0.086153
45502	9.604269	2.145765	1.644629	-0.066233	-0.128521	-0.041895	-0.124963	0.080780	0.988867	0.372159	-0.920091	0.122192	0.919718	0.383285	0.084914
45503	9.864617	1.751294	1.349454	-0.129805	-0.114467	-0.043262	-0.123986	0.081598	0.988923	0.370963	-0.920537	0.122464	0.920334	0.382037	0.083864
45504	9.955036	1.376538	1.196079	-0.191675	-0.061540	-0.052947	-0.123559	0.082297	0.988919	0.369181	-0.921210	0.122789	0.921107	0.380262	0.083442
45505	9.703231	1.469226	0.798388	-0.193058	-0.048694	-0.071987	-0.123291	0.083125	0.988883	0.367367	-0.921868	0.123294	0.921868	0.378484	0.083121
45506	9.643742	1.591662	0.130668	-0.187723	-0.076842	-0.093830	-0.122871	0.084257	0.988840	0.365569	-0.922484	0.124027	0.922639	0.376729	0.082544
45507	9.701419	1.752159	-0.323253	-0.206620	-0.112437	-0.098111	-0.122106	0.085567	0.988822	0.363595	-0.923162	0.124784	0.923520	0.374767	0.081612
45508	9.786889	2.082127	-0.419424	-0.268055	-0.155465	-0.100823	-0.120978	0.087055	0.988831	0.361044	-0.924062	0.125524	0.924668	0.372197	0.080361
45509	9.887684	2.108752	-0.268402	-0.387494	-0.191939	-0.101995	-0.119482	0.088692	0.988867	0.357389	-0.925392	0.126182	0.926281	0.368487	0.078870
45510	9.785261	1.756167	0.062970	-0.525730	-0.215125	-0.103419	-0.117798	0.090413	0.988913	0.352440	-0.927211	0.126754	0.928391	0.363464	0.077359
45511	9.576848	1.358642	0.457514	-0.626038	-0.230869	-0.138199	-0.116050	0.092514	0.988925	0.346511	-0.929327	0.127602	0.930840	0.357482	0.075791
45512	9.569415	1.085573	0.956121	-0.664839	-0.255265	-0.171705	-0.114205	0.094991	0.988905	0.340165	-0.931508	0.128762	0.933405	0.351096	0.074070
45513	9.518472	0.775615	1.398009	-0.697131	-0.253264	-0.185164	-0.112375	0.097584	0.988863	0.333493	-0.933740	0.130043	0.936031	0.344393	0.072385
45514	9.532368	0.316411	1.732053	-0.682114	-0.232333	-0.169846	-0.110703	0.099939	0.988816	0.326960	-0.935888	0.131194	0.938532	0.337826	0.070929
45515	9.655158	-0.241720	2.080121	-0.575730	-0.197663	-0.135056	-0.109198	0.101848	0.988789	0.321455	-0.937668	0.132083	0.940607	0.332274	0.069652
45516	9.756421	-0.437886	2.262857	-0.401568	-0.149150	-0.105128	-0.108075	0.103301	0.988761	0.317610	-0.938875	0.132805	0.942042	0.328393	0.068660
45517	9.694552	-0.084410	2.189725	-0.205125	-0.113306	-0.097791	-0.107234	0.104566	0.988720	0.315626	-0.939433	0.133586	0.942805	0.326391	0.067736
45518	9.731601	0.684352	1.878017	-0.055892	-0.087518	-0.092995	-0.106648	0.105698	0.988663	0.315049	-0.939507	0.134428	0.943064	0.325813	0.066896
45519	10.042746	1.474529	1.514601	0.041855	-0.051671	-0.086588	-0.106354	0.106655	0.988592	0.315403	-0.939268	0.135265	0.942979	0.326191	0.066255
45520	10.198212	2.155684	0.981353	0.099835	-0.025140	-0.091146	-0.106350	0.107566	0.988493	0.316296	-0.938833	0.136192	0.942680	0.327141	0.065822
45521	10.029359	2.391483	0.174475	0.142634	-0.022440	-0.106787	-0.106400	0.108616	0.988373	0.317581	-0.938239	0.137295	0.942243	0.328497	0.065334
45522	9.741725	2.422761	-0.498176	0.196519	-0.033092	-0.093330	-0.106331	0.109574	0.988275	0.319382	-0.937479	0.138305	0.941642	0.330343	0.064687
45523	9.483391	2.689004	-1.004384	0.220278	-0.072743	-0.081372	-0.105828	0.110555	0.988220	0.321421	-0.936648	0.139206	0.941004	0.332366	0.063589
45524	9.529186	2.969112	-1.278128	0.166470	-0.162455	-0.068847	-0.104466	0.111714	0.988234	0.322963	-0.936007	0.139951	0.940628	0.333784	0.061702
45525	9.884983	2.936242	-0.996967	0.063914	-0.226617	-0.051275	-0.102419	0.112933	0.988310	0.323566	-0.935723	0.140455	0.940646	0.334168	0.059294
45526	9.407028	2.135737	-0.737337	-0.022656	-0.258495	-0.054431	-0.100108	0.114279	0.988392	0.323346	-0.935726	0.140939	0.940971	0.333702	0.056722
45527	9.511492	1.355799	-0.412307	-0.063550	-0.309560	-0.032271	-0.097216	0.115597	0.988527	0.322771	-0.935888	0.141184	0.941471	0.332793	0.053671
45528	9.465558	1.185579	0.328843	-0.074334	-0.299504	-0.016366	-0.094393	0.116719	0.988669	0.322104	-0.936105	0.141267	0.941987	0.331789	0.050766
45529	9.383090	1.308109	1.191218	-0.072344	-0.305172	0.004421	-0.091419	0.117673	0.988835	0.321482	-0.936337	0.141147	0.942492	0.330796	0.047770
45530	9.539882	1.210215	1.739503	-0.024336	-0.326071	0.011570	-0.088253	0.118616	0.989010	0.321311	-0.936421	0.140981	0.942852	0.330222	0.044530
45531	9.676319	0.716841	2.170659	0.080158	-0.319918	0.019093	-0.085095	0.119479	0.989183	0.322135	-0.936166	0.140788	0.942861	0.330631	0.041175
45532	9.561732	0.274786	2.321628	0.235079	-0.292692	0.022767	-0.082208	0.120211	0.989339	0.324418	-0.935404	0.140614	0.942335	0.332519	0.037899
45533	9.440550	0.026837	2.421758	0.410430	-0.281886	0.040496	-0.079344	0.120755	0.989506	0.328368	-0.934069	0.140320	0.941211	0.336056	0.034460
45534	9.771856	-0.051994	2.610287	0.548087	-0.255938	0.073820	-0.076637	0.120907	0.989701	0.333628	-0.932292	0.139728	0.939585	0.340900	0.031110
45535	9.570597	0.088240	2.712365	0.639427	-0.238312	0.111096	-0.073952	0.120669	0.989934	0.339763	-0.930217	0.138771	0.937599	0.346605	0.027793
45536	8.971517	0.962526	2.898824	0.685629	-0.298857	0.124070	-0.070672	0.120536	0.990190	0.346321	-0.927958	0.137678	0.935450	0.352654	0.023837
45537	8.915353	2.638248	2.967855	0.662261	-0.381116	0.115816	-0.066636	0.120791	0.990439	0.352639	-0.925732	0.136625	0.933384	0.358371	0.019091
45538	9.386077	3.675498	2.912243	0.494525	-0.429844	0.083672	-0.062274	0.121542	0.990631	0.357351	-0.924039	0.135836	0.931892	0.362462	0.014110
45539	9.436852	3.498108	2.629293	0.273073	-0.436725	0.022830	-0.058061	0.122895	0.990720	0.359955	-0.923063	0.135597	0.931161	0.364488	0.009357
45540	9.201188	2.434279	2.322104	0.160828	-0.436105	-0.007600	-0.053972	0.124532	0.990747	0.361495	-0.922455	0.135641	0.930811	0.365471	0.004769
45541	9.288082	1.082765	1.824348	0.178538	-0.432571	0.004785	-0.049871	0.126050	0.990769	0.363203	-0.921796	0.135557	0.930374	0.366611	0.000189
45542	9.548746	0.134081	0.945196	0.312376	-0.444875	0.041045	-0.045528	0.127284	0.990821	0.366173	-0.920687	0.135100	0.929432	0.368963	-0.004691
45543	9.526687	0.264939	0.372067	0.456096	-0.455470	0.057695	-0.041031	0.128419	0.990871	0.370478	-0.919058	0.134454	0.927934	0.372613	-0.009867
45544	9.217462	1.068724	0.198728	0.525583	-0.524544	0.066231	-0.035865	0.129753	0.990897	0.375422	-0.917162	0.133686	0.926160	0.376799	-0.015819
45545	9.175356	1.796565	0.185718	0.497656	-0.592841	0.057095	-0.030110	0.131450	0.990865	0.380090	-0.915340	0.132981	0.924459	0.380622	-0.022402
45546	9.038715	1.905025	0.383592	0.386566	-0.655331	0.020658	-0.023920	0.133741	0.990728	0.383711	-0.913879	0.132631	0.923143	0.383326	-0.029458
45547	9.061620	1.655967	0.743033	0.285530	-0.691987	-0.013041	-0.017534	0.136494	0.990486	0.386386	-0.912752	0.132622	0.922170	0.385036	-0.036735
45548	9.111516	1.295423	1.206026	0.239139	-0.701052	-0.024953	-0.011112	0.139403	0.990173	0.388631	-0.911783	0.132728	0.921326	0.386287	-0.044045
45549	9.412253	1.330264	1.785651	0.223009	-0.661992	-0.015306	-0.005026	0.142078	0.989843	0.390726	-0.910887	0.132730	0.920493	0.387425	-0.050935
45550	9.659453	1.409691	2.202640	0.224446	-0.605791	0.002486	0.000614	0.144384	0.989522	0.392835	-0.910008	0.132538	0.919609	0.388637	-0.057278
45551	10.029376	1.453262	2.468949	0.249736	-0.539004	0.031992	0.005738	0.146165	0.989244	0.395170	-0.909071	0.132027	0.918590	0.390162	-0.062976
45552	10.502579	1.711773	2.467365	0.331993	-0.492202	0.064066	0.010567	0.147487	0.989008	0.398255	-0.907853	0.131129	0.917214	0.392492	-0.068331
45553	11.555560	1.941936	2.131561	0.445204	-0.432595	0.106806	0.014995	0.148195	0.988845	0.402361	-0.906245	0.129714	0.915358	0.395927	-0.073217
45554	12.286235	1.702157	1.668708	0.533800	-0.342387	0.159814	0.018830	0.148089	0.988795	0.407256	-0.904344	0.127685	0.913120	0.400288	-0.077339
45555	13.601531	0.900324	1.300159	0.609401	-0.178850	0.240478	0.021478	0.146607	0.988962	0.412803	-0.902232	0.124785	0.910567	0.405566	-0.079898
45556	13.648151	-0.033393	1.501954	0.634482	0.068325	0.341526	0.022334	0.143229	0.989438	0.418539	-0.900122	0.120852	0.907924	0.411419	-0.080051
45557	13.206315	-0.511795	2.394082	0.591155	0.260957	0.459290	0.021931	0.137984	0.990192	0.423835	-0.898307	0.115793	0.905474	0.417139	-0.078183
45558	12.339354	-0.396029	3.699632	0.523008	0.462712	0.571396	0.020239	0.130892	0.991190	0.428487	-0.896866	0.109686	0.903321	0.422492	-0.074237
45559	11.383704	0.224968	4.157315	0.450160	0.642752	0.641895	0.017224	0.122366	0.992336	0.432466	-0.895754	0.102950	0.901486	0.427378	-0.068348
45560	10.341033	0.657793	3.974256	0.338181	0.819769	0.680401	0.012850	0.112733	0.993542	0.435452	-0.895086	0.095930	0.900120	0.431407	-0.060592
45561	9.426020	0.789712	3.662837	0.219418	0.920892	0.679676	0.007545	0.102617	0.994692	0.437394	-0.894855	0.088999	0.899238	0.434401	-0.051636
45562	10.082454	0.827390	3.805161	0.150261	0.963749	0.664008	0.001849	0.092457	0.995715	0.438756	-0.894832	0.082275	0.898604	0.436724	-0.042220
45563	10.645247	0.598326	3.939251	0.097508	1.050197	0.671647	-0.004631	0.081800	0.996638	0.439679	-0.894976	0.075499	0.898143	0.438551	-0.031821
45564	11.161530	0.131070	3.942913	0.015348	1.217865	0.708114	-0.012395	0.070093	0.997463	0.439920	-0.895429	0.068390	0.897951	0.439652	-0.019736
45565	11.439285	-0.417601	3.768375	-0.051635	1.451269	0.728955	-0.022224	0.057124	0.998120	0.439621	-0.896104	0.061074	0.897908	0.440152	-0.005198
45566	11.049190	-0.681893	3.540214	-0.074785	1.659388	0.710574	-0.033942	0.043428	0.998480	0.439193	-0.896772	0.053934	0.897751	0.440356	0.011365
45567	10.861264	-0.608748	3.375791	-0.075482	1.829399	0.656324	-0.047489	0.029423	0.998438	0.438823	-0.897327	0.047315	0.897318	0.440385	0.029701
45568	10.836132	-0.228511	3.274100	-0.116813	1.938975	0.580486	-0.062279	0.015659	0.997936	0.438139	-0.897952	0.041433	0.896747	0.439815	0.049063
45569	10.956486	0.131797	3.159000	-0.285281	2.015448	0.511871	-0.078127	0.002152	0.996941	0.435982	-0.899231	0.036108	0.896558	0.437470	0.069316
45570	10.696054	0.075168	2.623321	-0.513122	1.941472	0.458075	-0.093493	-0.010441	0.995565	0.431819	-0.901424	0.031099	0.897101	0.432812	0.088786
45571	11.597622	-0.105633	1.658054	-0.651900	1.795936	0.440937	-0.107738	-0.022208	0.993931	0.426456	-0.904134	0.026024	0.898069	0.426671	0.106880
45572	12.611942	-0.001421	0.023520	-0.503496	1.732314	0.456136	-0.121303	-0.033706	0.992043	0.422503	-0.906121	0.020876	0.898207	0.421674	0.124156
45573	13.195280	0.550446	-1.383589	-0.187951	1.763049	0.457081	-0.135211	-0.045331	0.989779	0.421449	-0.906710	0.016047	0.896715	0.419311	0.141702
45574	13.244668	1.394055	-1.552733	-0.060382	1.778071	0.424410	-0.149289	-0.056644	0.987170	0.421560	-0.906725	0.011725	0.894427	0.417902	0.159243
45575	12.616813	1.928472	-1.603914	-0.207289	1.779870	0.413160	-0.163460	-0.067867	0.984213	0.420402	-0.907309	0.007258	0.892492	0.414952	0.176840
45576	11.590460	1.740327	-1.976366	-0.388977	1.741365	0.462774	-0.176994	-0.079274	0.981014	0.417771	-0.908550	0.001955	0.891146	0.410185	0.193926
45577	11.423383	0.778365	-2.478632	-0.505423	1.800664	0.527869	-0.190834	-0.091462	0.977352	0.414290	-0.910135	-0.004279	0.889914	0.404091	0.211577
45578	10.487734	-0.032885	-2.367071	-0.547840	1.890311	0.527677	-0.205410	-0.103866	0.973149	0.410515	-0.911792	-0.010667	0.888417	0.397301	0.229929
45579	10.048445	-0.460843	-2.088992	-0.483188	1.888972	0.510926	-0.220074	-0.116024	0.968559	0.407365	-0.913110	-0.016821	0.886353	0.390855	0.248216
45580	10.025988	-0.791145	-1.879832	-0.366603	1.857611	0.509460	-0.234388	-0.127910	0.963692	0.405330	-0.913888	-0.022715	0.883612	0.385289	0.266050
45581	9.818704	-0.638712	-1.748366	-0.338241	1.848980	0.494301	-0.248680	-0.139550	0.958480	0.403594	-0.914496	-0.028433	0.880495	0.379766	0.283738
45582	9.476868	-0.291009	-1.596723	-0.295487	1.798210	0.479808	-0.262493	-0.150744	0.953086	0.402276	-0.914890	-0.033910	0.877081	0.374502	0.300793
45583	9.023698	-0.107376	-1.600427	-0.281581	1.719874	0.452311	-0.275704	-0.161324	0.947608	0.401082	-0.915207	-0.039114	0.873568	0.369285	0.317030
45584	8.618889	-0.283375	-1.690615	-0.293639	1.613497	0.422476	-0.288025	-0.171131	0.942208	0.399766	-0.915556	-0.044085	0.870189	0.363965	0.332115
45585	8.358452	-0.399744	-1.765324	-0.294220	1.503846	0.395629	-0.299472	-0.180229	0.936928	0.398428	-0.915899	-0.048834	0.866932	0.358674	0.346095
45586	8.135277	-0.451459	-1.751330	-0.301330	1.415505	0.395857	-0.310092	-0.188919	0.931747	0.397081	-0.916216	-0.053619	0.863811	0.353352	0.359128
45587	7.899332	-0.733420	-1.645599	-0.321759	1.318301	0.427628	-0.319722	-0.197498	0.926700	0.395708	-0.916492	-0.058799	0.860926	0.347903	0.371174
45588	7.702248	-1.393392	-1.287870	-0.311750	1.212094	0.459805	-0.328269	-0.205923	0.921865	0.394573	-0.916616	-0.064246	0.858226	0.342653	0.382148
45589	7.389800	-1.861826	-0.584124	-0.262572	1.138029	0.465490	-0.336133	-0.214098	0.917157	0.393925	-0.916506	-0.069575	0.855475	0.337904	0.392406
45590	6.882143	-1.660076	0.245174	-0.221858	1.073604	0.436418	-0.343530	-0.221727	0.912592	0.393568	-0.916274	-0.074470	0.852697	0.333585	0.402032
45591	6.470691	-1.022011	1.119672	-0.253149	0.958624	0.384104	-0.350124	-0.228460	0.908416	0.392800	-0.916222	-0.079029	0.850365	0.329156	0.410530
45592	6.115910	-0.093541	1.596403	-0.377661	0.806274	0.321149	-0.355662	-0.234061	0.904831	0.390780	-0.916687	-0.083524	0.848997	0.323884	0.417497
45593	5.901673	0.489704	1.745803	-0.635379	0.642163	0.259832	-0.360044	-0.238537	0.901925	0.386371	-0.918081	-0.088573	0.849168	0.316588	0.422713
45594	5.831065	0.413196	1.719073	-0.818251	0.412291	0.210628	-0.362687	-0.241787	0.899998	0.380233	-0.920106	-0.093960	0.850812	0.308131	0.425646
45595	6.589000	0.158864	2.298250	-0.818796	0.101258	0.173317	-0.362835	-0.243726	0.899415	0.373940	-0.922150	-0.099035	0.853533	0.300394	0.425728
45596	8.152845	-0.363429	3.174141	-0.676488	-0.233202	0.111547	-0.360374	-0.244089	0.900306	0.368614	-0.923867	-0.102928	0.856887	0.294773	0.422912
45597	9.522592	-0.828294	3.206617	-0.549676	-0.482300	-0.000057	-0.356170	-0.242709	0.902350	0.363949	-0.925451	-0.105266	0.860630	0.290917	0.417952
45598	8.904666	-1.902909	2.068107	-0.282293	-0.621556	-0.132773	-0.351239	-0.239702	0.905082	0.361102	-0.926567	-0.105258	0.863850	0.289856	0.412003
45599	6.853216	-2.235732	1.140835	-0.173241	-0.752568	-0.231979	-0.345496	-0.235402	0.908415	0.358850	-0.927596	-0.103891	0.867098	0.290091	0.404954
45600	5.617720	-1.811388	1.541544	-0.327487	-0.925549	-0.255850	-0.338310	-0.230373	0.912400	0.355184	-0.929116	-0.102895	0.871430	0.289260	0.396154
45601	5.225839	-1.804201	3.494893	-0.581663	-1.119632	-0.227432	-0.329254	-0.225069	0.917025	0.349394	-0.931284	-0.103120	0.877220	0.286451	0.385267
45602	6.475326	-2.915620	5.971810	-0.721025	-1.228376	-0.227123	-0.319171	-0.219485	0.921931	0.342365	-0.933817	-0.103788	0.883695	0.282511	0.373191
45603	8.774868	-3.670467	7.400506	-0.469474	-1.134392	-0.254514	-0.309916	-0.213951	0.926378	0.337459	-0.935666	-0.103201	0.888861	0.280631	0.362178
45604	9.990790	-3.360027	8.239184	-0.048967	-0.865947	-0.291501	-0.303135	-0.208815	0.929788	0.336185	-0.936397	-0.100694	0.891677	0.282057	0.354056
45605	8.552256	-1.773187	8.265225	0.118352	-0.686586	-0.356008	-0.298145	-0.203582	0.932558	0.336227	-0.936771	-0.097008	0.893343	0.284629	0.347743
45606	6.327097	0.721465	7.634336	0.071876	-0.761090	-0.369129	-0.292525	-0.197976	0.935540	0.335835	-0.937285	-0.093337	0.895346	0.286884	0.340666
45607	5.646570	2.611502	4.346704	-0.069547	-1.003796	-0.338332	-0.284604	-0.191966	0.939228	0.334291	-0.938120	-0.090443	0.898471	0.288235	0.331166
45608	7.944722	2.674878	-1.542766	-0.133328	-1.314118	-0.369636	-0.273948	-0.184728	0.943837	0.332113	-0.939180	-0.087421	0.902582	0.289511	0.318637
45609	13.000480	1.342498	-4.165046	-0.252273	-1.449291	-0.458401	-0.262297	-0.176263	0.948753	0.328656	-0.940715	-0.083908	0.907296	0.289805	0.304677
45610	17.144734	0.391798	-0.444302	-0.588495	-1.047810	-0.480689	-0.254276	-0.168746	0.952296	0.322116	-0.943218	-0.081128	0.911913	0.286121	0.294194
45611	14.942384	-0.752922	5.147915	-0.881778	-0.279764	-0.491906	-0.253220	-0.163343	0.953519	0.312865	-0.946502	-0.079055	0.915421	0.278304	0.290778
45612	10.379872	-2.602481	8.310306	-0.948801	0.086182	-0.488577	-0.255462	-0.158975	0.953659	0.302978	-0.949867	-0.077183	0.918120	0.269221	0.290821
45613	9.023073	-5.001318	7.479369	-0.792543	-0.166848	-0.466519	-0.255265	-0.154132	0.954507	0.294554	-0.952682	-0.075064	0.920911	0.261993	0.288587
45614	11.220501	-5.750427	4.189621	-0.311118	-0.552103	-0.435418	-0.251396	-0.148570	0.956414	0.290637	-0.954134	-0.071821	0.923217	0.259914	0.283045
45615	11.691326	-4.955323	0.885062	0.304895	-0.675428	-0.387247	-0.246233	-0.143155	0.958580	0.292545	-0.953880	-0.067306	0.924006	0.263855	0.276756
45616	10.506754	-4.182175	-1.229972	0.710365	-0.636296	-0.338372	-0.241302	-0.138256	0.960551	0.298336	-0.952436	-0.062142	0.923455	0.271572	0.271071
45617	9.737398	-2.952062	-2.249660	0.924039	-0.545078	-0.278426	-0.237051	-0.134154	0.962190	0.306252	-0.950240	-0.057037	0.921963	0.281152	0.266340
45618	9.815563	-0.661697	-2.370325	0.999879	-0.543273	-0.282916	-0.232872	-0.129942	0.963787	0.314851	-0.947732	-0.051703	0.920130	0.291409	0.261613
45619	10.529906	2.104928	-2.361702	1.013178	-0.636690	-0.365917	-0.228114	-0.124642	0.965623	0.323376	-0.945171	-0.045609	0.918364	0.301855	0.255913
45620	10.782505	3.981800	-2.535228	0.908353	-0.738674	-0.435514	-0.222705	-0.118293	0.967682	0.330783	-0.942895	-0.039136	0.917052	0.311377	0.249117
45621	10.380455	3.677971	-2.524787	0.648078	-0.814562	-0.478171	-0.216749	-0.111263	0.969866	0.335729	-0.941382	-0.032966	0.916682	0.318466	0.241398
45622	9.921276	2.879022	-1.726216	0.351001	-0.843601	-0.466029	-0.210529	-0.104200	0.972019	0.338004	-0.940739	-0.027639	0.917295	0.322728	0.233272
45623	9.653538	2.202106	-0.341262	0.072605	-0.864091	-0.461634	-0.204068	-0.097091	0.974130	0.337767	-0.940948	-0.023026	0.918842	0.324330	0.224812
45624	9.562078	1.635767	1.066786	-0.240014	-0.871060	-0.462123	-0.197552	-0.089947	0.976157	0.334683	-0.942138	-0.019080	0.921391	0.322933	0.216225
45625	9.528461	0.535416	2.209585	-0.541801	-0.849100	-0.458405	-0.191146	-0.082925	0.978053	0.328843	-0.944253	-0.015791	0.924838	0.318607	0.207759
45626	9.672237	-1.150758	3.133760	-0.709074	-0.800545	-0.413384	-0.185017	-0.076517	0.979752	0.321546	-0.946802	-0.013222	0.928643	0.312589	0.199778
45627	9.081380	-2.806911	3.683188	-0.671592	-0.740043	-0.392886	-0.179294	-0.070526	0.981264	0.314635	-0.949152	-0.010729	0.932126	0.306816	0.192367
45628	8.733955	-3.526620	3.903602	-0.424491	-0.717168	-0.390820	-0.173766	-0.064654	0.982662	0.310034	-0.950694	-0.007727	0.934711	0.303316	0.185243
45629	9.174714	-3.179655	4.215720	-0.103672	-0.654834	-0.380110	-0.168731	-0.059088	0.983889	0.308467	-0.951226	-0.004226	0.936151	0.302784	0.178728
45630	9.476847	-1.725894	4.326945	0.169353	-0.573670	-0.357364	-0.164409	-0.053975	0.984914	0.309509	-0.950897	-0.000445	0.936576	0.304766	0.173042
45631	10.129302	0.164572	4.399303	0.258259	-0.494085	-0.352453	-0.160794	-0.049152	0.985763	0.311408	-0.950270	0.003414	0.936574	0.307523	0.168104
45632	10.089987	1.173504	3.948061	0.188611	-0.418894	-0.374042	-0.157983	-0.044333	0.986446	0.312629	-0.949847	0.007380	0.936645	0.309558	0.163920
45633	10.192352	0.592720	3.397726	0.086531	-0.362320	-0.352458	-0.155615	-0.039902	0.987012	0.312940	-0.949710	0.010945	0.936938	0.310579	0.160276
45634	10.161783	-0.628426	2.669755	0.139386	-0.282336	-0.296828	-0.153846	-0.036232	0.987430	0.313838	-0.949372	0.014062	0.936930	0.312056	0.157428
45635	9.863574	-0.520395	1.785766	0.370065	-0.269164	-0.254827	-0.152055	-0.033010	0.987821	0.316967	-0.948282	0.017102	0.936168	0.315707	0.154654
45636	9.712890	1.433662	1.258292	0.583028	-0.305638	-0.248871	-0.149936	-0.029706	0.988249	0.322096	-0.946487	0.020418	0.934758	0.321372	0.151481
45637	9.330435	3.726381	0.421064	0.616376	-0.370118	-0.259434	-0.147248	-0.026092	0.988755	0.327520	-0.944543	0.023850	0.933300	0.327349	0.147628
45638	9.302894	5.072037	-0.419301	0.448975	-0.492585	-0.270884	-0.143490	-0.021938	0.989409	0.331365	-0.943112	0.027145	0.932528	0.331751	0.142597
45639	9.701396	5.356119	-1.006608	0.160371	-0.583542	-0.274656	-0.138886	-0.017437	0.990155	0.332525	-0.942616	0.030042	0.932812	0.333424	0.136714
45640	9.799401	4.745967	-0.788675	-0.155923	-0.642224	-0.272917	-0.133741	-0.012753	0.990934	0.330747	-0.943160	0.032500	0.934195	0.332096	0.130357
45641	9.641301	3.580596	-0.404815	-0.388864	-0.692213	-0.272548	-0.128088	-0.007914	0.991731	0.326804	-0.944456	0.034672	0.936372	0.328543	0.123560
45642	9.383798	2.856590	0.272177	-0.559040	-0.812273	-0.246064	-0.121213	-0.002967	0.992622	0.321305	-0.946276	0.036408	0.939186	0.323347	0.115654
45643	9.806151	1.860490	0.481286	-0.725638	-0.795345	-0.214271	-0.114337	0.001595	0.993441	0.314276	-0.948583	0.037693	0.942421	0.316524	0.107957
45644	10.015528	0.449069	0.852314	-0.843002	-0.726296	-0.193216	-0.108024	0.005672	0.994132	0.306151	-0.951196	0.038694	0.945834	0.308535	0.101016
45645	9.781690	-1.020884	1.470993	-0.828013	-0.616691	-0.168116	-0.102615	0.009139	0.994679	0.298179	-0.953691	0.039524	0.948978	0.300649	0.095138
45646	10.047313	-2.049716	2.076560	-0.619920	-0.531402	-0.140580	-0.097927	0.012035	0.995121	0.292197	-0.955508	0.040310	0.951331	0.294719	0.090054
45647	9.890328	-2.400943	2.544546	-0.352397	-0.429522	-0.127497	-0.094135	0.014495	0.995454	0.288770	-0.956510	0.041235	0.952759	0.291339	0.085855
45648	9.532217	-2.127099	2.446675	-0.027439	-0.379816	-0.123127	-0.090817	0.016750	0.995727	0.288444	-0.956558	0.042399	0.953180	0.291062	0.082040
45649	9.585168	-1.349121	2.378347	0.309566	-0.344557	-0.086028	-0.087711	0.018556	0.995973	0.291367	-0.955624	0.043464	0.952582	0.294006	0.078412
45650	9.519848	-0.402480	2.118077	0.530596	-0.346438	-0.042201	-0.084483	0.019958	0.996225	0.296430	-0.954029	0.044251	0.951311	0.299049	0.074683
45651	9.436940	0.244246	1.152954	0.627001	-0.358735	-0.030131	-0.081094	0.021302	0.996479	0.302415	-0.952115	0.044964	0.949721	0.304996	0.070769
45652	9.320768	0.668826	0.739209	0.606066	-0.344548	-0.011782	-0.077806	0.022447	0.996716	0.308205	-0.950233	0.045459	0.948133	0.310729	0.067015
45653	9.231984	1.189305	0.791019	0.555023	-0.358410	0.007744	-0.074317	0.023470	0.996958	0.313518	-0.948482	0.045700	0.946670	0.315961	0.063130
45654	9.472895	1.607578	0.928355	0.442148	-0.397240	0.001832	-0.070498	0.024689	0.997206	0.317750	-0.947062	0.045911	0.945550	0.320099	0.058921
45655	9.385563	2.116601	1.562626	0.317916	-0.428976	-0.043629	-0.066514	0.026457	0.997435	0.320774	-0.946014	0.046484	0.944817	0.323043	0.054436
45656	9.289080	2.481325	1.975452	0.212219	-0.505327	-0.086583	-0.061964	0.028886	0.997660	0.322771	-0.945289	0.047417	0.944447	0.324953	0.049250
45657	9.308283	2.303036	1.816199	0.131625	-0.532686	-0.129704	-0.057288	0.031825	0.997850	0.323984	-0.944807	0.048734	0.944326	0.326079	0.043815
45658	9.330122	1.801555	2.396889	0.088212	-0.587127	-0.160087	-0.052208	0.035227	0.998015	0.324776	-0.944451	0.050326	0.944349	0.326759	0.037867
45659	9.090229	0.646509	2.662735	0.114925	-0.589667	-0.152687	-0.047075	0.038579	0.998146	0.325832	-0.944005	0.051853	0.944255	0.327669	0.031869
45660	9.318911	-0.497363	2.420267	0.250258	-0.596550	-0.095431	-0.041701	0.041414	0.998271	0.328199	-0.943130	0.052836	0.943688	0.329835	0.025737
45661	9.364721	-0.870975	2.240493	0.478139	-0.567172	-0.002780	-0.036305	0.043302	0.998402	0.332753	-0.941527	0.052935	0.942315	0.334143	0.019773
45662	9.363095	-0.215025	2.407237	0.638656	-0.524300	0.068277	-0.031085	0.044401	0.998530	0.338833	-0.939391	0.052319	0.940333	0.339962	0.014156
45663	9.600807	1.011213	1.772181	0.762733	-0.506762	0.128690	-0.025831	0.044910	0.998657	0.346078	-0.936814	0.051081	0.937850	0.346933	0.008657
45664	9.988376	1.683622	1.292692	0.752303	-0.485013	0.150790	-0.020705	0.045173	0.998765	0.353204	-0.934232	0.049577	0.935317	0.353794	0.003388
45665	9.840634	1.963979	1.344493	0.673939	-0.416468	0.144798	-0.016248	0.045286	0.998842	0.359571	-0.931877	0.048099	0.932976	0.359936	-0.001142
45666	10.260653	2.185289	1.496692	0.661464	-0.368133	0.152035	-0.012210	0.045183	0.998904	0.365801	-0.929530	0.046516	0.930613	0.365968	-0.005178
45667	10.474533	2.246404	1.714265	0.640148	-0.291327	0.169464	-0.008830	0.044664	0.998963	0.371811	-0.927229	0.044743	0.928266	0.371821	-0.008420
45668	10.681757	1.912351	2.078162	0.583188	-0.190588	0.199954	-0.006257	0.043502	0.999034	0.377278	-0.925118	0.042646	0.926079	0.377180	-0.010624
45669	10.294017	1.598039	2.867990	0.521368	-0.115062	0.242807	-0.004227	0.041677	0.999122	0.382156	-0.923226	0.040128	0.924088	0.381990	-0.012024
45670	10.146481	1.836508	3.798114	0.522704	-0.054620	0.295950	-0.002528	0.039134	0.999231	0.387035	-0.921320	0.037062	0.922062	0.386830	-0.012817
45671	10.972301	2.201720	4.034899	0.541579	-0.012130	0.384389	-0.000883	0.035626	0.999365	0.392070	-0.919339	0.033120	0.919935	0.391851	-0.013157
45672	12.373363	1.868983	3.854757	0.388819	0.148756	0.505917	-0.000200	0.030370	0.999539	0.395690	-0.917958	0.027971	0.918384	0.395514	-0.011834
45673	12.968923	0.690815	4.362104	0.083825	0.407776	0.622580	-0.001450	0.023024	0.999734	0.396506	-0.917775	0.021712	0.918031	0.396432	-0.007798
45674	14.113082	-1.275698	6.322240	-0.164023	0.675695	0.672221	-0.004938	0.014155	0.999888	0.395065	-0.918532	0.014954	0.918640	0.395094	-0.001057
45675	14.136651	-2.148948	7.892759	-0.190830	0.983437	0.692905	-0.011224	0.003887	0.999929	0.393409	-0.919329	0.007990	0.919295	0.393471	0.008790
45676	13.134552	-1.514196	7.991263	-0.132843	1.278583	0.683631	-0.020238	-0.007445	0.999767	0.392339	-0.919820	0.001092	0.919598	0.392270	0.021536
45677	11.962146	-0.797763	7.762655	-0.160621	1.465530	0.653032	-0.031152	-0.019223	0.999330	0.391072	-0.920343	-0.005513	0.919833	0.390638	0.036188
45678	11.112299	-0.406101	7.714468	-0.298360	1.667756	0.638480	-0.043951	-0.031615	0.998533	0.388612	-0.921323	-0.012065	0.920353	0.387512	0.052779
45679	9.488374	-0.509727	7.291357	-0.623298	1.815433	0.626124	-0.058262	-0.044406	0.997313	0.383235	-0.923461	-0.018730	0.921811	0.381115	0.070821
45680	9.092005	-1.288836	5.408279	-0.946863	1.798008	0.644344	-0.072359	-0.057157	0.995740	0.374963	-0.926677	-0.025945	0.924212	0.371488	0.088485
45681	10.149149	-2.704405	2.690746	-1.020344	1.840556	0.685977	-0.086865	-0.070311	0.993736	0.366114	-0.929956	-0.033795	0.926507	0.360885	0.106522
45682	11.232241	-3.536988	0.567097	-0.796866	1.927368	0.708647	-0.102106	-0.083805	0.991237	0.359444	-0.932230	-0.041790	0.927564	0.352027	0.125309
45683	12.236542	-4.068636	-1.177446	-0.474236	1.978595	0.702661	-0.117954	-0.097314	0.988239	0.355870	-0.933228	-0.049421	0.927062	0.345855	0.144709
45684	13.730330	-3.721033	-1.849135	-0.071841	2.042139	0.642209	-0.134521	-0.110367	0.984745	0.356064	-0.932788	-0.055904	0.924728	0.343113	0.164777
45685	13.887435	-2.322936	-1.905179	0.340708	2.084250	0.567763	-0.151722	-0.122872	0.980756	0.360073	-0.930932	-0.060927	0.920504	0.343900	0.185486
45686	13.245912	-0.210858	-1.969373	0.662891	2.086395	0.462908	-0.169130	-0.134413	0.976385	0.366949	-0.928023	-0.064192	0.914737	0.347427	0.206279
45687	11.968586	1.957538	-1.993641	0.816132	2.004577	0.407482	-0.185884	-0.145252	0.971776	0.375165	-0.924574	-0.066434	0.908129	0.352228	0.226357
45688	11.282723	3.024552	-2.298904	0.662454	1.866436	0.411080	-0.201165	-0.155677	0.967108	0.382008	-0.921588	-0.068889	0.901999	0.355585	0.244861
45689	11.030798	2.998355	-2.193765	0.242163	1.794484	0.398841	-0.215768	-0.165766	0.962271	0.385072	-0.920062	-0.072152	0.897309	0.354975	0.262351
45690	10.481400	2.260198	-2.075297	-0.196241	1.753148	0.386037	-0.229931	-0.175525	0.957248	0.384226	-0.920071	-0.076417	0.894149	0.350229	0.278994
45691	9.619540	1.170068	-1.942049	-0.431396	1.728604	0.382589	-0.243883	-0.185072	0.951982	0.381335	-0.920853	-0.081328	0.891686	0.343189	0.295155
45692	8.707862	0.456128	-1.729084	-0.440589	1.697915	0.351423	-0.257612	-0.194101	0.946552	0.378346	-0.921658	-0.086026	0.889095	0.335963	0.310867
45693	8.121043	0.122088	-1.529853	-0.393630	1.634236	0.292789	-0.270990	-0.202262	0.941092	0.375680	-0.922363	-0.090059	0.886244	0.329145	0.325937
45694	7.898018	-0.141517	-1.489952	-0.377359	1.540789	0.219852	-0.283745	-0.209338	0.935770	0.373005	-0.923116	-0.093404	0.883378	0.322544	0.340014
45695	7.874469	-0.344045	-1.540473	-0.346741	1.443661	0.159463	-0.295854	-0.215446	0.930620	0.370464	-0.923861	-0.096107	0.880470	0.316328	0.353143
45696	7.907013	-0.388375	-1.443112	-0.269325	1.357119	0.100190	-0.307357	-0.220655	0.925658	0.368454	-0.924463	-0.098028	0.877367	0.310933	0.365442
45697	8.020210	-0.294345	-1.302832	-0.167034	1.262656	0.024612	-0.318286	-0.224803	0.920955	0.367123	-0.924901	-0.098887	0.874022	0.306630	0.376913
45698	8.008115	-0.083335	-1.006180	-0.064102	1.193888	-0.059240	-0.328863	-0.227923	0.916461	0.366428	-0.925206	-0.098609	0.870391	0.303388	0.387783
45699	8.021874	0.422005	-0.412325	0.007552	1.135254	-0.123613	-0.339131	-0.230228	0.912132	0.366136	-0.925444	-0.097458	0.866565	0.300913	0.398141
45700	8.038113	0.808448	0.296845	0.029707	1.076896	-0.166366	-0.348998	-0.231944	0.907966	0.365876	-0.925715	-0.095845	0.862749	0.298753	0.407935
45701	7.941783	0.958003	0.972010	-0.049385	1.020706	-0.205246	-0.358488	-0.233093	0.903966	0.364780	-0.926317	-0.094195	0.859315	0.295981	0.417101
45702	7.588875	0.938325	1.671606	-0.238127	0.960502	-0.240761	-0.367551	-0.233711	0.900159	0.361919	-0.927554	-0.093046	0.856692	0.291586	0.425508
45703	7.104007	0.774098	2.263397	-0.577549	0.870493	-0.268205	-0.375916	-0.233738	0.896690	0.356033	-0.929823	-0.093116	0.855528	0.284248	0.432754
45704	6.437543	0.011952	2.340316	-0.944605	0.696747	-0.245806	-0.382691	-0.233421	0.893903	0.347073	-0.933009	-0.095046	0.856206	0.273876	0.438068
45705	5.939631	-1.024336	2.095059	-1.172855	0.403110	-0.150693	-0.386612	-0.233103	0.892297	0.336492	-0.936484	-0.098851	0.858664	0.262034	0.440493
