// General information: 
//  MT Manager version: 2022.2.0 
//  XDA version: 2022.2.0 build 7381 rev 124627 built on 2023-07-19
// Device information: 
//  DeviceId: 00B4CB9F
//  ProductCode: MTW2-3A7G6
//  Firmware Version: 4.6.0
//  Hardware Version: 2.0.0
// Device settings: 
//  Filter Profile: human(46.1)
//  Option Flags: Orientation Smoother Disabled, Position/Velocity Smoother Disabled, Continuous Zero Rotation Update Disabled, AHS Disabled, ICC Disabled
// Coordinate system: ENU
PacketCounter	Acc_X	Acc_Y	Acc_Z	Gyr_X	Gyr_Y	Gyr_Z	Mat[1][1]	Mat[2][1]	Mat[3][1]	Mat[1][2]	Mat[2][2]	Mat[3][2]	Mat[1][3]	Mat[2][3]	Mat[3][3]
25636	9.991998	0.946920	1.300416	0.153492	0.453143	0.132098	-0.032098	0.060382	0.997659	0.572342	-0.817201	0.067874	0.819386	0.573181	-0.008329
25637	10.082445	0.900923	1.250288	0.137387	0.504288	0.130150	-0.035418	0.056421	0.997779	0.573540	-0.816471	0.066527	0.818411	0.574623	-0.003442
25638	9.968836	0.848030	1.272299	0.106900	0.565510	0.131793	-0.039213	0.052088	0.997872	0.574505	-0.815903	0.065165	0.817561	0.575838	0.002070
25639	9.955242	0.772926	1.171763	0.071903	0.613670	0.125966	-0.043447	0.047520	0.997925	0.575168	-0.815538	0.063876	0.816881	0.576750	0.008101
25640	10.015331	0.425664	0.917928	0.018560	0.638693	0.132274	-0.047828	0.042752	0.997940	0.575421	-0.815465	0.062512	0.816458	0.577226	0.014402
25641	10.336667	0.335737	0.660321	0.044059	0.646182	0.128984	-0.052302	0.037961	0.997910	0.575877	-0.815243	0.061195	0.815862	0.577873	0.020778
25642	10.189793	0.174651	0.476890	0.082275	0.694429	0.126826	-0.057160	0.032907	0.997823	0.576658	-0.814786	0.059904	0.814983	0.578827	0.027597
25643	10.139729	0.215752	0.316606	0.116595	0.698384	0.122332	-0.062081	0.027854	0.997682	0.577720	-0.814123	0.058678	0.813871	0.580024	0.034450
25644	10.289222	0.151836	0.222289	0.151716	0.704402	0.112041	-0.067087	0.022848	0.997485	0.579068	-0.813244	0.057574	0.812514	0.581474	0.041328
25645	10.422317	0.106007	0.097450	0.185957	0.714726	0.112100	-0.072178	0.017767	0.997234	0.580691	-0.812161	0.056499	0.810918	0.583163	0.048303
25646	10.557602	0.114738	0.111741	0.194963	0.732175	0.110339	-0.077393	0.012592	0.996921	0.582395	-0.811012	0.055456	0.809213	0.584894	0.055434
25647	10.721969	0.084176	0.251495	0.200912	0.743624	0.098639	-0.082767	0.007429	0.996541	0.584133	-0.809822	0.054552	0.807427	0.586628	0.062687
25648	10.985749	0.269281	0.386503	0.210154	0.738941	0.080259	-0.088183	0.002435	0.996101	0.585939	-0.808564	0.053849	0.805543	0.588403	0.069875
25649	11.113186	0.614539	0.484540	0.122874	0.767951	0.042049	-0.094052	-0.002437	0.995564	0.587009	-0.807812	0.053477	0.804099	0.589435	0.077407
25650	10.761065	0.720906	0.728384	0.007751	0.813000	-0.000705	-0.100516	-0.007227	0.994909	0.587113	-0.807738	0.053449	0.803240	0.589497	0.085434
25651	10.267575	0.690632	0.998371	-0.091766	0.849914	-0.041618	-0.107522	-0.011906	0.994131	0.586373	-0.808256	0.053740	0.802873	0.588710	0.093887
25652	9.773108	0.556355	1.067072	-0.168359	0.821444	-0.067900	-0.114442	-0.016190	0.993298	0.584990	-0.809227	0.054209	0.802926	0.587273	0.102081
25653	9.453082	0.421558	0.973528	-0.215261	0.737832	-0.079012	-0.120762	-0.019881	0.992482	0.583204	-0.810480	0.054727	0.803299	0.585429	0.109470
25654	9.457291	0.241494	0.852643	-0.251208	0.653751	-0.085381	-0.126439	-0.023012	0.991707	0.581124	-0.811937	0.055250	0.803933	0.583291	0.116034
25655	9.475965	0.115177	0.729161	-0.294908	0.578982	-0.083192	-0.131514	-0.025708	0.990981	0.578677	-0.813654	0.055689	0.804884	0.580781	0.121883
25656	9.465623	-0.076015	0.544353	-0.333376	0.529316	-0.091298	-0.136231	-0.028035	0.990280	0.575914	-0.815581	0.056138	0.806080	0.577964	0.127253
25657	9.334975	-0.318138	0.259352	-0.345830	0.478814	-0.097859	-0.140586	-0.030000	0.989614	0.573024	-0.817580	0.056620	0.807390	0.575033	0.132131
25658	9.246373	-0.420825	-0.216430	-0.335396	0.415376	-0.098501	-0.144432	-0.031580	0.989011	0.570219	-0.819506	0.057105	0.808696	0.572200	0.136371
25659	9.461787	-0.257602	-0.326768	-0.262564	0.385733	-0.112464	-0.148125	-0.032867	0.988422	0.567968	-0.821018	0.057815	0.809612	0.569956	0.140280
25660	9.596826	0.555789	-0.432860	-0.122208	0.356354	-0.180567	-0.151961	-0.033418	0.987821	0.566753	-0.821745	0.059387	0.809752	0.568875	0.143813
25661	9.502825	1.906600	-0.452191	-0.061438	0.297496	-0.273025	-0.155841	-0.032867	0.987235	0.565871	-0.822163	0.061955	0.809632	0.568303	0.146725
25662	9.319846	2.809361	-0.466251	-0.193792	0.175819	-0.372263	-0.159294	-0.030806	0.986750	0.563761	-0.823352	0.065305	0.810431	0.566694	0.148523
25663	9.154499	2.987011	-0.408613	-0.456136	0.080552	-0.452607	-0.162415	-0.027520	0.986339	0.559359	-0.826044	0.069059	0.812859	0.562933	0.149556
25664	9.094752	2.457391	-0.543232	-0.699744	0.000375	-0.502317	-0.165139	-0.023369	0.985993	0.552881	-0.830063	0.072926	0.816732	0.557180	0.149996
25665	9.009872	1.804577	-0.538856	-0.849476	-0.066456	-0.509995	-0.167318	-0.018749	0.985725	0.545111	-0.834853	0.076649	0.821498	0.550154	0.149906
25666	8.921698	1.184840	-0.456737	-0.954460	-0.107320	-0.514487	-0.169143	-0.013861	0.985494	0.536426	-0.840123	0.080252	0.826824	0.542219	0.149536
25667	9.035818	0.679289	-0.355389	-1.011662	-0.118408	-0.484063	-0.170661	-0.009142	0.985287	0.527254	-0.845597	0.083479	0.832393	0.533743	0.149131
25668	8.986076	0.027408	-0.183840	-1.019248	-0.103186	-0.437799	-0.172015	-0.004890	0.985082	0.518039	-0.850999	0.086235	0.837882	0.525145	0.148918
25669	9.041771	-0.934319	-0.072546	-0.910467	-0.101870	-0.365933	-0.172962	-0.001241	0.984928	0.509807	-0.855730	0.088449	0.842722	0.517422	0.148641
25670	8.818416	-1.670912	0.048307	-0.663438	-0.099663	-0.271802	-0.173425	0.001593	0.984846	0.503782	-0.859119	0.090103	0.846243	0.511774	0.148190
25671	8.759241	-2.058708	0.378534	-0.380554	-0.124261	-0.190474	-0.173249	0.003861	0.984870	0.500276	-0.861031	0.091379	0.848357	0.508538	0.147242
25672	8.769476	-2.239813	0.703065	-0.111440	-0.139555	-0.108514	-0.172535	0.005494	0.984988	0.499191	-0.861568	0.092246	0.849141	0.507613	0.145908
25673	8.729462	-2.068941	1.149335	0.139658	-0.151481	-0.055942	-0.171444	0.006734	0.985171	0.500334	-0.860828	0.092955	0.848689	0.508851	0.144215
25674	9.480033	-1.398859	2.760894	0.351044	-0.120697	-0.012213	-0.170410	0.007445	0.985345	0.503338	-0.859012	0.093540	0.847119	0.511902	0.142637
25675	10.106683	-0.267395	4.277356	0.542527	0.003080	-0.048095	-0.170596	0.007826	0.985310	0.507897	-0.856192	0.094737	0.844356	0.516598	0.142089
25676	9.627587	2.259498	5.196079	0.511731	0.078800	-0.176502	-0.172088	0.008916	0.985041	0.511957	-0.853498	0.097165	0.841597	0.521020	0.142312
25677	9.208559	4.201726	4.229212	0.227780	-0.041693	-0.227996	-0.172828	0.011063	0.984890	0.513530	-0.852261	0.099687	0.840486	0.522999	0.141614
25678	9.402081	3.387065	3.138109	-0.200922	-0.224317	-0.176459	-0.171773	0.013730	0.985041	0.511584	-0.853264	0.101104	0.841888	0.521298	0.139544
25679	9.825166	0.637314	2.336452	-0.573307	-0.325827	-0.092310	-0.169421	0.016195	0.985411	0.506640	-0.856200	0.101178	0.845347	0.516391	0.136853
25680	10.068052	-1.464069	2.001610	-0.665599	-0.307652	-0.019369	-0.166839	0.017931	0.985821	0.501017	-0.859591	0.100427	0.849204	0.510668	0.134430
25681	10.267348	-2.648768	2.387170	-0.487828	-0.268186	0.037845	-0.164297	0.018951	0.986229	0.496980	-0.862055	0.099357	0.852067	0.506460	0.132214
25682	10.466146	-3.079794	2.881244	-0.161097	-0.187725	0.068332	-0.162284	0.019301	0.986555	0.495766	-0.862860	0.098433	0.853159	0.505075	0.130460
25683	10.379004	-1.749716	3.307562	0.269577	-0.052805	0.064086	-0.161441	0.018993	0.986700	0.498218	-0.861484	0.098100	0.851889	0.507429	0.129617
25684	9.563450	0.930485	2.889308	0.711349	-0.012598	-0.011800	-0.161321	0.019149	0.986716	0.504294	-0.857827	0.099096	0.848329	0.513582	0.128729
25685	8.963557	2.924892	1.278961	0.974577	-0.169418	-0.104611	-0.160347	0.020896	0.986839	0.512420	-0.852737	0.101317	0.843632	0.521922	0.126027
25686	9.135538	3.071873	0.045441	0.953425	-0.313029	-0.140854	-0.158368	0.023731	0.987095	0.520265	-0.847667	0.103849	0.839192	0.529998	0.121897
25687	9.478261	2.299901	0.076130	0.688391	-0.307147	-0.142591	-0.156468	0.026554	0.987326	0.525856	-0.843939	0.106033	0.836058	0.535782	0.118086
25688	9.556648	1.563717	0.454290	0.313784	-0.236426	-0.155404	-0.155239	0.029126	0.987448	0.528282	-0.842186	0.107894	0.834757	0.538400	0.115353
25689	9.231574	1.344099	0.118207	0.092420	-0.283642	-0.188859	-0.153799	0.032226	0.987576	0.528809	-0.841607	0.109816	0.834690	0.539129	0.112397
25690	9.250161	1.605974	-0.124780	0.023618	-0.414809	-0.239593	-0.151530	0.036471	0.987780	0.528687	-0.841373	0.112168	0.835182	0.539223	0.108211
25691	9.368771	1.710784	-0.237894	-0.106228	-0.528133	-0.256672	-0.148397	0.041459	0.988059	0.527464	-0.841821	0.114542	0.836517	0.538163	0.103055
25692	9.439817	1.160434	-0.476060	-0.245477	-0.598325	-0.235779	-0.144553	0.046650	0.988397	0.525109	-0.843011	0.116586	0.838669	0.535869	0.097363
25693	9.651562	0.510091	-0.368466	-0.337412	-0.606688	-0.197983	-0.140418	0.051545	0.988750	0.522043	-0.844693	0.118173	0.841281	0.532764	0.091701
25694	10.023935	0.342254	0.381125	-0.423902	-0.569058	-0.142824	-0.136292	0.055766	0.989098	0.518320	-0.846843	0.119167	0.844256	0.528911	0.086513
25695	10.350455	0.746930	1.376261	-0.539153	-0.494715	-0.120662	-0.132651	0.059377	0.989383	0.513646	-0.849590	0.119854	0.847686	0.524091	0.082200
25696	10.476659	1.129871	2.218330	-0.634303	-0.439518	-0.117300	-0.129443	0.062658	0.989605	0.508150	-0.852802	0.120463	0.851486	0.518461	0.078550
25697	10.486596	1.217780	2.564321	-0.639573	-0.384835	-0.136446	-0.126772	0.065787	0.989748	0.502569	-0.855990	0.121268	0.855192	0.512790	0.075453
25698	10.217795	1.024340	2.223425	-0.601899	-0.340483	-0.185264	-0.124708	0.069103	0.989784	0.497225	-0.858914	0.122613	0.858612	0.507436	0.072754
25699	9.677902	0.797794	1.475780	-0.454895	-0.373661	-0.213727	-0.122480	0.072804	0.989797	0.493102	-0.861039	0.124351	0.861307	0.503301	0.069560
25700	9.744616	0.796969	1.249229	-0.362003	-0.314444	-0.226797	-0.120810	0.076326	0.989737	0.489751	-0.862665	0.126306	0.863452	0.499984	0.066838
25701	9.247152	0.697255	1.036605	-0.262964	-0.267901	-0.225953	-0.119526	0.079588	0.989636	0.487257	-0.863780	0.128316	0.865040	0.497544	0.064464
25702	9.255714	0.534564	0.555263	-0.117270	-0.307308	-0.210804	-0.117819	0.082926	0.989567	0.486039	-0.864171	0.130286	0.865959	0.496318	0.061511
25703	9.785586	0.637361	0.240288	-0.011659	-0.289661	-0.187416	-0.116150	0.085955	0.989505	0.485771	-0.864050	0.132077	0.866335	0.496014	0.058605
25704	9.984835	0.894515	-0.002533	0.062530	-0.267389	-0.173275	-0.114603	0.088767	0.989438	0.486160	-0.863568	0.133785	0.866323	0.496357	0.055812
25705	9.966711	1.233370	-0.172567	0.097005	-0.246068	-0.165534	-0.113204	0.091390	0.989360	0.486865	-0.862916	0.135418	0.866110	0.497014	0.053191
25706	9.759343	1.543846	-0.186151	0.065558	-0.247434	-0.161663	-0.111776	0.094004	0.989277	0.487298	-0.862421	0.137008	0.866053	0.497387	0.050590
25707	9.631446	1.437482	-0.076797	-0.074591	-0.256288	-0.145992	-0.110193	0.096510	0.989213	0.486541	-0.862632	0.138359	0.866680	0.496539	0.048100
25708	9.778888	1.200364	0.102959	-0.188148	-0.232621	-0.109021	-0.108633	0.098593	0.989181	0.484837	-0.863439	0.139306	0.867832	0.494724	0.045996
25709	10.062558	1.441282	0.429224	-0.198552	-0.207146	-0.088698	-0.107189	0.100356	0.989161	0.483069	-0.864311	0.140037	0.868996	0.492843	0.044166
25710	10.142660	2.139830	0.726208	-0.213270	-0.189863	-0.090235	-0.105900	0.102059	0.989125	0.481165	-0.865250	0.140793	0.870210	0.490842	0.042523
25711	10.083188	2.457258	0.778063	-0.311202	-0.180378	-0.113977	-0.104800	0.103901	0.989051	0.478390	-0.866635	0.141732	0.871872	0.488005	0.041118
25712	9.677832	2.290930	0.457799	-0.395973	-0.170896	-0.138456	-0.103895	0.105922	0.988932	0.474835	-0.868396	0.142897	0.873921	0.484426	0.039927
25713	9.660996	1.924124	0.172321	-0.398917	-0.195335	-0.151531	-0.102828	0.108158	0.988801	0.471239	-0.870141	0.144184	0.875991	0.480788	0.038506
25714	10.032230	1.232880	0.125842	-0.385972	-0.180023	-0.119456	-0.101737	0.110049	0.988706	0.467779	-0.871841	0.145175	0.877971	0.477265	0.037220
25715	10.286445	0.843747	-0.184874	-0.243552	-0.163567	-0.032304	-0.100377	0.111082	0.988729	0.465661	-0.872945	0.145349	0.879252	0.475002	0.035897
25716	9.462129	1.211592	0.052583	-0.090712	-0.141386	0.003925	-0.099043	0.111706	0.988793	0.464914	-0.873363	0.145234	0.879799	0.474088	0.034567
25717	9.469270	1.780703	0.572948	-0.088403	-0.138790	0.025441	-0.097631	0.112115	0.988887	0.464212	-0.873792	0.144897	0.880327	0.473200	0.033264
25718	9.458569	2.480133	0.808501	-0.191186	-0.148546	0.020072	-0.096157	0.112629	0.988973	0.462594	-0.874700	0.144592	0.881340	0.471397	0.032008
25719	9.611656	2.533805	0.913562	-0.358403	-0.137244	0.007081	-0.094840	0.113185	0.989037	0.459494	-0.876372	0.144353	0.883103	0.468147	0.031107
25720	9.495719	2.200265	0.842176	-0.472200	-0.152506	-0.022581	-0.093522	0.114081	0.989060	0.455344	-0.878530	0.144388	0.885390	0.463866	0.030216
25721	9.455146	1.900201	0.836942	-0.514236	-0.151297	-0.045895	-0.092317	0.115159	0.989048	0.450792	-0.880833	0.144636	0.887842	0.459208	0.029403
25722	9.535925	1.226311	0.819333	-0.541851	-0.149472	-0.056033	-0.091167	0.116322	0.989019	0.445970	-0.883227	0.144989	0.890393	0.454291	0.028645
25723	9.665945	0.574423	0.915470	-0.462438	-0.130222	-0.048922	-0.090155	0.117316	0.988994	0.441857	-0.885243	0.145288	0.892544	0.450092	0.027972
25724	9.747413	0.488094	1.126629	-0.318047	-0.105109	-0.036692	-0.089305	0.118098	0.988978	0.439029	-0.886610	0.145518	0.894023	0.447186	0.027330
25725	9.752091	0.935469	1.417065	-0.173336	-0.080729	-0.021196	-0.088604	0.118618	0.988979	0.437515	-0.887341	0.145625	0.894835	0.445596	0.026725
25726	9.846149	1.702216	1.838404	-0.106536	-0.042023	-0.023026	-0.088257	0.118994	0.988965	0.436588	-0.887772	0.145780	0.895322	0.444636	0.026401
25727	9.851681	2.114105	1.870379	-0.128508	-0.002338	-0.041733	-0.088350	0.119348	0.988914	0.435450	-0.888277	0.146106	0.895867	0.443530	0.026509
25728	9.538423	2.130014	1.619555	-0.097275	-0.035987	-0.070463	-0.088262	0.120118	0.988828	0.434563	-0.888608	0.146733	0.896306	0.442659	0.026231
25729	9.751929	2.195140	1.228039	-0.049352	-0.032993	-0.082531	-0.088257	0.120972	0.988725	0.434096	-0.888712	0.147484	0.896533	0.442218	0.025922
25730	9.481521	2.132070	0.742389	-0.021737	-0.040325	-0.092466	-0.088224	0.121956	0.988607	0.433866	-0.888680	0.148348	0.896647	0.442011	0.025491
25731	9.426786	1.848208	0.302557	-0.000566	-0.074928	-0.087447	-0.087866	0.123042	0.988504	0.433828	-0.888562	0.149164	0.896701	0.441948	0.024696
25732	9.637156	1.568344	0.158787	-0.023024	-0.065575	-0.065725	-0.087491	0.123900	0.988430	0.433611	-0.888568	0.149763	0.896843	0.441697	0.024017
25733	9.704054	1.342973	0.179898	-0.037095	-0.045796	-0.042944	-0.087201	0.124457	0.988386	0.433291	-0.888662	0.150127	0.897026	0.441350	0.023567
25734	9.724582	1.247566	-0.252330	-0.033935	-0.043383	-0.029054	-0.086866	0.124891	0.988361	0.433008	-0.888761	0.150362	0.897195	0.441029	0.023124
25735	9.805983	1.455607	-0.529334	-0.010851	-0.073075	-0.018082	-0.086222	0.125348	0.988359	0.432943	-0.888771	0.150487	0.897288	0.440879	0.022363
25736	9.665396	1.651178	-0.879021	-0.038416	-0.086344	0.002880	-0.085363	0.125688	0.988390	0.432648	-0.888928	0.150406	0.897513	0.440464	0.021503
25737	9.612573	1.411969	-1.084470	-0.068440	-0.115450	0.016890	-0.084187	0.126021	0.988449	0.432097	-0.889236	0.150174	0.897889	0.439748	0.020409
25738	9.680355	1.195000	-0.998034	-0.070477	-0.119889	0.044575	-0.082846	0.126136	0.988548	0.431548	-0.889587	0.149674	0.898278	0.439005	0.019265
25739	9.717763	1.531860	-0.584201	-0.051528	-0.110409	0.063149	-0.081513	0.126035	0.988671	0.431184	-0.889878	0.148990	0.898575	0.438444	0.018193
25740	9.703449	2.047148	0.041540	-0.065625	-0.108777	0.069493	-0.080164	0.125877	0.988802	0.430697	-0.890238	0.148247	0.898929	0.437758	0.017150
25741	9.746669	2.222607	0.542446	-0.120746	-0.103240	0.076503	-0.078839	0.125623	0.988940	0.429720	-0.890847	0.147420	0.899514	0.436590	0.016251
25742	9.713874	2.172005	0.896188	-0.133141	-0.074723	0.081040	-0.077747	0.125211	0.989079	0.428632	-0.891514	0.146552	0.900128	0.435345	0.015643
25743	9.783785	2.144335	1.195777	-0.121559	-0.046352	0.079068	-0.076923	0.124683	0.989210	0.427649	-0.892125	0.145701	0.900666	0.434243	0.015304
25744	9.495534	2.175309	1.190557	-0.053162	-0.027987	0.070497	-0.076297	0.124159	0.989325	0.427271	-0.892429	0.144950	0.900899	0.433769	0.015040
25745	9.515099	2.301550	1.234738	-0.004025	-0.020827	0.077279	-0.075715	0.123540	0.989447	0.427336	-0.892529	0.144139	0.900917	0.433740	0.014785
25746	9.416652	2.278524	1.213273	0.011982	-0.011662	0.081715	-0.075188	0.122845	0.989574	0.427552	-0.892562	0.143288	0.900858	0.433868	0.014588
25747	9.615233	2.082849	1.174089	0.011358	-0.003096	0.100380	-0.074667	0.121943	0.989725	0.427772	-0.892623	0.142251	0.900797	0.433998	0.014486
25748	9.507261	1.812653	1.181651	0.012551	-0.002987	0.112335	-0.074087	0.120937	0.989892	0.428015	-0.892690	0.141096	0.900730	0.434142	0.014374
25749	9.644654	1.698248	1.025045	0.067996	-0.014291	0.124331	-0.073363	0.119868	0.990076	0.428765	-0.892529	0.139829	0.900432	0.434768	0.014083
25750	9.589643	1.794451	0.899783	0.102424	-0.020312	0.131449	-0.072544	0.118768	0.990268	0.429830	-0.892225	0.138497	0.899991	0.435694	0.013675
25751	9.565756	1.760063	0.775524	0.136305	-0.033957	0.138305	-0.071583	0.117661	0.990471	0.431201	-0.891779	0.137100	0.899412	0.436905	0.013101
25752	9.615809	1.730091	0.723318	0.134508	-0.022139	0.145744	-0.070682	0.116442	0.990679	0.432560	-0.891346	0.135629	0.898830	0.438115	0.012634
25753	9.590529	1.515011	0.588652	0.139618	-0.027530	0.149601	-0.069725	0.115210	0.990891	0.433964	-0.890891	0.134119	0.898228	0.439362	0.012121
25754	9.696540	1.193551	0.524634	0.147914	-0.029347	0.168300	-0.068658	0.113824	0.991126	0.435454	-0.890418	0.132424	0.897589	0.440682	0.011569
25755	9.642070	0.805821	0.630367	0.177604	-0.006926	0.184260	-0.067732	0.112199	0.991375	0.437210	-0.889830	0.130577	0.896805	0.442283	0.011216
25756	9.682292	0.879087	0.606189	0.275419	-0.014455	0.202282	-0.066643	0.110448	0.991645	0.439860	-0.888817	0.128556	0.895590	0.444753	0.010652
25757	9.716554	1.385684	0.481238	0.307880	-0.015467	0.205619	-0.065539	0.108671	0.991915	0.442794	-0.887654	0.126505	0.894225	0.447505	0.010057
25758	9.407197	2.052405	0.371330	0.324857	-0.067664	0.208348	-0.063936	0.107111	0.992189	0.445877	-0.886404	0.124424	0.892808	0.450349	0.008915
25759	9.797045	2.581333	0.141838	0.290769	-0.122360	0.211618	-0.061839	0.105770	0.992466	0.448646	-0.885301	0.122304	0.891567	0.452829	0.007293
25760	9.599502	2.044068	-0.149369	0.186520	-0.121983	0.218568	-0.059697	0.104375	0.992745	0.450487	-0.884668	0.120101	0.890785	0.454388	0.005792
25761	9.675471	1.698550	-0.191146	0.210365	-0.144538	0.237537	-0.057278	0.102917	0.993039	0.452536	-0.883943	0.117713	0.889905	0.456129	0.004057
25762	10.143921	1.795756	-0.126423	0.247525	-0.125448	0.249272	-0.054959	0.101274	0.993339	0.454923	-0.883048	0.115199	0.888833	0.458224	0.002459
25763	9.912631	1.700402	0.033369	0.224558	-0.104794	0.260045	-0.052783	0.099443	0.993642	0.457101	-0.882261	0.112577	0.887847	0.460137	0.001113
25764	10.021525	1.416039	0.080337	0.209071	-0.086607	0.273243	-0.050690	0.097418	0.993952	0.459142	-0.881549	0.109817	0.886915	0.461932	-0.000043
25765	10.241074	1.495624	0.237323	0.242198	-0.046720	0.283405	-0.048912	0.095121	0.994263	0.461474	-0.880683	0.106957	0.885805	0.464058	-0.000820
25766	10.081401	1.809251	0.351794	0.263694	-0.017276	0.280720	-0.047387	0.092717	0.994564	0.463987	-0.879702	0.104116	0.884573	0.466399	-0.001333
25767	9.981197	2.030026	0.438349	0.262969	0.000922	0.277400	-0.046047	0.090257	0.994853	0.466485	-0.878708	0.101311	0.883330	0.468750	-0.001642
25768	9.726411	1.944256	0.611073	0.207948	0.013604	0.269708	-0.044834	0.087811	0.995128	0.468488	-0.877953	0.098578	0.882332	0.470625	-0.001777
25769	9.563920	1.685731	0.676473	0.154268	0.025188	0.270862	-0.043727	0.085302	0.995395	0.470008	-0.877443	0.095841	0.881578	0.472035	-0.001724
25770	9.511349	1.499197	0.898321	0.096720	0.037481	0.274123	-0.042695	0.082707	0.995659	0.471023	-0.877198	0.093065	0.881087	0.472952	-0.001505
25771	9.552366	1.154950	1.084967	0.030684	0.070452	0.286771	-0.041908	0.079846	0.995926	0.471452	-0.877270	0.090172	0.880895	0.473310	-0.000879
25772	9.674675	0.859886	1.335654	-0.025824	0.119539	0.295057	-0.041498	0.076679	0.996192	0.471391	-0.877604	0.087187	0.880947	0.473214	0.000273
25773	9.869490	0.699692	1.680547	-0.064547	0.194296	0.303162	-0.041729	0.073084	0.996452	0.470990	-0.878118	0.084128	0.881151	0.472829	0.002221
25774	9.975681	0.622439	2.192664	-0.065170	0.295603	0.299963	-0.042849	0.069039	0.996693	0.470586	-0.878620	0.081091	0.881313	0.472505	0.005159
25775	10.001996	0.675247	2.760437	-0.025762	0.407460	0.290906	-0.045022	0.064546	0.996899	0.470517	-0.878923	0.078157	0.881242	0.472576	0.009201
25776	10.159602	0.664149	3.202554	0.019271	0.553524	0.272124	-0.048545	0.059523	0.997046	0.470858	-0.878981	0.075401	0.880872	0.473128	0.014643
25777	10.376020	0.463849	3.380301	0.035968	0.685079	0.245598	-0.053374	0.054107	0.997108	0.471333	-0.878935	0.072924	0.880339	0.473862	0.021410
25778	10.415640	0.277577	3.475330	0.063248	0.838523	0.202247	-0.059726	0.048339	0.997044	0.472049	-0.878718	0.070879	0.879547	0.474887	0.029664
25779	10.332964	0.108480	3.433131	0.109280	0.974707	0.159300	-0.067496	0.042285	0.996823	0.473149	-0.878253	0.069293	0.878393	0.476323	0.039271
25780	10.233754	-0.041730	3.248145	0.118476	1.097089	0.131174	-0.076431	0.035887	0.996429	0.474328	-0.877718	0.067994	0.877024	0.477831	0.050063
25781	10.152483	-0.022749	2.622601	0.207799	1.125922	0.090303	-0.085824	0.029682	0.995868	0.476259	-0.876735	0.067175	0.875107	0.480056	0.061108
25782	10.308842	-0.054169	2.196188	0.267110	1.183033	0.056609	-0.095819	0.023479	0.995122	0.478690	-0.875443	0.066748	0.872739	0.482751	0.072645
25783	10.265005	-0.063045	1.664187	0.339926	1.207937	0.031148	-0.106155	0.017334	0.994198	0.481721	-0.873785	0.066671	0.869871	0.486003	0.084407
25784	10.959812	0.335962	1.286221	0.367786	1.251729	-0.014303	-0.117020	0.011342	0.993065	0.484945	-0.871966	0.067104	0.866680	0.489434	0.096537
25785	10.575776	0.498703	0.772763	0.342054	1.231358	-0.052294	-0.127882	0.005732	0.991773	0.487878	-0.870264	0.067938	0.863493	0.492553	0.108495
25786	10.204064	0.195659	0.645445	0.320873	0.997541	-0.049969	-0.136653	0.001227	0.990618	0.490626	-0.868654	0.068756	0.860588	0.495419	0.118102
25787	10.388476	-0.257586	0.650117	0.266686	0.740422	-0.035465	-0.143147	-0.002156	0.989699	0.492900	-0.867314	0.069402	0.858230	0.497757	0.125216
25788	10.658365	-0.157030	-0.302832	0.322581	0.625589	0.079024	-0.148045	-0.005975	0.988963	0.495827	-0.865676	0.068994	0.855709	0.500569	0.131121
25789	11.006127	0.328685	-1.446405	0.265147	0.621728	0.162011	-0.152506	-0.010511	0.988247	0.498371	-0.864315	0.067716	0.853445	0.502841	0.137052
25790	10.363693	0.726779	-2.103272	0.114332	0.604551	0.171524	-0.156733	-0.015046	0.987526	0.499659	-0.863693	0.066143	0.851924	0.503794	0.142887
25791	9.943981	0.621046	-2.909734	-0.063115	0.475405	0.126037	-0.160107	-0.018540	0.986926	0.499355	-0.863973	0.064778	0.851476	0.503197	0.147586
25792	9.648871	-0.174468	-3.407937	-0.284278	0.420727	0.063511	-0.163302	-0.021212	0.986348	0.497084	-0.865362	0.063688	0.852197	0.500698	0.151859
25793	9.273724	-1.374659	-3.396580	-0.332486	0.395715	0.038371	-0.166429	-0.023533	0.985773	0.494351	-0.866993	0.062765	0.853181	0.497764	0.155926
25794	9.165831	-2.039170	-2.956353	-0.230208	0.387277	0.033861	-0.169495	-0.025761	0.985194	0.492492	-0.868104	0.062029	0.853653	0.495714	0.159826
25795	9.054681	-2.446794	-2.617458	-0.064692	0.384234	0.003793	-0.172694	-0.027716	0.984586	0.491993	-0.868400	0.061849	0.853299	0.495090	0.163603
25796	8.896412	-2.512391	-2.302577	0.198946	0.364121	-0.056931	-0.176006	-0.029039	0.983961	0.493638	-0.867404	0.062701	0.851671	0.496756	0.167003
25797	8.554223	-2.137112	-1.980826	0.477331	0.339116	-0.116370	-0.179397	-0.029741	0.983327	0.497538	-0.865033	0.064607	0.848689	0.500833	0.169982
25798	8.054543	-1.398236	-1.635891	0.702750	0.289135	-0.172661	-0.182637	-0.029718	0.982731	0.503224	-0.861518	0.067470	0.844635	0.506857	0.172300
25799	7.628707	-0.751332	-1.291955	0.884861	0.224206	-0.224209	-0.185588	-0.028954	0.982201	0.510313	-0.857040	0.071160	0.839725	0.514436	0.173832
25800	7.302671	-0.377917	-1.019328	1.000114	0.126040	-0.248419	-0.187848	-0.027495	0.981813	0.518269	-0.851896	0.075303	0.834332	0.522989	0.174277
25801	7.401965	0.323886	-0.420168	1.068418	0.001896	-0.232456	-0.189000	-0.025550	0.981645	0.526768	-0.846293	0.079394	0.828731	0.532104	0.173408
25802	7.599554	0.976335	0.214291	1.091377	-0.160362	-0.227065	-0.188809	-0.022782	0.981750	0.535402	-0.840464	0.083464	0.823223	0.541389	0.170885
25803	8.866772	2.307394	1.311652	1.252792	-0.295244	-0.207495	-0.187429	-0.019447	0.982086	0.545337	-0.833630	0.087569	0.816993	0.551980	0.166851
25804	9.510865	4.611794	3.420801	1.417641	-0.406674	-0.274360	-0.185560	-0.014907	0.982520	0.556405	-0.825741	0.092555	0.809927	0.563853	0.161518
25805	9.730162	6.954637	5.605893	0.563544	-0.493294	-0.260535	-0.182949	-0.009977	0.983072	0.560531	-0.822554	0.095967	0.807672	0.568599	0.156077
25806	10.390271	6.172013	6.289576	-0.813706	-0.440377	-0.095326	-0.179838	-0.006706	0.983673	0.553812	-0.827134	0.095611	0.812989	0.561964	0.152465
25807	10.289803	2.623647	5.041796	-1.697731	-0.464893	-0.016527	-0.176059	-0.003998	0.984372	0.539941	-0.836530	0.093173	0.823084	0.547906	0.149437
25808	10.430571	-1.154494	3.620270	-1.840540	-0.647923	-0.037860	-0.170819	-0.000186	0.985302	0.524672	-0.846448	0.090801	0.833990	0.532472	0.144687
25809	11.136440	-3.394791	2.263162	-1.619995	-0.708546	0.021241	-0.164701	0.003345	0.986338	0.511166	-0.854939	0.088255	0.843554	0.518718	0.139100
25810	10.856173	-5.056252	0.912117	-1.119669	-0.635147	0.095442	-0.158766	0.005781	0.987299	0.501886	-0.860673	0.085747	0.850238	0.509125	0.133744
25811	10.908289	-4.924448	1.314781	-0.316858	-0.451616	0.106558	-0.154320	0.007133	0.987995	0.499406	-0.862264	0.084229	0.852514	0.506409	0.129502
25812	10.263224	-2.178599	2.810303	0.480575	-0.188886	0.071300	-0.152281	0.007469	0.988309	0.503654	-0.859802	0.084102	0.850378	0.510573	0.127170
25813	9.167297	0.991195	3.363679	0.907563	-0.118978	-0.026362	-0.151336	0.008280	0.988448	0.511363	-0.855106	0.085455	0.845935	0.518388	0.125175
25814	8.754261	2.333214	2.630328	1.032185	-0.292918	-0.112596	-0.149373	0.010762	0.988722	0.519947	-0.849674	0.087801	0.841037	0.527199	0.121323
25815	9.219399	2.745164	1.669592	0.944515	-0.431396	-0.154596	-0.146497	0.014338	0.989107	0.527691	-0.844612	0.090400	0.836709	0.535186	0.116167
25816	9.663675	2.930267	0.688854	0.562814	-0.449000	-0.145236	-0.143442	0.017969	0.989496	0.532229	-0.841539	0.092436	0.834360	0.539898	0.111148
25817	9.903292	1.958116	-0.227313	0.145623	-0.441403	-0.100684	-0.140231	0.021179	0.989892	0.533349	-0.840707	0.093543	0.834191	0.541076	0.106598
25818	10.077847	1.228049	0.172024	-0.055426	-0.430817	-0.074800	-0.136961	0.024131	0.990282	0.532829	-0.840965	0.094185	0.835066	0.540551	0.102322
25819	10.010664	1.568265	0.712523	-0.154230	-0.393073	-0.094747	-0.134112	0.027030	0.990597	0.531460	-0.841749	0.094920	0.836400	0.539193	0.098524
25820	9.840653	1.359403	0.530313	-0.306038	-0.410233	-0.106193	-0.131166	0.030123	0.990903	0.528802	-0.843340	0.095635	0.838549	0.536535	0.094689
25821	9.818159	0.418437	0.290330	-0.387425	-0.412242	-0.087699	-0.128099	0.033049	0.991211	0.525482	-0.845360	0.096096	0.841106	0.533173	0.090923
25822	9.760036	-0.080918	0.179977	-0.286625	-0.427399	-0.057441	-0.124728	0.035800	0.991545	0.523042	-0.846841	0.096369	0.843131	0.530639	0.086900
25823	9.887087	-0.059431	0.373019	-0.221769	-0.375644	-0.015262	-0.121569	0.037897	0.991859	0.521200	-0.847986	0.096282	0.844732	0.528662	0.083337
25824	9.827373	0.009363	0.775213	-0.153309	-0.315455	0.020156	-0.118724	0.039384	0.992146	0.519974	-0.848780	0.095915	0.845891	0.527277	0.080292
25825	10.042316	0.198855	1.182187	-0.050981	-0.286248	0.033043	-0.116061	0.040588	0.992412	0.519632	-0.849037	0.095494	0.846471	0.526772	0.077449
25826	10.199991	0.915810	1.650999	0.003524	-0.256677	0.017507	-0.113723	0.041783	0.992633	0.519727	-0.849002	0.095281	0.846729	0.526734	0.074836
25827	10.472463	1.723379	2.152218	-0.080957	-0.198672	-0.016489	-0.112057	0.042946	0.992773	0.519070	-0.849399	0.095333	0.847354	0.526002	0.072889
25828	10.003066	1.822806	2.291482	-0.182021	-0.127657	-0.097968	-0.111409	0.044441	0.992780	0.517463	-0.850289	0.096132	0.848422	0.524437	0.071734
25829	9.248077	1.601957	2.190365	-0.067989	-0.198090	-0.163214	-0.110505	0.046845	0.992771	0.516751	-0.850548	0.097654	0.848974	0.523806	0.069783
25830	9.162036	1.397436	1.645009	0.116770	-0.270228	-0.166581	-0.109000	0.049669	0.992800	0.517605	-0.849833	0.099345	0.848648	0.524707	0.066923
25831	9.319987	1.344866	1.156577	0.199668	-0.325938	-0.156306	-0.106981	0.052687	0.992864	0.519176	-0.848681	0.100977	0.847946	0.526274	0.063439
25832	9.504837	1.451485	1.204216	0.135378	-0.315002	-0.124901	-0.104886	0.055397	0.992940	0.520236	-0.847878	0.102258	0.847557	0.527289	0.060111
25833	9.406552	1.746333	1.182361	0.025564	-0.301616	-0.090838	-0.102739	0.057736	0.993031	0.520405	-0.847670	0.103125	0.847717	0.527373	0.057043
25834	9.725489	1.929868	1.006048	-0.100754	-0.285547	-0.077280	-0.100645	0.059887	0.993118	0.519517	-0.848133	0.103793	0.848512	0.526388	0.054248
25835	9.564036	1.905785	0.781647	-0.211282	-0.280536	-0.075638	-0.098592	0.061981	0.993196	0.517693	-0.849175	0.104383	0.849867	0.524462	0.051635
25836	9.784322	1.643729	0.543102	-0.315944	-0.257606	-0.067634	-0.096676	0.063894	0.993263	0.514984	-0.850763	0.104852	0.851730	0.521652	0.049344
25837	9.567545	1.249242	0.182133	-0.323657	-0.262498	-0.075776	-0.094764	0.065882	0.993317	0.512201	-0.852374	0.105399	0.853622	0.518766	0.047030
25838	9.653834	1.014733	0.108476	-0.277030	-0.266926	-0.055290	-0.092693	0.067726	0.993389	0.509827	-0.853749	0.105778	0.855269	0.516261	0.044608
25839	9.742711	1.123300	0.491352	-0.261570	-0.220290	-0.034435	-0.090920	0.069133	0.993456	0.507602	-0.855052	0.105957	0.856781	0.513913	0.042649
25840	9.772399	1.160584	0.871810	-0.280456	-0.197788	-0.027154	-0.089288	0.070370	0.993517	0.505217	-0.856449	0.106066	0.858361	0.511412	0.040919
25841	10.057074	0.946767	1.282481	-0.306270	-0.150473	-0.011550	-0.087991	0.071216	0.993572	0.502619	-0.857984	0.106009	0.860018	0.508716	0.039701
25842	9.986276	0.821433	1.690396	-0.278271	-0.089097	-0.008899	-0.087196	0.071734	0.993605	0.500261	-0.859369	0.105944	0.861473	0.506300	0.039048
25843	9.847560	0.801437	1.892255	-0.201463	-0.048739	-0.007739	-0.086752	0.072023	0.993623	0.498566	-0.860360	0.105893	0.862500	0.504573	0.038730
25844	9.916595	0.808381	1.608817	-0.107307	-0.014765	-0.009728	-0.086600	0.072171	0.993626	0.497677	-0.860873	0.105904	0.863029	0.503676	0.038634
25845	9.795372	0.854967	0.881418	-0.000382	-0.009750	-0.022697	-0.086568	0.072390	0.993612	0.497702	-0.860837	0.106079	0.863017	0.503706	0.038492
25846	9.687307	0.900689	0.332052	0.081884	-0.016427	-0.025710	-0.086481	0.072684	0.993599	0.498431	-0.860385	0.106322	0.862605	0.504435	0.038179
25847	9.478887	0.932072	-0.242124	0.106175	-0.044841	-0.017936	-0.086123	0.073039	0.993604	0.499380	-0.859814	0.106489	0.862092	0.505357	0.037576
25848	9.538615	0.881309	-0.564227	0.100086	-0.083238	0.000574	-0.085330	0.073445	0.993642	0.500288	-0.859287	0.106477	0.861644	0.506193	0.036579
25849	9.787036	1.139644	-0.673781	0.051644	-0.113439	0.027031	-0.084156	0.073763	0.993719	0.500802	-0.859025	0.106177	0.861461	0.506591	0.035351
25850	9.827031	1.470625	-0.401958	-0.039949	-0.132016	0.031414	-0.082788	0.074152	0.993805	0.500529	-0.859230	0.105806	0.861752	0.506187	0.034019
25851	9.846885	1.410470	-0.066882	-0.168019	-0.155446	0.032678	-0.081221	0.074634	0.993898	0.499152	-0.860083	0.105376	0.862699	0.504665	0.032603
25852	9.830387	1.046070	-0.000152	-0.251315	-0.163051	0.034682	-0.079568	0.075146	0.993993	0.497055	-0.861354	0.104907	0.864063	0.502417	0.031184
25853	9.900999	0.645595	0.177867	-0.252555	-0.150062	0.032865	-0.078044	0.075592	0.994080	0.494944	-0.862624	0.104453	0.865413	0.500166	0.029909
25854	9.888046	0.633011	0.396756	-0.203065	-0.125175	0.031182	-0.076733	0.075937	0.994156	0.493254	-0.863641	0.104039	0.866494	0.498355	0.028814
25855	9.916652	0.768293	0.805139	-0.169045	-0.082104	0.024553	-0.075838	0.076111	0.994211	0.491852	-0.864482	0.103698	0.867370	0.496869	0.028125
25856	9.888824	0.891628	1.323043	-0.140124	-0.030936	0.017841	-0.075409	0.076099	0.994245	0.490694	-0.865170	0.103436	0.868063	0.495670	0.027900
25857	9.882804	0.748709	1.463573	-0.115973	0.006544	0.011888	-0.075344	0.075939	0.994262	0.489743	-0.865733	0.103235	0.868605	0.494711	0.028037
25858	9.969950	0.644135	1.343333	-0.059008	0.045490	0.006155	-0.075636	0.075650	0.994262	0.489280	-0.866010	0.103113	0.868841	0.494272	0.028488
25859	9.864309	0.818470	1.071743	0.041533	0.059301	-0.010878	-0.076143	0.075427	0.994240	0.489676	-0.865778	0.103183	0.868573	0.494712	0.028989
25860	9.946526	1.168001	0.624618	0.091623	0.052882	-0.017007	-0.076613	0.075301	0.994213	0.490503	-0.865291	0.103334	0.868065	0.495582	0.029357
25861	9.987989	1.172553	0.298979	0.086019	0.061616	-0.012809	-0.077150	0.075082	0.994188	0.491283	-0.864836	0.103437	0.867576	0.496408	0.029835
25862	9.820715	1.076695	-0.152049	0.092959	0.041038	0.001063	-0.077427	0.074858	0.994184	0.492135	-0.864355	0.103410	0.867068	0.497280	0.030085
25863	9.743260	1.065514	-0.604595	0.074298	0.005828	0.011151	-0.077362	0.074706	0.994200	0.492837	-0.863972	0.103270	0.866676	0.497968	0.030020
25864	9.533817	1.247680	-0.733240	-0.034116	-0.001419	0.015038	-0.077202	0.074572	0.994223	0.492598	-0.864132	0.103065	0.866826	0.497709	0.029979
25865	9.528994	1.290762	-0.489368	-0.224096	0.017416	0.004359	-0.077270	0.074425	0.994229	0.490702	-0.865229	0.102905	0.867894	0.495822	0.030336
25866	9.655356	0.964466	-0.189567	-0.390548	0.011315	-0.013446	-0.077361	0.074474	0.994218	0.487344	-0.867129	0.102875	0.869777	0.492484	0.030787
25867	9.885983	0.700150	0.217510	-0.411605	-0.008443	-0.036127	-0.077399	0.074807	0.994190	0.483774	-0.869104	0.103057	0.871764	0.488940	0.031079
25868	10.070676	0.579734	0.557849	-0.402209	0.011099	-0.047275	-0.077651	0.075152	0.994144	0.480273	-0.871008	0.103357	0.873675	0.485486	0.031541
25869	10.028248	0.543634	0.775052	-0.398741	0.042391	-0.047987	-0.078188	0.075340	0.994088	0.476795	-0.872881	0.103656	0.875530	0.482081	0.032327
25870	9.965642	0.538950	1.011467	-0.409605	0.073878	-0.040112	-0.078954	0.075323	0.994029	0.473219	-0.874799	0.103876	0.877400	0.478595	0.033424
25871	9.909664	0.403302	1.158955	-0.440953	0.129964	-0.024650	-0.080149	0.074895	0.993965	0.469370	-0.876865	0.103919	0.879356	0.474867	0.035126
25872	9.852739	0.265037	1.311090	-0.428769	0.193438	-0.014839	-0.081848	0.074097	0.993887	0.465630	-0.878863	0.103867	0.881187	0.471285	0.037432
25873	9.831345	0.192338	1.453052	-0.340935	0.277609	-0.030308	-0.084375	0.073031	0.993754	0.462646	-0.880424	0.103983	0.882519	0.468530	0.040498
25874	9.126892	0.093512	1.269515	-0.120296	0.258178	-0.055994	-0.086840	0.072302	0.993595	0.461582	-0.880927	0.104445	0.882837	0.467696	0.043126
25875	9.095363	0.252219	0.947357	0.108524	0.123069	-0.076156	-0.088216	0.072366	0.993469	0.462523	-0.880344	0.105196	0.882208	0.468782	0.044189
25876	9.168107	0.732288	0.639829	0.159948	0.075667	-0.096779	-0.089259	0.072849	0.993341	0.463894	-0.879504	0.106185	0.881383	0.470283	0.044709
25877	9.228109	1.225698	0.575221	0.149375	0.034985	-0.116032	-0.090044	0.073674	0.993209	0.465154	-0.878696	0.107350	0.880638	0.471662	0.044852
25878	9.241457	1.444822	0.498387	0.089634	-0.002221	-0.106064	-0.090445	0.074603	0.993103	0.465894	-0.878175	0.108400	0.880206	0.472485	0.044670
25879	9.506873	1.374805	0.368986	-0.012690	-0.046241	-0.101520	-0.090450	0.075684	0.993021	0.465736	-0.878141	0.109350	0.880289	0.472377	0.044179
25880	9.708223	1.133414	0.429983	-0.093187	-0.068096	-0.087259	-0.090184	0.076759	0.992963	0.464883	-0.878496	0.110132	0.880767	0.471544	0.043542
25881	9.854604	1.002233	0.485125	-0.136639	-0.098389	-0.079994	-0.089626	0.077893	0.992925	0.463663	-0.879055	0.110812	0.881467	0.470315	0.042671
25882	9.894708	1.036456	0.721768	-0.153168	-0.108724	-0.077931	-0.088956	0.079075	0.992892	0.462289	-0.879694	0.111478	0.882256	0.468920	0.041698
25883	9.824349	1.119007	0.868726	-0.159413	-0.114918	-0.079457	-0.088247	0.080282	0.992858	0.460862	-0.880358	0.112147	0.883074	0.467467	0.040690
25884	9.810828	1.078490	0.971043	-0.182599	-0.116895	-0.085042	-0.087533	0.081563	0.992817	0.459220	-0.881122	0.112874	0.884000	0.465801	0.039672
25885	9.677683	0.480409	0.678570	-0.195079	-0.120870	-0.081477	-0.086775	0.082812	0.992780	0.457476	-0.881942	0.113552	0.884978	0.464026	0.038646
25886	9.627220	-0.319759	0.559184	-0.112794	-0.112058	-0.059411	-0.085982	0.083841	0.992763	0.456472	-0.882397	0.114055	0.885573	0.462975	0.037599
25887	9.649790	-0.418090	0.775473	0.039610	-0.079960	-0.040172	-0.085397	0.084535	0.992754	0.456833	-0.882163	0.114415	0.885444	0.463294	0.036716
25888	9.725716	-0.252842	1.284426	0.179939	-0.045530	-0.037797	-0.085095	0.085066	0.992735	0.458440	-0.881278	0.114812	0.884642	0.464879	0.035995
25889	9.535386	0.167114	1.480162	0.350494	-0.047331	-0.053612	-0.084862	0.085729	0.992698	0.461533	-0.879583	0.115415	0.883055	0.467957	0.035076
25890	9.606453	0.806736	1.067370	0.468729	-0.079680	-0.078473	-0.084450	0.086779	0.992642	0.465647	-0.877294	0.116311	0.880932	0.472043	0.033679
25891	9.607086	1.079087	0.359058	0.460486	-0.120737	-0.089820	-0.083748	0.088104	0.992584	0.469674	-0.875013	0.117296	0.878859	0.476014	0.031901
25892	9.695042	0.726713	-0.118438	0.362205	-0.132609	-0.091807	-0.082944	0.089527	0.992525	0.472823	-0.873183	0.118275	0.877245	0.479099	0.030095
25893	9.424992	0.086929	-0.243569	0.307430	-0.116889	-0.080299	-0.082238	0.090755	0.992472	0.475502	-0.871615	0.119105	0.875862	0.481717	0.028526
25894	9.360340	0.031472	-0.138465	0.402791	-0.123090	-0.052004	-0.081336	0.091791	0.992451	0.479029	-0.869601	0.119688	0.874023	0.485148	0.026760
25895	9.600750	0.590366	0.257562	0.494837	-0.124556	-0.032003	-0.080341	0.092642	0.992453	0.483372	-0.867141	0.120074	0.871721	0.489371	0.024886
25896	9.742134	1.661468	0.760995	0.517372	-0.115241	-0.030675	-0.079413	0.093462	0.992451	0.487897	-0.864550	0.120458	0.869282	0.493779	0.023057
25897	9.740342	2.546128	1.028936	0.420714	-0.128078	-0.069309	-0.078578	0.094662	0.992403	0.491545	-0.862380	0.121180	0.867300	0.497333	0.021233
25898	9.582025	2.693495	1.121186	0.280764	-0.131948	-0.106377	-0.077886	0.096226	0.992308	0.493940	-0.860859	0.122248	0.866001	0.499662	0.019519
25899	9.563960	2.392885	1.523979	0.161605	-0.098690	-0.130873	-0.077619	0.097815	0.992173	0.495284	-0.859905	0.123521	0.865257	0.500995	0.018299
25900	9.361448	2.385357	1.491851	0.184689	-0.104001	-0.163735	-0.077458	0.099733	0.991995	0.496799	-0.858797	0.125133	0.864402	0.502515	0.016974
25901	9.291741	2.166193	1.062233	0.142945	-0.144350	-0.178108	-0.077038	0.101956	0.991801	0.497946	-0.857878	0.126867	0.863779	0.503637	0.015321
25902	9.642932	1.506940	0.860511	0.100476	-0.136373	-0.144661	-0.076508	0.103874	0.991643	0.498747	-0.857203	0.128271	0.863364	0.504393	0.013776
25903	9.765163	1.367683	0.917039	0.081636	-0.107469	-0.128176	-0.076162	0.105483	0.991500	0.499404	-0.856637	0.129497	0.863015	0.505022	0.012564
25904	9.544703	1.568330	0.900590	0.056335	-0.149721	-0.131084	-0.075451	0.107352	0.991354	0.499835	-0.856193	0.130758	0.862828	0.505379	0.010943
25905	9.741254	1.728704	0.789191	-0.018552	-0.184490	-0.129973	-0.074452	0.109367	0.991209	0.499624	-0.856128	0.131990	0.863037	0.505059	0.009098
