// General information: 
//  MT Manager version: 2022.2.0 
//  XDA version: 2022.2.0 build 7381 rev 124627 built on 2023-07-19
// Device information: 
//  DeviceId: 00B4CBA7
//  ProductCode: MTW2-3A7G6
//  Firmware Version: 4.6.0
//  Hardware Version: 2.0.0
// Device settings: 
//  Filter Profile: human(46.1)
//  Option Flags: Orientation Smoother Disabled, Position/Velocity Smoother Disabled, Continuous Zero Rotation Update Disabled, AHS Disabled, ICC Disabled
// Coordinate system: ENU
PacketCounter	Acc_X	Acc_Y	Acc_Z	Gyr_X	Gyr_Y	Gyr_Z	Mat[1][1]	Mat[2][1]	Mat[3][1]	Mat[1][2]	Mat[2][2]	Mat[3][2]	Mat[1][3]	Mat[2][3]	Mat[3][3]
45438	9.559539	0.220552	-1.559859	0.073800	-0.018442	-0.014522	0.095297	0.079736	0.992250	0.700970	-0.713120	-0.010017	0.706795	0.696493	-0.123851
45439	9.557577	0.068979	-1.495990	0.057430	-0.020993	-0.013696	0.095349	0.080024	0.992222	0.701376	-0.712723	-0.009918	0.706386	0.696866	-0.124084
45440	9.581765	0.217934	-1.372916	0.023354	-0.016070	-0.015374	0.095318	0.080264	0.992206	0.701542	-0.712561	-0.009753	0.706225	0.697004	-0.124229
45441	9.539379	-0.033374	-1.523854	-0.028849	-0.008483	-0.019004	0.095242	0.080503	0.992194	0.701342	-0.712761	-0.009493	0.706433	0.696771	-0.124345
45442	9.493776	-0.305624	-1.724304	-0.014548	-0.004698	-0.024062	0.095071	0.080726	0.992192	0.701249	-0.712857	-0.009194	0.706549	0.696648	-0.124381
45443	9.475520	-0.265435	-1.727846	0.054993	-0.001389	-0.029736	0.094871	0.080992	0.992189	0.701652	-0.712464	-0.008932	0.706176	0.697019	-0.124421
45444	9.541285	0.131357	-1.522270	0.051270	-0.003509	-0.027172	0.094669	0.081229	0.992189	0.702026	-0.712098	-0.008685	0.705831	0.697365	-0.124439
45445	9.741384	-0.296853	-1.622844	-0.035423	0.008472	-0.021154	0.094460	0.081366	0.992198	0.701782	-0.712342	-0.008395	0.706101	0.697100	-0.124389
45446	10.029547	-0.641332	-1.609642	0.033146	0.015000	-0.024555	0.094146	0.081455	0.992221	0.702026	-0.712105	-0.008152	0.705901	0.697332	-0.124225
45447	9.927912	-0.508312	-1.513969	0.067087	0.037675	-0.019838	0.093741	0.081378	0.992265	0.702504	-0.711634	-0.008004	0.705479	0.697821	-0.123878
45448	9.791749	-0.443794	-1.635993	0.145363	0.036199	-0.024626	0.093276	0.081319	0.992314	0.703539	-0.710613	-0.007898	0.704509	0.698868	-0.123495
45449	9.800327	-0.096116	-1.474249	0.199401	0.036793	-0.023716	0.092851	0.081274	0.992357	0.704951	-0.709213	-0.007875	0.703152	0.700294	-0.123145
45450	9.764397	0.135968	-1.319085	0.164328	0.042659	-0.028547	0.092314	0.081196	0.992414	0.706118	-0.708052	-0.007752	0.702051	0.701477	-0.122697
45451	9.720345	0.170911	-1.230502	0.049570	0.059285	-0.029990	0.091687	0.081037	0.992485	0.706480	-0.707693	-0.007482	0.701769	0.701857	-0.122137
45452	9.501386	0.191002	-1.242298	-0.012472	0.062453	-0.024106	0.091043	0.080788	0.992565	0.706401	-0.707775	-0.007187	0.701932	0.701803	-0.121506
45453	9.536859	0.116272	-1.073030	-0.077385	0.056174	-0.024014	0.090478	0.080608	0.992631	0.705866	-0.708313	-0.006820	0.702543	0.701281	-0.120985
45454	9.571029	-0.269026	-1.029903	-0.119810	0.055803	-0.029081	0.089844	0.080442	0.992702	0.705036	-0.709143	-0.006345	0.703457	0.700461	-0.120427
45455	9.583365	-0.647941	-1.144658	-0.042519	0.041651	-0.036023	0.089297	0.080450	0.992751	0.704756	-0.709425	-0.005902	0.703808	0.700174	-0.120047
45456	9.635984	-0.319144	-0.965206	0.075591	0.018099	-0.047188	0.088800	0.080676	0.992777	0.705316	-0.708872	-0.005483	0.703309	0.700708	-0.119850
45457	9.728858	0.100898	-0.866070	0.094130	0.004358	-0.050302	0.088415	0.081045	0.992781	0.706009	-0.708185	-0.005063	0.702663	0.701360	-0.119833
45458	9.823123	0.215296	-1.015631	0.065566	0.006174	-0.051810	0.087970	0.081387	0.992793	0.706501	-0.707697	-0.004586	0.702223	0.701813	-0.119756
45459	9.800230	0.379079	-1.047238	-0.030937	0.020911	-0.053403	0.087445	0.081661	0.992817	0.706318	-0.707884	-0.003986	0.702473	0.701592	-0.119579
45460	9.618468	0.474261	-1.156349	-0.150955	0.033886	-0.044954	0.086853	0.081761	0.992860	0.705282	-0.708919	-0.003318	0.703587	0.700534	-0.119236
45461	9.732231	0.264724	-1.184222	-0.214068	0.029529	-0.028036	0.086445	0.081796	0.992893	0.703785	-0.710408	-0.002750	0.705134	0.699021	-0.118978
45462	9.785632	0.153184	-1.014400	-0.203738	0.021855	-0.014306	0.086154	0.081764	0.992921	0.702345	-0.711833	-0.002324	0.706604	0.697574	-0.118753
45463	9.672702	0.073979	-0.970208	-0.221225	0.004505	-0.016567	0.086001	0.081894	0.992924	0.700781	-0.713374	-0.001861	0.708174	0.695982	-0.118741
45464	9.641662	-0.116728	-1.039930	-0.158540	-0.019077	-0.020574	0.085957	0.082192	0.992903	0.699661	-0.714474	-0.001427	0.709286	0.694818	-0.118920
45465	9.660879	0.003842	-1.070297	-0.092809	-0.032214	-0.020720	0.086036	0.082607	0.992861	0.699006	-0.715115	-0.001074	0.709921	0.694109	-0.119268
45466	9.623584	0.088535	-1.012343	-0.059045	-0.057606	-0.023009	0.086248	0.083190	0.992794	0.698593	-0.715519	-0.000734	0.710302	0.693623	-0.119828
45467	9.606167	-0.010569	-1.010244	-0.032422	-0.085452	-0.024155	0.086683	0.083998	0.992688	0.698370	-0.715737	-0.000419	0.710468	0.693300	-0.120704
45468	9.654129	-0.004108	-0.881152	0.013546	-0.100380	-0.022256	0.087204	0.084872	0.992568	0.698472	-0.715638	-0.000173	0.710305	0.693296	-0.121688
45469	9.647677	0.276779	-0.725096	-0.004874	-0.113366	-0.019533	0.087868	0.085840	0.992427	0.698441	-0.715668	0.000063	0.710253	0.693146	-0.122838
45470	9.573082	0.290124	-0.546384	-0.054253	-0.126309	-0.021258	0.088580	0.086886	0.992272	0.698060	-0.716039	0.000382	0.710539	0.692632	-0.124079
45471	9.639629	0.402009	-0.586390	-0.111078	-0.143572	-0.017850	0.089469	0.088049	0.992090	0.697273	-0.716806	0.000736	0.711201	0.691691	-0.125526
45472	9.686155	0.390774	-0.669195	-0.163411	-0.161861	-0.014630	0.090483	0.089292	0.991887	0.696109	-0.717935	0.001129	0.712211	0.690359	-0.127118
45473	9.761617	0.253256	-0.951132	-0.186098	-0.171573	-0.017699	0.091574	0.090643	0.991664	0.694785	-0.719216	0.001581	0.713364	0.688849	-0.128839
45474	9.812911	0.279136	-1.229237	-0.212012	-0.161903	-0.016049	0.092583	0.091892	0.991456	0.693272	-0.720673	0.002057	0.714704	0.687158	-0.130428
45475	9.823595	0.060867	-1.590219	-0.260587	-0.149122	-0.020786	0.093495	0.093106	0.991257	0.691413	-0.722455	0.002644	0.716384	0.685121	-0.131921
45476	9.884873	-0.144297	-1.934686	-0.281646	-0.121910	-0.020522	0.094192	0.094108	0.991096	0.689398	-0.724375	0.003262	0.718232	0.682953	-0.133108
45477	9.585541	-0.128615	-2.236235	-0.262291	-0.110429	-0.024941	0.094805	0.095083	0.990945	0.687522	-0.726153	0.003900	0.719948	0.680927	-0.134214
45478	9.649559	-0.018499	-2.151639	-0.284300	-0.109702	-0.026372	0.095379	0.096040	0.990797	0.685484	-0.728073	0.004586	0.721814	0.678738	-0.135277
45479	9.709913	-0.233942	-2.216653	-0.252657	-0.090673	-0.034590	0.095790	0.096949	0.990669	0.683678	-0.729764	0.005310	0.723470	0.676790	-0.136186
45480	9.724556	-0.139609	-1.954536	-0.196417	-0.079753	-0.033681	0.096102	0.097754	0.990560	0.682274	-0.731072	0.005954	0.724753	0.675261	-0.136952
45481	9.760019	-0.071371	-1.742161	-0.169687	-0.077014	-0.033134	0.096428	0.098560	0.990448	0.681062	-0.732196	0.006554	0.725848	0.673925	-0.137730
45482	9.791952	-0.033887	-1.458167	-0.153192	-0.073391	-0.035984	0.096681	0.099337	0.990346	0.679970	-0.733205	0.007164	0.726838	0.672713	-0.138433
45483	9.710191	-0.078483	-1.356463	-0.130734	-0.067857	-0.039137	0.096903	0.100124	0.990245	0.679044	-0.734056	0.007771	0.727674	0.671667	-0.139121
45484	9.607593	-0.101661	-1.238199	-0.107952	-0.072155	-0.040229	0.097120	0.100924	0.990142	0.678283	-0.734753	0.008362	0.728354	0.670785	-0.139814
45485	9.595456	-0.176455	-1.153749	-0.093908	-0.070942	-0.044074	0.097331	0.101766	0.990035	0.677628	-0.735350	0.008969	0.728935	0.670003	-0.140532
45486	9.515093	-0.523704	-1.121452	-0.091900	-0.075437	-0.048045	0.097521	0.102645	0.989926	0.676991	-0.735928	0.009616	0.729502	0.669233	-0.141258
45487	9.480157	-1.032212	-1.323538	-0.010457	-0.072638	-0.056789	0.097660	0.103590	0.989814	0.676958	-0.735951	0.010229	0.729514	0.669063	-0.141999
45488	9.504446	-0.860908	-1.409139	0.128729	-0.071343	-0.064917	0.097705	0.104565	0.989707	0.677946	-0.735034	0.010730	0.728590	0.669919	-0.142706
45489	9.505007	-0.222905	-1.347788	0.186105	-0.062082	-0.063670	0.097721	0.105488	0.989608	0.679350	-0.733730	0.011129	0.727279	0.671202	-0.143364
45490	9.514895	0.176696	-1.429435	0.173552	-0.059027	-0.063912	0.097679	0.106373	0.989517	0.680660	-0.732508	0.011554	0.726058	0.672396	-0.143955
45491	9.615479	0.527419	-1.511795	0.153811	-0.059618	-0.065673	0.097660	0.107293	0.989419	0.681827	-0.731414	0.012016	0.724965	0.673440	-0.144585
45492	9.687518	0.692455	-1.564737	0.097744	-0.051455	-0.064851	0.097555	0.108134	0.989338	0.682585	-0.730698	0.012558	0.724266	0.674083	-0.145094
45493	9.678034	0.338726	-1.719039	0.001785	-0.035820	-0.060825	0.097393	0.108858	0.989275	0.682646	-0.730630	0.013192	0.724230	0.674040	-0.145470
45494	9.639276	-0.205234	-1.910664	-0.000006	-0.028502	-0.058107	0.097167	0.109495	0.989227	0.682688	-0.730579	0.013808	0.724220	0.673992	-0.145739
45495	9.579025	-0.764702	-1.857236	0.044893	-0.015885	-0.057144	0.096886	0.110059	0.989192	0.683056	-0.730225	0.014344	0.723911	0.674284	-0.145925
45496	9.404754	-1.430688	-1.808860	0.190536	-0.020465	-0.079259	0.096457	0.110795	0.989151	0.684497	-0.728864	0.014892	0.722607	0.675635	-0.146142
45497	9.427969	-1.148200	-1.533659	0.364136	-0.048357	-0.098020	0.096130	0.111873	0.989062	0.687205	-0.726301	0.015360	0.720075	0.678212	-0.146699
45498	9.522634	0.417674	-1.061825	0.390389	-0.062845	-0.095950	0.095886	0.113015	0.988956	0.690089	-0.723552	0.015777	0.717344	0.680955	-0.147369
45499	9.591348	1.155318	-0.537899	0.115046	-0.080794	-0.076304	0.095935	0.114154	0.988820	0.690975	-0.722693	0.016393	0.716485	0.681677	-0.148209
45500	9.463548	0.661115	-0.695736	-0.031839	-0.098895	-0.069374	0.096129	0.115349	0.988663	0.690800	-0.722842	0.017168	0.716628	0.681318	-0.149169
45501	9.535260	0.796533	-0.493213	-0.033165	-0.129261	-0.063309	0.096612	0.116723	0.988454	0.690611	-0.723006	0.017876	0.716744	0.680910	-0.150461
45502	9.909246	0.962510	-0.235374	-0.123680	-0.135432	-0.062402	0.097117	0.118115	0.988239	0.689771	-0.723786	0.018722	0.717485	0.679840	-0.151764
45503	9.860267	0.529286	-0.594398	-0.160184	-0.130125	-0.067891	0.097573	0.119525	0.988025	0.688674	-0.724804	0.019672	0.718476	0.678507	-0.153036
45504	9.691900	0.663422	-1.094644	-0.142353	-0.137705	-0.070434	0.098043	0.120989	0.987800	0.687706	-0.725696	0.020628	0.719339	0.677293	-0.154354
45505	9.836378	0.592398	-1.643995	-0.091560	-0.136090	-0.066833	0.098552	0.122430	0.987572	0.687101	-0.726245	0.021466	0.719847	0.676446	-0.155694
45506	9.745898	0.162944	-2.522487	-0.130592	-0.114549	-0.048897	0.099005	0.123579	0.987383	0.686195	-0.727079	0.022195	0.720649	0.675340	-0.156784
45507	9.830998	0.180035	-2.935514	-0.037430	-0.103620	-0.048332	0.099410	0.124667	0.987206	0.685960	-0.727283	0.022768	0.720816	0.674921	-0.157816
45508	9.931166	0.692444	-2.757187	-0.120449	-0.069175	-0.031777	0.099655	0.125384	0.987090	0.685110	-0.728067	0.023314	0.721591	0.673942	-0.158458
45509	9.735970	0.231027	-2.861213	-0.259759	-0.046014	-0.022282	0.099826	0.125895	0.987008	0.683243	-0.729797	0.023984	0.723335	0.671972	-0.158869
45510	9.597587	-0.277174	-2.548789	-0.218052	-0.030508	-0.040273	0.099737	0.126413	0.986951	0.681690	-0.731221	0.024770	0.724811	0.670325	-0.159104
45511	9.553569	-0.014075	-1.977067	-0.136526	-0.022389	-0.045631	0.099581	0.126937	0.986900	0.680733	-0.732089	0.025475	0.725732	0.669278	-0.159312
45512	9.384972	0.392237	-1.320628	-0.168331	-0.015180	-0.052462	0.099299	0.127443	0.986863	0.679549	-0.733159	0.026303	0.726879	0.668009	-0.159405
45513	9.283964	0.109080	-0.902954	-0.225410	-0.035617	-0.060722	0.099139	0.128166	0.986785	0.677956	-0.734596	0.027299	0.728387	0.666290	-0.159718
45514	9.309413	-0.009745	-0.365266	-0.225941	-0.073199	-0.074969	0.099130	0.129225	0.986648	0.676369	-0.736014	0.028443	0.729862	0.664518	-0.160364
45515	9.272236	-0.141712	-0.174834	-0.235429	-0.121049	-0.082829	0.099447	0.130676	0.986425	0.674718	-0.737479	0.029675	0.731345	0.662608	-0.161509
45516	9.377082	0.052848	-0.047910	-0.183551	-0.184592	-0.096257	0.100113	0.132629	0.986097	0.673457	-0.738578	0.030965	0.732416	0.660994	-0.163261
45517	9.556836	0.328741	-0.176452	-0.122314	-0.246630	-0.106847	0.101191	0.135082	0.985654	0.672656	-0.739252	0.032256	0.733004	0.659742	-0.165669
45518	9.622635	0.733729	-0.467135	-0.078861	-0.297164	-0.099332	0.102666	0.137796	0.985125	0.672165	-0.739647	0.033408	0.733249	0.658737	-0.168558
45519	9.870961	1.075056	-0.838608	-0.038650	-0.344451	-0.096454	0.104530	0.140810	0.984503	0.671969	-0.739777	0.034461	0.733165	0.657953	-0.171949
45520	10.101105	1.212152	-1.463059	-0.034439	-0.346410	-0.076295	0.106522	0.143673	0.983876	0.671783	-0.739906	0.035314	0.733049	0.657189	-0.175333
45521	10.058964	0.961539	-2.451945	-0.011386	-0.329882	-0.061799	0.108508	0.146331	0.983267	0.671753	-0.739901	0.035982	0.732785	0.656608	-0.178583
45522	9.950094	0.756577	-3.332947	0.078208	-0.292700	-0.044202	0.110319	0.148600	0.982725	0.672361	-0.739332	0.036318	0.731957	0.656739	-0.181476
45523	10.099157	0.689396	-3.869526	0.119375	-0.238309	-0.025783	0.111874	0.150392	0.982276	0.673250	-0.738519	0.036393	0.730902	0.657246	-0.183873
45524	9.914538	0.381757	-4.105901	0.147024	-0.165170	-0.003696	0.113020	0.151526	0.981971	0.674315	-0.737556	0.036201	0.729744	0.658066	-0.185535
45525	9.737847	0.256524	-3.842369	0.177668	-0.113786	0.016924	0.113952	0.152190	0.981760	0.675579	-0.736421	0.035745	0.728429	0.659183	-0.186733
45526	9.706112	-0.174609	-3.411166	0.206082	-0.075172	0.022209	0.114613	0.152543	0.981628	0.677040	-0.735105	0.035184	0.726967	0.660569	-0.187531
45527	9.498652	-0.170042	-2.795821	0.269054	-0.038136	0.026628	0.115062	0.152641	0.981561	0.678950	-0.733375	0.034457	0.725112	0.662466	-0.188019
45528	9.513428	0.131488	-2.037995	0.292817	-0.028214	0.027944	0.115421	0.152644	0.981518	0.681025	-0.731485	0.033674	0.723106	0.664552	-0.188383
45529	9.538719	0.521223	-1.305202	0.265347	-0.038121	0.034827	0.115926	0.152684	0.981452	0.682890	-0.729782	0.032871	0.721265	0.666413	-0.188867
45530	9.519255	0.707992	-0.853883	0.215182	-0.057869	0.039327	0.116576	0.152803	0.981357	0.684381	-0.728417	0.032121	0.719745	0.667878	-0.189492
45531	9.427481	0.644743	-0.626770	0.231707	-0.096356	0.044498	0.117564	0.153164	0.981183	0.685983	-0.726945	0.031284	0.718057	0.669397	-0.190530
45532	9.376492	0.448611	-0.258888	0.336766	-0.152260	0.044944	0.118929	0.153878	0.980906	0.688331	-0.724766	0.030241	0.715581	0.671592	-0.192115
45533	9.453452	0.143158	0.016774	0.401722	-0.202240	0.049102	0.120698	0.154922	0.980526	0.691129	-0.722149	0.029024	0.712582	0.674167	-0.194233
45534	9.305039	-0.180732	-0.090838	0.480398	-0.263094	0.031938	0.122754	0.156489	0.980022	0.694492	-0.718963	0.027814	0.708952	0.677203	-0.196936
45535	9.368620	0.002044	-0.277011	0.518569	-0.325288	0.036666	0.125293	0.158468	0.979382	0.698101	-0.715510	0.026464	0.704952	0.680392	-0.200275
45536	9.308859	0.124919	-0.681970	0.519734	-0.388025	0.046330	0.128309	0.160802	0.978611	0.701683	-0.712051	0.025002	0.700841	0.683467	-0.204194
45537	9.395568	1.380835	-0.568750	0.524033	-0.440382	0.064466	0.131821	0.163392	0.977715	0.705249	-0.708576	0.023329	0.696597	0.686457	-0.208637
45538	9.834402	2.090337	-0.398926	0.297434	-0.494074	0.088925	0.135847	0.166176	0.976694	0.707186	-0.706689	0.021875	0.693854	0.687733	-0.213519
45539	9.666073	1.521850	-0.625431	0.167273	-0.522568	0.107503	0.140205	0.169042	0.975586	0.708186	-0.705728	0.020507	0.691965	0.688021	-0.218660
45540	9.414633	0.939914	-0.892997	0.154170	-0.564438	0.122968	0.144941	0.172077	0.974362	0.709065	-0.704887	0.019010	0.690087	0.688130	-0.224181
45541	9.692459	0.158084	-1.495476	0.142108	-0.605576	0.135321	0.150047	0.175321	0.973010	0.709833	-0.704154	0.017415	0.688203	0.688062	-0.230104
45542	9.820099	-0.424993	-2.315680	0.279341	-0.617919	0.145135	0.155285	0.178573	0.971596	0.711519	-0.702498	0.015396	0.685293	0.688918	-0.236146
45543	9.744396	-0.186280	-2.605253	0.309040	-0.613052	0.155448	0.160556	0.181737	0.970151	0.713376	-0.700657	0.013192	0.682141	0.689965	-0.242142
45544	9.443575	-0.211935	-2.977532	0.346942	-0.617390	0.162251	0.165880	0.184884	0.968660	0.715462	-0.698568	0.010812	0.678674	0.691246	-0.248156
45545	9.359863	0.135042	-2.806110	0.377561	-0.624364	0.166009	0.171268	0.188075	0.967107	0.717728	-0.696274	0.008301	0.674933	0.692697	-0.254236
45546	9.189963	0.239182	-2.454668	0.335555	-0.626813	0.178343	0.176733	0.191199	0.965509	0.719667	-0.694296	0.005758	0.671450	0.693827	-0.260305
45547	8.896486	-0.034174	-2.055457	0.364246	-0.652777	0.182464	0.182392	0.194495	0.963797	0.721769	-0.692127	0.003083	0.667670	0.695076	-0.266619
45548	9.026370	0.386779	-1.225260	0.413729	-0.698469	0.188262	0.188365	0.198073	0.961918	0.724164	-0.689628	0.000197	0.663404	0.696549	-0.273339
45549	9.164407	0.644161	-0.593968	0.308578	-0.756503	0.198821	0.194782	0.202002	0.959820	0.725816	-0.687884	-0.002524	0.659735	0.697145	-0.280604
45550	9.598732	0.677452	-0.150513	0.232300	-0.822098	0.210586	0.201686	0.206303	0.957477	0.726919	-0.686704	-0.005159	0.656439	0.697049	-0.288464
45551	9.689096	0.904246	0.070065	0.130726	-0.902096	0.210103	0.209089	0.211169	0.954824	0.727336	-0.686241	-0.007504	0.653655	0.696047	-0.297076
45552	10.557207	1.014403	-0.082193	0.034607	-0.974162	0.217106	0.216988	0.216468	0.951871	0.727092	-0.686473	-0.009634	0.651348	0.694188	-0.306348
45553	11.473023	1.389026	0.035287	-0.166507	-1.028425	0.241267	0.225394	0.221952	0.948649	0.725467	-0.688163	-0.011360	0.650304	0.690774	-0.316126
45554	11.562231	0.209293	-0.679738	-0.262553	-1.056559	0.254755	0.234071	0.227490	0.945230	0.723168	-0.690552	-0.012884	0.649799	0.686576	-0.326152
45555	12.014623	-1.068417	-0.804414	-0.076271	-1.150310	0.240343	0.243224	0.233726	0.941390	0.722093	-0.691637	-0.014847	0.647629	0.683382	-0.336994
45556	11.456699	-2.885479	-0.908624	0.152955	-1.229317	0.246301	0.252903	0.240430	0.937141	0.722464	-0.691184	-0.017640	0.643496	0.681511	-0.348505
45557	12.424655	-1.650122	1.013432	0.592078	-1.371632	0.217217	0.263201	0.248295	0.932242	0.725685	-0.687684	-0.021724	0.635694	0.682231	-0.361183
45558	11.373463	-0.651832	1.046435	0.238725	-1.432246	0.245108	0.274010	0.256386	0.926922	0.726532	-0.686683	-0.024836	0.630135	0.680244	-0.374431
45559	11.085362	-1.026186	0.865363	0.162938	-1.583945	0.257160	0.285762	0.265372	0.920825	0.726831	-0.686254	-0.027788	0.624546	0.677224	-0.388985
45560	10.798320	-0.989231	0.311992	0.138036	-1.686707	0.239768	0.297953	0.275137	0.914070	0.726985	-0.685976	-0.030490	0.618641	0.673600	-0.404409
45561	11.074087	-0.572282	0.140072	0.144230	-1.776417	0.226172	0.310472	0.285509	0.906693	0.727182	-0.685646	-0.033100	0.612220	0.669608	-0.420491
45562	11.591976	-0.591803	0.259272	0.118447	-1.835520	0.203436	0.323092	0.296382	0.898760	0.727257	-0.685452	-0.035399	0.605565	0.665066	-0.437010
45563	11.753852	-0.776797	0.228523	0.132240	-1.944772	0.168415	0.335958	0.308099	0.890060	0.727497	-0.685088	-0.037451	0.598231	0.660098	-0.454302
45564	12.132135	-0.848744	0.341354	0.263813	-2.071068	0.139154	0.349233	0.320788	0.880416	0.728585	-0.683794	-0.039860	0.589237	0.655378	-0.472525
45565	12.333068	-0.328669	0.998827	0.249647	-2.178738	0.121327	0.362781	0.334157	0.869902	0.729614	-0.682563	-0.042082	0.579701	0.649959	-0.491426
45566	12.450033	0.442931	0.547000	-0.107182	-2.206252	0.105053	0.376221	0.347706	0.858812	0.728609	-0.683616	-0.042407	0.572353	0.641692	-0.510533
45567	12.182001	0.558075	-1.061410	-0.386035	-2.251279	0.095355	0.389656	0.361351	0.847109	0.726048	-0.686411	-0.041168	0.566588	0.631083	-0.529822
45568	12.529374	0.749454	-2.460565	-0.630487	-2.271503	0.107082	0.403217	0.374824	0.834819	0.722067	-0.690745	-0.038622	0.562171	0.618368	-0.549168
45569	12.155563	0.443137	-4.198643	-0.839382	-2.267798	0.106506	0.416611	0.387912	0.822167	0.716929	-0.696279	-0.034769	0.558970	0.603921	-0.568183
45570	11.507245	0.156177	-5.928527	-0.727338	-2.238689	0.020892	0.429193	0.401151	0.809241	0.712793	-0.700702	-0.030693	0.554725	0.589995	-0.586674
45571	10.833285	0.353050	-6.706089	-0.566171	-2.128549	-0.097023	0.440169	0.414224	0.796662	0.710094	-0.703608	-0.026498	0.549562	0.577368	-0.603844
45572	10.446004	-0.536978	-7.146407	-0.389251	-1.992445	-0.128075	0.450116	0.426540	0.784513	0.708540	-0.705293	-0.023058	0.543476	0.566238	-0.619684
45573	9.642451	0.268293	-6.666546	0.001841	-1.731157	-0.061607	0.458934	0.436681	0.773750	0.708836	-0.705013	-0.022544	0.535659	0.558808	-0.633090
45574	9.788610	1.831480	-4.856354	-0.292313	-1.457623	0.023035	0.466837	0.444623	0.764443	0.707176	-0.706732	-0.020808	0.531004	0.550310	-0.644355
45575	9.431808	0.410942	-4.342329	-0.729743	-1.017076	0.059167	0.472570	0.449722	0.757910	0.703028	-0.710972	-0.016480	0.531441	0.540620	-0.652151
45576	8.175833	-0.496051	-4.607654	-0.803859	-0.594822	-0.012536	0.475618	0.453023	0.754028	0.698809	-0.715223	-0.011079	0.534279	0.532191	-0.656749
45577	7.645921	-1.713981	-5.461161	-0.665406	-0.192439	-0.038179	0.476294	0.454285	0.752841	0.695429	-0.718567	-0.006369	0.538073	0.526580	-0.658172
45578	7.529473	-2.314402	-5.805848	-0.203853	0.220029	-0.012124	0.474990	0.453235	0.754296	0.694392	-0.719580	-0.004892	0.540559	0.526101	-0.656516
45579	7.304674	-1.625670	-5.693576	0.158813	0.668390	0.029590	0.471488	0.449459	0.758740	0.695118	-0.718870	-0.006112	0.542688	0.530295	-0.651365
45580	7.003714	-1.486784	-5.531940	0.321182	1.097108	0.061097	0.465909	0.443184	0.765844	0.696584	-0.717423	-0.008611	0.545618	0.537487	-0.642969
45581	6.754145	-1.850254	-5.831144	0.506267	1.509621	0.092512	0.458204	0.434293	0.775524	0.698933	-0.715077	-0.012509	0.549127	0.547772	-0.631194
45582	6.403986	-1.660452	-5.756888	0.678978	1.898202	0.135616	0.448660	0.422825	0.787352	0.702064	-0.711892	-0.017759	0.553001	0.560739	-0.616248
45583	6.068961	-1.595740	-5.739598	0.720541	2.233289	0.188848	0.437498	0.408759	0.800944	0.705235	-0.708581	-0.023597	0.557888	0.575177	-0.598274
45584	6.058693	-1.442390	-6.083981	0.673047	2.557694	0.238634	0.424799	0.392188	0.815925	0.707985	-0.705613	-0.029437	0.564183	0.590168	-0.577407
45585	6.097766	-1.636493	-6.634274	0.587133	2.862628	0.279850	0.410435	0.373063	0.832086	0.710157	-0.703172	-0.035028	0.572032	0.605288	-0.553539
45586	6.071470	-2.670088	-7.256706	0.535575	3.127408	0.312851	0.394596	0.351718	0.848875	0.711986	-0.701024	-0.040506	0.580835	0.620371	-0.527040
45587	5.864494	-3.821014	-7.276811	0.773406	3.338312	0.297296	0.377122	0.328604	0.865909	0.715364	-0.697171	-0.046987	0.588246	0.637160	-0.497990
45588	5.933254	-2.984599	-6.488633	1.031977	3.491626	0.257098	0.358296	0.304270	0.882635	0.720518	-0.691318	-0.054169	0.593699	0.655362	-0.466928
45589	6.422717	-1.463762	-5.622546	0.925587	3.624641	0.245936	0.338370	0.278466	0.898868	0.725186	-0.685889	-0.060503	0.599676	0.672319	-0.434024
45590	6.996762	-0.523892	-5.513970	0.476687	3.751747	0.284567	0.317733	0.251061	0.914338	0.727131	-0.683413	-0.065025	0.608545	0.685504	-0.399697
45591	7.583330	-0.347939	-6.149932	-0.004361	3.860431	0.385459	0.296737	0.221736	0.928860	0.725919	-0.684357	-0.068536	0.620474	0.694614	-0.364036
45592	7.783802	-0.200448	-6.298169	-0.348033	3.929669	0.511075	0.275745	0.190835	0.942097	0.722268	-0.687848	-0.072069	0.634266	0.700319	-0.327505
45593	7.987006	-0.257865	-6.987429	-0.728254	3.973771	0.661136	0.254909	0.158354	0.953911	0.715834	-0.694115	-0.076062	0.650079	0.702231	-0.290291
45594	8.426818	-1.220852	-8.078422	-1.000614	3.988732	0.793775	0.234251	0.124842	0.964127	0.707296	-0.702272	-0.080915	0.666978	0.700877	-0.252808
45595	8.609744	-2.551118	-8.584101	-0.729458	3.953739	0.890415	0.213806	0.090829	0.972644	0.700378	-0.708350	-0.087808	0.680997	0.699993	-0.215065
45596	8.715302	-2.126006	-8.944194	-0.190748	3.892216	0.911828	0.193453	0.057101	0.979446	0.697205	-0.710376	-0.096293	0.690276	0.701503	-0.177235
45597	8.876758	0.206111	-8.789647	0.210740	3.841602	0.900509	0.173054	0.023671	0.984628	0.697007	-0.709268	-0.105452	0.695869	0.704542	-0.139240
45598	8.199989	1.188028	-7.152362	0.160894	3.742401	0.828815	0.152656	-0.008582	0.988242	0.696770	-0.708212	-0.113782	0.700862	0.705947	-0.102133
45599	7.150068	-0.559847	-7.127496	-0.142009	3.572033	0.698423	0.132327	-0.038732	0.990449	0.694765	-0.709062	-0.120551	0.706959	0.704081	-0.066919
45600	6.654820	-3.113661	-7.676855	0.120735	3.281277	0.492457	0.112462	-0.065293	0.991508	0.695005	-0.707976	-0.125453	0.710155	0.703212	-0.034241
45601	6.563804	-4.360836	-6.491318	0.988500	2.870055	0.233546	0.093737	-0.087196	0.991771	0.701752	-0.700839	-0.127943	0.706228	0.707970	-0.004505
45602	7.691858	-1.550382	-4.750164	1.680457	2.377036	0.012995	0.077121	-0.104209	0.991561	0.713513	-0.688871	-0.127893	0.696385	0.717355	0.021228
45603	5.029650	4.096733	-3.477727	1.289113	1.721981	-0.045265	0.064854	-0.116312	0.991093	0.722455	-0.679647	-0.127037	0.688369	0.724259	0.039952
45604	5.730670	4.605354	-2.199118	0.373765	0.897446	0.138497	0.059652	-0.123741	0.990520	0.724924	-0.676793	-0.128205	0.686242	0.725699	0.049331
45605	5.172428	5.632980	-2.651275	-1.172246	0.114346	0.229139	0.060492	-0.126114	0.990170	0.716675	-0.684988	-0.131027	0.694779	0.717556	0.048947
45606	5.706744	1.719724	-5.435478	-1.858681	-0.647997	0.161419	0.066146	-0.122601	0.990249	0.703525	-0.698035	-0.133416	0.707585	0.705490	0.040081
45607	8.673853	-1.619327	-3.993430	-1.142721	-1.107655	0.013228	0.074094	-0.114891	0.990611	0.695372	-0.706065	-0.133900	0.714820	0.698765	0.027577
45608	13.944644	-0.265496	1.577364	-0.346916	-0.782485	-0.035806	0.079410	-0.109157	0.990847	0.692903	-0.708548	-0.133589	0.716645	0.697169	0.019370
45609	14.122046	2.117369	4.491145	-1.404052	-0.150995	0.017061	0.080596	-0.108204	0.990856	0.682743	-0.718271	-0.133971	0.726200	0.687298	0.015985
45610	11.764352	-1.010387	1.688073	-2.002109	0.218967	0.028376	0.079147	-0.109879	0.990789	0.668029	-0.731874	-0.134529	0.739914	0.672523	0.015476
45611	9.614946	-2.666030	0.417681	-1.675723	0.173642	-0.044347	0.077532	-0.110678	0.990828	0.655554	-0.743109	-0.134304	0.751158	0.659954	0.014941
45612	9.916466	-3.728965	-0.697666	-1.042059	-0.205460	-0.166914	0.077959	-0.108063	0.991083	0.647806	-0.750150	-0.132750	0.757806	0.652378	0.011523
45613	12.626360	-3.477747	-0.770131	-0.600830	-0.571942	-0.223556	0.080836	-0.102633	0.991429	0.643403	-0.754314	-0.130546	0.761247	0.648442	0.005059
45614	12.519843	-3.011982	-0.759356	-0.657982	-0.687371	-0.219968	0.084637	-0.096505	0.991728	0.638549	-0.758805	-0.128335	0.764913	0.644128	-0.002600
45615	11.060332	-4.490349	-1.482091	-0.692147	-0.708343	-0.210684	0.088708	-0.090327	0.991954	0.633407	-0.763464	-0.126165	0.768717	0.639502	-0.010511
45616	9.542717	-4.826642	-2.674860	-0.287223	-0.678369	-0.240970	0.092369	-0.084131	0.992164	0.631401	-0.765528	-0.123695	0.769936	0.637879	-0.017591
45617	9.383841	-2.433151	-3.672741	0.107360	-0.646235	-0.278028	0.095571	-0.077852	0.992374	0.632470	-0.765086	-0.120931	0.768666	0.639204	-0.023881
45618	10.135574	-0.258083	-4.921949	0.207595	-0.574691	-0.320261	0.097920	-0.071702	0.992608	0.634359	-0.764015	-0.117769	0.766812	0.641202	-0.029327
45619	10.700996	0.684145	-5.625160	0.293792	-0.467804	-0.332272	0.099383	-0.066131	0.992849	0.636919	-0.762375	-0.114535	0.764498	0.643747	-0.033648
45620	10.712933	0.708015	-5.789704	0.315950	-0.352790	-0.318457	0.100009	-0.061409	0.993090	0.639633	-0.760559	-0.111444	0.762147	0.646359	-0.036784
45621	10.315633	-0.351244	-5.368537	0.349331	-0.239773	-0.289349	0.099978	-0.057618	0.993320	0.642563	-0.758488	-0.108671	0.759683	0.649135	-0.038809
45622	9.877563	-0.921900	-4.046414	0.485163	-0.135616	-0.250622	0.099357	-0.054817	0.993541	0.646476	-0.755488	-0.106332	0.756437	0.652865	-0.039625
45623	9.889285	-0.470225	-2.006908	0.414053	-0.050911	-0.211767	0.098374	-0.052840	0.993746	0.649793	-0.752913	-0.104359	0.753719	0.655995	-0.039732
45624	9.710628	-1.167899	-0.742818	0.119638	0.031428	-0.193085	0.096847	-0.051572	0.993962	0.650868	-0.752247	-0.102448	0.752988	0.656860	-0.039286
45625	9.250597	-2.326366	0.213758	0.005463	0.054347	-0.184317	0.095244	-0.050495	0.994172	0.651068	-0.752325	-0.100585	0.753020	0.656854	-0.038779
45626	9.191858	-2.611736	1.178696	-0.016040	0.038277	-0.189184	0.093689	-0.049302	0.994380	0.651111	-0.752543	-0.098658	0.753178	0.656695	-0.038404
45627	9.028404	-2.500085	1.684571	0.040772	0.001036	-0.193819	0.092425	-0.047806	0.994571	0.651580	-0.752389	-0.096716	0.752928	0.656982	-0.038390
45628	8.997370	-1.812302	2.208181	0.175622	-0.056223	-0.218918	0.091385	-0.045770	0.994763	0.653088	-0.751354	-0.094567	0.751748	0.658310	-0.038771
45629	9.056921	-0.804023	2.666026	0.250684	-0.133208	-0.257413	0.090705	-0.042921	0.994952	0.655187	-0.749835	-0.092078	0.750002	0.660232	-0.039892
45630	9.168543	0.195336	2.404665	0.291397	-0.251648	-0.295411	0.090616	-0.039024	0.995121	0.657622	-0.748046	-0.089218	0.747878	0.662498	-0.042122
45631	9.696861	1.551267	2.812961	0.112112	-0.376970	-0.341941	0.091181	-0.033933	0.995256	0.658754	-0.747446	-0.085836	0.746813	0.663455	-0.045799
45632	9.614960	-0.047036	1.928646	-0.257104	-0.449150	-0.339530	0.092269	-0.028396	0.995329	0.657129	-0.749273	-0.082293	0.748110	0.661653	-0.050475
45633	9.421604	-1.549027	0.883028	-0.152069	-0.543721	-0.336967	0.094116	-0.022241	0.995313	0.656289	-0.750381	-0.078826	0.748617	0.660631	-0.056027
45634	9.884439	-0.948671	-0.040759	0.032965	-0.631930	-0.332742	0.096625	-0.015548	0.995199	0.656838	-0.750243	-0.075494	0.747815	0.660979	-0.062280
45635	10.211246	0.140327	-0.673704	0.049125	-0.665381	-0.317410	0.099502	-0.008736	0.994999	0.657501	-0.749974	-0.072336	0.746855	0.661410	-0.068880
45636	10.227852	0.815287	-1.496030	0.019242	-0.660800	-0.283673	0.102534	-0.002217	0.994727	0.657917	-0.749878	-0.069488	0.746078	0.661572	-0.075429
45637	10.479129	1.805107	-2.166783	-0.041385	-0.620430	-0.249727	0.105507	0.003793	0.994411	0.657852	-0.750167	-0.066937	0.745720	0.661238	-0.081643
45638	10.431591	1.985111	-3.095460	-0.244954	-0.516790	-0.200462	0.108012	0.008731	0.994111	0.656224	-0.751787	-0.064697	0.746795	0.659348	-0.086932
45639	10.118174	1.007976	-3.882982	-0.279342	-0.434184	-0.146791	0.110283	0.012734	0.993819	0.654281	-0.753627	-0.062949	0.748167	0.657179	-0.091444
45640	10.193870	0.498369	-3.708859	-0.138626	-0.361016	-0.104667	0.112266	0.015915	0.993551	0.653346	-0.754538	-0.061739	0.748689	0.656064	-0.095107
45641	10.220318	0.091601	-3.275566	-0.120893	-0.282917	-0.061156	0.113976	0.018277	0.993315	0.652495	-0.755337	-0.060971	0.749173	0.655082	-0.098016
45642	9.844996	-0.645506	-2.691713	-0.061710	-0.231622	-0.016497	0.115569	0.019940	0.993099	0.652037	-0.755753	-0.060705	0.749327	0.654553	-0.100343
45643	9.734436	-0.770946	-1.415232	0.023619	-0.227928	0.008467	0.117324	0.021416	0.992863	0.652189	-0.755617	-0.060769	0.748922	0.654664	-0.102620
45644	9.666032	-0.639339	-0.094938	-0.092532	-0.217018	0.018077	0.119033	0.022721	0.992630	0.651461	-0.756241	-0.060811	0.749286	0.653898	-0.104819
45645	9.166085	-1.454604	0.097416	-0.238864	-0.234568	0.005651	0.120821	0.024258	0.992378	0.649648	-0.757819	-0.060570	0.750573	0.652014	-0.107319
45646	9.187824	-1.766666	0.460673	-0.036676	-0.311643	-0.014107	0.123034	0.026417	0.992051	0.649376	-0.758069	-0.060349	0.750449	0.651639	-0.110423
45647	9.288734	-0.912906	1.092425	0.150484	-0.377854	-0.037657	0.125613	0.029211	0.991649	0.650536	-0.757093	-0.060102	0.749015	0.652653	-0.114104
45648	9.314012	-0.300788	0.775782	0.160375	-0.432783	-0.044697	0.128526	0.032397	0.991177	0.651780	-0.756047	-0.059804	0.747439	0.653715	-0.118287
45649	9.255899	-0.131814	0.433959	0.215899	-0.496646	-0.055360	0.131859	0.036107	0.990611	0.653449	-0.754631	-0.059474	0.745398	0.655156	-0.123099
45650	9.575228	-0.463239	-0.348222	0.202214	-0.538791	-0.057111	0.135462	0.040092	0.989971	0.655018	-0.753297	-0.059121	0.743372	0.656457	-0.128304
45651	9.392709	-0.873129	-1.070252	0.247908	-0.558395	-0.050973	0.139257	0.044186	0.989270	0.656914	-0.751662	-0.058899	0.740994	0.658067	-0.133700
45652	9.174544	-0.990611	-1.663989	0.312334	-0.587259	-0.048927	0.143244	0.048444	0.988501	0.659280	-0.749595	-0.058800	0.738127	0.660122	-0.139313
45653	9.627346	-0.411700	-1.774706	0.337373	-0.600301	-0.036476	0.147410	0.052726	0.987669	0.661805	-0.747361	-0.058877	0.735041	0.662323	-0.145063
45654	9.606783	-0.226417	-1.995253	0.249336	-0.584741	-0.016881	0.151554	0.056750	0.986819	0.663648	-0.745712	-0.059038	0.732532	0.663847	-0.150678
45655	9.454869	-0.112295	-1.809467	0.334350	-0.601049	0.000680	0.155938	0.060781	0.985895	0.666077	-0.743504	-0.059515	0.729400	0.665963	-0.156425
45656	9.826008	0.476200	-1.451839	0.375504	-0.612181	0.025785	0.160530	0.064694	0.984909	0.668758	-0.741029	-0.060326	0.725943	0.668349	-0.162222
45657	9.691597	0.706662	-1.070967	0.350077	-0.616553	0.054012	0.165342	0.068462	0.983857	0.671193	-0.738737	-0.061391	0.722608	0.670508	-0.168095
45658	9.523013	0.331687	-0.598597	0.350414	-0.647057	0.083539	0.170533	0.072212	0.982702	0.673567	-0.736456	-0.062770	0.719184	0.672621	-0.174229
45659	9.469786	-0.278821	-0.307235	0.361268	-0.686398	0.107744	0.176165	0.076084	0.981416	0.675960	-0.734117	-0.064423	0.715572	0.674747	-0.180756
45660	9.672330	-0.733737	-0.201181	0.427997	-0.732344	0.124723	0.182200	0.080141	0.979990	0.678780	-0.731334	-0.066393	0.711379	0.677295	-0.187647
45661	9.553950	-0.823012	-0.220132	0.430472	-0.761766	0.154992	0.188636	0.084217	0.978429	0.681535	-0.728555	-0.068687	0.707055	0.679790	-0.194828
45662	9.312790	-0.597231	-0.568316	0.452922	-0.832630	0.170504	0.195633	0.088668	0.976661	0.684389	-0.725631	-0.071211	0.702381	0.682347	-0.202640
45663	9.862814	-0.079956	-0.398813	0.476371	-0.885218	0.180099	0.203040	0.093451	0.974701	0.687354	-0.722553	-0.073907	0.697366	0.684971	-0.210941
45664	9.527319	0.142485	-0.925039	0.374698	-0.905152	0.208094	0.210730	0.098177	0.972602	0.689519	-0.720195	-0.076697	0.692933	0.686790	-0.219462
45665	9.491543	0.689579	-1.220858	0.407480	-0.954697	0.225860	0.218855	0.103154	0.970289	0.691839	-0.717634	-0.079755	0.688086	0.688739	-0.228424
45666	9.519564	0.782382	-1.001236	0.382247	-1.012915	0.251375	0.227507	0.108357	0.967729	0.693890	-0.715277	-0.083039	0.683196	0.690390	-0.237918
45667	10.035906	0.574976	-0.546466	0.409835	-1.069921	0.261000	0.236571	0.113924	0.964912	0.696066	-0.712748	-0.086506	0.677884	0.692107	-0.247914
45668	10.080044	-0.065427	-0.198219	0.401988	-1.107712	0.276769	0.245944	0.119648	0.961871	0.698105	-0.710298	-0.090146	0.672429	0.693658	-0.258221
45669	10.069887	-0.168016	0.153145	0.497523	-1.184142	0.297183	0.255912	0.125801	0.958480	0.700682	-0.707220	-0.094258	0.665998	0.695711	-0.269133
45670	10.884210	0.739312	0.872780	0.559285	-1.281529	0.322850	0.266632	0.132472	0.954651	0.703537	-0.703752	-0.098840	0.658743	0.697986	-0.280842
45671	11.804671	0.983064	1.916273	0.311534	-1.372296	0.338253	0.277972	0.139704	0.950376	0.704654	-0.702050	-0.102901	0.652836	0.698290	-0.293594
45672	12.097281	-0.426992	2.530014	0.168772	-1.473488	0.322977	0.289793	0.147739	0.945618	0.704829	-0.701348	-0.106426	0.647484	0.697341	-0.307376
45673	12.483184	-1.710054	2.398742	0.271173	-1.634875	0.269655	0.302175	0.157268	0.940190	0.705775	-0.699881	-0.109764	0.640759	0.696730	-0.322483
45674	13.929164	-2.022221	2.528873	0.546366	-1.813787	0.203372	0.315115	0.168512	0.933973	0.708619	-0.696414	-0.113432	0.631317	0.697575	-0.338861
45675	14.464418	-2.992506	3.299081	0.677813	-1.968366	0.229759	0.329007	0.180674	0.926883	0.712120	-0.692092	-0.117868	0.620193	0.698831	-0.356365
45676	14.155188	-1.671672	4.697348	0.799388	-2.173217	0.288499	0.344369	0.193905	0.918592	0.716053	-0.687050	-0.123411	0.607188	0.700259	-0.375445
45677	14.299341	-0.790832	3.821992	0.328859	-2.327213	0.341398	0.360756	0.207832	0.909209	0.716832	-0.685444	-0.127743	0.596663	0.697834	-0.396259
45678	14.097255	-1.224477	3.286322	0.196230	-2.460926	0.354150	0.377815	0.222548	0.898737	0.716685	-0.684849	-0.131699	0.586190	0.693869	-0.418243
45679	13.646057	-1.197768	2.557451	-0.236371	-2.534298	0.330146	0.394854	0.237764	0.887445	0.714040	-0.687244	-0.133574	0.578133	0.686413	-0.441134
45680	12.881947	-1.395381	0.302648	-0.708743	-2.545492	0.250104	0.411249	0.253388	0.875596	0.708954	-0.692691	-0.132524	0.572938	0.675258	-0.464510
45681	12.344456	-1.042930	-2.200525	-0.872988	-2.497705	0.148998	0.426475	0.269044	0.863559	0.703356	-0.698922	-0.129607	0.568691	0.662664	-0.487306
45682	11.891187	-0.345092	-4.481514	-1.098132	-2.393789	0.071175	0.440521	0.284254	0.851552	0.696820	-0.706323	-0.124700	0.566024	0.648312	-0.509224
45683	11.175492	0.135732	-6.640064	-0.942085	-2.281919	-0.022332	0.453155	0.299037	0.839778	0.691615	-0.712302	-0.119560	0.562423	0.634982	-0.529602
45684	10.563547	1.121722	-6.883801	-0.846133	-2.111645	-0.159252	0.463859	0.313472	0.828595	0.687607	-0.717138	-0.113626	0.558598	0.622454	-0.548197
45685	9.785006	-0.376537	-7.229233	-0.743651	-1.894990	-0.234200	0.472716	0.326831	0.818365	0.684574	-0.720973	-0.107498	0.554885	0.611048	-0.564555
45686	8.292477	-0.541071	-7.410444	-0.290148	-1.574257	-0.222972	0.479849	0.338022	0.809621	0.684039	-0.721996	-0.103981	0.549395	0.603708	-0.577669
45687	8.117335	0.255119	-7.147973	-0.158084	-1.301950	-0.182196	0.485637	0.347151	0.802274	0.684066	-0.722320	-0.101528	0.544253	0.598114	-0.588259
45688	9.026693	-0.243741	-5.266007	-0.091434	-0.797727	-0.175788	0.488729	0.353199	0.797743	0.684432	-0.722250	-0.099536	0.541014	0.594647	-0.594725
45689	7.873029	0.785669	-3.593899	-0.119133	-0.206536	-0.236555	0.488142	0.356125	0.796801	0.684954	-0.722117	-0.096876	0.540884	0.593062	-0.596425
45690	7.050751	0.909194	-3.652802	-0.451245	0.310098	-0.385962	0.483781	0.357099	0.799022	0.684384	-0.723412	-0.091064	0.545503	0.590893	-0.594367
45691	6.381248	-0.954341	-5.309798	-0.418993	0.767106	-0.510630	0.475988	0.356255	0.804063	0.684546	-0.724064	-0.084426	0.552116	0.590604	-0.588519
45692	5.834954	-2.296844	-6.242755	0.189662	1.176358	-0.549188	0.465665	0.353264	0.811395	0.688188	-0.720991	-0.081051	0.556376	0.596135	-0.578852
45693	5.829290	-1.676563	-6.200318	0.723992	1.566691	-0.515642	0.453277	0.347533	0.820829	0.694602	-0.714828	-0.080919	0.558630	0.606829	-0.565413
45694	5.729054	-1.593607	-5.843098	1.035980	1.926145	-0.478252	0.439128	0.339130	0.831960	0.702535	-0.706829	-0.082692	0.560010	0.620793	-0.548639
45695	5.898524	-1.605561	-5.631284	1.240735	2.238354	-0.462121	0.423229	0.328288	0.844455	0.711490	-0.697483	-0.085437	0.560945	0.636980	-0.528769
45696	5.882002	-1.232328	-5.338550	1.347437	2.520005	-0.450260	0.405822	0.315152	0.857897	0.720923	-0.687337	-0.088531	0.561764	0.654406	-0.506137
45697	6.129330	-0.546342	-5.210785	1.225420	2.765237	-0.429960	0.387054	0.299746	0.871976	0.729532	-0.677894	-0.090796	0.563891	0.671277	-0.481056
45698	6.755710	-0.350995	-5.731533	0.922984	2.995499	-0.352733	0.367472	0.281809	0.886311	0.736089	-0.670608	-0.091964	0.568451	0.686199	-0.453867
45699	7.075613	-0.934573	-5.827874	0.754919	3.194483	-0.250362	0.347282	0.261330	0.900612	0.741303	-0.664700	-0.092976	0.574339	0.699915	-0.424563
45700	7.093075	-0.408649	-4.964682	0.631078	3.319069	-0.161667	0.326872	0.238978	0.914355	0.745492	-0.659846	-0.094046	0.580858	0.712385	-0.393841
45701	7.589277	0.884541	-4.676819	0.070148	3.404754	-0.065891	0.306341	0.215009	0.927322	0.746114	-0.659201	-0.093637	0.591159	0.720573	-0.362361
45702	7.972414	0.568814	-5.225758	-0.696800	3.485029	0.049315	0.285797	0.189542	0.939358	0.741792	-0.664340	-0.091639	0.606684	0.722998	-0.330467
45703	8.016252	-1.079229	-5.788797	-1.313260	3.564101	0.149412	0.264840	0.162812	0.950448	0.733283	-0.674092	-0.088855	0.626223	0.720480	-0.297913
45704	7.723447	-3.036965	-6.500612	-1.602663	3.626238	0.237963	0.243445	0.135181	0.960448	0.722468	-0.685963	-0.086577	0.647128	0.714969	-0.264658
