// General information: 
//  MT Manager version: 2022.2.0 
//  XDA version: 2022.2.0 build 7381 rev 124627 built on 2023-07-19
// Device information: 
//  DeviceId: 00B4CBA7
//  ProductCode: MTW2-3A7G6
//  Firmware Version: 4.6.0
//  Hardware Version: 2.0.0
// Device settings: 
//  Filter Profile: human(46.1)
//  Option Flags: Orientation Smoother Disabled, Position/Velocity Smoother Disabled, Continuous Zero Rotation Update Disabled, AHS Disabled, ICC Disabled
// Coordinate system: ENU
PacketCounter	Acc_X	Acc_Y	Acc_Z	Gyr_X	Gyr_Y	Gyr_Z	Mat[1][1]	Mat[2][1]	Mat[3][1]	Mat[1][2]	Mat[2][2]	Mat[3][2]	Mat[1][3]	Mat[2][3]	Mat[3][3]
32985	9.898645	-2.998169	-2.200497	1.513042	-0.642483	0.138648	-0.068461	0.012436	0.997576	-0.749026	0.659852	-0.059629	-0.658994	-0.751293	-0.035860
32986	10.024558	-2.160591	-2.302625	1.623565	-0.609662	0.116554	-0.073282	0.008564	0.997275	-0.759528	0.647573	-0.061373	-0.646334	-0.761955	-0.040950
32987	10.767402	-0.264398	-2.802005	1.824131	-0.733073	0.114621	-0.078806	0.003671	0.996883	-0.771089	0.633574	-0.063290	-0.631831	-0.773673	-0.047099
32988	13.458907	3.507169	-2.501136	1.444133	-0.770883	0.154609	-0.084792	-0.001377	0.996398	-0.779991	0.622352	-0.065517	-0.620020	-0.782737	-0.053844
32989	14.854215	3.281250	-0.695437	-0.025430	-0.605514	0.139045	-0.089591	-0.005252	0.995965	-0.779703	0.622570	-0.066855	-0.619707	-0.782547	-0.059872
32990	12.879592	-1.750349	-1.645266	-0.243240	-0.406430	0.132325	-0.093105	-0.007622	0.995627	-0.778062	0.624498	-0.067979	-0.621249	-0.780989	-0.064075
32991	10.797359	-3.403696	-3.591375	0.467732	-0.552281	0.220563	-0.098204	-0.010573	0.995110	-0.780739	0.620873	-0.070452	-0.617092	-0.783840	-0.069227
32992	10.810921	-0.519671	-4.217352	1.081232	-0.705627	0.245043	-0.104409	-0.014635	0.994427	-0.787103	0.612411	-0.073628	-0.607920	-0.790404	-0.075460
32993	10.239686	1.004702	-5.251172	1.042457	-0.592865	0.121501	-0.108910	-0.018604	0.993878	-0.793257	0.604174	-0.075616	-0.599068	-0.796635	-0.080558
32994	9.501768	0.271221	-5.974601	0.807571	-0.482124	0.083430	-0.112406	-0.021972	0.993419	-0.797965	0.597756	-0.077069	-0.592129	-0.801377	-0.084725
32995	9.778173	0.204637	-5.530527	0.736719	-0.408842	0.118767	-0.115728	-0.024559	0.992977	-0.802160	0.591880	-0.078850	-0.585786	-0.805652	-0.088198
32996	10.115151	0.941073	-4.453829	0.516374	-0.264274	0.144090	-0.118389	-0.025859	0.992630	-0.804996	0.587766	-0.080698	-0.581347	-0.808618	-0.090402
32997	10.208782	0.581714	-3.545127	0.092398	-0.125269	0.144248	-0.120244	-0.026037	0.992403	-0.805353	0.587073	-0.082177	-0.580473	-0.809116	-0.091561
32998	10.517217	-0.739196	-2.918108	-0.191427	-0.029540	0.146216	-0.121553	-0.025433	0.992259	-0.804055	0.588676	-0.083409	-0.581997	-0.807969	-0.092005
32999	10.592191	-1.466614	-2.527903	-0.191292	0.038328	0.117552	-0.122240	-0.024445	0.992199	-0.802788	0.590267	-0.084362	-0.583600	-0.806838	-0.091778
33000	10.236840	-1.673533	-1.988342	-0.126797	0.069299	0.069479	-0.122354	-0.023492	0.992208	-0.801954	0.591324	-0.084892	-0.584722	-0.806092	-0.091190
33001	9.775474	-1.712171	-1.461552	0.024764	0.075676	0.035708	-0.122169	-0.022664	0.992251	-0.801943	0.591290	-0.085232	-0.584776	-0.806141	-0.090413
33002	9.124438	-1.373654	-0.998281	0.199975	0.075782	0.035441	-0.121972	-0.021861	0.992293	-0.803059	0.589702	-0.085720	-0.583283	-0.807325	-0.089482
33003	8.582693	-0.725673	-0.453573	0.364216	0.051378	0.063713	-0.122153	-0.021085	0.992287	-0.805091	0.586789	-0.086640	-0.580437	-0.809465	-0.088654
33004	8.389955	0.087376	0.333061	0.446474	0.031790	0.113876	-0.122848	-0.020178	0.992220	-0.807527	0.583211	-0.088121	-0.576896	-0.812070	-0.087941
33005	8.577403	0.543329	0.880827	0.454552	-0.009662	0.167539	-0.124226	-0.019296	0.992066	-0.809925	0.579564	-0.090145	-0.573227	-0.814698	-0.087625
33006	9.210997	0.451250	1.265383	0.361414	-0.057937	0.212501	-0.126241	-0.018557	0.991826	-0.811717	0.576675	-0.092527	-0.570244	-0.816763	-0.087863
33007	9.694912	-0.250923	1.439218	0.271370	-0.097645	0.235038	-0.128671	-0.018015	0.991524	-0.812954	0.574517	-0.095059	-0.567934	-0.818295	-0.088569
33008	9.939029	-1.025491	1.370059	0.211091	-0.162185	0.230099	-0.131423	-0.018039	0.991162	-0.813844	0.572848	-0.097485	-0.566027	-0.819463	-0.089966
33009	9.789268	-1.617474	1.140201	0.191519	-0.237006	0.208905	-0.134426	-0.018799	0.990745	-0.814641	0.571333	-0.099692	-0.564171	-0.820503	-0.092116
33010	9.713344	-1.856714	0.768536	0.170630	-0.300163	0.181571	-0.137557	-0.020243	0.990287	-0.815348	0.569986	-0.101606	-0.562393	-0.821405	-0.094911
33011	9.471241	-2.010313	0.369313	0.167884	-0.327948	0.152568	-0.140606	-0.022078	0.989819	-0.816071	0.568655	-0.103241	-0.560586	-0.822280	-0.097974
33012	9.407486	-1.892481	0.053100	0.189914	-0.374829	0.138520	-0.143795	-0.024392	0.989307	-0.816930	0.567143	-0.104757	-0.558523	-0.823258	-0.101479
33013	9.577531	-1.511908	-0.256369	0.242137	-0.403005	0.131525	-0.147079	-0.026975	0.988757	-0.818082	0.565198	-0.106272	-0.555977	-0.824514	-0.105196
33014	9.761942	-1.314486	-0.573076	0.233325	-0.410134	0.123984	-0.150330	-0.029675	0.988190	-0.819185	0.563326	-0.107703	-0.553477	-0.825702	-0.108994
33015	9.815092	-1.553405	-1.030244	0.282093	-0.417481	0.120167	-0.153588	-0.032429	0.987603	-0.820456	0.561191	-0.109167	-0.550693	-0.827051	-0.112799
33016	9.906307	-1.555513	-1.449648	0.333380	-0.426487	0.102260	-0.156730	-0.035403	0.987007	-0.822121	0.558483	-0.110515	-0.547314	-0.828760	-0.116637
33017	9.797848	-1.576737	-1.685030	0.347916	-0.403682	0.086302	-0.159606	-0.038278	0.986438	-0.823877	0.555644	-0.111742	-0.543831	-0.830539	-0.120221
33018	9.663326	-1.332192	-1.813103	0.337114	-0.387214	0.079254	-0.162319	-0.041073	0.985883	-0.825571	0.552890	-0.112891	-0.540449	-0.832241	-0.123654
33019	9.565996	-1.044844	-1.775050	0.268177	-0.358009	0.075387	-0.164843	-0.043617	0.985355	-0.826792	0.550849	-0.113933	-0.537812	-0.833465	-0.126866
33020	9.596797	-1.013078	-1.641125	0.155168	-0.335344	0.067395	-0.167161	-0.046057	0.984853	-0.827508	0.549602	-0.114752	-0.535993	-0.834156	-0.129985
33021	9.628759	-1.135960	-1.487776	0.095297	-0.322211	0.063719	-0.169386	-0.048373	0.984362	-0.827810	0.548997	-0.115468	-0.534827	-0.834423	-0.133036
33022	9.642318	-1.271612	-1.203065	0.045771	-0.325559	0.056972	-0.171558	-0.050792	0.983864	-0.827952	0.548661	-0.116047	-0.533914	-0.834501	-0.136180
33023	9.624155	-1.395271	-0.895728	0.029002	-0.331446	0.047549	-0.173693	-0.053274	0.983358	-0.827924	0.548604	-0.116518	-0.533266	-0.834384	-0.139395
33024	9.575516	-1.651122	-0.626834	0.016572	-0.351040	0.036779	-0.175829	-0.056016	0.982826	-0.827943	0.548502	-0.116858	-0.532536	-0.834271	-0.142820
33025	9.548301	-1.577037	-0.403125	0.020266	-0.379974	0.024629	-0.178029	-0.059025	0.982253	-0.827907	0.548507	-0.117093	-0.531861	-0.834060	-0.146517
33026	9.477649	-1.433483	-0.276194	-0.024318	-0.413423	0.015792	-0.180318	-0.062401	0.981627	-0.827744	0.548736	-0.117168	-0.531343	-0.833663	-0.150599
33027	9.562344	-1.447478	-0.267345	-0.074843	-0.448952	0.009616	-0.182757	-0.066063	0.980936	-0.827229	0.549525	-0.117112	-0.531312	-0.832862	-0.155079
33028	9.572697	-1.329383	-0.398013	-0.084970	-0.483018	0.008797	-0.185356	-0.070051	0.980171	-0.826757	0.550254	-0.117019	-0.531146	-0.832053	-0.159908
33029	9.617081	-1.038027	-0.607944	-0.097216	-0.513956	0.008761	-0.188134	-0.074248	0.979333	-0.826124	0.551227	-0.116911	-0.531154	-0.831045	-0.165043
33030	9.510513	-0.992952	-0.792813	-0.170822	-0.532120	0.004654	-0.190961	-0.078656	0.978441	-0.825203	0.552665	-0.116625	-0.531577	-0.829683	-0.170445
33031	9.465247	-1.254858	-1.151090	-0.196652	-0.551542	0.000265	-0.193874	-0.083196	0.977492	-0.824056	0.554452	-0.116251	-0.532301	-0.828047	-0.176052
33032	9.470944	-1.497884	-1.495177	-0.194408	-0.570263	-0.002008	-0.196855	-0.087940	0.976481	-0.823020	0.556074	-0.115839	-0.532809	-0.826467	-0.181843
33033	9.575420	-1.593610	-1.863916	-0.177330	-0.576242	-0.014250	-0.199788	-0.092747	0.975440	-0.822003	0.557682	-0.115336	-0.533288	-0.824857	-0.187656
33034	9.538439	-1.651433	-2.283046	-0.171992	-0.571178	-0.023696	-0.202600	-0.097602	0.974385	-0.821129	0.559092	-0.114732	-0.533573	-0.823341	-0.193416
33035	9.492960	-1.860930	-2.481651	-0.174232	-0.566952	-0.038032	-0.205295	-0.102446	0.973323	-0.820176	0.560642	-0.113983	-0.534009	-0.821697	-0.199121
33036	9.642206	-2.080771	-2.592520	-0.154865	-0.537816	-0.060690	-0.207631	-0.107218	0.972314	-0.819470	0.561865	-0.113035	-0.534189	-0.820252	-0.204522
33037	9.758284	-1.937844	-2.516737	-0.093825	-0.522716	-0.097598	-0.209607	-0.112019	0.971348	-0.819071	0.562681	-0.111857	-0.534029	-0.819049	-0.209693
33038	9.869787	-1.776127	-2.317080	-0.078184	-0.518815	-0.122654	-0.211332	-0.116972	0.970390	-0.818908	0.563195	-0.110455	-0.533599	-0.818003	-0.214810
33039	9.993308	-1.725123	-2.063205	-0.011773	-0.516785	-0.136145	-0.212959	-0.121931	0.969423	-0.819033	0.563283	-0.109074	-0.532760	-0.817218	-0.219821
33040	9.995438	-1.252613	-1.756438	0.017564	-0.534477	-0.150545	-0.214530	-0.127161	0.968404	-0.819445	0.562966	-0.107609	-0.531495	-0.816639	-0.224974
33041	9.834314	-0.747553	-1.388851	-0.045568	-0.546435	-0.167440	-0.216048	-0.132529	0.967346	-0.819462	0.563274	-0.105849	-0.530853	-0.815573	-0.230297
33042	9.813942	-0.553453	-0.879055	-0.159937	-0.575237	-0.176627	-0.217616	-0.138228	0.966197	-0.818993	0.564351	-0.103723	-0.530937	-0.813880	-0.236019
33043	9.780920	-0.751142	-0.495192	-0.211241	-0.616165	-0.179846	-0.219406	-0.144217	0.964916	-0.818163	0.565967	-0.101446	-0.531480	-0.811716	-0.242170
33044	9.753047	-0.459276	-0.093498	-0.201030	-0.675063	-0.184952	-0.221442	-0.150754	0.963450	-0.817499	0.567336	-0.099124	-0.531657	-0.809569	-0.248873
33045	9.707808	-0.414061	0.319372	-0.275459	-0.753525	-0.187125	-0.223912	-0.157870	0.961738	-0.816349	0.569425	-0.096591	-0.532389	-0.806741	-0.256378
33046	9.822734	-0.657397	0.495638	-0.269316	-0.840235	-0.188347	-0.226811	-0.165727	0.959735	-0.815336	0.571302	-0.094033	-0.532714	-0.803834	-0.264701
33047	10.045802	-0.474828	0.737498	-0.287191	-0.935196	-0.193434	-0.230209	-0.174297	0.957405	-0.814146	0.573426	-0.091369	-0.533076	-0.800502	-0.273911
33048	10.111202	-0.144274	0.956038	-0.274685	-1.033337	-0.183727	-0.234183	-0.183623	0.954694	-0.813106	0.575303	-0.088800	-0.532933	-0.797063	-0.284031
33049	10.217237	0.668211	1.112690	-0.347970	-1.139371	-0.168560	-0.238878	-0.193610	0.951553	-0.811549	0.577899	-0.086148	-0.533222	-0.792810	-0.295171
33050	10.147936	0.983267	1.190101	-0.523134	-1.234250	-0.143215	-0.244268	-0.204208	0.947962	-0.809099	0.581757	-0.083166	-0.534501	-0.787310	-0.307330
33051	10.195618	1.089179	1.110998	-0.626923	-1.334698	-0.116661	-0.250465	-0.215308	0.943880	-0.805930	0.586574	-0.080055	-0.536419	-0.780752	-0.320439
33052	10.197876	1.253097	1.120860	-0.728526	-1.439295	-0.096238	-0.257389	-0.227076	0.939248	-0.802256	0.592030	-0.076716	-0.538643	-0.773263	-0.334555
33053	10.421299	1.019130	1.214923	-0.815598	-1.540876	-0.068200	-0.265155	-0.239282	0.934043	-0.797928	0.598286	-0.073247	-0.541298	-0.764721	-0.349569
33054	11.125382	0.910126	1.062836	-0.819539	-1.660218	-0.032924	-0.273859	-0.252120	0.928136	-0.793571	0.604443	-0.069962	-0.543366	-0.755701	-0.365607
33055	11.489504	1.247086	1.025071	-0.899668	-1.733221	-0.022320	-0.283114	-0.265213	0.921688	-0.788630	0.611278	-0.066350	-0.545810	-0.745655	-0.382217
33056	12.166115	1.664386	1.566964	-1.052218	-1.810879	-0.002695	-0.292967	-0.278648	0.914617	-0.782877	0.619063	-0.062165	-0.548883	-0.734246	-0.399513
33057	13.265705	1.691950	1.750729	-1.161609	-1.894672	0.024797	-0.303587	-0.292227	0.906884	-0.776302	0.627723	-0.057601	-0.552440	-0.721503	-0.417425
33058	14.540426	2.081715	2.206189	-1.277649	-1.978284	0.048237	-0.314889	-0.306077	0.898422	-0.769071	0.637001	-0.052537	-0.556215	-0.707493	-0.435979
33059	15.690339	3.348658	2.742247	-1.353036	-2.105817	0.102518	-0.327419	-0.320092	0.889010	-0.761084	0.646921	-0.047377	-0.559954	-0.692123	-0.455431
33060	17.153827	4.330319	2.686912	-1.557750	-2.226482	0.201577	-0.341423	-0.334014	0.878559	-0.751653	0.658229	-0.041857	-0.564312	-0.674663	-0.475797
33061	18.059978	4.333608	2.320355	-1.946933	-2.283701	0.325071	-0.356800	-0.346952	0.867363	-0.739358	0.672393	-0.035182	-0.571002	-0.653844	-0.496431
33062	16.584195	3.305379	1.212085	-2.252082	-2.256412	0.367386	-0.372433	-0.358966	0.855825	-0.725066	0.688154	-0.026892	-0.579286	-0.630545	-0.516566
33063	13.926146	0.500498	-0.846219	-2.471647	-2.252615	0.384177	-0.388330	-0.370132	0.843921	-0.709059	0.704942	-0.017095	-0.588588	-0.605028	-0.536195
33064	12.140150	-3.463225	-4.155768	-1.887158	-2.302177	0.424932	-0.404880	-0.380808	0.831299	-0.696228	0.717746	-0.010303	-0.592738	-0.582945	-0.555731
33065	10.950301	-5.037752	-6.768313	-1.332942	-2.333875	0.472063	-0.421896	-0.390777	0.818106	-0.686389	0.727204	-0.006614	-0.592346	-0.564330	-0.575029
33066	10.933167	-6.482886	-8.445262	-0.899535	-2.391608	0.540285	-0.439668	-0.400159	0.804093	-0.678756	0.734342	-0.005688	-0.588203	-0.548284	-0.594477
33067	11.925132	-5.719299	-8.485302	-0.472434	-2.378694	0.550186	-0.457219	-0.408982	0.789737	-0.673540	0.739116	-0.007180	-0.580770	-0.535203	-0.613404
33068	12.178371	-3.762581	-7.920818	-0.194269	-2.274908	0.514880	-0.473752	-0.417247	0.775541	-0.670030	0.742267	-0.009954	-0.571505	-0.524352	-0.631218
33069	11.718835	-2.583480	-6.861848	-0.379102	-2.001916	0.430609	-0.487930	-0.424417	0.762755	-0.665822	0.746032	-0.010811	-0.564452	-0.513134	-0.646597
33070	9.797623	-2.232796	-6.656264	-0.488642	-1.665355	0.314605	-0.499344	-0.430546	0.751855	-0.661530	0.749852	-0.009956	-0.559494	-0.502346	-0.659253
33071	7.749919	-2.931234	-6.889850	-0.690719	-1.359608	0.172256	-0.508003	-0.435995	0.742860	-0.656823	0.754016	-0.006624	-0.557240	-0.491293	-0.669414
33072	5.299707	-3.565927	-9.143157	-0.256801	-1.218919	0.087401	-0.515308	-0.441306	0.734647	-0.654959	0.755645	-0.005493	-0.552708	-0.483994	-0.678427
33073	2.701937	-3.165736	-8.620240	-0.366471	-1.263500	0.025579	-0.522369	-0.447165	0.726068	-0.652826	0.757502	-0.003150	-0.548589	-0.475641	-0.687616
33074	2.306406	-1.789481	-7.505582	-0.449949	-1.206899	0.016351	-0.529043	-0.452756	0.717722	-0.650288	0.759688	-0.000108	-0.545196	-0.466784	-0.696329
33075	3.760341	-0.845003	-6.662169	-0.565648	-0.974348	0.012005	-0.534366	-0.457162	0.710954	-0.647162	0.762343	0.003788	-0.543722	-0.458079	-0.703228
33076	4.861877	-0.944003	-6.256568	-0.726543	-0.567538	0.018681	-0.537545	-0.459624	0.706959	-0.643115	0.765718	0.008825	-0.545388	-0.449913	-0.707199
33077	4.818640	-1.869084	-5.923602	-0.686665	-0.144879	0.068227	-0.538717	-0.459741	0.705990	-0.639008	0.769086	0.013224	-0.549047	-0.444010	-0.708098
33078	4.248990	-3.222600	-6.249389	-0.267062	0.223061	0.154668	-0.538444	-0.457589	0.707595	-0.636715	0.770971	0.014066	-0.551972	-0.442963	-0.706478
33079	4.439080	-4.187827	-6.674935	0.358721	0.481729	0.234820	-0.537223	-0.453626	0.711066	-0.637450	0.770428	0.009891	-0.552312	-0.447955	-0.703056
33080	4.713360	-4.274693	-6.434032	1.098128	0.754798	0.274209	-0.534788	-0.448120	0.716373	-0.642039	0.766672	0.000289	-0.549352	-0.459785	-0.697718
33081	4.899130	-3.151889	-6.202216	1.664552	0.999817	0.221293	-0.530698	-0.441738	0.723344	-0.649977	0.759845	-0.012842	-0.543957	-0.476972	-0.690368
33082	4.788390	-2.169040	-6.052616	1.851256	1.270800	0.079949	-0.524310	-0.434975	0.732049	-0.659585	0.751177	-0.026069	-0.538559	-0.496517	-0.680753
33083	4.538216	-1.895353	-6.165028	1.839633	1.513218	-0.050267	-0.515806	-0.427670	0.742322	-0.669733	0.741624	-0.038099	-0.534230	-0.516809	-0.668959
33084	3.889291	-1.748266	-6.180963	1.701223	1.671204	-0.118463	-0.506070	-0.419767	0.753451	-0.679411	0.732158	-0.048435	-0.531314	-0.536415	-0.655717
33085	3.668536	-1.808474	-6.279876	1.530775	1.783799	-0.137970	-0.495609	-0.411021	0.765136	-0.688241	0.723215	-0.057300	-0.529807	-0.554996	-0.641314
33086	3.693512	-1.939437	-6.325611	1.422664	1.886531	-0.133809	-0.484659	-0.401368	0.777180	-0.696439	0.714645	-0.065235	-0.529224	-0.572875	-0.625888
33087	4.031033	-1.719447	-6.262940	1.250550	2.009508	-0.133524	-0.473029	-0.390617	0.789722	-0.703718	0.706832	-0.071897	-0.530117	-0.589751	-0.609237
33088	4.511831	-1.740226	-6.360209	1.096039	2.155267	-0.161971	-0.460399	-0.378897	0.802789	-0.710305	0.699655	-0.077139	-0.532447	-0.605740	-0.591252
33089	4.981072	-1.998428	-6.619038	0.895090	2.301241	-0.205429	-0.446584	-0.366197	0.816372	-0.716035	0.693388	-0.080666	-0.536523	-0.620575	-0.571865
33090	5.265060	-2.207604	-6.776947	0.694504	2.422370	-0.224731	-0.431868	-0.352575	0.830169	-0.720774	0.688223	-0.082669	-0.542194	-0.634066	-0.551349
33091	5.506529	-2.175571	-6.781314	0.572002	2.509831	-0.222532	-0.416521	-0.338007	0.843956	-0.724851	0.683780	-0.083883	-0.548727	-0.646681	-0.529814
33092	5.742414	-2.036217	-6.836220	0.382900	2.583191	-0.218228	-0.400625	-0.322668	0.857546	-0.727863	0.680563	-0.083965	-0.556521	-0.657814	-0.507508
33093	6.226896	-2.185553	-6.813736	0.236783	2.645191	-0.219320	-0.384144	-0.306602	0.870878	-0.730061	0.678294	-0.083229	-0.565193	-0.667766	-0.484401
33094	6.573827	-2.215631	-6.644869	0.260875	2.727454	-0.227073	-0.366917	-0.289812	0.883957	-0.732402	0.675865	-0.082421	-0.573549	-0.677654	-0.460246
33095	6.773210	-1.378253	-6.305636	0.341684	2.788113	-0.203425	-0.349285	-0.272123	0.896632	-0.735111	0.672954	-0.082126	-0.581044	-0.687809	-0.435094
33096	7.180934	-0.362458	-6.186293	0.300640	2.847050	-0.152294	-0.331477	-0.253449	0.908783	-0.737388	0.670477	-0.081973	-0.588542	-0.697298	-0.409138
33097	7.239183	0.091870	-5.795136	0.011622	2.940046	-0.115117	-0.313145	-0.233587	0.920531	-0.737833	0.670111	-0.080952	-0.597948	-0.704548	-0.382190
33098	7.076652	0.013035	-5.505743	-0.161007	2.985362	-0.065362	-0.294620	-0.212929	0.931590	-0.737060	0.671111	-0.079707	-0.608229	-0.710121	-0.354664
33099	7.250332	-0.469951	-5.331909	-0.238628	3.013855	-0.001048	-0.276084	-0.191440	0.941875	-0.735602	0.672807	-0.078870	-0.618601	-0.714619	-0.326575
33100	7.452874	-0.956556	-5.360756	-0.086376	3.008373	0.076325	-0.257867	-0.169375	0.951219	-0.734856	0.673574	-0.079276	-0.627288	-0.719452	-0.298159
33101	7.583281	-0.957062	-5.081438	0.144155	2.992958	0.145998	-0.240031	-0.146749	0.959609	-0.735402	0.672764	-0.081066	-0.633694	-0.725157	-0.269404
33102	7.782771	-0.626448	-5.002455	0.466534	2.955119	0.208627	-0.222753	-0.123833	0.966978	-0.737879	0.669658	-0.084220	-0.637115	-0.732273	-0.240542
33103	8.063457	-0.366557	-4.748652	0.651212	2.914109	0.244782	-0.205940	-0.100725	0.973367	-0.741507	0.665142	-0.088054	-0.638558	-0.739892	-0.211668
33104	8.511201	-0.200929	-4.589946	0.785024	2.873756	0.274908	-0.189597	-0.077549	0.978795	-0.745969	0.659562	-0.092241	-0.638422	-0.747639	-0.182900
33105	8.849013	-0.088069	-4.329515	0.819666	2.832973	0.282844	-0.173616	-0.054355	0.983312	-0.750567	0.653727	-0.096385	-0.637579	-0.754776	-0.154295
33106	9.144332	-0.274567	-3.963284	0.844806	2.803484	0.299508	-0.157982	-0.031171	0.986950	-0.755442	0.647466	-0.100475	-0.635884	-0.761457	-0.125836
33107	9.488012	0.116392	-3.456538	0.888545	2.730024	0.294991	-0.142861	-0.008351	0.989707	-0.760520	0.640871	-0.104371	-0.633403	-0.767603	-0.097907
33108	9.721566	0.628617	-2.969783	0.721521	2.668904	0.283349	-0.128103	0.013986	0.991662	-0.764691	0.635326	-0.107743	-0.631536	-0.772117	-0.070693
33109	9.785713	0.974235	-2.612343	0.475735	2.597480	0.282516	-0.113830	0.035901	0.992851	-0.767235	0.631721	-0.110806	-0.631183	-0.774364	-0.044365
33110	9.908378	0.866488	-2.322242	0.122266	2.503593	0.298485	-0.100258	0.057149	0.993319	-0.767678	0.630656	-0.113767	-0.632944	-0.773956	-0.019356
33111	9.962890	0.357604	-1.868044	-0.144792	2.386828	0.328373	-0.087583	0.077696	0.993123	-0.766332	0.631700	-0.117002	-0.636446	-0.771309	0.004215
33112	9.988315	0.225966	-1.621511	-0.260957	2.215099	0.354893	-0.076120	0.096968	0.992372	-0.764365	0.633420	-0.120524	-0.640275	-0.767709	0.025903
33113	9.914616	0.536397	-1.135148	-0.400914	2.014828	0.388329	-0.066084	0.114879	0.991179	-0.761392	0.636225	-0.124503	-0.644915	-0.762903	0.045423
33114	9.732634	1.008461	-0.615518	-0.511252	1.770507	0.423033	-0.057797	0.131017	0.989694	-0.757807	0.639614	-0.128928	-0.649914	-0.757449	0.062318
33115	9.607735	1.306802	-0.229643	-0.791649	1.512754	0.452810	-0.051274	0.145349	0.988051	-0.752264	0.645104	-0.133937	-0.656863	-0.750143	0.076264
33116	9.385749	1.168860	0.236897	-1.066326	1.241434	0.484488	-0.046656	0.157730	0.986379	-0.744963	0.652345	-0.139552	-0.665472	-0.741328	0.087068
33117	9.126241	0.936631	0.652999	-1.253793	0.942298	0.513256	-0.044106	0.168047	0.984792	-0.736314	0.660760	-0.145731	-0.675201	-0.731544	0.094591
33118	8.929988	0.494185	0.369328	-1.263701	0.630103	0.546765	-0.043787	0.176241	0.983373	-0.727467	0.669028	-0.152296	-0.684744	-0.722040	0.098915
33119	8.643569	0.351109	0.566820	-1.232602	0.309497	0.571796	-0.045753	0.182314	0.982175	-0.718703	0.676865	-0.159122	-0.693810	-0.713172	0.100061
33120	8.448088	0.041695	0.670927	-1.128778	0.000083	0.569501	-0.049786	0.186168	0.981256	-0.710539	0.683847	-0.165793	-0.701894	-0.705475	0.098234
33121	9.147657	-0.415890	1.181344	-1.196299	-0.260801	0.541674	-0.055418	0.188065	0.980592	-0.701796	0.691244	-0.172233	-0.710219	-0.697720	0.093676
33122	8.092496	-0.398973	-0.624845	-0.536095	-0.640132	0.442315	-0.063034	0.186648	0.980402	-0.697703	0.694173	-0.177015	-0.713608	-0.695188	0.086469
33123	8.219994	-0.217726	-1.986221	-0.296785	-0.999593	0.278519	-0.072079	0.181637	0.980720	-0.695384	0.695740	-0.179964	-0.715015	-0.694949	0.076159
33124	8.107584	-0.190301	-2.723378	0.083210	-1.241122	0.097054	-0.081584	0.173647	0.981423	-0.695890	0.695012	-0.180819	-0.713499	-0.697714	0.064138
33125	9.202037	-1.218609	-2.554102	0.497561	-1.371458	-0.048996	-0.090961	0.163696	0.982308	-0.699460	0.691626	-0.180026	-0.708860	-0.703460	0.051588
33126	10.975496	-2.645308	-2.120900	1.183686	-1.273179	-0.114031	-0.099088	0.153869	0.983110	-0.707890	0.683444	-0.178316	-0.699338	-0.713603	0.041202
33127	11.372708	-4.246904	-2.576330	2.016429	-1.101247	-0.120839	-0.105807	0.145106	0.983742	-0.721949	0.669098	-0.176345	-0.683809	-0.728870	0.033963
33128	10.850687	-4.689162	-3.874300	2.923228	-0.977195	-0.119352	-0.111470	0.137076	0.984269	-0.741730	0.647680	-0.174202	-0.661370	-0.749480	0.029476
33129	10.193495	-2.999911	-4.177472	3.377821	-0.872021	-0.105664	-0.116275	0.129788	0.984701	-0.763628	0.622273	-0.172189	-0.635101	-0.771966	0.026755
33130	9.875752	-0.873393	-1.630596	2.422464	-0.750518	-0.063096	-0.120444	0.123530	0.985004	-0.778842	0.603484	-0.170918	-0.615548	-0.787749	0.023524
33131	10.600250	-0.150951	-1.323182	1.503197	-0.851913	0.173755	-0.126945	0.117834	0.984886	-0.787671	0.591514	-0.172296	-0.602876	-0.797638	0.017724
33132	15.172094	5.047613	-1.623141	0.657990	-1.145383	0.355777	-0.136582	0.110745	0.984419	-0.791138	0.585866	-0.175675	-0.596192	-0.802806	0.007596
33133	19.045609	4.096159	0.448538	-1.391003	-0.877526	0.180898	-0.143231	0.104820	0.984123	-0.782411	0.596944	-0.177455	-0.606067	-0.795406	-0.003488
33134	16.085269	-2.591523	-2.382612	-1.430659	-0.700901	-0.098159	-0.146712	0.098664	0.984246	-0.773802	0.608390	-0.176330	-0.616203	-0.787482	-0.012912
33135	9.854221	-6.516589	-5.606237	-0.392608	-0.794792	-0.243585	-0.149686	0.090941	0.984543	-0.771625	0.611864	-0.173832	-0.618215	-0.785717	-0.021415
33136	7.735158	-3.646247	-5.811873	1.203403	-1.074948	-0.279543	-0.154066	0.080735	0.984757	-0.779415	0.602621	-0.171346	-0.607269	-0.793933	-0.029917
33137	8.391115	0.007273	-5.463422	1.658514	-0.977666	-0.208658	-0.158255	0.071693	0.984792	-0.789580	0.589683	-0.169814	-0.592890	-0.804446	-0.036713
33138	8.391144	1.850944	-3.634090	1.256079	-0.768147	-0.037334	-0.162432	0.065248	0.984560	-0.797010	0.579576	-0.169900	-0.581713	-0.812302	-0.042138
33139	9.153585	2.542947	-2.440482	0.559630	-0.555074	0.130857	-0.166653	0.061498	0.984096	-0.799926	0.575099	-0.171403	-0.576494	-0.815769	-0.046648
33140	9.832277	2.350084	-1.454390	-0.320624	-0.395145	0.203889	-0.170524	0.059437	0.983559	-0.797724	0.577610	-0.173210	-0.578409	-0.814146	-0.051083
33141	10.427998	0.314479	-0.822323	-0.974221	-0.310541	0.158140	-0.173549	0.057847	0.983125	-0.791671	0.585584	-0.174207	-0.585779	-0.808545	-0.055832
33142	10.164103	-2.476604	-0.476100	-0.995886	-0.305507	0.102084	-0.176116	0.055970	0.982777	-0.785616	0.593570	-0.174589	-0.593119	-0.802833	-0.060566
33143	9.675401	-3.575130	-0.293264	-0.491626	-0.359392	0.071468	-0.178774	0.053526	0.982433	-0.782453	0.597631	-0.174944	-0.596496	-0.799983	-0.064960
33144	9.470286	-3.047063	-0.067401	-0.046591	-0.437412	0.063144	-0.181838	0.050387	0.982037	-0.782055	0.597991	-0.175491	-0.596092	-0.799917	-0.069332
33145	9.327752	-2.566637	-0.071471	0.264367	-0.480477	0.073600	-0.185234	0.046991	0.981570	-0.783379	0.595997	-0.176366	-0.593301	-0.801610	-0.073587
33146	9.458193	-1.828517	-0.279649	0.397621	-0.518456	0.097916	-0.189029	0.043393	0.981012	-0.785541	0.592781	-0.177585	-0.589231	-0.804194	-0.077966
33147	9.696992	-1.255637	-0.481682	0.243774	-0.524915	0.087820	-0.192769	0.039702	0.980441	-0.786695	0.590941	-0.178606	-0.586473	-0.805737	-0.082681
33148	9.865681	-1.534824	-0.764952	0.034340	-0.490550	0.073129	-0.196180	0.036164	0.979901	-0.786748	0.590657	-0.179309	-0.585269	-0.806112	-0.087423
33149	9.974188	-2.420947	-1.156011	-0.134597	-0.445977	0.047859	-0.199132	0.032869	0.979421	-0.785755	0.591883	-0.179620	-0.585607	-0.805353	-0.092035
33150	9.834042	-2.932596	-1.557899	-0.031135	-0.415528	0.031588	-0.201774	0.029693	0.978982	-0.785504	0.592144	-0.179857	-0.585039	-0.805285	-0.096155
33151	9.864519	-2.603591	-1.852822	-0.013511	-0.420503	0.002930	-0.204222	0.026341	0.978570	-0.785308	0.592410	-0.179836	-0.584452	-0.805206	-0.100297
33152	9.901099	-2.518140	-2.189213	-0.022876	-0.390470	-0.025307	-0.206266	0.023030	0.978225	-0.785222	0.592620	-0.179522	-0.583850	-0.805153	-0.104154
33153	9.977919	-2.386632	-2.458172	-0.037587	-0.350957	-0.045197	-0.207929	0.019954	0.977940	-0.784985	0.593090	-0.179004	-0.583579	-0.804889	-0.107657
33154	9.954773	-2.297156	-2.612067	-0.047007	-0.319272	-0.059008	-0.209290	0.017018	0.977706	-0.784829	0.593499	-0.178333	-0.583302	-0.804655	-0.110857
33155	9.989026	-2.160559	-2.599196	-0.062455	-0.288890	-0.065647	-0.210431	0.014321	0.977504	-0.784491	0.594170	-0.177585	-0.583346	-0.804212	-0.113797
33156	9.918748	-1.911994	-2.431616	-0.084077	-0.259120	-0.078693	-0.211287	0.011753	0.977353	-0.784161	0.594875	-0.176676	-0.583480	-0.803732	-0.116474
33157	9.928588	-1.597833	-2.077960	-0.113081	-0.247496	-0.087443	-0.212020	0.009260	0.977222	-0.783574	0.595951	-0.175653	-0.584002	-0.802968	-0.119098
33158	10.022464	-1.288894	-1.447695	-0.155086	-0.221920	-0.081253	-0.212642	0.006977	0.977105	-0.782836	0.597221	-0.174629	-0.584766	-0.802047	-0.121532
33159	9.920070	-0.728587	-0.817997	-0.146728	-0.222082	-0.076959	-0.213313	0.004752	0.976972	-0.782029	0.598559	-0.173661	-0.585601	-0.801065	-0.123964
33160	9.538859	-0.937554	-0.304704	-0.220159	-0.227278	-0.086730	-0.213930	0.002396	0.976846	-0.780919	0.600343	-0.172494	-0.586856	-0.799739	-0.126560
33161	9.227682	-1.650245	0.042074	-0.201857	-0.260958	-0.066911	-0.214914	-0.000076	0.976633	-0.779764	0.602114	-0.171545	-0.588031	-0.798410	-0.129462
33162	9.137174	-2.044767	0.156184	-0.141118	-0.289709	-0.060703	-0.216107	-0.002771	0.976366	-0.779060	0.603257	-0.170724	-0.588527	-0.797542	-0.132527
33163	9.139966	-2.223932	0.265439	-0.146350	-0.333994	-0.049189	-0.217665	-0.005713	0.976007	-0.778192	0.604578	-0.170010	-0.589101	-0.796526	-0.136041
33164	9.233691	-2.389138	0.113151	-0.145030	-0.370955	-0.043124	-0.219477	-0.008945	0.975577	-0.777427	0.605747	-0.169345	-0.589438	-0.795607	-0.139902
33165	9.165701	-2.279562	-0.071679	-0.154012	-0.416666	-0.047315	-0.221541	-0.012525	0.975071	-0.776510	0.607121	-0.168629	-0.589874	-0.794510	-0.144228
33166	9.169596	-1.849557	-0.457853	-0.174114	-0.460322	-0.051967	-0.223816	-0.016513	0.974491	-0.775594	0.608514	-0.167823	-0.590220	-0.793371	-0.149003
33167	9.108603	-1.663466	-0.790333	-0.230045	-0.486013	-0.058426	-0.226210	-0.020700	0.973859	-0.774254	0.610480	-0.166869	-0.591067	-0.791761	-0.154124
33168	9.035479	-1.898488	-1.259025	-0.260957	-0.505798	-0.059745	-0.228702	-0.025084	0.973173	-0.772842	0.612548	-0.165834	-0.591955	-0.790036	-0.159477
33169	8.942701	-2.239020	-1.580900	-0.211444	-0.519683	-0.070751	-0.231211	-0.029597	0.972453	-0.771639	0.614350	-0.164767	-0.592550	-0.788478	-0.164883
33170	8.993849	-2.349678	-1.886368	-0.117766	-0.546865	-0.069625	-0.233875	-0.034353	0.971659	-0.771099	0.615273	-0.163848	-0.592207	-0.787566	-0.170387
33171	9.125740	-2.222509	-2.023131	-0.061883	-0.555371	-0.080243	-0.236524	-0.039195	0.970835	-0.770807	0.615882	-0.162926	-0.591534	-0.786863	-0.175883
33172	9.128813	-1.955347	-2.029384	-0.023323	-0.559378	-0.086918	-0.239122	-0.044149	0.969985	-0.770873	0.616046	-0.161997	-0.590404	-0.786472	-0.181344
33173	9.044858	-1.593443	-1.997791	-0.063311	-0.561501	-0.088735	-0.241733	-0.049086	0.969100	-0.770599	0.616654	-0.160985	-0.589697	-0.785703	-0.186891
33174	9.033232	-1.817768	-1.975859	-0.101198	-0.547758	-0.091170	-0.244222	-0.053968	0.968217	-0.770220	0.617418	-0.159865	-0.589166	-0.784782	-0.192354
33175	9.172433	-2.296001	-1.940639	-0.046571	-0.544091	-0.094162	-0.246684	-0.058792	0.967311	-0.770063	0.617881	-0.158828	-0.588345	-0.784071	-0.197695
33176	9.454910	-2.133292	-1.976438	0.058784	-0.543862	-0.102831	-0.249049	-0.063710	0.966393	-0.770660	0.617373	-0.157906	-0.586564	-0.784087	-0.202855
33177	9.569130	-1.562867	-1.905617	0.108702	-0.561164	-0.099751	-0.251552	-0.068700	0.965402	-0.771433	0.616605	-0.157131	-0.584477	-0.784270	-0.208106
33178	9.618226	-1.162723	-1.844962	0.063537	-0.554436	-0.102143	-0.253962	-0.073696	0.964403	-0.772059	0.616049	-0.156235	-0.582605	-0.784253	-0.213350
33179	9.565797	-1.073992	-1.733950	0.001661	-0.561297	-0.102583	-0.256424	-0.078701	0.963355	-0.772217	0.616108	-0.155214	-0.581315	-0.783720	-0.218759
33180	9.586967	-1.082152	-1.612150	-0.028429	-0.568083	-0.103065	-0.258889	-0.083805	0.962265	-0.772315	0.616262	-0.154114	-0.580092	-0.783070	-0.224267
33181	9.639547	-1.391304	-1.382688	-0.055520	-0.580991	-0.103847	-0.261444	-0.088963	0.961110	-0.772151	0.616757	-0.152954	-0.579164	-0.782110	-0.229940
33182	9.680919	-1.613146	-1.096532	-0.016240	-0.604786	-0.109953	-0.264055	-0.094388	0.959878	-0.772343	0.616797	-0.151814	-0.577721	-0.781442	-0.235768
33183	9.583020	-1.782583	-0.754115	-0.002989	-0.648527	-0.121423	-0.266849	-0.100172	0.958518	-0.772536	0.616852	-0.150607	-0.576177	-0.780679	-0.241993
33184	9.651479	-2.124509	-0.603800	0.060965	-0.705372	-0.133050	-0.269839	-0.106516	0.956996	-0.773241	0.616252	-0.149436	-0.573833	-0.780313	-0.248652
33185	9.854200	-1.783482	-0.445983	0.134186	-0.773384	-0.135841	-0.273206	-0.113354	0.955254	-0.774267	0.615204	-0.148440	-0.570850	-0.780176	-0.255844
33186	10.088288	-1.286942	-0.538010	0.102308	-0.837609	-0.136278	-0.276881	-0.120744	0.953288	-0.775222	0.614260	-0.147360	-0.567774	-0.779811	-0.263680
33187	10.248231	-0.783233	-0.655646	-0.010628	-0.886166	-0.142196	-0.280770	-0.128535	0.951129	-0.775556	0.614178	-0.145942	-0.565404	-0.778630	-0.272129
33188	10.183922	-0.502627	-0.718513	-0.187368	-0.918556	-0.153624	-0.284730	-0.136639	0.948820	-0.774930	0.615443	-0.143918	-0.564280	-0.776247	-0.281121
33189	10.043469	-0.520422	-0.731640	-0.315353	-0.959149	-0.155985	-0.288902	-0.145043	0.946308	-0.773597	0.617677	-0.141502	-0.563989	-0.772941	-0.290653
33190	10.092948	-0.460259	-0.852283	-0.371025	-1.009841	-0.148006	-0.293416	-0.153764	0.943538	-0.771934	0.620329	-0.138960	-0.563937	-0.769122	-0.300710
33191	10.074591	-0.264568	-0.967648	-0.429770	-1.066714	-0.145519	-0.298277	-0.162861	0.940482	-0.769940	0.623404	-0.136236	-0.564113	-0.764751	-0.311341
33192	10.139388	-0.122319	-0.967343	-0.476956	-1.116473	-0.134259	-0.303508	-0.172230	0.937134	-0.767652	0.626826	-0.133417	-0.564441	-0.759886	-0.322460
33193	10.022193	0.063597	-0.939077	-0.512199	-1.171676	-0.127091	-0.309114	-0.181913	0.933465	-0.765149	0.630488	-0.130508	-0.564797	-0.754581	-0.334083
33194	9.913052	0.098694	-0.859509	-0.561905	-1.227833	-0.115661	-0.315131	-0.191893	0.929446	-0.762335	0.634505	-0.127472	-0.565277	-0.748720	-0.346239
33195	10.016529	-0.139262	-0.709528	-0.642743	-1.287854	-0.110059	-0.321541	-0.202204	0.925054	-0.759050	0.639086	-0.124144	-0.566086	-0.742080	-0.358975
33196	10.183508	-0.450646	-0.805640	-0.665595	-1.350034	-0.113992	-0.328288	-0.212925	0.920266	-0.755651	0.643773	-0.120612	-0.566762	-0.734996	-0.372240
33197	10.478719	-0.299817	-0.674205	-0.687462	-1.417369	-0.109281	-0.335460	-0.224006	0.915034	-0.752118	0.648567	-0.116961	-0.567261	-0.727449	-0.386047
33198	10.826389	0.454299	-0.233215	-0.785722	-1.477790	-0.104285	-0.343031	-0.235392	0.909351	-0.748012	0.654017	-0.112872	-0.568162	-0.718924	-0.400425
33199	10.821627	1.020266	0.400425	-0.965254	-1.527400	-0.094935	-0.350973	-0.246930	0.903241	-0.742851	0.660682	-0.108031	-0.570079	-0.708890	-0.415314
33200	10.763088	1.104739	1.057139	-1.175312	-1.598761	-0.086492	-0.359436	-0.258765	0.896575	-0.736442	0.668732	-0.102233	-0.573114	-0.697021	-0.430931
33201	11.029381	1.433921	1.959722	-1.343107	-1.697526	-0.087940	-0.368503	-0.271082	0.889224	-0.729044	0.677771	-0.095503	-0.576801	-0.683477	-0.447392
33202	11.804966	1.852398	3.054687	-1.523300	-1.825731	-0.067511	-0.378549	-0.283903	0.880966	-0.720479	0.687882	-0.087909	-0.581043	-0.667995	-0.464943
33203	12.527136	2.658687	3.771575	-1.673660	-1.950518	-0.037261	-0.389606	-0.297029	0.871769	-0.710867	0.698808	-0.079598	-0.585556	-0.650723	-0.483407
33204	13.055451	3.719433	4.333956	-1.904699	-2.079704	0.015147	-0.401910	-0.310274	0.861509	-0.699606	0.711063	-0.070289	-0.590779	-0.630967	-0.502853
33205	14.858635	4.069428	3.771013	-2.141148	-2.247132	0.183291	-0.416458	-0.322890	0.849885	-0.686154	0.724910	-0.060819	-0.596452	-0.608480	-0.523447
33206	17.160843	3.272322	2.283236	-2.424248	-2.342840	0.395212	-0.433156	-0.333977	0.837159	-0.669939	0.740652	-0.051158	-0.602958	-0.583005	-0.544562
33207	16.802759	0.971118	-0.640935	-2.405413	-2.311720	0.428258	-0.449925	-0.343956	0.824173	-0.653485	0.755811	-0.041319	-0.608707	-0.557175	-0.564829
33208	13.442717	-2.341405	-3.539073	-2.130009	-2.384857	0.309488	-0.466445	-0.354620	0.810354	-0.639075	0.768497	-0.031553	-0.611565	-0.532595	-0.585090
33209	11.599051	-3.302818	-5.230409	-1.565512	-2.591898	0.281806	-0.483979	-0.365972	0.794877	-0.628193	0.777674	-0.024438	-0.609211	-0.511163	-0.606279
33210	11.228905	-4.070214	-7.095440	-1.145957	-2.659174	0.303172	-0.501961	-0.376974	0.778412	-0.619757	0.784547	-0.019707	-0.603272	-0.492318	-0.627444
33211	11.728923	-5.423142	-8.316231	-0.773039	-2.651059	0.353472	-0.519948	-0.387032	0.761485	-0.613335	0.789630	-0.017453	-0.594537	-0.476121	-0.647947
33212	12.240064	-5.604670	-8.754027	-0.600250	-2.537581	0.361890	-0.537091	-0.396091	0.744745	-0.607891	0.793855	-0.016185	-0.584809	-0.461417	-0.667153
33213	12.067627	-5.643254	-8.205054	-0.545742	-2.344317	0.312371	-0.552515	-0.404264	0.728902	-0.603040	0.797574	-0.014760	-0.575386	-0.447712	-0.684459
33214	11.356991	-5.536211	-7.566863	-0.362885	-2.073346	0.236446	-0.565740	-0.411569	0.714528	-0.599657	0.800136	-0.013910	-0.565994	-0.436341	-0.699469
33215	9.844653	-4.904007	-7.296458	-0.115337	-1.774927	0.118395	-0.576347	-0.418292	0.702037	-0.598353	0.801112	-0.013903	-0.556595	-0.428079	-0.712005
33216	8.604862	-4.728987	-7.494190	-0.058064	-1.433279	-0.091560	-0.583690	-0.425143	0.691780	-0.598574	0.800965	-0.012803	-0.548648	-0.421555	-0.721995
33217	7.063598	-5.143804	-7.210953	0.048649	-1.021503	-0.290055	-0.587461	-0.431748	0.684459	-0.600558	0.799503	-0.011134	-0.542420	-0.417598	-0.728967
33218	4.769595	-5.331494	-8.804855	0.801235	-0.768004	-0.411136	-0.589078	-0.438272	0.678900	-0.607298	0.794348	-0.014147	-0.533083	-0.420628	-0.734094
33219	2.297326	-4.322376	-9.655374	1.146992	-0.816949	-0.500842	-0.590261	-0.445687	0.673020	-0.616319	0.787263	-0.019191	-0.521290	-0.426123	-0.739376
33220	1.623558	-2.670566	-8.635660	0.915951	-0.860659	-0.526841	-0.591403	-0.453528	0.666750	-0.624170	0.780967	-0.022415	-0.510544	-0.429421	-0.744945
33221	2.620169	-1.109139	-7.214449	0.669563	-0.684059	-0.488695	-0.591746	-0.460272	0.661805	-0.630473	0.775836	-0.024153	-0.502335	-0.431542	-0.749287
33222	3.473716	-0.371300	-6.289085	0.463012	-0.366768	-0.463530	-0.590614	-0.465473	0.659173	-0.635540	0.771678	-0.024521	-0.497256	-0.433414	-0.751591
33223	4.085928	-0.463793	-5.735481	0.207444	0.037253	-0.489265	-0.587256	-0.469075	0.659620	-0.639473	0.768475	-0.022835	-0.496190	-0.435219	-0.751252
33224	4.400850	-1.062571	-5.797440	0.210522	0.477141	-0.495953	-0.581673	-0.470820	0.663314	-0.643430	0.765214	-0.021088	-0.497649	-0.439062	-0.748044
33225	4.055727	-1.841497	-5.982974	0.305208	0.868746	-0.414815	-0.574605	-0.470140	0.669923	-0.647372	0.761897	-0.020578	-0.500738	-0.445514	-0.742145
33226	4.378422	-2.594208	-5.988053	0.540395	1.195120	-0.234420	-0.567047	-0.466566	0.678803	-0.651437	0.758356	-0.022940	-0.504071	-0.455206	-0.733962
33227	5.128233	-2.973004	-5.880610	0.950853	1.558705	-0.062991	-0.558705	-0.459827	0.690223	-0.656616	0.753651	-0.029419	-0.506660	-0.469648	-0.722998
33228	4.571683	-2.658266	-5.741938	1.302484	1.904347	-0.025219	-0.548838	-0.450923	0.703878	-0.663379	0.747291	-0.038525	-0.508630	-0.488082	-0.709275
33229	4.511405	-2.317832	-5.670811	1.620305	2.195866	-0.127840	-0.536751	-0.440903	0.719377	-0.672342	0.738619	-0.048960	-0.509759	-0.509947	-0.692892
33230	4.570585	-2.114057	-6.209136	1.795917	2.443555	-0.256155	-0.522515	-0.430055	0.736228	-0.682872	0.728125	-0.059325	-0.510553	-0.533748	-0.674129
33231	4.610251	-1.793471	-6.800224	1.729480	2.616144	-0.353558	-0.506651	-0.418321	0.753865	-0.693553	0.717175	-0.068156	-0.512142	-0.557376	-0.653485
33232	4.697761	-1.425860	-7.115944	1.367869	2.768882	-0.422270	-0.489428	-0.405627	0.771963	-0.702700	0.707661	-0.073676	-0.516404	-0.578517	-0.631383
33233	4.812444	-1.382099	-6.832026	1.056107	2.891214	-0.452082	-0.471159	-0.391787	0.790261	-0.710375	0.699635	-0.076672	-0.522855	-0.597506	-0.607955
33234	5.176440	-1.361182	-6.797096	0.849766	3.051910	-0.455212	-0.451794	-0.376474	0.808795	-0.716960	0.692732	-0.078045	-0.530896	-0.615134	-0.582889
33235	5.803958	-1.359937	-6.701953	0.514638	3.233791	-0.474586	-0.430989	-0.359585	0.827615	-0.721827	0.687768	-0.077075	-0.541492	-0.630614	-0.555979
33236	6.374407	-1.585462	-6.528980	0.236077	3.430052	-0.489244	-0.408620	-0.341099	0.846570	-0.725179	0.684549	-0.074210	-0.554206	-0.644239	-0.527078
33237	6.771210	-1.805188	-6.340367	0.098994	3.597778	-0.483879	-0.384871	-0.320975	0.865361	-0.727664	0.682295	-0.070557	-0.567784	-0.656847	-0.496158
33238	6.936285	-2.184550	-6.404536	0.003836	3.714753	-0.478312	-0.359999	-0.299640	0.883525	-0.729470	0.680788	-0.066345	-0.581614	-0.668389	-0.463661
33239	7.075668	-2.581274	-6.595587	0.076692	3.774798	-0.453551	-0.334445	-0.277250	0.900710	-0.731502	0.678957	-0.062624	-0.594181	-0.679816	-0.429883
33240	7.333499	-2.461505	-6.821318	0.324718	3.796400	-0.392731	-0.308782	-0.253887	0.916622	-0.734710	0.675691	-0.060348	-0.604032	-0.692086	-0.395175
33241	7.642159	-1.449809	-6.622293	0.569886	3.815202	-0.336454	-0.283076	-0.229469	0.931242	-0.739172	0.670895	-0.059375	-0.611141	-0.705156	-0.359531
33242	7.835764	-0.262411	-6.240926	0.620508	3.857875	-0.254452	-0.257460	-0.203742	0.944565	-0.743668	0.665936	-0.059059	-0.616987	-0.717648	-0.322968
33243	8.033835	0.459378	-5.903597	0.573472	3.919242	-0.176316	-0.231816	-0.176535	0.956607	-0.747653	0.661454	-0.059113	-0.622316	-0.728913	-0.285322
33244	8.451516	0.897645	-5.482115	0.539543	3.966892	-0.081619	-0.206384	-0.147977	0.967217	-0.751197	0.657371	-0.059717	-0.626984	-0.738895	-0.246831
