// General information: 
//  MT Manager version: 2022.2.0 
//  XDA version: 2022.2.0 build 7381 rev 124627 built on 2023-07-19
// Device information: 
//  DeviceId: 00B4CB9F
//  ProductCode: MTW2-3A7G6
//  Firmware Version: 4.6.0
//  Hardware Version: 2.0.0
// Device settings: 
//  Filter Profile: human(46.1)
//  Option Flags: Orientation Smoother Disabled, Position/Velocity Smoother Disabled, Continuous Zero Rotation Update Disabled, AHS Disabled, ICC Disabled
// Coordinate system: ENU
PacketCounter	Acc_X	Acc_Y	Acc_Z	Gyr_X	Gyr_Y	Gyr_Z	Mat[1][1]	Mat[2][1]	Mat[3][1]	Mat[1][2]	Mat[2][2]	Mat[3][2]	Mat[1][3]	Mat[2][3]	Mat[3][3]
56007	9.554667	0.057523	1.230061	-0.133862	-0.040181	-0.152404	-0.087812	-0.149927	0.984790	0.839672	-0.543038	-0.007801	0.535948	0.826215	0.173575
56008	9.592252	-0.083353	1.334769	-0.114753	-0.050597	-0.153388	-0.088778	-0.148648	0.984897	0.838957	-0.544159	-0.006506	0.536907	0.825709	0.173019
56009	9.565277	-0.086301	1.519411	-0.090093	-0.049954	-0.148252	-0.089687	-0.147407	0.985001	0.838371	-0.545075	-0.005236	0.537672	0.825327	0.172468
56010	9.535118	0.012860	1.674611	-0.050753	-0.050546	-0.149860	-0.090621	-0.146146	0.985104	0.837999	-0.545658	-0.003863	0.538095	0.825166	0.171918
56011	9.556237	0.189298	1.887886	-0.011531	-0.052973	-0.148592	-0.091515	-0.144876	0.985209	0.837832	-0.545923	-0.002454	0.538204	0.825214	0.171342
56012	9.560148	0.474393	2.013340	0.022868	-0.057542	-0.142084	-0.092345	-0.143599	0.985318	0.837860	-0.545884	-0.001031	0.538017	0.825464	0.170726
56013	9.609160	0.781644	2.027686	0.037239	-0.051213	-0.135786	-0.093141	-0.142414	0.985415	0.837965	-0.545724	0.000336	0.537717	0.825774	0.170167
56014	9.676503	1.001167	2.059974	0.035846	-0.036710	-0.133757	-0.094015	-0.141354	0.985485	0.838069	-0.545562	0.001699	0.537403	0.826064	0.169755
56015	9.690929	1.214927	2.022965	0.019374	-0.019193	-0.121561	-0.094865	-0.140510	0.985524	0.838088	-0.545527	0.002895	0.537223	0.826231	0.169512
56016	9.721420	1.183694	2.009610	-0.009774	-0.012640	-0.117538	-0.095733	-0.139738	0.985550	0.837961	-0.545716	0.004022	0.537268	0.826237	0.169338
56017	9.798096	1.008622	1.982422	-0.038437	0.001303	-0.102975	-0.096537	-0.139165	0.985552	0.837685	-0.546131	0.004937	0.537554	0.826059	0.169298
56018	9.782177	0.752475	1.794924	-0.054419	0.012280	-0.099264	-0.097387	-0.138697	0.985535	0.837334	-0.546661	0.005809	0.537948	0.825787	0.169373
56019	9.731832	0.589218	1.677291	-0.058589	0.016723	-0.076004	-0.098047	-0.138398	0.985511	0.836974	-0.547204	0.006424	0.538387	0.825478	0.169487
56020	9.700712	0.522679	1.555363	-0.031468	0.017887	-0.051841	-0.098530	-0.138234	0.985486	0.836792	-0.547478	0.006869	0.538583	0.825323	0.169616
56021	9.649974	0.606111	1.638814	-0.011157	0.017767	-0.036857	-0.098868	-0.138158	0.985463	0.836726	-0.547575	0.007178	0.538624	0.825272	0.169738
56022	9.602539	0.637170	1.664326	-0.011707	0.010635	-0.029056	-0.099122	-0.138059	0.985451	0.836671	-0.547655	0.007432	0.538661	0.825236	0.169794
56023	9.593885	0.678774	1.702188	-0.022176	0.007258	-0.023477	-0.099291	-0.137969	0.985447	0.836559	-0.547824	0.007591	0.538804	0.825138	0.169813
56024	9.444057	0.646870	1.672075	-0.043420	-0.000630	-0.016910	-0.099383	-0.137843	0.985455	0.836346	-0.548148	0.007672	0.539118	0.824944	0.169761
56025	9.556749	0.619409	1.774948	-0.064986	-0.044273	-0.033183	-0.099356	-0.137275	0.985537	0.835993	-0.548684	0.007854	0.539670	0.824683	0.169276
56026	9.745159	0.509249	1.676027	-0.082807	-0.014756	-0.030607	-0.099486	-0.136957	0.985569	0.835553	-0.549351	0.008003	0.540327	0.824291	0.169087
56027	9.726413	0.297485	1.687725	-0.077865	-0.008560	-0.023281	-0.099568	-0.136737	0.985591	0.835140	-0.549979	0.008067	0.540951	0.823909	0.168955
56028	9.696142	0.226713	1.563162	-0.057412	-0.004531	-0.017797	-0.099646	-0.136574	0.985605	0.834849	-0.550418	0.008134	0.541384	0.823643	0.168866
56029	9.734780	0.217351	1.501786	-0.052907	0.003435	-0.007059	-0.099658	-0.136542	0.985609	0.834586	-0.550818	0.008079	0.541788	0.823381	0.168850
56030	9.798568	0.203874	1.321738	-0.035081	0.010764	0.002007	-0.099653	-0.136614	0.985599	0.834436	-0.551046	0.007989	0.542019	0.823216	0.168909
56031	9.840589	0.256231	1.195293	-0.003245	0.007923	0.014975	-0.099505	-0.136741	0.985597	0.834464	-0.551007	0.007801	0.542004	0.823222	0.168933
56032	9.899631	0.343409	0.985946	0.036894	0.000729	0.030664	-0.099207	-0.136887	0.985606	0.834733	-0.550603	0.007550	0.541645	0.823467	0.168888
56033	9.921956	0.481624	0.840841	0.044381	-0.016657	0.031463	-0.098788	-0.136902	0.985646	0.835035	-0.550149	0.007280	0.541256	0.823768	0.168666
56034	9.836784	0.567617	0.692779	0.045084	-0.030965	0.031922	-0.098308	-0.136793	0.985710	0.835348	-0.549676	0.007030	0.540859	0.824102	0.168307
56035	9.736624	0.659672	0.629482	0.022027	-0.052786	0.034524	-0.097668	-0.136526	0.985810	0.835532	-0.549402	0.006692	0.540692	0.824329	0.167731
56036	9.545486	0.570182	0.720436	-0.008883	-0.072010	0.031013	-0.096973	-0.136072	0.985941	0.835552	-0.549375	0.006361	0.540786	0.824422	0.166970
56037	9.495405	0.324879	0.894034	-0.015060	-0.089893	0.028901	-0.096179	-0.135469	0.986102	0.835529	-0.549414	0.006016	0.540964	0.824495	0.166030
56038	9.435627	0.076545	1.099133	-0.000459	-0.102639	0.036843	-0.095270	-0.134793	0.986283	0.835599	-0.549311	0.005641	0.541016	0.824675	0.164966
56039	9.364534	-0.216812	1.331229	0.030202	-0.131530	0.039622	-0.094161	-0.133905	0.986511	0.835830	-0.548963	0.005265	0.540852	0.825051	0.163612
56040	9.708101	-0.359991	1.573144	0.073726	-0.131376	0.060137	-0.092901	-0.133118	0.986736	0.836323	-0.548217	0.004781	0.540309	0.825674	0.162260
56041	9.698552	-0.389535	1.664592	0.120248	-0.117241	0.094073	-0.091415	-0.132643	0.986939	0.837089	-0.547053	0.004012	0.539375	0.826522	0.161043
56042	9.753804	-0.163846	1.707957	0.185692	-0.093376	0.117755	-0.089879	-0.132482	0.987102	0.838233	-0.545304	0.003137	0.537855	0.827703	0.160062
56043	9.796876	0.294848	1.677214	0.228402	-0.067278	0.141248	-0.088267	-0.132672	0.987222	0.839615	-0.543179	0.002072	0.535963	0.829069	0.159338
56044	9.847292	0.785081	1.597341	0.248007	-0.035136	0.143016	-0.086830	-0.133124	0.987289	0.841103	-0.540874	0.001043	0.533859	0.830502	0.158935
56045	9.928506	1.305779	1.637307	0.214559	-0.012170	0.129817	-0.085607	-0.133701	0.987317	0.842388	-0.538871	0.000067	0.532028	0.831710	0.158759
56046	9.966904	1.640126	1.741878	0.125808	0.001831	0.101051	-0.084719	-0.134227	0.987323	0.843180	-0.537631	-0.000741	0.530915	0.832427	0.158725
56047	9.854579	1.663621	1.782323	-0.000818	0.015950	0.069058	-0.084155	-0.134709	0.987305	0.843263	-0.537499	-0.001460	0.530872	0.832435	0.158829
56048	9.724895	1.371554	1.726648	-0.119837	0.025974	0.042303	-0.083892	-0.135119	0.987271	0.842699	-0.538381	-0.002076	0.531809	0.831799	0.159031
56049	9.658876	0.849580	1.674616	-0.210349	0.021338	0.026639	-0.083715	-0.135418	0.987245	0.841630	-0.540047	-0.002709	0.533526	0.830669	0.159182
56050	9.671609	0.369811	1.576072	-0.237647	0.037050	0.029560	-0.083621	-0.135852	0.987194	0.840423	-0.541921	-0.003387	0.535441	0.829377	0.159489
56051	9.739598	0.029038	1.467552	-0.219774	0.043347	0.045933	-0.083402	-0.136439	0.987132	0.839312	-0.543634	-0.004227	0.537215	0.828159	0.159855
56052	9.821079	-0.060628	1.382488	-0.172655	0.059167	0.070592	-0.083084	-0.137279	0.987042	0.838480	-0.544907	-0.005208	0.538561	0.827182	0.160379
56053	9.833086	-0.026631	1.215228	-0.136742	0.067534	0.094615	-0.082589	-0.138332	0.986936	0.837851	-0.545862	-0.006396	0.539615	0.826377	0.160983
56054	9.855690	0.195459	1.138872	-0.120242	0.062956	0.108805	-0.081973	-0.139412	0.986836	0.837329	-0.546645	-0.007671	0.540519	0.825677	0.161544
56055	9.824746	0.391649	1.062096	-0.118119	0.053895	0.113835	-0.081246	-0.140458	0.986747	0.836813	-0.547415	-0.009021	0.541427	0.824990	0.162013
56056	9.836743	0.496211	1.025693	-0.141127	0.030778	0.109316	-0.080454	-0.141277	0.986696	0.836174	-0.548366	-0.010335	0.542531	0.824218	0.162250
56057	9.867698	0.513571	1.004337	-0.162416	0.017601	0.096168	-0.079680	-0.141928	0.986665	0.835399	-0.549522	-0.011583	0.543838	0.823336	0.162353
56058	9.790469	0.409276	0.992866	-0.197351	0.001358	0.090449	-0.078888	-0.142402	0.986660	0.834434	-0.550959	-0.012802	0.545432	0.822293	0.162289
56059	9.668870	0.283159	0.945953	-0.228671	-0.017763	0.086886	-0.078000	-0.142715	0.986686	0.833283	-0.552668	-0.014065	0.547317	0.821091	0.162030
56060	9.589947	0.085342	1.012123	-0.246632	-0.033344	0.090441	-0.077019	-0.142907	0.986735	0.832039	-0.554504	-0.015363	0.549344	0.819819	0.161612
56061	9.312299	-0.135860	1.140909	-0.242874	-0.040029	0.092021	-0.075968	-0.143069	0.986793	0.830803	-0.556316	-0.016698	0.551358	0.818562	0.161124
56062	9.469909	-0.447660	1.317711	-0.220689	-0.075113	0.089061	-0.074769	-0.142915	0.986907	0.829690	-0.557936	-0.017938	0.553195	0.817485	0.160291
56063	9.571896	-0.660636	1.394373	-0.192888	-0.060277	0.103940	-0.073507	-0.142983	0.986992	0.828728	-0.559318	-0.019307	0.554803	0.816529	0.159608
56064	9.690739	-0.821363	1.609409	-0.137466	-0.038121	0.126894	-0.072198	-0.143347	0.987036	0.828096	-0.560201	-0.020785	0.555918	0.815860	0.159150
56065	9.772934	-0.879323	1.807502	-0.047280	-0.022471	0.140786	-0.070841	-0.143932	0.987049	0.827964	-0.560338	-0.022285	0.556289	0.815662	0.158865
56066	9.763728	-0.732952	1.891560	0.048140	-0.006380	0.164345	-0.069399	-0.144765	0.987029	0.828385	-0.559652	-0.023838	0.555843	0.815986	0.158761
56067	9.846253	-0.449467	1.963197	0.114106	-0.004874	0.178038	-0.067830	-0.145700	0.987001	0.829171	-0.558416	-0.025450	0.554865	0.816666	0.158688
56068	9.856299	-0.121985	1.944877	0.120939	0.010647	0.180570	-0.066345	-0.146760	0.986945	0.830001	-0.557106	-0.027048	0.553803	0.817370	0.158772
56069	9.777901	0.162784	1.859808	0.070304	0.016581	0.171487	-0.064946	-0.147830	0.986878	0.830532	-0.556233	-0.028664	0.553171	0.817772	0.158902
56070	9.665259	0.304803	1.805660	-0.003122	0.020897	0.153423	-0.063742	-0.148819	0.986808	0.830651	-0.555974	-0.030190	0.553132	0.817769	0.159056
56071	9.537387	0.240833	1.583009	-0.083888	0.009072	0.124496	-0.062692	-0.149565	0.986762	0.830295	-0.556428	-0.031588	0.553786	0.817324	0.159067
56072	9.542207	0.044582	1.568386	-0.154369	0.001464	0.100854	-0.061818	-0.150104	0.986736	0.829541	-0.557480	-0.032835	0.555014	0.816508	0.158980
56073	9.247014	-0.234827	1.508566	-0.194611	0.000074	0.075064	-0.061129	-0.150503	0.986718	0.828535	-0.558909	-0.033920	0.556591	0.815456	0.158863
56074	9.586792	-0.375453	1.543860	-0.207402	-0.006414	0.057322	-0.060574	-0.150738	0.986716	0.827452	-0.560456	-0.034822	0.558260	0.814351	0.158677
56075	9.734119	-0.520642	1.519167	-0.222446	-0.010878	0.036043	-0.060148	-0.150831	0.986728	0.826260	-0.562166	-0.035566	0.560069	0.813154	0.158439
56076	9.656616	-0.596225	1.432268	-0.215618	-0.012711	0.037163	-0.059725	-0.150903	0.986743	0.825111	-0.563805	-0.036281	0.561805	0.812005	0.158185
56077	9.603760	-0.550102	1.272897	-0.200200	-0.037586	0.032303	-0.059180	-0.150760	0.986797	0.824034	-0.565335	-0.036951	0.563442	0.810967	0.157688
56078	9.642185	-0.618534	1.290364	-0.194456	-0.057039	0.026160	-0.058597	-0.150412	0.986885	0.822990	-0.566815	-0.037523	0.565025	0.809998	0.157002
56079	9.555564	-0.748431	1.316205	-0.174871	-0.068678	0.017780	-0.057996	-0.149938	0.986993	0.822041	-0.568158	-0.038008	0.566467	0.809145	0.156206
56080	9.447114	-0.853942	1.390819	-0.134100	-0.086324	0.020279	-0.057293	-0.149321	0.987128	0.821331	-0.569156	-0.038425	0.567567	0.808557	0.155251
56081	9.440480	-0.891958	1.430302	-0.084525	-0.082592	0.026421	-0.056540	-0.148784	0.987252	0.820896	-0.569754	-0.038852	0.568271	0.808235	0.154351
56082	9.669347	-0.874255	1.546196	-0.020258	-0.095102	0.035922	-0.055658	-0.148187	0.987392	0.820840	-0.569809	-0.039247	0.568440	0.808306	0.153352
56083	9.541732	-0.811160	1.651793	0.053500	-0.076710	0.053161	-0.054719	-0.147850	0.987495	0.821203	-0.569252	-0.039725	0.568007	0.808760	0.152564
56084	9.473443	-0.785881	1.790873	0.116933	-0.073235	0.065824	-0.053716	-0.147599	0.987588	0.821940	-0.568153	-0.040207	0.567035	0.809578	0.151836
56085	9.593846	-0.743300	1.898562	0.161732	-0.056737	0.066901	-0.052777	-0.147499	0.987653	0.822922	-0.566698	-0.040658	0.565698	0.810615	0.151289
56086	9.720152	-0.738288	1.970006	0.206202	-0.031540	0.069976	-0.051976	-0.147606	0.987680	0.824161	-0.564867	-0.041047	0.563966	0.811873	0.151011
56087	9.668316	-0.669306	1.888608	0.235835	-0.020604	0.075480	-0.051170	-0.147844	0.987686	0.825557	-0.562793	-0.041473	0.561994	0.813269	0.150852
56088	9.641159	-0.480084	1.735772	0.236935	-0.029217	0.079172	-0.050305	-0.148019	0.987704	0.826964	-0.560691	-0.041908	0.560001	0.814687	0.150612
56089	9.644456	-0.338544	1.712217	0.235496	-0.036805	0.074771	-0.049414	-0.148117	0.987735	0.828347	-0.558615	-0.042328	0.558032	0.816095	0.150295
56090	9.559710	-0.268477	1.636717	0.206712	-0.040080	0.069875	-0.048564	-0.148147	0.987772	0.829570	-0.556767	-0.042718	0.556288	0.817351	0.149937
56091	9.538603	-0.296829	1.624913	0.173000	-0.036600	0.053948	-0.047847	-0.148127	0.987810	0.830586	-0.555226	-0.043028	0.554832	0.818402	0.149598
56092	9.561077	-0.375841	1.657900	0.154647	-0.031854	0.036634	-0.047319	-0.148036	0.987849	0.831497	-0.553850	-0.043169	0.553510	0.819351	0.149299
56093	9.559724	-0.448458	1.667219	0.142064	-0.020861	0.020397	-0.046967	-0.147957	0.987878	0.832321	-0.552609	-0.043194	0.552301	0.820203	0.149103
56094	9.556125	-0.489545	1.661447	0.129868	-0.014424	0.011042	-0.046749	-0.147867	0.987902	0.833079	-0.551470	-0.043120	0.551175	0.820985	0.148966
56095	9.591396	-0.417696	1.641106	0.112826	-0.007346	-0.003360	-0.046670	-0.147767	0.987920	0.833728	-0.550502	-0.042955	0.550200	0.821652	0.148890
56096	9.621221	-0.408494	1.686317	0.106387	-0.004943	-0.014481	-0.046717	-0.147614	0.987941	0.834342	-0.549594	-0.042664	0.549264	0.822288	0.148837
56097	9.641244	-0.451626	1.706642	0.095894	0.002099	-0.024347	-0.046866	-0.147477	0.987955	0.834886	-0.548794	-0.042317	0.548425	0.822846	0.148846
56098	9.596539	-0.570820	1.701993	0.101519	-0.001534	-0.029838	-0.047060	-0.147268	0.987976	0.835464	-0.547946	-0.041882	0.547526	0.823448	0.148824
56099	9.583201	-0.661099	1.672961	0.109723	0.001813	-0.036122	-0.047306	-0.147064	0.987995	0.836076	-0.547049	-0.041397	0.546570	0.824081	0.148835
56100	9.646477	-0.701731	1.652648	0.131868	0.001193	-0.036428	-0.047570	-0.146843	0.988015	0.836815	-0.545960	-0.040852	0.545415	0.824843	0.148851
56101	9.896132	-0.595353	1.699420	0.159825	0.016177	-0.025471	-0.047805	-0.146816	0.988008	0.837702	-0.544632	-0.040398	0.544031	0.825725	0.149024
56102	9.435629	-0.629103	1.654334	0.191664	0.017079	-0.026003	-0.048070	-0.146783	0.988000	0.838766	-0.543030	-0.039867	0.542365	0.826785	0.149220
56103	9.602646	-0.480081	1.788449	0.223073	0.007024	-0.037619	-0.048357	-0.146616	0.988011	0.839984	-0.541193	-0.039198	0.540451	0.828018	0.149326
56104	9.756486	-0.199303	1.764865	0.231977	0.008688	-0.035330	-0.048655	-0.146465	0.988019	0.841254	-0.539266	-0.038514	0.538446	0.829301	0.149452
56105	9.705210	0.051617	1.642484	0.195401	0.019579	-0.032565	-0.048968	-0.146430	0.988008	0.842317	-0.537646	-0.037936	0.536754	0.830358	0.149668
56106	9.637573	0.061757	1.516056	0.149785	0.008546	-0.041328	-0.049316	-0.146247	0.988018	0.843135	-0.536406	-0.037315	0.535436	0.831193	0.149759
56107	9.800911	0.015306	1.470991	0.103982	0.006358	-0.048184	-0.049690	-0.146019	0.988033	0.843696	-0.535565	-0.036719	0.534517	0.831775	0.149808
56108	9.561609	-0.181431	1.279383	0.077264	-0.001255	-0.054819	-0.050100	-0.145683	0.988062	0.844117	-0.534945	-0.036073	0.533814	0.832232	0.149774
56109	9.665489	-0.365302	1.242372	0.070588	-0.018633	-0.060569	-0.050446	-0.145182	0.988118	0.844491	-0.534398	-0.035404	0.533189	0.832671	0.149563
56110	9.712384	-0.490772	1.245297	0.080120	-0.029315	-0.060649	-0.050757	-0.144581	0.988190	0.844922	-0.533763	-0.034696	0.532475	0.833183	0.149252
56111	9.798840	-0.606508	1.259781	0.104689	-0.036037	-0.054219	-0.050957	-0.143969	0.988269	0.845480	-0.532921	-0.034040	0.531571	0.833827	0.148879
56112	9.805515	-0.588190	1.277201	0.149227	-0.042227	-0.044205	-0.051061	-0.143348	0.988354	0.846284	-0.531684	-0.033393	0.530279	0.834724	0.148462
56113	9.722286	-0.560241	1.430961	0.180133	-0.043433	-0.035639	-0.051067	-0.142774	0.988437	0.847248	-0.530184	-0.032809	0.528737	0.835776	0.148040
56114	9.657239	-0.425623	1.488250	0.201739	-0.045278	-0.040568	-0.051126	-0.142147	0.988524	0.848327	-0.528498	-0.032122	0.526999	0.836949	0.147607
56115	9.661230	-0.272663	1.601830	0.200031	-0.051531	-0.037695	-0.051109	-0.141494	0.988619	0.849388	-0.526829	-0.031490	0.525289	0.838111	0.147109
56116	9.608238	-0.165729	1.641312	0.184778	-0.052750	-0.036242	-0.051094	-0.140828	0.988715	0.850373	-0.525274	-0.030873	0.523694	0.839199	0.146594
56117	9.650534	-0.074490	1.779174	0.170624	-0.050824	-0.039374	-0.051098	-0.140171	0.988808	0.851273	-0.523850	-0.030269	0.522230	0.840198	0.146091
56118	9.610860	-0.097057	1.833550	0.160672	-0.041345	-0.043927	-0.051210	-0.139560	0.988888	0.852122	-0.522504	-0.029613	0.520831	0.841138	0.145680
56119	9.625832	-0.095038	1.888235	0.151308	-0.026581	-0.053430	-0.051462	-0.139035	0.988949	0.852910	-0.521258	-0.028900	0.519516	0.841997	0.145409
56120	9.636467	0.039110	1.896097	0.165291	-0.005735	-0.051685	-0.051828	-0.138684	0.988980	0.853774	-0.519881	-0.028160	0.518057	0.842906	0.145349
56121	9.589458	0.179311	1.888526	0.162487	-0.001688	-0.055605	-0.052228	-0.138357	0.989004	0.854614	-0.518541	-0.027410	0.516631	0.843785	0.145325
56122	9.665242	0.305805	1.735385	0.129006	-0.007604	-0.063211	-0.052685	-0.137933	0.989039	0.855280	-0.517482	-0.026609	0.515480	0.844504	0.145235
56123	9.941321	0.418217	1.531396	0.071715	0.000591	-0.044766	-0.053005	-0.137683	0.989057	0.855653	-0.516891	-0.026098	0.514828	0.844907	0.145206
56124	9.441295	0.243921	1.432409	0.010755	-0.013390	-0.064536	-0.053444	-0.137202	0.989100	0.855708	-0.516832	-0.025455	0.514691	0.845021	0.145027
56125	9.666153	-0.010060	1.464995	-0.031384	-0.027338	-0.086525	-0.053979	-0.136500	0.989168	0.855528	-0.517168	-0.024681	0.514936	0.844929	0.144696
56126	9.825709	-0.239823	1.443248	-0.042406	-0.020552	-0.090208	-0.054600	-0.135827	0.989227	0.855295	-0.517592	-0.023861	0.515257	0.844778	0.144432
56127	9.778789	-0.416503	1.509399	-0.023093	-0.004892	-0.094785	-0.055320	-0.135271	0.989263	0.855151	-0.517869	-0.022992	0.515419	0.844697	0.144326
56128	9.741055	-0.538615	1.600079	0.013280	0.005820	-0.087799	-0.056057	-0.134832	0.989281	0.855205	-0.517818	-0.022115	0.515249	0.844799	0.144337
56129	9.630463	-0.405422	1.556497	0.035987	-0.003265	-0.077960	-0.056642	-0.134377	0.989310	0.855374	-0.517572	-0.021328	0.514905	0.845022	0.144259
56130	9.634812	-0.212085	1.529987	0.055670	-0.011973	-0.066227	-0.057103	-0.133901	0.989348	0.855657	-0.517134	-0.020604	0.514384	0.845366	0.144103
56131	9.639050	-0.019302	1.502232	0.057026	-0.025521	-0.063581	-0.057450	-0.133332	0.989405	0.855941	-0.516690	-0.019929	0.513872	0.845727	0.143808
56132	9.606674	0.132813	1.479123	0.039435	-0.028450	-0.059815	-0.057772	-0.132750	0.989464	0.856143	-0.516379	-0.019292	0.513499	0.846009	0.143485
56133	9.622576	0.225145	1.448904	0.005185	-0.028263	-0.070982	-0.058169	-0.132120	0.989525	0.856156	-0.516382	-0.018618	0.513433	0.846105	0.143153
56134	9.659013	0.200592	1.455231	-0.018108	-0.024506	-0.075856	-0.058649	-0.131488	0.989581	0.856053	-0.516578	-0.017904	0.513550	0.846084	0.142858
56135	9.629298	0.127015	1.422512	-0.037376	-0.025446	-0.081915	-0.059154	-0.130826	0.989639	0.855840	-0.516955	-0.017183	0.513846	0.845957	0.142546
56136	9.689756	0.099450	1.453783	-0.041439	-0.020789	-0.080733	-0.059694	-0.130200	0.989689	0.855613	-0.517354	-0.016454	0.514162	0.845809	0.142284
56137	9.717515	0.021086	1.437703	-0.030796	-0.016142	-0.085647	-0.060279	-0.129596	0.989733	0.855431	-0.517679	-0.015686	0.514397	0.845703	0.142065
56138	9.744647	-0.075785	1.492667	-0.002020	-0.013272	-0.083626	-0.060882	-0.129018	0.989772	0.855404	-0.517747	-0.014872	0.514370	0.845749	0.141884
56139	9.666614	-0.160857	1.482345	0.052939	-0.016335	-0.075743	-0.061381	-0.128464	0.989813	0.855658	-0.517351	-0.014083	0.513889	0.846077	0.141677
56140	9.645913	-0.107752	1.458360	0.081978	-0.031928	-0.063558	-0.061718	-0.127832	0.989874	0.856074	-0.516681	-0.013349	0.513155	0.846581	0.141322
56141	9.665106	-0.025567	1.374093	0.088970	-0.039216	-0.060019	-0.061965	-0.127166	0.989944	0.856521	-0.515957	-0.012665	0.512380	0.847123	0.140892
56142	9.668362	0.023260	1.373571	0.080215	-0.029598	-0.055101	-0.062242	-0.126599	0.989999	0.856931	-0.515290	-0.012018	0.511659	0.847613	0.140559
56143	9.688737	0.108769	1.434977	0.075404	-0.009086	-0.047459	-0.062537	-0.126253	0.990025	0.857315	-0.514665	-0.011478	0.510980	0.848045	0.140425
56144	9.689127	0.243795	1.620578	0.083514	0.008991	-0.042499	-0.062904	-0.126078	0.990024	0.857749	-0.513952	-0.010951	0.510206	0.848503	0.140473
56145	9.744174	0.512599	1.649945	0.080965	0.029789	-0.037956	-0.063317	-0.126111	0.989993	0.858165	-0.513266	-0.010498	0.509454	0.848913	0.140723
56146	9.689651	0.803021	1.668745	0.044846	0.042951	-0.041749	-0.063851	-0.126229	0.989944	0.858401	-0.512881	-0.010031	0.508990	0.849128	0.141103
56147	9.642288	0.908890	1.682100	-0.036805	0.039553	-0.048885	-0.064407	-0.126289	0.989900	0.858210	-0.513209	-0.009635	0.509243	0.848921	0.141437
56148	9.623964	0.875316	1.625849	-0.111704	0.034742	-0.058653	-0.065046	-0.126250	0.989864	0.857637	-0.514173	-0.009222	0.510126	0.848343	0.141721
56149	10.115707	0.710642	1.565097	-0.176124	0.035316	-0.058795	-0.065665	-0.126222	0.989826	0.856726	-0.515694	-0.008926	0.511575	0.847424	0.142001
56150	9.218181	0.360072	1.333714	-0.225989	0.051018	-0.057423	-0.066377	-0.126324	0.989766	0.855565	-0.517623	-0.008688	0.513423	0.846232	0.142437
56151	9.256786	-0.027419	1.418327	-0.209044	0.016023	-0.064959	-0.066949	-0.126099	0.989756	0.854474	-0.519426	-0.008379	0.515162	0.845160	0.142524
56152	9.396501	-0.180145	1.505265	-0.190243	0.017992	-0.070127	-0.067600	-0.125853	0.989743	0.853481	-0.521064	-0.007964	0.516722	0.844188	0.142637
56153	9.541916	-0.229215	1.528248	-0.148148	0.036783	-0.061385	-0.068249	-0.125820	0.989703	0.852701	-0.522345	-0.007604	0.517923	0.843401	0.142936
56154	9.659230	-0.173015	1.497671	-0.110695	0.065008	-0.062125	-0.069074	-0.126011	0.989621	0.852119	-0.523298	-0.007156	0.518769	0.842781	0.143522
56155	9.673459	-0.062433	1.406792	-0.084916	0.072825	-0.071423	-0.069995	-0.126227	0.989529	0.851657	-0.524058	-0.006608	0.519404	0.842277	0.144183
56156	9.857511	0.068111	1.492287	-0.083169	0.067832	-0.069558	-0.070898	-0.126401	0.989442	0.851211	-0.524789	-0.006048	0.520013	0.841795	0.144800
56157	9.868439	0.209183	1.384486	-0.119593	0.061441	-0.071604	-0.071762	-0.126518	0.989365	0.850566	-0.525839	-0.005549	0.520949	0.841122	0.145347
56158	9.878772	0.255892	1.215580	-0.177113	0.039212	-0.076146	-0.072573	-0.126415	0.989319	0.849622	-0.527367	-0.005062	0.522375	0.840180	0.145677
56159	9.942972	0.233983	0.983580	-0.253307	0.012882	-0.079057	-0.073246	-0.126082	0.989312	0.848267	-0.529548	-0.004684	0.524478	0.838858	0.145738
56160	9.937898	-0.013090	0.785394	-0.332942	-0.014823	-0.081006	-0.073813	-0.125495	0.989345	0.846493	-0.532382	-0.004376	0.527259	0.837150	0.145528
56161	9.812592	-0.374992	0.683760	-0.377661	-0.040529	-0.080933	-0.074217	-0.124702	0.989415	0.844464	-0.535595	-0.004160	0.530445	0.835217	0.145056
56162	9.784623	-0.803074	0.473324	-0.382925	-0.072364	-0.080544	-0.074469	-0.123633	0.989530	0.842403	-0.538834	-0.003926	0.533677	0.833291	0.144275
56163	9.731862	-1.081636	0.351806	-0.343432	-0.096873	-0.074063	-0.074508	-0.122404	0.989680	0.840539	-0.541738	-0.003722	0.536602	0.831587	0.143249
56164	9.705922	-1.227873	0.318279	-0.255388	-0.104689	-0.077735	-0.074554	-0.121080	0.989839	0.839144	-0.543899	-0.003327	0.538775	0.830370	0.142153
56165	9.756019	-1.042256	0.479127	-0.156778	-0.100838	-0.077683	-0.074596	-0.119798	0.989992	0.838270	-0.545248	-0.002816	0.540129	0.829670	0.141096
56166	9.867456	-0.869940	0.604039	-0.070048	-0.096645	-0.080936	-0.074707	-0.118522	0.990137	0.837866	-0.545871	-0.002125	0.540739	0.829444	0.140086
56167	9.934981	-0.605076	0.689333	-0.011308	-0.097781	-0.092335	-0.074885	-0.117185	0.990283	0.837766	-0.546028	-0.001262	0.540870	0.829530	0.139063
56168	10.003269	-0.524947	0.794426	0.017329	-0.103179	-0.107938	-0.075185	-0.115707	0.990434	0.837814	-0.545956	-0.000182	0.540755	0.829785	0.137989
56169	10.027113	-0.466256	0.866323	0.045340	-0.110625	-0.114399	-0.075480	-0.114143	0.990593	0.838002	-0.545666	0.000978	0.540421	0.830193	0.136839
56170	9.749964	-0.586087	0.891539	0.062546	-0.118443	-0.129267	-0.075876	-0.112421	0.990759	0.838277	-0.545239	0.002330	0.539939	0.830708	0.135611
56171	10.252802	-0.739196	0.897136	0.091488	-0.122153	-0.125732	-0.076205	-0.110699	0.990928	0.838705	-0.544574	0.003663	0.539228	0.831375	0.134343
56172	10.052283	-0.743394	0.864818	0.127745	-0.104094	-0.110091	-0.076520	-0.109201	0.991070	0.839343	-0.543579	0.004911	0.538189	0.832224	0.133252
56173	9.834935	-0.805768	0.843089	0.189053	-0.098293	-0.100478	-0.076770	-0.107815	0.991202	0.840312	-0.542069	0.006121	0.536640	0.833389	0.132213
56174	9.691482	-0.701660	0.821174	0.242424	-0.095116	-0.098315	-0.077038	-0.106456	0.991328	0.841569	-0.540099	0.007400	0.534628	0.834841	0.131199
56175	10.030636	-0.538283	0.864270	0.267749	-0.095649	-0.107061	-0.077364	-0.105058	0.991452	0.842944	-0.537930	0.008775	0.532410	0.836418	0.130174
56176	10.084570	-0.270170	0.837480	0.270872	-0.076767	-0.116987	-0.077893	-0.103753	0.991548	0.844326	-0.535732	0.010270	0.530139	0.837990	0.129331
56177	9.946779	0.005797	0.830041	0.250897	-0.086880	-0.150784	-0.078642	-0.102195	0.991651	0.845564	-0.533738	0.012052	0.528050	0.839452	0.128387
56178	10.004804	0.384555	0.881465	0.214640	-0.087904	-0.171379	-0.079578	-0.100509	0.991749	0.846593	-0.532056	0.014010	0.526258	0.840723	0.127431
56179	9.884421	0.722900	1.006894	0.166616	-0.072051	-0.186490	-0.080714	-0.098889	0.991820	0.847349	-0.530795	0.016034	0.524867	0.841711	0.126636
56180	9.670141	0.867297	1.130610	0.090666	-0.053609	-0.200096	-0.082078	-0.097341	0.991861	0.847694	-0.530176	0.018117	0.524097	0.842282	0.126031
56181	9.665577	0.910811	1.377580	0.019295	-0.030836	-0.225671	-0.083764	-0.095862	0.991864	0.847637	-0.530186	0.020343	0.523922	0.842445	0.125667
56182	9.601367	0.916199	1.609640	-0.053350	0.009563	-0.241219	-0.085809	-0.094627	0.991808	0.847186	-0.530812	0.022653	0.524320	0.842190	0.125716
56183	9.508558	0.797238	1.811487	-0.100341	0.048156	-0.244280	-0.088065	-0.093712	0.991697	0.846477	-0.531842	0.024912	0.525092	0.841642	0.126162
56184	9.440001	0.611765	2.108156	-0.116615	0.086541	-0.232715	-0.090440	-0.093166	0.991535	0.845690	-0.532988	0.027057	0.525955	0.840978	0.126993
56185	9.486807	0.532157	2.106387	-0.095613	0.117928	-0.228889	-0.092930	-0.092913	0.991328	0.845006	-0.533960	0.029168	0.526619	0.840389	0.128133
56186	9.599232	0.527066	2.220732	-0.058806	0.150296	-0.225455	-0.095579	-0.092937	0.991074	0.844518	-0.534611	0.031312	0.526929	0.839973	0.129585
56187	9.787099	0.568315	2.291259	-0.023351	0.189160	-0.229296	-0.098446	-0.093277	0.990761	0.844202	-0.534976	0.033517	0.526907	0.839703	0.131411
56188	10.268565	0.696584	2.472264	0.004303	0.238014	-0.222285	-0.101529	-0.094053	0.990377	0.844037	-0.535094	0.035711	0.526586	0.839540	0.133712
56189	9.949118	0.691559	2.537848	0.006013	0.309902	-0.214110	-0.104902	-0.095486	0.989888	0.843878	-0.535202	0.037802	0.526180	0.839310	0.136722
56190	9.974412	0.757629	2.710243	0.014226	0.355112	-0.216601	-0.108551	-0.097275	0.989320	0.843756	-0.535238	0.039952	0.525635	0.839082	0.140177
56191	9.790540	0.725099	2.910785	0.021089	0.406296	-0.222707	-0.112499	-0.099469	0.988661	0.843651	-0.535235	0.042148	0.524973	0.838826	0.144130
56192	9.781073	0.658597	3.180494	0.032119	0.446391	-0.242344	-0.116839	-0.101885	0.987911	0.843576	-0.535156	0.044578	0.524144	0.838587	0.148475
56193	9.528876	0.597594	3.420851	0.056512	0.498611	-0.251900	-0.121510	-0.104695	0.987053	0.843603	-0.534897	0.047115	0.523039	0.838406	0.153317
56194	9.430353	0.601193	3.734614	0.065008	0.558636	-0.243572	-0.126439	-0.108047	0.986073	0.843676	-0.534556	0.049607	0.521752	0.838198	0.158746
56195	9.270660	0.540996	3.957834	0.070113	0.610177	-0.232737	-0.131517	-0.111895	0.984979	0.843772	-0.534179	0.051979	0.520339	0.837933	0.164667
56196	9.127228	0.484704	4.118803	0.068107	0.670799	-0.216432	-0.136786	-0.116332	0.983746	0.843871	-0.533801	0.054212	0.518818	0.837570	0.171185
56197	9.023441	0.499677	4.084862	0.058673	0.717703	-0.206707	-0.142183	-0.121216	0.982390	0.843918	-0.533509	0.056313	0.517288	0.837063	0.178152
56198	9.103455	0.568729	4.100587	0.054999	0.761070	-0.212577	-0.147866	-0.126426	0.980893	0.843929	-0.533257	0.058488	0.515673	0.836453	0.185546
56199	9.418057	0.688499	4.076649	0.043906	0.791339	-0.232566	-0.153838	-0.131780	0.979269	0.843836	-0.533144	0.060818	0.514076	0.835698	0.193219
56200	9.476705	0.740769	4.003367	0.042509	0.818229	-0.254029	-0.160141	-0.137239	0.977507	0.843692	-0.533074	0.063377	0.512386	0.834864	0.201154
56201	9.848739	0.838682	3.826394	0.038226	0.820548	-0.278979	-0.166627	-0.142576	0.975657	0.843463	-0.533099	0.066147	0.510691	0.833953	0.209086
56202	10.121980	1.074903	3.703995	0.024971	0.809603	-0.285250	-0.173121	-0.147783	0.973750	0.843143	-0.533248	0.068971	0.509057	0.832951	0.216919
56203	10.360861	1.019604	3.510109	-0.016572	0.814656	-0.278749	-0.179548	-0.153054	0.971770	0.842599	-0.533758	0.071615	0.507729	0.831671	0.224799
56204	10.485970	0.990587	3.462849	-0.030085	0.797212	-0.251159	-0.185668	-0.158320	0.969774	0.842025	-0.534342	0.073976	0.506479	0.830309	0.232519
56205	10.516736	0.979385	3.472288	-0.070667	0.760478	-0.230830	-0.191395	-0.163372	0.967821	0.841265	-0.535252	0.076015	0.505610	0.828743	0.239883
56206	10.462543	0.975173	3.481811	-0.107744	0.710138	-0.202704	-0.196650	-0.168148	0.965948	0.840364	-0.536423	0.077705	0.505091	0.827029	0.246793
56207	10.197111	0.905789	3.430499	-0.117102	0.656444	-0.161316	-0.201255	-0.172683	0.964198	0.839485	-0.537618	0.078939	0.504738	0.825317	0.253163
56208	9.977120	0.852284	3.294774	-0.126251	0.582779	-0.102261	-0.205016	-0.176922	0.962635	0.838678	-0.538780	0.079595	0.504566	0.823660	0.258839
56209	9.769954	0.733126	3.183182	-0.131192	0.492176	-0.035637	-0.207735	-0.180758	0.961339	0.837976	-0.539875	0.079566	0.504621	0.822108	0.263622
56210	9.635965	0.665730	3.077256	-0.111583	0.416522	0.039229	-0.209470	-0.184377	0.960275	0.837533	-0.540662	0.078886	0.504640	0.820786	0.267674
56211	9.581944	0.578827	3.164930	-0.102663	0.362801	0.103007	-0.210375	-0.187888	0.959396	0.837265	-0.541265	0.077592	0.504709	0.819592	0.271180
56212	9.272040	0.391257	3.240218	-0.100742	0.328088	0.161869	-0.210638	-0.191438	0.958636	0.837135	-0.541725	0.075759	0.504814	0.818465	0.274367
56213	8.890550	0.226226	3.300240	-0.095649	0.295716	0.204786	-0.210352	-0.194945	0.957992	0.837117	-0.542064	0.073505	0.504963	0.817413	0.277216
56214	8.589317	0.000584	3.098752	-0.067068	0.244404	0.222866	-0.209682	-0.198137	0.957484	0.837284	-0.542116	0.071177	0.504964	0.816610	0.279569
56215	8.514200	-0.063169	2.779095	0.033665	0.187838	0.225772	-0.208675	-0.200872	0.957134	0.837960	-0.541342	0.069082	0.504260	0.816455	0.281288
56216	8.849966	0.087811	2.127639	0.176700	0.161931	0.230069	-0.207522	-0.203426	0.956845	0.839366	-0.539376	0.067372	0.502394	0.817124	0.282681
56217	9.163021	0.352754	1.608773	0.342688	0.178896	0.246583	-0.206282	-0.206193	0.956521	0.841625	-0.536019	0.065956	0.499114	0.818638	0.284108
56218	9.354024	0.805719	1.298096	0.495240	0.188809	0.265522	-0.204942	-0.209144	0.956168	0.844669	-0.531350	0.064820	0.494503	0.820930	0.285553
56219	9.340746	1.028261	0.906857	0.522329	0.158246	0.276947	-0.203313	-0.211888	0.955912	0.847837	-0.526423	0.063639	0.489730	0.823396	0.286675
56220	9.624921	0.909157	0.579661	0.472931	0.130552	0.280462	-0.201528	-0.214418	0.955726	0.850748	-0.521868	0.062310	0.485402	0.825638	0.287587
56221	9.731132	0.318947	0.614117	0.453623	0.145439	0.309647	-0.199528	-0.217207	0.955515	0.853593	-0.517400	0.060630	0.481214	0.827719	0.288642
56222	9.604247	-0.563844	0.912567	0.498842	0.171182	0.381733	-0.197043	-0.220572	0.955260	0.856775	-0.512371	0.058420	0.476562	0.829954	0.289940
56223	9.297204	-1.654934	1.017375	0.596124	0.197452	0.515886	-0.193485	-0.224818	0.954998	0.860638	-0.506217	0.055198	0.471026	0.832587	0.291432
56224	9.363254	-2.521601	1.042743	0.727868	0.207965	0.685829	-0.188496	-0.229977	0.954767	0.865386	-0.498527	0.050768	0.464301	0.835812	0.292989
56225	9.153884	-3.261801	1.486228	0.897895	0.253673	0.822342	-0.182460	-0.236138	0.954435	0.871074	-0.489037	0.045530	0.456003	0.839691	0.294924
56226	9.295374	-3.524540	1.985569	1.097075	0.333593	0.938789	-0.175709	-0.243462	0.953862	0.877734	-0.477491	0.039812	0.445768	0.844233	0.297594
56227	9.144312	-3.268467	2.358115	1.331837	0.414537	1.002419	-0.168632	-0.251664	0.953010	0.885343	-0.463678	0.034214	0.433280	0.849511	0.300999
56228	9.133649	-2.508120	2.797195	1.553683	0.478432	0.982635	-0.161879	-0.260198	0.951889	0.893615	-0.447861	0.029547	0.418625	0.855405	0.305016
56229	8.754015	-1.417969	3.065999	1.730188	0.529519	0.916226	-0.155764	-0.268740	0.950535	0.902198	-0.430530	0.026122	0.402213	0.861640	0.309518
56230	8.541827	-0.257199	3.155666	1.861984	0.521168	0.821988	-0.150312	-0.276686	0.949132	0.910808	-0.412125	0.024102	0.384493	0.868100	0.313956
56231	8.355892	0.992040	3.234092	1.930086	0.475414	0.718791	-0.145459	-0.283693	0.947818	0.919140	-0.393239	0.023357	0.366093	0.874575	0.317954
56232	8.386834	2.305350	3.354897	1.905724	0.448259	0.621860	-0.141270	-0.289989	0.946546	0.926859	-0.374670	0.023546	0.347814	0.880641	0.321708
56233	8.225006	3.504992	3.649581	1.759789	0.452684	0.518140	-0.137927	-0.295852	0.945224	0.933576	-0.357553	0.024315	0.330774	0.885792	0.325516
56234	8.038795	4.420834	4.171815	1.499447	0.479573	0.393950	-0.135744	-0.301460	0.943767	0.938988	-0.343004	0.025494	0.316030	0.889646	0.329628
56235	7.813900	5.121279	4.759809	1.144701	0.525135	0.253044	-0.134935	-0.306958	0.942109	0.942903	-0.331981	0.026883	0.304510	0.891945	0.334227
56236	8.169513	5.442420	5.377054	0.722669	0.563133	0.116535	-0.135488	-0.312336	0.940260	0.945256	-0.325107	0.028214	0.296873	0.892610	0.339285
56237	8.358763	5.440502	5.896075	0.268129	0.606309	0.000637	-0.137214	-0.317712	0.938207	0.946069	-0.322656	0.029101	0.293473	0.891601	0.344850
56238	8.573976	5.119852	6.221873	-0.191861	0.633454	-0.098003	-0.139968	-0.323005	0.935990	0.945392	-0.324611	0.029352	0.294352	0.888985	0.350802
56239	8.841627	4.495343	6.396110	-0.597807	0.641224	-0.176487	-0.143480	-0.328081	0.933690	0.943389	-0.330431	0.028863	0.299050	0.884974	0.356918
56240	9.198518	3.725491	6.296490	-0.924728	0.651173	-0.220539	-0.147499	-0.333062	0.931297	0.940291	-0.339250	0.027596	0.306752	0.879761	0.363214
56241	9.040681	2.964943	6.022093	-1.172722	0.684012	-0.216556	-0.151605	-0.338278	0.928754	0.936333	-0.350200	0.025289	0.316695	0.873457	0.369833
56242	8.721994	2.034330	5.661425	-1.332620	0.675246	-0.215447	-0.155766	-0.343362	0.926196	0.931733	-0.362458	0.022325	0.328041	0.866445	0.376380
56243	8.757615	1.325917	5.329860	-1.402597	0.676061	-0.204157	-0.159862	-0.348410	0.923609	0.926749	-0.375208	0.018867	0.339972	0.858970	0.382870
56244	8.725796	0.790589	5.038516	-1.389990	0.667424	-0.187998	-0.163880	-0.353381	0.921013	0.921666	-0.387684	0.015247	0.351674	0.851365	0.389233
56245	8.702073	0.328405	4.868681	-1.288822	0.662795	-0.152842	-0.167592	-0.358369	0.918414	0.916836	-0.399096	0.011575	0.362388	0.843975	0.395451
56246	8.503612	-0.180794	4.763968	-1.124180	0.653836	-0.103203	-0.170906	-0.363431	0.915810	0.912567	-0.408848	0.008054	0.371500	0.837115	0.401530
56247	8.239739	-0.693057	4.622562	-0.924725	0.617075	-0.044934	-0.173571	-0.368365	0.913335	0.909046	-0.416669	0.004705	0.378825	0.831080	0.407182
56248	8.110147	-1.109512	4.400080	-0.686041	0.558845	0.036333	-0.175343	-0.373134	0.911058	0.906525	-0.422149	0.001575	0.384015	0.826173	0.412276
56249	8.162198	-1.503351	4.096857	-0.395901	0.497874	0.129297	-0.176030	-0.377759	0.909017	0.905253	-0.424871	-0.001263	0.386692	0.822668	0.416758
56250	8.192171	-1.675032	3.907729	-0.075016	0.467083	0.225639	-0.175762	-0.382542	0.907066	0.905392	-0.424561	-0.003615	0.386488	0.820615	0.420972
56251	7.926489	-1.649382	3.702831	0.215656	0.442004	0.293024	-0.174748	-0.387381	0.905207	0.906763	-0.421607	-0.005377	0.383725	0.819868	0.424938
56252	7.535195	-1.322019	3.704622	0.421928	0.419135	0.321540	-0.173395	-0.392153	0.903410	0.908964	-0.416825	-0.006475	0.379103	0.820044	0.428728
56253	7.142946	-0.898566	3.878102	0.541966	0.386470	0.309041	-0.171976	-0.396576	0.901749	0.911562	-0.411103	-0.006949	0.373468	0.820805	0.432204
56254	6.822666	-0.567183	4.179910	0.610952	0.351307	0.264738	-0.170827	-0.400529	0.900219	0.914310	-0.404961	-0.006676	0.367227	0.821939	0.435386
56255	6.684174	-0.258219	4.346438	0.668508	0.298150	0.204960	-0.169976	-0.403778	0.898928	0.917117	-0.398579	-0.005618	0.360562	0.823467	0.438060
56256	6.849766	0.314875	4.494724	0.698313	0.231180	0.152029	-0.169372	-0.406272	0.897917	0.919898	-0.392137	-0.003908	0.353695	0.825331	0.440146
56257	6.954294	0.968861	4.663143	0.630890	0.166900	0.136316	-0.168642	-0.408154	0.897201	0.922365	-0.386312	-0.002368	0.347566	0.827148	0.441615
56258	6.920194	1.625175	4.659076	0.469838	0.086440	0.136408	-0.167650	-0.409381	0.896828	0.924246	-0.381794	-0.001505	0.343020	0.828638	0.442376
56259	7.184878	2.046173	4.641533	0.238704	-0.004348	0.134408	-0.166333	-0.409827	0.896870	0.925311	-0.379207	-0.001672	0.340784	0.829605	0.442292
56260	7.675854	1.917029	4.517801	-0.058641	-0.133071	0.144253	-0.164514	-0.409257	0.897465	0.925378	-0.379032	-0.003213	0.341483	0.829966	0.441074
56261	7.952704	1.176857	4.266681	-0.332927	-0.264195	0.189739	-0.161794	-0.407757	0.898642	0.924569	-0.380961	-0.006399	0.344957	0.829821	0.438637
56262	8.011837	0.224811	4.128030	-0.464754	-0.383584	0.256072	-0.158066	-0.405541	0.900306	0.923394	-0.383705	-0.010719	0.349799	0.829643	0.435125
56263	8.068767	-0.752140	4.204704	-0.404513	-0.450566	0.338655	-0.153295	-0.403076	0.902236	0.922521	-0.385635	-0.015541	0.354198	0.829949	0.430962
56264	7.878955	-1.610129	4.180619	-0.200287	-0.488796	0.424679	-0.147611	-0.400641	0.904266	0.922478	-0.385520	-0.020224	0.356715	0.831180	0.426490
56265	7.673852	-2.168754	3.679132	0.070130	-0.609487	0.496907	-0.140790	-0.397447	0.906760	0.923468	-0.382896	-0.024445	0.356910	0.833922	0.420938
56266	8.237391	-2.389747	2.702835	0.305762	-0.843983	0.529537	-0.132860	-0.392393	0.910152	0.925311	-0.378177	-0.027970	0.355174	0.838457	0.413330
56267	9.339578	-2.406895	2.414780	0.503353	-1.022124	0.516021	-0.124406	-0.385698	0.914199	0.927776	-0.371877	-0.030640	0.351787	0.844361	0.404105
56268	10.046827	-2.013359	2.885240	0.722623	-1.036720	0.535102	-0.115783	-0.378864	0.918181	0.930969	-0.363636	-0.032650	0.346253	0.851018	0.394813
56269	10.269495	-1.089290	3.679632	0.874025	-0.943323	0.564408	-0.107226	-0.372798	0.921696	0.934615	-0.353989	-0.034449	0.339113	0.857737	0.386379
56270	11.322460	0.080649	5.699078	1.068044	-0.719325	0.534990	-0.099776	-0.368452	0.924277	0.938767	-0.342742	-0.035290	0.329791	0.864159	0.380088
56271	12.144242	1.579520	7.535390	1.318368	-0.371228	0.464513	-0.094144	-0.366762	0.925539	0.943505	-0.329545	-0.034617	0.317702	0.869992	0.377067
56272	10.996425	3.294935	5.342211	1.341529	-0.464552	0.413573	-0.088755	-0.364025	0.927151	0.948087	-0.316251	-0.033409	0.305374	0.876054	0.373196
56273	10.865844	5.404337	1.887783	0.957606	-0.970410	0.368209	-0.082277	-0.356603	0.930626	0.951305	-0.306446	-0.033320	0.297068	0.882567	0.364452
56274	12.286391	6.669484	1.570052	0.287832	-1.178349	0.382135	-0.075125	-0.347316	0.934734	0.952481	-0.302481	-0.035841	0.295187	0.887624	0.353536
