// General information: 
//  MT Manager version: 2022.2.0 
//  XDA version: 2022.2.0 build 7381 rev 124627 built on 2023-07-19
// Device information: 
//  DeviceId: 00B4CB9F
//  ProductCode: MTW2-3A7G6
//  Firmware Version: 4.6.0
//  Hardware Version: 2.0.0
// Device settings: 
//  Filter Profile: human(46.1)
//  Option Flags: Orientation Smoother Disabled, Position/Velocity Smoother Disabled, Continuous Zero Rotation Update Disabled, AHS Disabled, ICC Disabled
// Coordinate system: ENU
PacketCounter	Acc_X	Acc_Y	Acc_Z	Gyr_X	Gyr_Y	Gyr_Z	Mat[1][1]	Mat[2][1]	Mat[3][1]	Mat[1][2]	Mat[2][2]	Mat[3][2]	Mat[1][3]	Mat[2][3]	Mat[3][3]
11491	9.767074	1.036844	0.457321	-0.029787	0.002696	-0.023463	-0.069652	0.120906	0.990217	0.174840	-0.975784	0.131442	0.982130	0.182285	0.046826
11492	9.818342	1.110176	0.587521	-0.006836	0.016558	-0.013779	-0.069747	0.120981	0.990201	0.174786	-0.975782	0.131531	0.982133	0.182247	0.046912
11493	9.746819	1.161082	0.645415	0.012948	0.019213	-0.006515	-0.069898	0.120977	0.990191	0.174956	-0.975747	0.131562	0.982092	0.182436	0.047037
11494	9.732223	1.130000	0.688963	0.032445	0.019857	-0.007025	-0.070017	0.120979	0.990183	0.175292	-0.975681	0.131603	0.982024	0.182786	0.047107
11495	9.728586	1.008307	0.667569	0.031649	0.022146	-0.000529	-0.070186	0.120911	0.990179	0.175651	-0.975619	0.131583	0.981947	0.183161	0.047237
11496	9.730017	0.966774	0.581137	0.055114	0.022839	-0.001692	-0.070320	0.120853	0.990177	0.176217	-0.975518	0.131578	0.981836	0.183738	0.047302
11497	9.726742	1.064694	0.428309	0.074943	0.026316	-0.002930	-0.070534	0.120800	0.990168	0.176998	-0.975373	0.131603	0.981680	0.184541	0.047416
11498	9.638520	1.159986	0.328810	0.088012	0.018166	-0.008678	-0.070638	0.120817	0.990158	0.177888	-0.975200	0.131682	0.981512	0.185439	0.047394
11499	9.588110	1.281191	0.189171	0.087051	-0.000044	-0.012593	-0.070611	0.120906	0.990149	0.178781	-0.975020	0.131808	0.981352	0.186327	0.047231
11500	9.569550	1.369342	0.118561	0.071714	-0.016670	-0.022842	-0.070402	0.121125	0.990137	0.179504	-0.974858	0.132020	0.981235	0.187028	0.046889
11501	9.680500	1.501615	0.109779	0.050562	-0.025116	-0.032672	-0.070165	0.121458	0.990114	0.180026	-0.974721	0.132327	0.981156	0.187531	0.046526
11502	9.823685	1.590509	0.149868	0.030687	-0.018153	-0.033870	-0.069956	0.121790	0.990088	0.180330	-0.974623	0.132629	0.981115	0.187820	0.046218
11503	9.841637	1.720715	0.250237	0.016173	-0.005349	-0.033151	-0.069914	0.122090	0.990054	0.180513	-0.974549	0.132925	0.981085	0.188011	0.046096
11504	9.799661	1.799228	0.321686	-0.022569	0.009096	-0.024749	-0.069961	0.122279	0.990027	0.180316	-0.974560	0.133111	0.981117	0.187831	0.046133
11505	9.793556	1.748137	0.267834	-0.055549	0.020167	-0.013732	-0.070135	0.122342	0.990007	0.179810	-0.974644	0.133182	0.981198	0.187354	0.046358
11506	9.726886	1.666123	0.228494	-0.093497	0.023413	-0.008397	-0.070287	0.122349	0.989995	0.178917	-0.974809	0.133175	0.981350	0.186487	0.046626
11507	9.708405	1.539812	0.130512	-0.124972	0.025763	-0.003935	-0.070498	0.122306	0.989985	0.177736	-0.975033	0.133116	0.981550	0.185340	0.047000
11508	9.636231	1.404775	0.035431	-0.141880	0.016119	-0.008719	-0.070579	0.122336	0.989976	0.176351	-0.975288	0.133094	0.981794	0.183977	0.047261
11509	9.584779	1.327310	0.074676	-0.148277	0.002468	-0.017038	-0.070584	0.122465	0.989960	0.174931	-0.975535	0.133153	0.982047	0.182573	0.047435
11510	9.587427	1.249247	0.086761	-0.150969	-0.020385	-0.029357	-0.070341	0.122762	0.989940	0.173445	-0.975777	0.133330	0.982328	0.181078	0.047344
11511	9.606844	1.126710	0.253505	-0.136138	-0.030366	-0.030863	-0.070047	0.123084	0.989921	0.172134	-0.975981	0.133531	0.982580	0.179752	0.047177
11512	9.625996	1.014465	0.440839	-0.110420	-0.039826	-0.035577	-0.069625	0.123471	0.989903	0.171061	-0.976135	0.133785	0.982797	0.178649	0.046842
11513	9.783594	0.925184	0.592307	-0.080082	-0.037055	-0.038281	-0.069278	0.123877	0.989876	0.170296	-0.976227	0.134087	0.982955	0.177861	0.046535
11514	9.839519	0.869673	0.806985	-0.044488	-0.022849	-0.026445	-0.069004	0.124143	0.989862	0.169875	-0.976274	0.134281	0.983047	0.177418	0.046278
11515	9.837733	0.912884	0.894473	-0.004218	-0.001218	-0.015639	-0.068970	0.124264	0.989849	0.169871	-0.976259	0.134394	0.983050	0.177416	0.046224
11516	9.803289	0.999860	0.935151	0.023104	0.014067	-0.008243	-0.069037	0.124287	0.989842	0.170126	-0.976208	0.134441	0.983001	0.177679	0.046251
11517	9.805053	1.151350	0.839508	0.033813	0.027379	-0.003312	-0.069264	0.124237	0.989832	0.170505	-0.976141	0.134450	0.982919	0.178083	0.046428
11518	9.723633	1.257557	0.710028	0.035209	0.031551	-0.001733	-0.069491	0.124166	0.989825	0.170875	-0.976078	0.134438	0.982839	0.178479	0.046612
11519	9.718101	1.405377	0.482045	0.022866	0.037312	-0.002502	-0.069814	0.124090	0.989812	0.171146	-0.976031	0.134434	0.982769	0.178788	0.046903
11520	9.661576	1.474414	0.290039	0.002362	0.028864	-0.008394	-0.070023	0.124088	0.989797	0.171192	-0.976018	0.134471	0.982746	0.178862	0.047101
11521	9.660521	1.504025	0.171543	-0.023933	0.023758	-0.016909	-0.070236	0.124177	0.989771	0.170994	-0.976037	0.134588	0.982765	0.178698	0.047320
11522	9.568449	1.488690	0.071896	-0.042603	0.010287	-0.020559	-0.070281	0.124325	0.989749	0.170593	-0.976088	0.134723	0.982832	0.178313	0.047391
11523	9.592012	1.474270	0.054131	-0.056583	-0.004651	-0.021854	-0.070224	0.124513	0.989730	0.170070	-0.976159	0.134873	0.982927	0.177795	0.047373
11524	9.612249	1.348426	0.033204	-0.062192	-0.021382	-0.028207	-0.069974	0.124796	0.989712	0.169464	-0.976236	0.135078	0.983049	0.177172	0.047163
11525	9.655441	1.227255	0.036545	-0.061065	-0.026479	-0.029998	-0.069716	0.125102	0.989691	0.168891	-0.976303	0.135307	0.983166	0.176583	0.046935
11526	9.658692	1.131601	0.188227	-0.048003	-0.029728	-0.032696	-0.069387	0.125444	0.989671	0.168418	-0.976349	0.135563	0.983271	0.176084	0.046618
11527	9.682719	1.099815	0.310535	-0.021663	-0.022135	-0.031648	-0.069174	0.125758	0.989646	0.168231	-0.976345	0.135827	0.983318	0.175885	0.046381
11528	9.816042	1.228777	0.495238	-0.001491	-0.016518	-0.025028	-0.068960	0.125997	0.989631	0.168237	-0.976316	0.136025	0.983332	0.175872	0.046130
11529	9.819411	1.324746	0.639141	0.003537	-0.009454	-0.028814	-0.068867	0.126261	0.989604	0.168300	-0.976271	0.136272	0.983327	0.175935	0.045983
11530	9.801626	1.375355	0.669309	-0.002256	-0.011786	-0.025996	-0.068706	0.126502	0.989584	0.168292	-0.976243	0.136481	0.983340	0.175917	0.045785
11531	9.718315	1.332627	0.633384	-0.006946	-0.015996	-0.022920	-0.068539	0.126720	0.989568	0.168257	-0.976224	0.136665	0.983358	0.175868	0.045588
11532	9.697479	1.278963	0.495483	-0.007990	-0.022982	-0.019781	-0.068261	0.126921	0.989561	0.168195	-0.976214	0.136811	0.983387	0.175778	0.045289
11533	9.622061	1.236314	0.404391	0.003982	-0.028384	-0.016276	-0.067960	0.127096	0.989559	0.168272	-0.976183	0.136934	0.983395	0.175821	0.044955
11534	9.585305	1.191312	0.395263	0.017118	-0.036409	-0.022042	-0.067552	0.127343	0.989556	0.168453	-0.976127	0.137114	0.983392	0.175956	0.044488
11535	9.673427	1.117361	0.348057	0.030486	-0.033570	-0.023413	-0.067212	0.127597	0.989546	0.168785	-0.976040	0.137320	0.983359	0.176251	0.044065
11536	9.726085	1.149488	0.386176	0.052015	-0.016486	-0.019639	-0.066995	0.127786	0.989536	0.169308	-0.975926	0.137491	0.983283	0.176748	0.043747
11537	9.768958	1.229615	0.402744	0.077482	-0.000173	-0.008021	-0.066958	0.127831	0.989533	0.170113	-0.975775	0.137565	0.983147	0.177543	0.043590
11538	9.738562	1.396733	0.377872	0.092846	0.013305	0.000281	-0.067001	0.127770	0.989538	0.171058	-0.975612	0.137554	0.982980	0.178485	0.043511
11539	9.713756	1.433941	0.441100	0.091317	0.017100	0.003771	-0.067114	0.127669	0.989544	0.172007	-0.975450	0.137517	0.982807	0.179437	0.043506
11540	9.715524	1.392556	0.352989	0.075794	0.013191	0.001564	-0.067156	0.127597	0.989550	0.172784	-0.975317	0.137487	0.982668	0.180211	0.043451
11541	9.709100	1.361240	0.340987	0.059562	0.010827	-0.003642	-0.067220	0.127579	0.989548	0.173415	-0.975202	0.137510	0.982552	0.180845	0.043429
11542	9.677110	1.385366	0.248236	0.044143	0.000526	-0.009903	-0.067155	0.127642	0.989544	0.173871	-0.975111	0.137580	0.982476	0.181292	0.043291
11543	9.684182	1.397659	0.215945	0.030062	0.003270	-0.017998	-0.067170	0.127778	0.989526	0.174203	-0.975030	0.137731	0.982416	0.181629	0.043233
11544	9.614045	1.407163	0.183300	0.021892	-0.009376	-0.022086	-0.067026	0.127978	0.989510	0.174429	-0.974964	0.137912	0.982386	0.181843	0.043025
11545	9.667876	1.408421	0.156334	0.010082	-0.019244	-0.026237	-0.066834	0.128235	0.989489	0.174559	-0.974909	0.138136	0.982376	0.181956	0.042773
11546	9.710657	1.308326	0.203289	0.015260	-0.029074	-0.031718	-0.066522	0.128559	0.989468	0.174739	-0.974838	0.138406	0.982365	0.182106	0.042383
11547	9.684634	1.369254	0.307304	0.030026	-0.027711	-0.026084	-0.066246	0.128831	0.989451	0.175065	-0.974747	0.138637	0.982326	0.182403	0.042019
11548	9.702491	1.487549	0.384950	0.034656	-0.024351	-0.020682	-0.065953	0.129045	0.989443	0.175418	-0.974659	0.138810	0.982282	0.182721	0.041645
11549	9.586856	1.480682	0.465172	0.030236	-0.019267	-0.014232	-0.065740	0.129186	0.989439	0.175754	-0.974582	0.138923	0.982237	0.183031	0.041364
11550	9.646351	1.533487	0.493259	0.031384	-0.028399	-0.009533	-0.065395	0.129296	0.989447	0.176099	-0.974512	0.138983	0.982198	0.183329	0.040960
11551	9.921006	1.442027	0.540007	0.016805	-0.015673	-0.008764	-0.065208	0.129376	0.989449	0.176306	-0.974467	0.139036	0.982173	0.183512	0.040733
11552	9.854683	1.369834	0.517499	0.018549	-0.012654	-0.001430	-0.064998	0.129383	0.989462	0.176513	-0.974433	0.139013	0.982150	0.183688	0.040499
11553	9.610696	1.296351	0.491925	0.022205	-0.017045	-0.002387	-0.064786	0.129404	0.989473	0.176777	-0.974386	0.139005	0.982116	0.183922	0.040251
11554	9.672041	1.306430	0.432199	0.020469	-0.024102	-0.003246	-0.064469	0.129447	0.989488	0.177007	-0.974345	0.138999	0.982096	0.184108	0.039902
11555	9.666165	1.264791	0.395688	0.016104	-0.019797	-0.006318	-0.064237	0.129512	0.989495	0.177209	-0.974304	0.139028	0.982075	0.184278	0.039635
11556	9.703915	1.281320	0.333203	0.010993	-0.012358	-0.011382	-0.064047	0.129620	0.989493	0.177317	-0.974274	0.139103	0.982068	0.184363	0.039415
11557	9.784894	1.366363	0.266047	0.008922	-0.022275	-0.011520	-0.063799	0.129740	0.989493	0.177445	-0.974239	0.139181	0.982060	0.184461	0.039134
11558	10.031106	1.549975	0.100286	0.011925	-0.031577	-0.019556	-0.063443	0.129956	0.989488	0.177582	-0.974192	0.139333	0.982059	0.184555	0.038727
11559	9.994517	1.665423	0.014964	-0.001713	-0.040481	-0.019451	-0.063031	0.130187	0.989484	0.177601	-0.974167	0.139485	0.982082	0.184525	0.038281
11560	9.804639	1.581823	-0.060282	-0.025817	-0.050255	-0.018839	-0.062484	0.130431	0.989487	0.177367	-0.974191	0.139615	0.982159	0.184226	0.037737
11561	9.670306	1.455316	-0.249992	-0.052768	-0.065223	-0.019346	-0.061829	0.130706	0.989491	0.176884	-0.974260	0.139747	0.982288	0.183666	0.037118
11562	9.573736	1.358726	-0.291689	-0.043726	-0.068581	-0.021450	-0.061108	0.131007	0.989496	0.176482	-0.974312	0.139895	0.982405	0.183177	0.036418
11563	9.581891	1.354303	-0.185589	-0.034507	-0.052158	-0.022598	-0.060587	0.131289	0.989491	0.176177	-0.974342	0.140067	0.982492	0.182812	0.035902
11564	9.523540	1.287356	-0.076662	-0.019136	-0.036183	-0.021852	-0.060187	0.131535	0.989483	0.176017	-0.974348	0.140230	0.982545	0.182606	0.035490
11565	9.632921	1.269913	0.012799	0.007777	-0.017982	-0.019324	-0.059995	0.131723	0.989469	0.176129	-0.974305	0.140384	0.982537	0.182697	0.035253
11566	9.810912	1.446605	0.147892	0.030251	0.009341	0.001252	-0.060001	0.131663	0.989477	0.176460	-0.974252	0.140337	0.982477	0.183024	0.035223
11567	9.795621	1.616374	0.203170	0.027228	0.021864	0.011342	-0.060146	0.131479	0.989493	0.176783	-0.974214	0.140194	0.982410	0.183357	0.035352
11568	9.773075	1.599829	0.157721	0.005189	0.021181	0.020632	-0.060231	0.131207	0.989524	0.176883	-0.974232	0.139946	0.982387	0.183459	0.035471
11569	9.744646	1.540681	0.078324	-0.012857	0.019786	0.019723	-0.060342	0.130945	0.989552	0.176817	-0.974278	0.139706	0.982392	0.183400	0.035636
11570	9.662182	1.482770	0.024619	-0.027998	0.017135	0.015854	-0.060398	0.130727	0.989577	0.176592	-0.974349	0.139493	0.982429	0.183177	0.035763
11571	9.619482	1.403081	0.009279	-0.041698	0.016282	0.003008	-0.060503	0.130634	0.989583	0.176232	-0.974427	0.139409	0.982487	0.182831	0.035934
11572	9.636976	1.355182	-0.019445	-0.049292	0.018182	-0.005917	-0.060609	0.130623	0.989578	0.175800	-0.974506	0.139401	0.982558	0.182417	0.036100
11573	9.680116	1.263571	0.054662	-0.042865	0.026220	-0.010206	-0.060836	0.130642	0.989561	0.175421	-0.974568	0.139447	0.982612	0.182073	0.036371
11574	9.698210	1.219514	0.214674	-0.028178	0.038079	-0.006994	-0.061135	0.130608	0.989547	0.175182	-0.974609	0.139459	0.982636	0.181877	0.036702
11575	9.746799	1.179930	0.346561	-0.013078	0.043939	-0.001076	-0.061520	0.130505	0.989537	0.175101	-0.974628	0.139425	0.982627	0.181847	0.037107
11576	9.745853	1.200472	0.395496	-0.000537	0.052303	0.006066	-0.061939	0.130317	0.989536	0.175146	-0.974636	0.139318	0.982592	0.181942	0.037544
11577	9.772206	1.295005	0.383447	0.004045	0.060492	0.014525	-0.062459	0.130032	0.989541	0.175242	-0.974644	0.139136	0.982542	0.182100	0.038088
11578	9.852735	1.387949	0.346890	0.001728	0.072269	0.019095	-0.063050	0.129683	0.989549	0.175310	-0.974665	0.138902	0.982492	0.182235	0.038718
11579	9.743935	1.395351	0.239729	-0.012051	0.075401	0.017781	-0.063711	0.129338	0.989552	0.175251	-0.974707	0.138682	0.982460	0.182255	0.039433
11580	9.687544	1.443765	0.195607	-0.026851	0.073987	0.012128	-0.064328	0.129054	0.989549	0.175029	-0.974772	0.138505	0.982460	0.182110	0.040117
11581	9.391361	1.328111	0.116055	-0.045695	0.077302	0.010173	-0.065021	0.128781	0.989539	0.174635	-0.974866	0.138346	0.982484	0.181803	0.040897
11582	9.699919	1.341113	0.122811	-0.034946	0.050830	0.010409	-0.065415	0.128552	0.989543	0.174351	-0.974940	0.138180	0.982508	0.181567	0.041363
11583	9.860436	1.207894	0.194331	-0.017638	0.057780	0.001895	-0.065931	0.128395	0.989529	0.174227	-0.974971	0.138114	0.982496	0.181509	0.041910
11584	10.206677	1.403144	0.438867	0.014562	0.045162	0.021892	-0.066247	0.128071	0.989550	0.174411	-0.974975	0.137860	0.982442	0.181721	0.042252
11585	8.994407	1.041814	0.292444	-0.021822	0.176527	0.049792	-0.067846	0.127231	0.989550	0.174278	-0.975075	0.137319	0.982356	0.181773	0.043981
11586	9.964342	1.102993	0.564214	0.034720	-0.001402	0.000426	-0.067740	0.127201	0.989561	0.174639	-0.975015	0.137287	0.982300	0.182116	0.043833
11587	9.656208	1.078665	0.544409	0.002694	0.076671	0.005316	-0.068435	0.126977	0.989542	0.174718	-0.975013	0.137195	0.982237	0.182279	0.044540
11588	9.716513	1.091001	0.681541	0.024866	0.064479	0.006047	-0.068972	0.126767	0.989532	0.175006	-0.974975	0.137100	0.982148	0.182630	0.045061
11589	9.743487	1.157705	0.791856	0.037734	0.072440	0.010472	-0.069617	0.126499	0.989521	0.175432	-0.974916	0.136974	0.982027	0.183130	0.045678
11590	9.722336	1.274915	0.796499	0.036995	0.073941	0.007442	-0.070242	0.126263	0.989507	0.175818	-0.974861	0.136875	0.981913	0.183588	0.046277
11591	9.765166	1.342875	0.799575	0.025011	0.079300	0.003876	-0.070965	0.126046	0.989483	0.176115	-0.974816	0.136808	0.981808	0.183971	0.046979
11592	9.874147	1.483529	0.824588	0.014157	0.077160	0.006038	-0.071622	0.125817	0.989465	0.176272	-0.974802	0.136712	0.981732	0.184206	0.047639
11593	9.719734	1.492608	0.690745	-0.043956	0.138282	0.028361	-0.072880	0.125252	0.989444	0.175909	-0.974915	0.136370	0.981705	0.183991	0.049019
11594	9.569139	1.212417	0.717829	-0.024397	0.019931	-0.007837	-0.073004	0.125262	0.989434	0.175690	-0.974952	0.136391	0.981735	0.183791	0.049168
11595	9.612076	1.309337	0.597875	-0.056231	0.076233	-0.007855	-0.073718	0.125165	0.989393	0.175180	-0.975042	0.136402	0.981773	0.183378	0.049951
11596	9.596368	1.288051	0.668909	-0.061073	0.059585	-0.010159	-0.074233	0.125124	0.989360	0.174598	-0.975143	0.136426	0.981838	0.182868	0.050541
11597	9.659943	1.420668	0.642294	-0.069361	0.054944	-0.009217	-0.074740	0.125080	0.989327	0.173959	-0.975255	0.136443	0.981913	0.182300	0.051132
11598	9.738733	1.393688	0.583007	-0.098868	0.046530	-0.015245	-0.075139	0.125110	0.989293	0.173016	-0.975415	0.136496	0.982049	0.181419	0.051646
11599	9.803243	1.363798	0.443172	-0.109056	0.029644	-0.025018	-0.075425	0.125267	0.989252	0.171974	-0.975578	0.136648	0.982210	0.180432	0.052040
11600	9.739714	1.252136	0.336111	-0.112101	0.015215	-0.029542	-0.075545	0.125495	0.989214	0.170888	-0.975742	0.136836	0.982390	0.179382	0.052267
11601	9.507560	1.101366	0.266821	-0.106172	-0.000145	-0.025519	-0.075538	0.125711	0.989187	0.169874	-0.975897	0.136994	0.982566	0.178385	0.052362
11602	9.290808	0.972786	0.131289	-0.069163	-0.029661	-0.028393	-0.075213	0.126010	0.989174	0.169198	-0.975986	0.137195	0.982708	0.177685	0.052086
11603	9.935346	1.021275	0.317752	-0.028748	-0.035437	-0.041433	-0.074886	0.126443	0.989143	0.168933	-0.975982	0.137550	0.982779	0.177399	0.051727
11604	9.842587	0.970614	0.498321	0.008127	-0.030064	-0.042685	-0.074576	0.126883	0.989110	0.169000	-0.975917	0.137933	0.982791	0.177446	0.051337
11605	9.597499	1.034550	0.702127	0.044007	-0.014435	-0.032330	-0.074441	0.127190	0.989081	0.169457	-0.975795	0.138236	0.982722	0.177897	0.051085
11606	9.673895	1.194379	0.791990	0.075013	-0.008206	-0.028766	-0.074322	0.127453	0.989056	0.170195	-0.975627	0.138512	0.982604	0.178627	0.050818
11607	9.776588	1.307061	0.797234	0.082729	0.003133	-0.022899	-0.074343	0.127638	0.989031	0.171039	-0.975447	0.138741	0.982455	0.179478	0.050687
11608	9.830861	1.451555	0.840863	0.059631	0.017472	-0.017236	-0.074462	0.127740	0.989009	0.171644	-0.975319	0.138895	0.982341	0.180100	0.050698
11609	9.798924	1.515751	0.649806	0.041126	0.013939	-0.008087	-0.074564	0.127760	0.988998	0.172090	-0.975231	0.138956	0.982255	0.180558	0.050731
11610	9.984983	1.719255	0.427272	0.004554	-0.004208	-0.014942	-0.074466	0.127877	0.988991	0.172167	-0.975203	0.139057	0.982249	0.180626	0.050604
11611	9.787405	1.702814	0.185686	-0.025875	-0.018778	-0.026331	-0.074279	0.128134	0.988971	0.171941	-0.975213	0.139265	0.982303	0.180390	0.050406
11612	9.533611	1.565736	-0.056496	-0.061996	-0.044514	-0.031498	-0.073810	0.128489	0.988960	0.171335	-0.975287	0.139500	0.982444	0.179740	0.049971
11613	9.424028	1.456739	-0.200463	-0.084063	-0.064912	-0.041455	-0.073195	0.128976	0.988943	0.170527	-0.975381	0.139829	0.982631	0.178876	0.049399
11614	9.569193	1.467934	-0.150012	-0.073840	-0.067658	-0.050723	-0.072535	0.129558	0.988915	0.169801	-0.975448	0.140248	0.982805	0.178092	0.048755
11615	9.707121	1.439497	0.053570	-0.054567	-0.051631	-0.050465	-0.072065	0.130108	0.988877	0.169277	-0.975476	0.140681	0.982930	0.177532	0.048273
11616	9.727387	1.449937	0.263429	-0.044134	-0.030307	-0.040373	-0.071752	0.130525	0.988845	0.168840	-0.975504	0.141015	0.983028	0.177074	0.047957
11617	9.796199	1.427210	0.437537	-0.026001	-0.013206	-0.031833	-0.071628	0.130825	0.988815	0.168610	-0.975506	0.141278	0.983077	0.176843	0.047815
11618	9.792363	1.338095	0.479459	-0.016615	0.004379	-0.016526	-0.071616	0.130948	0.988799	0.168458	-0.975516	0.141390	0.983104	0.176697	0.047804
11619	9.770542	1.295213	0.553679	-0.011761	0.011362	-0.002238	-0.071683	0.130916	0.988798	0.168389	-0.975531	0.141367	0.983111	0.176637	0.047884
11620	9.740998	1.269281	0.539340	-0.010847	0.019078	0.004158	-0.071780	0.130812	0.988805	0.168306	-0.975558	0.141278	0.983118	0.176562	0.048009
11621	9.731696	1.307153	0.496887	-0.014261	0.027869	0.005410	-0.071997	0.130677	0.988807	0.168218	-0.975588	0.141178	0.983117	0.176499	0.048257
11622	9.469059	1.319085	0.404935	-0.027263	0.028655	-0.002523	-0.072201	0.130616	0.988801	0.167989	-0.975632	0.141143	0.983141	0.176298	0.048499
11623	9.891269	1.376467	0.395705	-0.033130	0.018746	-0.020150	-0.072370	0.130746	0.988771	0.167697	-0.975662	0.141286	0.983179	0.176039	0.048683
11624	9.844721	1.380003	0.369159	-0.032104	0.024103	-0.024322	-0.072567	0.130906	0.988735	0.167406	-0.975686	0.141464	0.983214	0.175786	0.048889
11625	9.637260	1.353962	0.351244	-0.033065	0.032756	-0.013709	-0.072864	0.130948	0.988708	0.167119	-0.975724	0.141544	0.983241	0.175545	0.049211
11626	9.493976	1.420548	0.400437	-0.024397	0.033040	-0.010919	-0.073127	0.130961	0.988687	0.166916	-0.975751	0.141593	0.983255	0.175382	0.049494
11627	9.596703	1.359533	0.462821	-0.024829	0.034969	-0.007149	-0.073434	0.130936	0.988667	0.166715	-0.975783	0.141612	0.983267	0.175225	0.049827
11628	9.700210	1.288013	0.503335	-0.028900	0.038040	-0.004487	-0.073736	0.130877	0.988653	0.166473	-0.975827	0.141595	0.983285	0.175025	0.050166
11629	9.724220	1.272160	0.488696	-0.024224	0.038214	-0.001072	-0.074065	0.130787	0.988640	0.166283	-0.975865	0.141554	0.983293	0.174878	0.050530
11630	9.722464	1.292222	0.536911	-0.012274	0.036102	0.004567	-0.074333	0.130645	0.988639	0.166204	-0.975893	0.141457	0.983286	0.174830	0.050827
11631	9.736627	1.324534	0.499403	-0.009048	0.039328	0.001952	-0.074668	0.130524	0.988630	0.166165	-0.975908	0.141394	0.983267	0.174833	0.051180
11632	9.680396	1.374885	0.451612	-0.023133	0.040370	-0.007301	-0.074996	0.130488	0.988609	0.165979	-0.975938	0.141407	0.983273	0.174693	0.051533
11633	9.621328	1.324221	0.423158	-0.018995	0.034101	-0.012013	-0.075303	0.130512	0.988583	0.165832	-0.975953	0.141476	0.983275	0.174592	0.051849
11634	9.618683	1.385607	0.371637	-0.021568	0.019372	-0.019321	-0.075443	0.130631	0.988556	0.165647	-0.975965	0.141609	0.983295	0.174434	0.051991
11635	9.650854	1.343257	0.421828	-0.023937	0.012274	-0.024266	-0.075555	0.130813	0.988524	0.165441	-0.975973	0.141797	0.983321	0.174256	0.052098
11636	9.640368	1.364471	0.521662	-0.017822	0.013443	-0.021281	-0.075643	0.130965	0.988497	0.165279	-0.975977	0.141954	0.983342	0.174116	0.052180
11637	9.708629	1.369459	0.578133	-0.010878	0.012346	-0.024822	-0.075757	0.131152	0.988464	0.165202	-0.975961	0.142154	0.983346	0.174065	0.052269
11638	9.768442	1.373029	0.688729	-0.002756	0.019355	-0.015161	-0.075891	0.131231	0.988443	0.165203	-0.975946	0.142256	0.983335	0.174090	0.052386
11639	9.796558	1.410324	0.729479	-0.010155	0.026409	-0.014325	-0.076126	0.131291	0.988417	0.165141	-0.975943	0.142353	0.983328	0.174065	0.052613
11640	9.802926	1.432809	0.723049	-0.018309	0.032541	-0.009010	-0.076381	0.131291	0.988397	0.164978	-0.975965	0.142389	0.983335	0.173939	0.052885
11641	9.743048	1.392074	0.716272	-0.024868	0.033288	-0.008231	-0.076673	0.131280	0.988376	0.164775	-0.975995	0.142418	0.983346	0.173780	0.053201
11642	9.721924	1.367895	0.649861	-0.038380	0.035120	-0.003920	-0.076948	0.131225	0.988362	0.164424	-0.976058	0.142392	0.983384	0.173467	0.053529
11643	9.601233	1.335100	0.556687	-0.050023	0.036007	-0.003830	-0.077260	0.131166	0.988345	0.163977	-0.976137	0.142364	0.983434	0.173065	0.053908
11644	9.527477	1.291164	0.469964	-0.057616	0.019838	-0.012865	-0.077399	0.131224	0.988327	0.163432	-0.976221	0.142415	0.983514	0.172547	0.054112
11645	9.515502	1.229332	0.446575	-0.054817	0.009409	-0.019192	-0.077474	0.131361	0.988303	0.162927	-0.976288	0.142536	0.983592	0.172064	0.054235
11646	9.585546	1.213724	0.458644	-0.044185	0.005595	-0.022631	-0.077489	0.131539	0.988278	0.162509	-0.976335	0.142691	0.983660	0.171661	0.054279
11647	9.606847	1.230337	0.507390	-0.025509	0.000444	-0.028304	-0.077491	0.131780	0.988245	0.162285	-0.976339	0.142918	0.983696	0.171452	0.054271
11648	9.690827	1.218421	0.597982	-0.002626	-0.000994	-0.025731	-0.077444	0.132000	0.988220	0.162268	-0.976311	0.143125	0.983703	0.171441	0.054190
11649	9.692869	1.160602	0.652042	0.021611	0.001745	-0.021541	-0.077447	0.132173	0.988196	0.162513	-0.976244	0.143311	0.983662	0.171694	0.054128
11650	9.759710	1.215752	0.630529	0.039453	-0.001140	-0.020681	-0.077392	0.132341	0.988178	0.162926	-0.976149	0.143489	0.983598	0.172104	0.053985
11651	9.851349	1.284979	0.468640	0.056707	-0.011319	-0.019446	-0.077264	0.132516	0.988165	0.163517	-0.976023	0.143673	0.983510	0.172682	0.053743
11652	9.816194	1.391991	0.363631	0.066066	-0.022494	-0.026554	-0.077009	0.132780	0.988149	0.164175	-0.975875	0.143925	0.983421	0.173312	0.053352
11653	9.647779	1.383227	0.277569	0.063449	-0.038082	-0.025363	-0.076627	0.133060	0.988141	0.164828	-0.975729	0.144170	0.983341	0.173920	0.052835
11654	9.640209	1.404196	0.182997	0.058355	-0.055993	-0.026046	-0.076043	0.133375	0.988144	0.165421	-0.975593	0.144411	0.983287	0.174442	0.052124
11655	9.668207	1.443518	0.214717	0.067708	-0.064764	-0.040675	-0.075425	0.133852	0.988127	0.166105	-0.975418	0.144809	0.983219	0.175055	0.051338
11656	9.628933	1.562279	0.314497	0.066105	-0.063440	-0.029681	-0.074773	0.134216	0.988127	0.166774	-0.975262	0.145089	0.983156	0.175643	0.050540
11657	9.607429	1.643611	0.405224	0.056710	-0.063872	-0.036563	-0.074158	0.134651	0.988114	0.167353	-0.975111	0.145439	0.983104	0.176149	0.049778
11658	9.604519	1.677662	0.464861	0.047188	-0.061941	-0.032859	-0.073523	0.135048	0.988107	0.167816	-0.974986	0.145742	0.983073	0.176536	0.049021
11659	9.647351	1.587973	0.529569	0.036122	-0.056202	-0.025632	-0.072965	0.135364	0.988106	0.168201	-0.974885	0.145973	0.983049	0.176851	0.048364
11660	9.695307	1.539438	0.630010	0.033278	-0.044167	-0.018299	-0.072486	0.135586	0.988110	0.168554	-0.974801	0.146124	0.983023	0.177142	0.047806
11661	9.687873	1.529917	0.657231	0.030247	-0.039767	-0.013324	-0.072069	0.135752	0.988118	0.168890	-0.974727	0.146231	0.982996	0.177422	0.047321
11662	9.683812	1.479225	0.596320	0.018545	-0.035687	-0.011147	-0.071662	0.135891	0.988129	0.169098	-0.974680	0.146305	0.982991	0.177575	0.046868
11663	9.671484	1.427194	0.589796	0.010525	-0.034334	-0.008879	-0.071291	0.136005	0.988140	0.169244	-0.974647	0.146358	0.982993	0.177670	0.046465
11664	9.681788	1.380013	0.609021	0.004086	-0.035966	-0.018661	-0.070895	0.136216	0.988139	0.169312	-0.974614	0.146498	0.983009	0.177690	0.046033
11665	10.224151	1.738441	0.782360	0.015832	-0.051343	0.008164	-0.070328	0.136194	0.988183	0.169522	-0.974594	0.146386	0.983014	0.177813	0.045454
11666	9.096611	1.115107	0.353927	-0.020796	0.008133	-0.004328	-0.070340	0.136190	0.988183	0.169339	-0.974627	0.146375	0.983045	0.177634	0.045493
11667	9.731500	1.188888	0.637512	0.020354	-0.049895	-0.030396	-0.069852	0.136541	0.988169	0.169566	-0.974547	0.146645	0.983040	0.177803	0.044922
11668	9.765296	1.391980	0.730805	0.017723	-0.027763	-0.028198	-0.069552	0.136830	0.988150	0.169761	-0.974477	0.146885	0.983028	0.177966	0.044548
11669	9.744645	1.340604	0.778769	0.026085	-0.030295	-0.024705	-0.069247	0.137091	0.988135	0.170049	-0.974394	0.147101	0.983000	0.178218	0.044162
11670	9.708517	1.446250	0.672455	0.039423	-0.030583	-0.009970	-0.068891	0.137206	0.988144	0.170473	-0.974310	0.147170	0.982951	0.178591	0.043731
11671	9.644684	1.504590	0.505933	0.047278	-0.025549	-0.008165	-0.068605	0.137298	0.988151	0.170981	-0.974212	0.147232	0.982883	0.179056	0.043361
11672	9.648205	1.586660	0.437992	0.048894	-0.034992	-0.006226	-0.068198	0.137388	0.988167	0.171486	-0.974117	0.147270	0.982823	0.179500	0.042873
11673	9.652468	1.658398	0.347192	0.034519	-0.040897	-0.008248	-0.067761	0.137508	0.988180	0.171868	-0.974041	0.147326	0.982787	0.179819	0.042369
11674	9.661292	1.649964	0.266482	0.016127	-0.045316	-0.008606	-0.067257	0.137641	0.988196	0.172049	-0.974002	0.147373	0.982790	0.179930	0.041827
11675	9.652324	1.678828	0.194553	0.002841	-0.051479	-0.009331	-0.066718	0.137791	0.988212	0.172119	-0.973982	0.147427	0.982814	0.179926	0.041266
11676	9.635252	1.706957	0.176334	-0.011191	-0.056135	-0.013075	-0.066117	0.137983	0.988225	0.172050	-0.973982	0.147505	0.982867	0.179777	0.040657
11677	9.731759	1.635979	0.261234	-0.024150	-0.061864	-0.006995	-0.065472	0.138129	0.988248	0.171856	-0.974013	0.147525	0.982944	0.179495	0.040033
11678	9.825865	1.614164	0.269236	-0.035430	-0.059736	-0.008563	-0.064827	0.138285	0.988269	0.171540	-0.974065	0.147550	0.983042	0.179093	0.039424
11679	9.789439	1.577112	0.280233	-0.034115	-0.054758	0.002591	-0.064235	0.138325	0.988302	0.171255	-0.974127	0.147472	0.983131	0.178724	0.038884
11680	9.681187	1.576604	0.326306	-0.041914	-0.045740	0.007255	-0.063699	0.138304	0.988339	0.170875	-0.974214	0.147340	0.983231	0.178268	0.038424
11681	9.698449	1.548885	0.335402	-0.051982	-0.050292	0.002874	-0.063151	0.138332	0.988370	0.170414	-0.974308	0.147252	0.983347	0.177731	0.037955
11682	9.746999	1.516959	0.294023	-0.067693	-0.043919	-0.001770	-0.062653	0.138393	0.988394	0.169788	-0.974425	0.147200	0.983487	0.177040	0.037553
11683	9.737407	1.423027	0.199720	-0.076215	-0.035003	-0.001145	-0.062262	0.138433	0.988413	0.169086	-0.974556	0.147143	0.983633	0.176288	0.037270
11684	9.683901	1.412903	0.200600	-0.080974	-0.033638	-0.003539	-0.061862	0.138493	0.988430	0.168328	-0.974693	0.147103	0.983788	0.175481	0.036984
11685	9.662967	1.378080	0.106567	-0.079594	-0.031066	-0.002976	-0.061512	0.138542	0.988444	0.167591	-0.974826	0.147063	0.983936	0.174701	0.036745
11686	9.645501	1.282947	0.067115	-0.063771	-0.024992	0.007106	-0.061183	0.138485	0.988473	0.166997	-0.974948	0.146927	0.984057	0.174061	0.036524
11687	9.659174	1.315236	0.023993	-0.050353	-0.025225	0.003701	-0.060880	0.138459	0.988495	0.166552	-0.975039	0.146832	0.984151	0.173575	0.036300
11688	9.678071	1.389171	0.016215	-0.037190	-0.011021	0.009579	-0.060683	0.138351	0.988522	0.166233	-0.975116	0.146679	0.984218	0.173226	0.036175
11689	9.674109	1.458381	-0.016260	-0.038317	-0.009162	0.009323	-0.060529	0.138242	0.988547	0.165909	-0.975193	0.146533	0.984282	0.172879	0.036092
11690	9.708858	1.525195	0.034305	-0.049612	-0.007042	0.007776	-0.060374	0.138146	0.988570	0.165458	-0.975291	0.146395	0.984367	0.172406	0.036025
11691	9.773108	1.485817	0.053871	-0.062747	-0.003981	0.010464	-0.060269	0.138017	0.988594	0.164895	-0.975411	0.146229	0.984468	0.171827	0.036029
11692	9.773895	1.474600	0.032438	-0.063939	0.001073	0.012268	-0.060186	0.137861	0.988621	0.164315	-0.975537	0.146040	0.984570	0.171235	0.036061
11693	9.690491	1.447538	0.042906	-0.072634	-0.000891	0.008453	-0.060115	0.137747	0.988642	0.163652	-0.975671	0.145890	0.984685	0.170564	0.036110
11694	9.647641	1.387678	0.069218	-0.070463	-0.001437	0.011007	-0.060007	0.137610	0.988667	0.162997	-0.975807	0.145713	0.984800	0.169893	0.036125
11695	9.574151	1.321968	0.123793	-0.059900	-0.003647	0.008497	-0.059909	0.137499	0.988689	0.162460	-0.975919	0.145567	0.984895	0.169343	0.036128
11696	9.543585	1.447294	0.201096	-0.050661	0.008077	0.004453	-0.059907	0.137410	0.988701	0.161993	-0.976012	0.145462	0.984972	0.168877	0.036210
11697	9.553472	1.671984	0.342845	-0.060109	0.007647	-0.002376	-0.059938	0.137386	0.988702	0.161448	-0.976108	0.145424	0.985059	0.168340	0.036325
11698	9.694462	1.638496	0.363955	-0.102591	0.004017	-0.016033	-0.059928	0.137506	0.988686	0.160451	-0.976260	0.145503	0.985223	0.167355	0.036442
11699	9.819024	1.359605	0.253879	-0.132327	-0.003227	-0.021116	-0.059881	0.137683	0.988665	0.159183	-0.976450	0.145623	0.985431	0.166098	0.036554
11700	9.935993	1.079146	0.196639	-0.130098	-0.009488	-0.013173	-0.059734	0.137796	0.988658	0.157921	-0.976649	0.145664	0.985643	0.164831	0.036578
11701	9.970002	1.025354	0.222440	-0.103333	-0.002733	-0.006218	-0.059668	0.137827	0.988657	0.156947	-0.976808	0.145647	0.985803	0.163857	0.036653
11702	9.850471	1.083307	0.274891	-0.068678	0.012339	0.004701	-0.059709	0.137728	0.988669	0.156306	-0.976928	0.145532	0.985902	0.163224	0.036804
11703	9.573342	1.192451	0.274134	-0.054897	0.015049	0.000649	-0.059808	0.137663	0.988672	0.155813	-0.977017	0.145466	0.985974	0.162748	0.036984
11704	9.584989	1.255575	0.301450	-0.049544	0.000550	-0.008062	-0.059752	0.137708	0.988669	0.155350	-0.977088	0.145483	0.986051	0.162282	0.036990
11705	10.004758	1.346602	0.354543	-0.051411	0.003228	-0.020890	-0.059768	0.137872	0.988645	0.154878	-0.977141	0.145631	0.986124	0.161824	0.037048
11706	9.834849	1.335360	0.463833	-0.050911	0.015340	-0.018094	-0.059872	0.137990	0.988622	0.154398	-0.977200	0.145747	0.986193	0.161368	0.037202
11707	9.586312	1.350072	0.453346	-0.046337	0.023523	-0.009472	-0.060071	0.138011	0.988607	0.153984	-0.977260	0.145783	0.986246	0.160987	0.037453
11708	9.526100	1.318722	0.468286	-0.032815	0.020905	-0.005337	-0.060215	0.137993	0.988601	0.153701	-0.977305	0.145778	0.986281	0.160727	0.037638
11709	9.595681	1.323479	0.337045	-0.032318	0.013302	-0.003740	-0.060304	0.137974	0.988598	0.153428	-0.977350	0.145763	0.986318	0.160468	0.037769
11710	9.651078	1.304556	0.268771	-0.023238	0.014942	-0.002659	-0.060380	0.137943	0.988598	0.153222	-0.977386	0.145737	0.986345	0.160275	0.037878
11711	9.736914	1.423318	0.220591	-0.015758	0.004731	-0.005677	-0.060387	0.137957	0.988596	0.153112	-0.977402	0.145747	0.986362	0.160167	0.037899
11712	9.695583	1.466624	0.227922	-0.000098	0.005680	-0.005403	-0.060378	0.137966	0.988595	0.153140	-0.977396	0.145756	0.986358	0.160194	0.037885
11713	9.650380	1.449267	0.154820	0.006539	0.001796	-0.008299	-0.060361	0.138010	0.988590	0.153248	-0.977373	0.145801	0.986343	0.160300	0.037845
11714	9.699900	1.399908	0.071340	0.014738	-0.007462	-0.015797	-0.060238	0.138144	0.988579	0.153408	-0.977330	0.145919	0.986325	0.160446	0.037680
11715	9.708262	1.382286	0.159192	0.018394	-0.007687	-0.023232	-0.060149	0.138349	0.988555	0.153624	-0.977267	0.146116	0.986297	0.160654	0.037528
11716	9.660231	1.405657	0.174266	0.011815	-0.006996	-0.022423	-0.060041	0.138545	0.988535	0.153761	-0.977218	0.146298	0.986282	0.160782	0.037370
11717	9.705076	1.425628	0.246687	-0.003773	-0.012034	-0.016247	-0.059899	0.138688	0.988523	0.153762	-0.977200	0.146417	0.986291	0.160768	0.037208
11718	9.840286	1.361990	0.251318	-0.023318	-0.019534	-0.020066	-0.059664	0.138881	0.988510	0.153557	-0.977210	0.146562	0.986337	0.160537	0.036978
11719	9.898814	1.414760	0.282469	-0.011810	-0.011648	-0.005429	-0.059509	0.138918	0.988514	0.153485	-0.977220	0.146571	0.986357	0.160444	0.036832
11720	9.750735	1.558641	0.321810	-0.019076	0.006215	0.000042	-0.059499	0.138872	0.988521	0.153341	-0.977251	0.146518	0.986380	0.160299	0.036850
11721	9.636549	1.659531	0.222543	-0.041512	0.016408	-0.001694	-0.059615	0.138828	0.988521	0.152979	-0.977313	0.146480	0.986430	0.159955	0.037025
11722	9.512203	1.666990	0.218671	-0.067485	0.020616	-0.018285	-0.059773	0.138938	0.988495	0.152341	-0.977396	0.146590	0.986519	0.159351	0.037256
11723	9.541261	1.442204	0.161800	-0.090398	0.016360	-0.033486	-0.059937	0.139205	0.988448	0.151477	-0.977492	0.146848	0.986642	0.158529	0.037502
11724	9.682256	1.159079	0.107061	-0.095832	0.012856	-0.043083	-0.060057	0.139570	0.988389	0.150551	-0.977583	0.147192	0.986776	0.157643	0.037699
11725	9.712330	0.914122	0.191721	-0.071064	0.013875	-0.042767	-0.060211	0.139932	0.988329	0.149872	-0.977634	0.147548	0.986870	0.157007	0.037892
11726	9.662712	0.836846	0.227129	-0.026167	0.013270	-0.038033	-0.060324	0.140249	0.988277	0.149624	-0.977623	0.147870	0.986901	0.156790	0.037990
11727	9.638870	0.845373	0.225845	0.027236	0.025832	-0.022099	-0.060564	0.140390	0.988242	0.149927	-0.977548	0.148059	0.986840	0.157132	0.038156
11728	9.556557	1.044543	0.246438	0.081904	0.029461	-0.019693	-0.060813	0.140499	0.988211	0.150766	-0.977392	0.148238	0.986697	0.158003	0.038255
11729	9.545372	1.460496	0.308059	0.113440	0.038358	-0.026253	-0.061183	0.140660	0.988166	0.151917	-0.977174	0.148501	0.986498	0.159205	0.038418
11730	9.372358	1.856671	0.400132	0.098400	0.040936	-0.056680	-0.061596	0.141114	0.988075	0.152878	-0.976940	0.149054	0.986324	0.160236	0.038602
11731	9.485549	2.008434	0.368921	0.037538	0.020578	-0.087907	-0.061885	0.141905	0.987944	0.153242	-0.976754	0.149897	0.986249	0.160671	0.038701
11732	9.756383	1.647577	0.141348	-0.041951	0.001958	-0.115434	-0.062006	0.142997	0.987779	0.152779	-0.976660	0.150978	0.986313	0.160273	0.038711
11733	10.013255	1.153538	-0.028384	-0.065064	-0.010947	-0.124609	-0.062039	0.144197	0.987602	0.152108	-0.976584	0.152144	0.986415	0.159661	0.038653
11734	10.076107	1.015474	-0.014516	-0.066908	-0.012581	-0.112912	-0.062015	0.145283	0.987445	0.151421	-0.976527	0.153187	0.986522	0.159020	0.038560
11735	9.928064	1.015286	0.118465	-0.070600	0.003213	-0.097821	-0.062146	0.146199	0.987301	0.150712	-0.976495	0.154086	0.986622	0.158374	0.038652
11736	9.773110	1.013339	0.119247	-0.072342	0.014041	-0.080502	-0.062332	0.146927	0.987181	0.149987	-0.976493	0.154806	0.986721	0.157714	0.038830
11737	9.612114	0.876937	0.125715	-0.074624	0.031014	-0.083968	-0.062716	0.147663	0.987047	0.149246	-0.976486	0.155566	0.986809	0.157069	0.039203
11738	9.539709	0.911181	0.142902	-0.056863	0.048903	-0.090506	-0.063260	0.148431	0.986897	0.148678	-0.976441	0.156388	0.986860	0.156623	0.039701
11739	9.430229	0.917772	0.198922	-0.024090	0.064610	-0.102880	-0.064002	0.149299	0.986719	0.148423	-0.976325	0.157354	0.986851	0.156523	0.040327
11740	9.895545	1.003001	0.243732	0.033291	0.060569	-0.114387	-0.064695	0.150282	0.986524	0.148719	-0.976103	0.158448	0.986761	0.156966	0.040799
11741	10.210053	1.129681	0.345751	0.094945	0.073611	-0.120524	-0.065553	0.151308	0.986311	0.149626	-0.975771	0.159636	0.986567	0.158042	0.041325
11742	10.246193	1.541510	0.556536	0.124516	0.165116	-0.057236	-0.067190	0.151565	0.986161	0.150851	-0.975489	0.160203	0.986270	0.159528	0.042679
11743	9.228817	0.769897	0.435515	0.157731	0.056305	-0.103401	-0.067854	0.152449	0.985979	0.152385	-0.975078	0.161251	0.985989	0.161190	0.042931
11744	9.815232	1.063874	0.662558	0.192048	0.088086	-0.093230	-0.068785	0.153176	0.985802	0.154247	-0.974627	0.162203	0.985635	0.163214	0.043412
11745	9.933794	1.108547	0.766343	0.195728	0.093632	-0.081235	-0.069785	0.153780	0.985638	0.156168	-0.974180	0.163049	0.985262	0.165303	0.043968
11746	9.846729	1.292250	0.933729	0.205405	0.116936	-0.067161	-0.070966	0.154198	0.985488	0.158186	-0.973737	0.163751	0.984856	0.167511	0.044710
11747	9.670830	1.417079	1.096229	0.206585	0.107679	-0.080835	-0.072107	0.154770	0.985316	0.160211	-0.973262	0.164601	0.984446	0.169727	0.045383
11748	10.114168	1.807134	1.384982	0.194750	0.119019	-0.076399	-0.073322	0.155272	0.985147	0.162096	-0.972816	0.165392	0.984047	0.171815	0.046160
11749	9.912606	1.866269	1.443132	0.150801	0.145404	-0.068068	-0.074815	0.155649	0.984975	0.163577	-0.972448	0.166094	0.983690	0.173546	0.047293
11750	9.836185	1.880470	1.611304	0.079583	0.173033	-0.077168	-0.076570	0.156056	0.984776	0.164348	-0.972190	0.166840	0.983426	0.174621	0.048793
11751	9.846771	1.852445	1.807602	-0.000246	0.207804	-0.086810	-0.078707	0.156503	0.984536	0.164327	-0.972054	0.167655	0.983261	0.174981	0.050790
11752	9.820208	1.845965	1.780975	-0.055655	0.218373	-0.095734	-0.080940	0.157010	0.984275	0.163743	-0.972003	0.168518	0.983177	0.174808	0.052965
11753	9.884726	1.940176	1.797245	-0.112707	0.241099	-0.089226	-0.083408	0.157423	0.984003	0.162610	-0.972058	0.169296	0.983159	0.174130	0.055478
11754	9.680710	1.821034	1.788724	-0.181111	0.280833	-0.079808	-0.086229	0.157671	0.983720	0.160805	-0.972248	0.169928	0.983212	0.172839	0.058482
11755	9.910826	1.570773	1.896198	-0.203595	0.304332	-0.071633	-0.089288	0.157810	0.983424	0.158789	-0.972484	0.170471	0.983267	0.171378	0.061773
11756	10.131868	1.470083	2.100792	-0.180525	0.356514	-0.045651	-0.092796	0.157606	0.983132	0.157003	-0.972724	0.170756	0.983229	0.170201	0.065520
11757	10.400290	1.499652	2.337728	-0.142696	0.431529	-0.007525	-0.097002	0.156912	0.982837	0.155643	-0.972954	0.170695	0.983039	0.169529	0.069956
11758	10.401527	1.509683	2.624599	-0.100109	0.511714	0.007544	-0.101955	0.155929	0.982492	0.154708	-0.973137	0.170498	0.982685	0.169383	0.075092
11759	10.661137	1.646965	3.020773	-0.081735	0.629273	0.035859	-0.108033	0.154479	0.982072	0.153993	-0.973330	0.170044	0.982148	0.169602	0.081363
11760	10.265859	1.516702	3.330272	-0.100661	0.772658	0.054590	-0.115474	0.152597	0.981519	0.153089	-0.973589	0.169375	0.981443	0.169818	0.089063
11761	10.127648	1.543364	3.766619	-0.118414	0.935729	0.087932	-0.124471	0.150117	0.980802	0.152083	-0.973922	0.168364	0.980499	0.170120	0.098395
