// General information: 
//  MT Manager version: 2022.2.0 
//  XDA version: 2022.2.0 build 7381 rev 124627 built on 2023-07-19
// Device information: 
//  DeviceId: 00B4CBA7
//  ProductCode: MTW2-3A7G6
//  Firmware Version: 4.6.0
//  Hardware Version: 2.0.0
// Device settings: 
//  Filter Profile: human(46.1)
//  Option Flags: Orientation Smoother Disabled, Position/Velocity Smoother Disabled, Continuous Zero Rotation Update Disabled, AHS Disabled, ICC Disabled
// Coordinate system: ENU
PacketCounter	Acc_X	Acc_Y	Acc_Z	Gyr_X	Gyr_Y	Gyr_Z	Mat[1][1]	Mat[2][1]	Mat[3][1]	Mat[1][2]	Mat[2][2]	Mat[3][2]	Mat[1][3]	Mat[2][3]	Mat[3][3]
29196	9.684542	-1.097287	-2.022224	-0.048421	0.014133	0.001849	-0.133576	-0.156275	0.978640	-0.987152	0.108348	-0.117436	-0.087681	-0.981753	-0.168740
29197	9.685989	-1.195923	-2.095679	-0.056669	0.028977	0.004731	-0.133560	-0.155976	0.978689	-0.987098	0.108933	-0.117347	-0.088308	-0.981736	-0.168513
29198	9.600561	-1.511773	-2.311192	-0.033861	0.032014	0.004382	-0.133557	-0.155658	0.978741	-0.987058	0.109350	-0.117301	-0.088766	-0.981740	-0.168248
29199	9.512782	-1.487928	-2.095710	0.028619	0.026817	0.009047	-0.133586	-0.155375	0.978782	-0.987073	0.109105	-0.117398	-0.088549	-0.981812	-0.167942
29200	9.585559	-1.389999	-1.936186	0.032186	0.039204	0.001744	-0.133551	-0.154991	0.978847	-0.987095	0.108864	-0.117438	-0.088359	-0.981899	-0.167530
29201	9.477309	-1.216272	-1.759203	0.035643	0.039102	-0.002809	-0.133451	-0.154601	0.978923	-0.987133	0.108531	-0.117430	-0.088088	-0.981998	-0.167095
29202	9.458308	-1.199014	-1.619769	0.016126	0.035783	-0.001415	-0.133391	-0.154251	0.978986	-0.987143	0.108454	-0.117414	-0.088064	-0.982061	-0.166735
29203	9.425387	-1.223538	-1.512110	-0.009163	0.044462	-0.003129	-0.133284	-0.153808	0.979070	-0.987142	0.108561	-0.117329	-0.088242	-0.982119	-0.166300
29204	9.360780	-1.251978	-1.479067	0.007329	0.033330	-0.007378	-0.133165	-0.153491	0.979136	-0.987153	0.108553	-0.117239	-0.088294	-0.982169	-0.165974
29205	9.539926	-1.127857	-1.343013	0.029730	0.021379	-0.007944	-0.133031	-0.153280	0.979187	-0.987192	0.108271	-0.117170	-0.088058	-0.982234	-0.165720
29206	9.607128	-1.023930	-1.150964	0.042123	0.016361	-0.007427	-0.132926	-0.153130	0.979225	-0.987236	0.107910	-0.117138	-0.087731	-0.982297	-0.165519
29207	9.608259	-0.816846	-1.106092	0.026271	0.002934	-0.004869	-0.132838	-0.153097	0.979242	-0.987267	0.107666	-0.117094	-0.087505	-0.982329	-0.165449
29208	9.629337	-0.889715	-1.374285	-0.014926	0.010484	-0.001197	-0.132800	-0.152993	0.979264	-0.987250	0.107905	-0.117025	-0.087763	-0.982319	-0.165372
29209	9.512493	-0.992184	-1.430990	-0.009307	-0.011388	-0.001989	-0.132754	-0.153097	0.979254	-0.987246	0.108015	-0.116950	-0.087869	-0.982290	-0.165484
29210	9.676853	-1.084557	-1.624630	-0.065929	-0.003584	0.007813	-0.132816	-0.153124	0.979241	-0.987173	0.108749	-0.116887	-0.088594	-0.982205	-0.165604
29211	9.577073	-1.354790	-1.992471	-0.071105	-0.005137	0.009217	-0.132875	-0.153155	0.979228	-0.987100	0.109483	-0.116819	-0.089318	-0.982119	-0.165727
29212	9.413763	-1.536778	-1.906776	-0.032241	-0.017224	0.010589	-0.132981	-0.153308	0.979190	-0.987049	0.109922	-0.116839	-0.089722	-0.982046	-0.165940
29213	9.454943	-1.672534	-1.990348	-0.001729	-0.009225	0.001529	-0.132968	-0.153387	0.979179	-0.987048	0.109963	-0.116811	-0.089756	-0.982029	-0.166022
29214	9.505135	-1.500024	-1.829899	0.077739	-0.015317	-0.005304	-0.132912	-0.153543	0.979162	-0.987118	0.109279	-0.116856	-0.089060	-0.982081	-0.166089
29215	9.460963	-1.166576	-1.598371	0.112407	-0.017346	-0.009128	-0.132800	-0.153713	0.979151	-0.987232	0.108183	-0.116913	-0.087956	-0.982176	-0.166118
29216	9.408103	-0.923659	-1.374687	0.107464	-0.022632	-0.003334	-0.132774	-0.153934	0.979120	-0.987322	0.107237	-0.117027	-0.086983	-0.982245	-0.166220
29217	9.387070	-0.851126	-1.107739	0.091075	-0.036105	-0.004770	-0.132722	-0.154284	0.979072	-0.987410	0.106356	-0.117092	-0.086065	-0.982286	-0.166457
29218	9.446047	-0.762197	-0.973787	0.061456	-0.054687	-0.009040	-0.132660	-0.154833	0.978993	-0.987471	0.105801	-0.117076	-0.085451	-0.982259	-0.166928
29219	9.585293	-0.701141	-0.913749	0.018521	-0.055062	-0.007135	-0.132599	-0.155371	0.978916	-0.987499	0.105629	-0.116997	-0.085224	-0.982193	-0.167435
29220	9.643526	-0.654678	-0.987144	-0.051931	-0.056079	-0.009447	-0.132543	-0.155923	0.978836	-0.987457	0.106249	-0.116786	-0.085791	-0.982038	-0.168050
29221	9.484431	-0.895124	-1.336378	-0.084870	-0.072221	-0.000528	-0.132563	-0.156623	0.978722	-0.987387	0.107103	-0.116598	-0.086562	-0.981834	-0.168845
29222	9.559601	-1.017358	-1.458588	-0.099430	-0.091383	0.000344	-0.132627	-0.157518	0.978569	-0.987296	0.108155	-0.116401	-0.087502	-0.981576	-0.169861
29223	9.513897	-1.205665	-1.590207	-0.117497	-0.081719	-0.004113	-0.132622	-0.158315	0.978442	-0.987200	0.109323	-0.116120	-0.088582	-0.981318	-0.170787
29224	9.446110	-1.264577	-1.583843	-0.077735	-0.097259	0.000019	-0.132693	-0.159265	0.978278	-0.987125	0.110173	-0.115957	-0.089312	-0.981069	-0.171833
29225	9.524254	-1.235875	-1.534007	-0.110985	-0.100763	-0.003363	-0.132713	-0.160247	0.978115	-0.987032	0.111278	-0.115692	-0.090303	-0.980784	-0.172937
29226	9.373139	-1.055768	-1.377069	-0.104239	-0.091451	0.002665	-0.132805	-0.161138	0.977956	-0.986929	0.112382	-0.115507	-0.091292	-0.980512	-0.173957
29227	9.300020	-1.011311	-1.263029	-0.140719	-0.120524	-0.004066	-0.132839	-0.162315	0.977756	-0.986807	0.113776	-0.115181	-0.092550	-0.980158	-0.175287
29228	9.457720	-1.064832	-1.423381	-0.170532	-0.134247	-0.000533	-0.132944	-0.163625	0.977524	-0.986641	0.115540	-0.114844	-0.094152	-0.979733	-0.176800
29229	9.452957	-1.125572	-1.466269	-0.182024	-0.146243	0.002422	-0.133070	-0.165045	0.977268	-0.986468	0.117348	-0.114504	-0.095782	-0.979280	-0.178427
29230	9.671283	-1.090731	-1.789659	-0.232483	-0.137223	-0.003644	-0.133150	-0.166389	0.977029	-0.986241	0.119698	-0.114021	-0.097976	-0.978768	-0.180037
29231	10.132919	-1.358972	-2.340921	-0.218373	-0.091741	-0.017161	-0.133035	-0.167298	0.976889	-0.986050	0.121827	-0.113419	-0.100037	-0.978350	-0.181172
29232	9.926311	-1.539545	-2.759522	-0.182582	-0.055342	-0.013450	-0.132941	-0.167852	0.976807	-0.985877	0.123674	-0.112923	-0.101852	-0.978024	-0.181923
29233	9.851834	-1.599063	-3.208076	-0.098618	-0.069289	-0.007364	-0.132902	-0.168530	0.976696	-0.985788	0.124647	-0.112631	-0.102761	-0.977784	-0.182700
29234	9.847585	-1.562482	-2.868019	-0.039069	-0.032413	0.000705	-0.132929	-0.168839	0.976639	-0.985737	0.125137	-0.112534	-0.103214	-0.977668	-0.183065
29235	9.684479	-1.578628	-2.643149	-0.083805	0.026721	-0.014237	-0.132724	-0.168587	0.976710	-0.985671	0.125953	-0.112201	-0.104104	-0.977606	-0.182888
29236	9.782682	-1.647412	-2.861380	-0.072211	0.127496	-0.043255	-0.132151	-0.167394	0.976993	-0.985646	0.126657	-0.111620	-0.105058	-0.977720	-0.181729
29237	9.355907	-1.271829	-2.156640	0.065989	0.181589	-0.047352	-0.131456	-0.165670	0.977381	-0.985780	0.125954	-0.111236	-0.104676	-0.978105	-0.179871
29238	8.914199	-0.802865	-0.901309	-0.036882	0.199522	-0.037102	-0.130862	-0.163768	0.977781	-0.985786	0.126311	-0.110778	-0.105363	-0.978379	-0.177969
29239	8.725966	-0.920143	-1.146074	-0.188366	0.111225	-0.049292	-0.130221	-0.162734	0.978039	-0.985652	0.128095	-0.109921	-0.107394	-0.978320	-0.177079
29240	9.361062	-1.056921	-0.880935	-0.204969	0.043696	-0.058720	-0.129582	-0.162376	0.978183	-0.985495	0.130112	-0.108952	-0.109583	-0.978113	-0.176881
29241	9.675896	-1.303894	-1.055859	-0.261602	0.011736	-0.073491	-0.128808	-0.162349	0.978290	-0.985301	0.132573	-0.107730	-0.112204	-0.977787	-0.177039
29242	9.569019	-1.351462	-1.051299	-0.193241	-0.035209	-0.068721	-0.128154	-0.162785	0.978303	-0.985165	0.134419	-0.106687	-0.114135	-0.977462	-0.177596
29243	9.413637	-1.172015	-1.045127	-0.156501	-0.075034	-0.072052	-0.127493	-0.163607	0.978253	-0.985079	0.135852	-0.105663	-0.115610	-0.977127	-0.178486
29244	9.305002	-1.021318	-1.189730	-0.128104	-0.112573	-0.069714	-0.126921	-0.164802	0.978126	-0.985014	0.137044	-0.104724	-0.116787	-0.976760	-0.179726
29245	9.444993	-1.025209	-1.393025	-0.133616	-0.147263	-0.075860	-0.126309	-0.166336	0.977946	-0.984954	0.138244	-0.103701	-0.117946	-0.976330	-0.181295
29246	9.595953	-1.248913	-1.943439	-0.159049	-0.159670	-0.072077	-0.125769	-0.167996	0.977732	-0.984852	0.139731	-0.102676	-0.119371	-0.975834	-0.183025
29247	9.660178	-1.473587	-2.401977	-0.143852	-0.166275	-0.071388	-0.125228	-0.169710	0.977505	-0.984770	0.141035	-0.101673	-0.120608	-0.975350	-0.184786
29248	9.607566	-1.523671	-2.608931	-0.044873	-0.088480	-0.085234	-0.124481	-0.170691	0.977430	-0.984815	0.141401	-0.100728	-0.121016	-0.975126	-0.185700
29249	9.044066	-1.283255	-2.416104	-0.048066	-0.103094	-0.082575	-0.123755	-0.171804	0.977327	-0.984860	0.141749	-0.099791	-0.121390	-0.974880	-0.186745
29250	9.262902	-1.189160	-2.300987	-0.052047	-0.104388	-0.078627	-0.123090	-0.172935	0.977212	-0.984889	0.142176	-0.098896	-0.121833	-0.974618	-0.187822
29251	9.594584	-1.321699	-2.238361	-0.066618	-0.106311	-0.101417	-0.122183	-0.174107	0.977117	-0.984933	0.142670	-0.097739	-0.122388	-0.974337	-0.188916
29252	9.910445	-1.644378	-2.090484	-0.049727	-0.093066	-0.119099	-0.121108	-0.175185	0.977058	-0.985010	0.143008	-0.096453	-0.122830	-0.974094	-0.189879
29253	10.014490	-1.559502	-2.180110	-0.004255	-0.072565	-0.112936	-0.120048	-0.176045	0.977035	-0.985142	0.142872	-0.095301	-0.122814	-0.973959	-0.190581
29254	9.812853	-0.976617	-1.967043	0.013521	-0.053981	-0.107171	-0.119047	-0.176723	0.977035	-0.985279	0.142625	-0.094254	-0.122692	-0.973872	-0.191100
29255	9.743018	-0.354446	-1.966081	-0.134487	-0.028916	-0.092250	-0.118136	-0.177128	0.977072	-0.985223	0.143791	-0.093055	-0.124012	-0.973627	-0.191498
29256	9.648007	0.025775	-2.170356	-0.352685	-0.012998	-0.082797	-0.117323	-0.177376	0.977125	-0.984871	0.147138	-0.091543	-0.127535	-0.973082	-0.191955
29257	9.747920	-0.637135	-2.554000	-0.535037	0.026841	-0.085638	-0.116407	-0.177235	0.977260	-0.984275	0.152211	-0.089638	-0.132863	-0.972327	-0.192167
29258	9.521852	-1.409451	-2.482619	-0.498685	0.096473	-0.111468	-0.115165	-0.176471	0.977545	-0.983720	0.156933	-0.087562	-0.137957	-0.971715	-0.191671
29259	9.166582	-1.448884	-2.294072	-0.411534	0.091098	-0.124895	-0.113771	-0.175777	0.977834	-0.983287	0.160731	-0.085512	-0.142137	-0.971220	-0.191125
29260	9.402266	-1.224791	-2.171113	-0.298935	0.086746	-0.137608	-0.112279	-0.175163	0.978116	-0.983008	0.163433	-0.083573	-0.145217	-0.970880	-0.190537
29261	9.516474	-1.019937	-1.694941	-0.262716	0.057860	-0.156807	-0.110615	-0.174852	0.978361	-0.982798	0.165729	-0.081498	-0.147893	-0.970547	-0.190176
29262	9.670891	-1.118715	-1.735209	-0.222611	0.043451	-0.151552	-0.109050	-0.174684	0.978567	-0.982622	0.167697	-0.079566	-0.150204	-0.970239	-0.189936
29263	9.581502	-1.416512	-1.795244	-0.114981	0.034930	-0.143236	-0.107552	-0.174579	0.978752	-0.982604	0.168583	-0.077906	-0.151400	-0.970104	-0.189673
29264	9.492548	-1.716852	-1.856734	-0.002259	-0.003903	-0.142360	-0.106147	-0.174861	0.978855	-0.982746	0.168408	-0.076485	-0.151473	-0.970084	-0.189720
29265	9.616650	-1.652499	-1.774675	0.161602	-0.029268	-0.134697	-0.104829	-0.175363	0.978907	-0.983131	0.166625	-0.075432	-0.149882	-0.970301	-0.189872
29266	9.742772	-1.360385	-1.881009	0.247058	-0.032121	-0.119718	-0.103686	-0.175875	0.978937	-0.983614	0.164085	-0.074702	-0.147490	-0.970641	-0.190006
29267	9.687274	-0.973516	-2.174781	0.249642	-0.027750	-0.114932	-0.102558	-0.176324	0.978975	-0.984097	0.161479	-0.074010	-0.145034	-0.970997	-0.190081
29268	9.881517	-0.561714	-2.299148	0.234685	-0.005150	-0.108195	-0.101485	-0.176551	0.979046	-0.984538	0.159067	-0.073370	-0.142781	-0.971353	-0.189964
29269	9.547593	-0.085796	-2.810626	0.192795	0.006165	-0.090067	-0.100552	-0.176626	0.979129	-0.984902	0.157056	-0.072813	-0.140917	-0.971667	-0.189751
29270	9.697952	0.384889	-2.161203	0.150612	0.005682	-0.084661	-0.099697	-0.176704	0.979202	-0.985187	0.155522	-0.072241	-0.139522	-0.971900	-0.189592
29271	9.560758	0.551012	-1.890838	0.005020	0.064503	-0.097584	-0.098608	-0.176221	0.979399	-0.985291	0.155321	-0.071254	-0.139565	-0.972019	-0.188945
29272	9.361853	0.281958	-1.629153	0.002693	0.052849	-0.080240	-0.097729	-0.175833	0.979557	-0.985363	0.155237	-0.070443	-0.139677	-0.972103	-0.188430
29273	9.502209	0.098553	-0.772394	-0.011050	0.036598	-0.064684	-0.097003	-0.175570	0.979676	-0.985410	0.155251	-0.069748	-0.139850	-0.972148	-0.188068
29274	9.488022	0.128733	-0.547227	-0.034237	0.003379	-0.042064	-0.096570	-0.175601	0.979713	-0.985390	0.155602	-0.069240	-0.140287	-0.972086	-0.188062
29275	9.608998	0.345303	-0.164050	-0.060492	-0.032023	-0.019439	-0.096386	-0.175935	0.979672	-0.985323	0.156177	-0.068895	-0.140881	-0.971934	-0.188406
29276	9.606202	0.234737	-0.526963	-0.141359	-0.057935	0.004847	-0.096499	-0.176489	0.979561	-0.985108	0.157641	-0.068643	-0.142304	-0.971597	-0.189073
29277	9.853319	-0.243528	-1.480237	-0.152002	-0.084908	0.028432	-0.096863	-0.177261	0.979385	-0.984862	0.159188	-0.068593	-0.143748	-0.971204	-0.189998
29278	9.846510	-1.041348	-2.446804	-0.071119	-0.082444	0.042088	-0.097379	-0.177993	0.979202	-0.984709	0.160031	-0.068838	-0.144450	-0.970932	-0.190855
29279	9.701161	-1.345101	-3.168557	0.088448	-0.099206	0.046130	-0.097939	-0.178875	0.978985	-0.984791	0.159275	-0.069418	-0.143510	-0.970894	-0.191754
29280	9.994050	-1.572154	-3.716371	0.180674	-0.095254	0.050642	-0.098555	-0.179720	0.978768	-0.984989	0.157686	-0.070228	-0.141717	-0.970997	-0.192563
29281	10.054465	-1.575088	-4.098299	0.254130	-0.083115	0.073615	-0.099360	-0.180404	0.978561	-0.985273	0.155371	-0.071398	-0.139160	-0.971244	-0.193184
29282	10.015292	-1.138474	-3.773522	0.254844	-0.058774	0.087919	-0.100290	-0.180840	0.978386	-0.985526	0.153133	-0.072718	-0.136673	-0.971518	-0.193580
29283	9.988630	-1.132048	-3.901679	0.215346	-0.018116	0.082626	-0.101092	-0.180883	0.978295	-0.985735	0.151210	-0.073902	-0.134561	-0.971811	-0.193588
29284	9.687113	-0.488720	-2.713221	0.240010	0.061858	0.073951	-0.101724	-0.180171	0.978361	-0.985969	0.149103	-0.075057	-0.132354	-0.972269	-0.192811
29285	9.478714	0.030957	-1.970719	0.144982	0.114922	0.078506	-0.102309	-0.178929	0.978528	-0.986080	0.147855	-0.076063	-0.131070	-0.972689	-0.191565
29286	9.423997	0.567998	-0.981866	0.053305	0.123202	0.080912	-0.102931	-0.177613	0.978703	-0.986056	0.147569	-0.076924	-0.130764	-0.972973	-0.190326
29287	9.396558	0.791715	-0.295478	-0.104168	0.101725	0.084034	-0.103589	-0.176491	0.978836	-0.985832	0.148752	-0.077508	-0.131924	-0.972997	-0.189399
29288	9.550378	0.441470	0.057288	-0.154497	0.054390	0.107521	-0.104559	-0.175801	0.978857	-0.985505	0.150533	-0.078233	-0.133597	-0.972848	-0.188992
29289	9.338826	0.237990	0.344174	-0.039128	-0.023767	0.151241	-0.106043	-0.175796	0.978698	-0.985293	0.151200	-0.079599	-0.133986	-0.972746	-0.189245
29290	9.244380	0.831618	0.591038	0.086267	-0.099108	0.174607	-0.107876	-0.176495	0.978372	-0.985211	0.150755	-0.081435	-0.133121	-0.972688	-0.190148
29291	9.648409	1.422765	0.649073	0.063379	-0.160223	0.195761	-0.109980	-0.177751	0.977911	-0.985083	0.150505	-0.083430	-0.132351	-0.972498	-0.191652
29292	9.853383	1.253228	-0.343140	-0.022262	-0.188780	0.234750	-0.112518	-0.179229	0.977352	-0.984784	0.151214	-0.085644	-0.132440	-0.972117	-0.193517
29293	9.902332	0.649956	-1.356569	0.021884	-0.216064	0.299430	-0.115715	-0.180868	0.976676	-0.984472	0.151561	-0.088571	-0.132006	-0.971759	-0.195597
29294	9.942620	0.365556	-1.893738	0.076932	-0.230163	0.340673	-0.119345	-0.182584	0.975920	-0.984165	0.151505	-0.092008	-0.131057	-0.971447	-0.197774
29295	10.020098	-0.246783	-2.677643	0.010005	-0.216155	0.369096	-0.123222	-0.184116	0.975150	-0.983731	0.152105	-0.095588	-0.130726	-0.971064	-0.199863
29296	9.984528	-1.183693	-3.340464	0.028118	-0.207031	0.398331	-0.127385	-0.185513	0.974350	-0.983260	0.152653	-0.099485	-0.130282	-0.970712	-0.201853
29297	9.813196	-1.732495	-2.967588	0.089972	-0.188678	0.420656	-0.131728	-0.186694	0.973547	-0.982833	0.152583	-0.103724	-0.129182	-0.970497	-0.203588
29298	9.848316	-1.844277	-2.849942	0.156869	-0.172038	0.430566	-0.136157	-0.187701	0.972743	-0.982447	0.151962	-0.108192	-0.127513	-0.970400	-0.205096
29299	9.745104	-1.418233	-2.357888	0.161222	-0.160637	0.435302	-0.140599	-0.188591	0.971939	-0.982050	0.151237	-0.112716	-0.125736	-0.970340	-0.206470
29300	9.458069	-1.777480	-1.431078	0.090068	-0.164049	0.434394	-0.145048	-0.189518	0.971104	-0.981533	0.151280	-0.117082	-0.124720	-0.970153	-0.207961
29301	9.012806	-2.318040	-0.452744	0.126279	-0.229418	0.432466	-0.149539	-0.191082	0.970116	-0.981054	0.150898	-0.121503	-0.123172	-0.969906	-0.210027
29302	8.992676	-1.502305	0.839511	0.278282	-0.302010	0.433233	-0.154134	-0.193352	0.968947	-0.980726	0.149123	-0.126250	-0.120081	-0.969730	-0.212611
29303	9.202244	-0.037115	1.608442	0.295113	-0.384017	0.448032	-0.158944	-0.196404	0.967555	-0.980376	0.147154	-0.131180	-0.116616	-0.969418	-0.215939
29304	9.632372	0.888820	1.389835	0.155107	-0.436733	0.440557	-0.163741	-0.199979	0.966021	-0.979839	0.146602	-0.135735	-0.114476	-0.968771	-0.219952
29305	10.053296	0.681848	0.873949	0.035541	-0.501475	0.454634	-0.168729	-0.204159	0.964287	-0.979126	0.147196	-0.140161	-0.113324	-0.967808	-0.224733
29306	10.227956	-0.059820	-0.189826	0.038772	-0.539063	0.469563	-0.173904	-0.208665	0.962401	-0.978360	0.147867	-0.144728	-0.112108	-0.966744	-0.229864
29307	9.952039	-0.715857	-1.231745	0.220682	-0.600726	0.512346	-0.179542	-0.213707	0.960257	-0.977702	0.146836	-0.150126	-0.108917	-0.965800	-0.235305
29308	9.815113	-0.753058	-1.303790	0.446607	-0.684202	0.544389	-0.185557	-0.219505	0.957803	-0.977179	0.143776	-0.156361	-0.103387	-0.964959	-0.241174
29309	9.883102	-0.518029	-0.531227	0.607420	-0.798843	0.587405	-0.192056	-0.226370	0.954919	-0.976680	0.139245	-0.163423	-0.095974	-0.964037	-0.247834
29310	10.001756	-0.227772	0.655806	0.760466	-0.937979	0.653535	-0.199267	-0.234491	0.951476	-0.976092	0.133514	-0.171517	-0.086816	-0.962906	-0.255490
29311	10.079408	0.531600	2.368289	0.897693	-1.093873	0.715031	-0.207097	-0.244078	0.947384	-0.975375	0.126605	-0.180598	-0.075864	-0.961456	-0.264287
29312	10.168946	1.012115	3.794927	0.831115	-1.234419	0.760235	-0.215353	-0.254958	0.942666	-0.974353	0.120614	-0.189970	-0.065264	-0.959400	-0.274394
29313	10.384465	0.640192	3.212642	0.717738	-1.418838	0.818566	-0.224142	-0.267574	0.937104	-0.972993	0.115894	-0.199635	-0.055187	-0.956542	-0.286324
29314	11.137073	0.226795	2.264094	0.621734	-1.593515	0.885174	-0.233518	-0.281731	0.930643	-0.971282	0.112483	-0.209664	-0.045613	-0.952877	-0.299907
29315	12.225777	-0.194420	1.076700	0.610239	-1.724285	0.934107	-0.243247	-0.297079	0.923350	-0.969310	0.109401	-0.220156	-0.035611	-0.948565	-0.314573
29316	13.690779	-0.852163	0.173912	0.587964	-1.833611	0.970251	-0.253170	-0.313323	0.915278	-0.967086	0.106893	-0.230908	-0.025488	-0.943611	-0.330073
29317	15.287145	-0.939850	0.712350	0.666609	-1.894995	1.028295	-0.263442	-0.330061	0.906453	-0.964571	0.103943	-0.242485	-0.014185	-0.938219	-0.345750
29318	16.323400	-0.856456	0.600877	0.684068	-1.878549	1.103999	-0.274216	-0.346437	0.897099	-0.961664	0.101386	-0.254799	-0.002681	-0.932578	-0.360958
29319	16.152782	-0.704449	1.473073	0.687690	-1.877688	1.229299	-0.285922	-0.362649	0.886980	-0.958209	0.099364	-0.268257	0.009149	-0.926613	-0.375904
29320	15.136947	-1.124427	2.849477	0.643446	-1.907315	1.347876	-0.298531	-0.378844	0.875989	-0.954176	0.098572	-0.282546	0.020692	-0.920196	-0.390911
29321	14.333844	-1.830054	3.801629	0.497705	-1.963857	1.361096	-0.310944	-0.395491	0.864234	-0.949910	0.099291	-0.296332	0.031385	-0.913087	-0.406555
29322	13.765570	-1.505379	2.514216	0.313135	-1.983348	1.309704	-0.322660	-0.412106	0.852091	-0.945651	0.101894	-0.308808	0.040439	-0.905420	-0.422586
29323	13.244250	-1.045464	1.561758	0.201198	-1.996509	1.237402	-0.333412	-0.428811	0.839617	-0.941515	0.105293	-0.320100	0.048856	-0.897237	-0.438838
29324	12.488768	-0.632338	-0.953449	-0.029369	-2.015327	1.200111	-0.343701	-0.445362	0.826754	-0.937460	0.111048	-0.329904	0.055117	-0.888438	-0.455676
29325	11.790790	0.550830	-2.969856	-0.038957	-2.015137	1.207333	-0.353784	-0.461789	0.813380	-0.933286	0.116877	-0.339582	0.061750	-0.879256	-0.472331
29326	10.839324	1.186072	-6.296680	-0.259072	-2.001495	1.176237	-0.363570	-0.477681	0.799773	-0.929215	0.124995	-0.347758	0.066150	-0.869596	-0.489313
29327	10.789805	1.174436	-8.062361	-0.151504	-1.985406	1.110664	-0.372465	-0.493416	0.786009	-0.925247	0.131704	-0.355769	0.072021	-0.859764	-0.505588
29328	10.608190	1.016784	-7.253541	-0.034599	-1.829420	1.095290	-0.381366	-0.507362	0.772751	-0.921114	0.137882	-0.364057	0.078160	-0.850631	-0.519921
29329	9.907192	0.905954	-6.924551	-0.104024	-1.585770	1.092035	-0.390090	-0.519238	0.760409	-0.917002	0.144373	-0.371839	0.083290	-0.842347	-0.532460
29330	8.920814	0.234721	-8.593295	-0.287347	-1.243322	1.083909	-0.399170	-0.527798	0.749728	-0.912922	0.152922	-0.378403	0.085070	-0.835491	-0.542880
29331	7.816667	-0.800423	-10.645209	-0.438392	-0.894415	0.978368	-0.407294	-0.533701	0.741131	-0.909366	0.161769	-0.383256	0.084652	-0.830057	-0.551217
29332	6.178627	-1.566337	-11.460739	-0.328398	-0.587890	0.862766	-0.414838	-0.536882	0.734620	-0.906046	0.169558	-0.387724	0.083602	-0.826443	-0.556779
29333	4.837951	-2.220733	-10.127901	-0.311142	-0.403069	0.714486	-0.420936	-0.538968	0.729607	-0.903336	0.175972	-0.391174	0.082440	-0.823739	-0.560943
29334	3.159822	-2.702701	-8.554963	-0.432151	-0.266512	0.563658	-0.426002	-0.539902	0.725967	-0.901248	0.182995	-0.392765	0.079207	-0.821595	-0.564542
29335	1.714499	-2.419997	-9.528529	-0.904646	-0.334327	0.430719	-0.429597	-0.541829	0.722404	-0.900109	0.192744	-0.390709	0.072458	-0.818090	-0.570508
29336	1.632553	-1.211100	-11.092287	-0.790958	-0.365757	0.348479	-0.432603	-0.543943	0.719013	-0.899123	0.201401	-0.388606	0.066570	-0.814594	-0.576199
29337	3.648440	-0.013130	-8.152416	-0.474508	-0.223398	0.238552	-0.434571	-0.545270	0.716819	-0.898415	0.206563	-0.387535	0.063243	-0.812411	-0.579645
29338	5.580127	1.501576	-4.612045	-0.635274	0.173171	0.131929	-0.435989	-0.543403	0.717375	-0.898181	0.212758	-0.384714	0.056428	-0.812064	-0.580834
29339	6.245197	2.652654	-3.983182	-1.175309	0.597385	0.035653	-0.436575	-0.538469	0.720731	-0.898629	0.222502	-0.378100	0.043231	-0.812739	-0.581022
29340	6.257881	2.882966	-4.549389	-1.910040	1.014522	-0.100317	-0.436136	-0.530254	0.727060	-0.899630	0.237841	-0.366193	0.021251	-0.813795	-0.580763
29341	5.838409	2.165955	-4.764052	-2.675580	1.422016	-0.290986	-0.433570	-0.519394	0.736374	-0.901075	0.258104	-0.348493	-0.009056	-0.814624	-0.579919
29342	5.370307	0.709739	-5.610331	-3.310242	1.779318	-0.498391	-0.428717	-0.506036	0.748418	-0.902216	0.282899	-0.325538	-0.046992	-0.814798	-0.577837
29343	5.401084	-0.745933	-6.908546	-3.663599	2.082578	-0.672261	-0.421201	-0.491060	0.762529	-0.902596	0.309398	-0.299321	-0.088940	-0.814329	-0.573548
29344	5.461366	-1.889023	-7.592875	-3.794273	2.345455	-0.787743	-0.411583	-0.474340	0.778204	-0.901570	0.336811	-0.271533	-0.133309	-0.813364	-0.566276
29345	5.501203	-2.766017	-7.406472	-3.695721	2.551199	-0.882043	-0.399645	-0.456686	0.794809	-0.899424	0.362755	-0.243813	-0.176975	-0.812309	-0.555728
29346	5.643806	-3.746143	-7.416526	-3.502334	2.790721	-0.945012	-0.385677	-0.437429	0.812348	-0.896095	0.387250	-0.216913	-0.219697	-0.811599	-0.541332
29347	5.426031	-4.823881	-8.223679	-3.129806	2.915366	-0.971691	-0.369976	-0.417634	0.829879	-0.892286	0.408508	-0.192218	-0.258735	-0.811605	-0.523787
29348	5.693484	-6.218518	-8.703939	-2.415586	2.942170	-0.962899	-0.353322	-0.397637	0.846787	-0.889043	0.424427	-0.171650	-0.291145	-0.813478	-0.503476
29349	6.191853	-6.894602	-7.748546	-1.514378	3.013773	-0.970931	-0.335524	-0.377207	0.863214	-0.887802	0.433033	-0.155854	-0.315011	-0.818655	-0.480178
29350	6.534874	-7.071682	-7.425910	-0.630376	3.067375	-0.991750	-0.316777	-0.356216	0.879069	-0.888954	0.434709	-0.144186	-0.330778	-0.827127	-0.454365
29351	6.736350	-6.496696	-7.222466	0.286062	3.117700	-1.057340	-0.296894	-0.334808	0.894292	-0.893156	0.428683	-0.136026	-0.337825	-0.839127	-0.426309
29352	6.658629	-5.289420	-6.510085	1.045607	3.156212	-1.156009	-0.275822	-0.312942	0.908840	-0.899969	0.416173	-0.129829	-0.337606	-0.853737	-0.396428
29353	6.662173	-4.032549	-5.917844	1.537449	3.168816	-1.269902	-0.253688	-0.290815	0.922534	-0.908481	0.399103	-0.124013	-0.332121	-0.869565	-0.365447
29354	6.816401	-2.950945	-5.434205	1.882338	3.134475	-1.378157	-0.230788	-0.268639	0.935184	-0.917959	0.378805	-0.117722	-0.322628	-0.885630	-0.334023
29355	7.376985	-1.833975	-4.331289	2.039103	3.095470	-1.493342	-0.207165	-0.246475	0.946748	-0.927685	0.356755	-0.110117	-0.310616	-0.901097	-0.302559
29356	8.307357	-0.540881	-3.684236	1.866407	3.108450	-1.598832	-0.182724	-0.223768	0.957361	-0.936477	0.336119	-0.100176	-0.299371	-0.914851	-0.270971
29357	8.747948	0.322829	-4.038973	1.492372	3.153952	-1.653858	-0.157829	-0.200144	0.966971	-0.943695	0.318890	-0.088026	-0.290739	-0.926419	-0.239205
29358	8.712908	0.586467	-3.717629	1.044698	3.157978	-1.646483	-0.133084	-0.175872	0.975376	-0.949087	0.306128	-0.074298	-0.285523	-0.935604	-0.207659
29359	8.485260	-0.003207	-3.342090	0.515053	3.181276	-1.615050	-0.108620	-0.150880	0.982567	-0.952503	0.298673	-0.059433	-0.284499	-0.942353	-0.176155
29360	8.167183	-1.241926	-3.455379	0.074330	3.162750	-1.575110	-0.084500	-0.125673	0.988467	-0.954221	0.295856	-0.043957	-0.286919	-0.946930	-0.144920
29361	8.056260	-2.462329	-3.774430	-0.074222	3.096534	-1.544945	-0.060779	-0.100858	0.993043	-0.955124	0.294832	-0.028513	-0.289905	-0.950211	-0.114252
29362	7.926053	-3.071021	-3.520011	-0.013109	2.968049	-1.532499	-0.037438	-0.077120	0.996319	-0.955826	0.293638	-0.013188	-0.291540	-0.952801	-0.084707
29363	8.088317	-3.082972	-3.273133	0.141092	2.842187	-1.522063	-0.014566	-0.054455	0.998410	-0.956625	0.291315	0.001933	-0.290957	-0.955076	-0.056336
29364	8.139379	-2.827302	-3.143618	0.336527	2.672564	-1.479844	0.007399	-0.033182	0.999422	-0.957638	0.287495	0.016634	-0.287880	-0.957207	-0.029649
29365	8.266590	-2.330974	-2.436219	0.562041	2.409931	-1.417744	0.027893	-0.014119	0.999511	-0.958981	0.281799	0.030743	-0.282095	-0.959370	-0.005679
29366	8.920183	-2.011505	-2.717043	0.719632	2.175473	-1.354362	0.047006	0.003005	0.998890	-0.960463	0.274849	0.044371	-0.274410	-0.961483	0.015806
29367	9.286100	-1.636809	-2.393175	0.966774	1.946555	-1.297515	0.064761	0.018242	0.997734	-0.962332	0.265706	0.057605	-0.264053	-0.963881	0.034762
29368	9.604378	-1.138534	-2.894530	1.126771	1.742363	-1.211704	0.080987	0.031899	0.996205	-0.964343	0.255169	0.070226	-0.251960	-0.966370	0.051427
29369	9.435060	-0.542685	-2.003236	1.382772	1.494866	-1.104987	0.095352	0.043623	0.994487	-0.966742	0.242231	0.082066	-0.237316	-0.969237	0.065270
29370	9.028527	0.397949	-1.311865	1.299887	1.256213	-0.960858	0.107599	0.053540	0.992752	-0.968750	0.230111	0.092588	-0.223486	-0.971690	0.076627
29371	8.362917	0.770153	-1.544449	1.068808	1.014598	-0.770546	0.117317	0.061679	0.991177	-0.970201	0.220189	0.101133	-0.212008	-0.973505	0.085673
29372	7.698199	0.651738	-1.043625	0.810549	0.689342	-0.589339	0.124523	0.067111	0.989944	-0.971157	0.212711	0.107740	-0.203341	-0.974808	0.091663
29373	7.190977	0.551995	-1.406661	0.380225	0.313475	-0.383865	0.128921	0.069363	0.989226	-0.971426	0.209295	0.111925	-0.199276	-0.975389	0.094364
29374	6.684813	0.057218	-1.694387	-0.014710	-0.057969	-0.184774	0.130652	0.068402	0.989066	-0.971144	0.209598	0.113789	-0.199523	-0.975392	0.093813
29375	6.581597	-0.129598	-1.062605	-0.411696	-0.419527	-0.002491	0.129868	0.064312	0.989443	-0.970300	0.213644	0.113469	-0.204091	-0.974792	0.090147
29376	7.308223	-0.837353	-3.297074	-0.771650	-0.751942	0.099818	0.127385	0.057192	0.990203	-0.968806	0.221138	0.111860	-0.212574	-0.973564	0.083577
29377	9.692822	0.271905	1.023853	-0.531149	-0.883703	0.119046	0.124364	0.048863	0.991033	-0.967800	0.226273	0.110292	-0.218854	-0.972838	0.075430
29378	9.857808	0.861494	0.717333	-1.412359	-0.948342	0.453750	0.117882	0.040694	0.992193	-0.965138	0.239831	0.104831	-0.233692	-0.969961	0.067547
29379	11.762836	0.962130	1.960148	-1.491068	-0.725417	0.534942	0.111015	0.034996	0.993202	-0.962141	0.254094	0.098590	-0.248917	-0.966546	0.061879
29380	14.114735	2.126133	6.328707	-1.911191	-0.154203	0.379801	0.107021	0.034495	0.993658	-0.957605	0.272426	0.093680	-0.267467	-0.961558	0.062188
29381	14.258543	2.243913	4.084883	-2.522708	0.343856	0.284775	0.105302	0.038602	0.993691	-0.950849	0.296517	0.089243	-0.291201	-0.954247	0.067928
29382	11.790261	1.422479	3.089568	-2.756272	0.361639	0.269678	0.103900	0.042861	0.993664	-0.942734	0.322623	0.084659	-0.316950	-0.945557	0.073927
29383	10.649097	-1.598889	4.182509	-3.143337	0.178139	0.348863	0.101258	0.045714	0.993809	-0.932654	0.352053	0.078833	-0.346269	-0.934863	0.078283
29384	11.576651	-6.447405	2.619296	-3.202974	-0.061955	0.425702	0.097138	0.046691	0.994175	-0.921496	0.381633	0.072114	-0.376043	-0.923134	0.080097
29385	13.507318	-9.509226	1.939993	-2.493319	-0.346676	0.461446	0.091602	0.045319	0.994764	-0.912252	0.404346	0.065582	-0.399257	-0.913483	0.078381
29386	14.490725	-9.684183	0.890896	-1.454353	-0.541547	0.467522	0.085192	0.042304	0.995466	-0.906753	0.417391	0.059862	-0.412966	-0.907742	0.073918
29387	12.719848	-5.890991	0.344381	-0.432198	-0.714473	0.440110	0.078276	0.037666	0.996220	-0.905304	0.421162	0.055209	-0.417490	-0.906203	0.067066
29388	10.570136	-0.438669	-0.471218	0.013081	-0.876986	0.414293	0.070894	0.031460	0.996988	-0.905663	0.420905	0.051118	-0.418029	-0.906559	0.058332
29389	9.614147	3.399606	-1.372020	-0.226896	-0.897548	0.408114	0.063474	0.025046	0.997669	-0.904972	0.422872	0.046960	-0.420710	-0.905843	0.049507
29390	9.103145	3.621754	-2.818338	-0.858539	-0.739823	0.385130	0.056886	0.019996	0.998180	-0.901552	0.430554	0.042754	-0.428915	-0.902343	0.042520
29391	8.626827	0.928461	-3.772459	-1.341650	-0.539819	0.297866	0.051899	0.016438	0.998517	-0.895862	0.442593	0.039277	-0.441291	-0.896572	0.037696
29392	8.407431	-3.335933	-4.259194	-1.184424	-0.457255	0.156824	0.048489	0.013042	0.998739	-0.890640	0.453174	0.037323	-0.452116	-0.891327	0.033590
29393	8.937279	-6.106971	-3.381846	-0.317178	-0.501265	0.031662	0.045972	0.008718	0.998905	-0.889202	0.456021	0.036943	-0.455199	-0.889926	0.028716
29394	10.139822	-5.105835	-2.207291	0.834875	-0.605771	0.007608	0.043196	0.003338	0.999061	-0.892970	0.448584	0.037110	-0.448039	-0.893734	0.022357
29395	11.021561	-0.505751	-0.408272	1.561652	-0.693841	0.062965	0.039608	-0.002613	0.999212	-0.899872	0.434598	0.036807	-0.434351	-0.900621	0.014862
29396	11.229772	3.703843	0.398959	1.369347	-0.736183	0.159138	0.035042	-0.008594	0.999349	-0.905793	0.422239	0.035393	-0.422269	-0.906444	0.007011
29397	10.964497	5.517449	0.440845	0.566414	-0.677204	0.269180	0.029796	-0.013613	0.999463	-0.908246	0.417153	0.032758	-0.417375	-0.908734	0.000065
29398	9.784839	5.226929	0.303438	-0.420982	-0.589281	0.330755	0.024351	-0.017589	0.999549	-0.906562	0.421041	0.029495	-0.421369	-0.906871	-0.005693
29399	9.140716	2.715588	-0.651332	-1.172646	-0.559355	0.318351	0.019125	-0.021293	0.999590	-0.901614	0.431731	0.026447	-0.432118	-0.901751	-0.010941
29400	9.683804	-0.811566	-2.487299	-1.303858	-0.546303	0.253266	0.014487	-0.025110	0.999580	-0.895934	0.443532	0.024127	-0.443951	-0.895907	-0.016072
29401	10.119929	-3.217135	-3.129591	-0.774922	-0.548223	0.192726	0.010349	-0.029154	0.999521	-0.892477	0.450536	0.022382	-0.450973	-0.892282	-0.021357
29402	10.157252	-3.833576	-3.502381	-0.029906	-0.513960	0.162441	0.006609	-0.033024	0.999433	-0.892340	0.450884	0.020799	-0.451315	-0.891971	-0.026489
29403	9.866543	-2.305770	-2.802054	0.607616	-0.471366	0.160335	0.003100	-0.036519	0.999328	-0.895061	0.445536	0.019058	-0.445933	-0.894519	-0.031306
29404	9.580294	0.416335	-1.347182	0.745646	-0.441064	0.174755	-0.000396	-0.039717	0.999211	-0.898353	0.438941	0.017091	-0.439273	-0.897638	-0.035854
29405	9.913215	2.045589	-0.764773	0.351065	-0.386780	0.196476	-0.003817	-0.042336	0.999096	-0.899874	0.435891	0.015033	-0.436134	-0.899003	-0.039760
29406	10.107173	2.174915	-0.265812	-0.218230	-0.310026	0.215104	-0.007082	-0.044200	0.998998	-0.898894	0.437974	0.013005	-0.438109	-0.897901	-0.042833
29407	10.098885	0.675217	-0.735497	-0.806818	-0.232725	0.214455	-0.009996	-0.045341	0.998922	-0.895300	0.445322	0.011254	-0.445353	-0.894221	-0.045045
29408	10.152740	-1.780135	-1.196857	-0.895296	-0.171236	0.188385	-0.012423	-0.046042	0.998862	-0.891239	0.453427	0.009816	-0.453363	-0.890103	-0.046667
29409	9.747647	-3.368128	-1.524889	-0.469700	-0.176197	0.178559	-0.014776	-0.046799	0.998795	-0.889064	0.457709	0.008293	-0.457545	-0.887870	-0.048371
29410	9.532748	-2.973197	-1.429660	0.188007	-0.241312	0.169387	-0.017363	-0.048188	0.998687	-0.889881	0.456146	0.006539	-0.455862	-0.888599	-0.050802
29411	9.381160	-1.388044	-0.707099	0.696590	-0.271942	0.166238	-0.020037	-0.049860	0.998555	-0.892992	0.450050	0.004553	-0.449627	-0.891610	-0.053542
29412	9.194754	0.698044	0.325064	0.975150	-0.343917	0.185640	-0.023210	-0.052124	0.998371	-0.897280	0.441457	0.002188	-0.440852	-0.895767	-0.057016
29413	9.711704	2.436199	1.035553	0.893260	-0.395164	0.211646	-0.026801	-0.054748	0.998140	-0.901117	0.433575	-0.000414	-0.432746	-0.899453	-0.060955
29414	9.976358	3.285995	1.040136	0.611829	-0.391616	0.252354	-0.030740	-0.057205	0.997889	-0.903662	0.428234	-0.003288	-0.427142	-0.901856	-0.064858
29415	9.986391	3.270554	0.822807	0.298387	-0.386350	0.296881	-0.035030	-0.059427	0.997618	-0.904824	0.425737	-0.006412	-0.424342	-0.902893	-0.068684
29416	10.032650	2.459263	0.877883	0.004453	-0.342437	0.309564	-0.039258	-0.061215	0.997352	-0.904710	0.425923	-0.009470	-0.424216	-0.902686	-0.072103
29417	9.343361	1.831099	0.551132	-0.144829	-0.355783	0.325241	-0.043673	-0.063040	0.997055	-0.903949	0.427455	-0.012568	-0.425404	-0.901836	-0.075653
29418	8.881973	1.348955	0.609295	-0.222343	-0.414283	0.313178	-0.048239	-0.065447	0.996689	-0.902839	0.429700	-0.015481	-0.427264	-0.900597	-0.079816
29419	9.186743	1.115402	1.134832	-0.301090	-0.440483	0.317534	-0.052953	-0.068044	0.996276	-0.901378	0.432644	-0.018360	-0.429783	-0.898994	-0.084243
29420	9.307372	0.975683	1.121178	-0.483526	-0.452212	0.312369	-0.057687	-0.070760	0.995824	-0.899101	0.437237	-0.021015	-0.433924	-0.896558	-0.088843
29421	9.490980	0.826488	0.608596	-0.578274	-0.492706	0.309809	-0.062580	-0.073811	0.995307	-0.896381	0.442660	-0.023533	-0.438845	-0.893647	-0.093864
29422	9.527228	0.668755	0.271365	-0.651705	-0.517070	0.308369	-0.067590	-0.077061	0.994733	-0.893284	0.448743	-0.025933	-0.444381	-0.890332	-0.099168
29423	9.278687	0.587763	-0.138128	-0.719427	-0.546548	0.316589	-0.072820	-0.080490	0.994092	-0.889833	0.455407	-0.028309	-0.450437	-0.886638	-0.104785
29424	9.052669	0.396423	-0.625852	-0.725596	-0.596702	0.320898	-0.078341	-0.084311	0.993355	-0.886288	0.462118	-0.030674	-0.456461	-0.882801	-0.110927
29425	9.010232	0.071084	-1.165371	-0.716210	-0.674560	0.339753	-0.084406	-0.088677	0.992478	-0.882711	0.468742	-0.033190	-0.462273	-0.878873	-0.117841
29426	9.511293	-0.659974	-0.966906	-0.645709	-0.718149	0.353381	-0.090824	-0.093321	0.991485	-0.879383	0.474762	-0.035869	-0.467372	-0.875152	-0.125185
29427	9.785579	-1.277111	-1.132601	-0.517684	-0.754893	0.367373	-0.097554	-0.098168	0.990377	-0.876598	0.479657	-0.038802	-0.471232	-0.871947	-0.132846
29428	9.863719	-1.547694	-0.783508	-0.319337	-0.788050	0.382877	-0.104595	-0.103199	0.989146	-0.874681	0.482865	-0.042114	-0.473278	-0.869593	-0.140772
29429	9.576094	-1.014985	-0.626285	-0.133042	-0.837558	0.410956	-0.112115	-0.108494	0.987755	-0.873597	0.484476	-0.045943	-0.473559	-0.868051	-0.149097
29430	9.428285	-0.068991	-0.875604	-0.057360	-0.886855	0.438233	-0.120107	-0.114072	0.986186	-0.872799	0.485498	-0.050140	-0.473072	-0.866763	-0.157873
29431	9.715029	0.246689	-1.172587	-0.180867	-0.879602	0.450689	-0.128162	-0.119500	0.984527	-0.871374	0.487611	-0.054247	-0.473583	-0.864844	-0.166623
29432	9.604729	-0.334199	-2.125665	-0.253591	-0.881010	0.451421	-0.136237	-0.124912	0.982770	-0.869555	0.490394	-0.058212	-0.474673	-0.862503	-0.175427
29433	9.643625	-1.274734	-2.422766	-0.178558	-0.875327	0.452200	-0.144284	-0.130236	0.980928	-0.868064	0.492529	-0.062291	-0.475023	-0.860497	-0.184117
29434	9.835143	-1.582053	-2.723583	-0.008691	-0.862661	0.460306	-0.152341	-0.135392	0.979010	-0.867312	0.493269	-0.066744	-0.473879	-0.859276	-0.192572
29435	9.803711	-1.307481	-2.612976	0.108741	-0.843965	0.480569	-0.160461	-0.140277	0.977023	-0.867067	0.493016	-0.071617	-0.471642	-0.858637	-0.200739
29436	9.743683	-1.174098	-2.433795	0.072129	-0.826986	0.482365	-0.168506	-0.145002	0.974977	-0.866587	0.493138	-0.076432	-0.469715	-0.857782	-0.208754
29437	9.579682	-1.953436	-2.488828	0.160171	-0.841451	0.487852	-0.176637	-0.149820	0.972807	-0.866488	0.492502	-0.081483	-0.466902	-0.857319	-0.216811
29438	9.923980	-1.942874	-1.851997	0.484681	-0.900332	0.489744	-0.185036	-0.155142	0.970408	-0.867821	0.489153	-0.087273	-0.461138	-0.858289	-0.225146
29439	10.242688	-0.715598	-1.280147	0.859218	-0.940106	0.522968	-0.193836	-0.160688	0.967784	-0.870747	0.482611	-0.094270	-0.451915	-0.860968	-0.233466
29440	10.078058	0.365559	0.133977	1.017277	-0.974822	0.564683	-0.203090	-0.166397	0.964918	-0.874144	0.474812	-0.102105	-0.441165	-0.864214	-0.241884
29441	9.923606	1.143521	1.019484	0.952667	-1.038754	0.593598	-0.212778	-0.172596	0.961736	-0.877058	0.467590	-0.110129	-0.430690	-0.866932	-0.250870
29442	10.010183	0.897550	0.638428	0.703575	-1.099030	0.632478	-0.222989	-0.179188	0.958211	-0.878656	0.462655	-0.117958	-0.422184	-0.868241	-0.260611
29443	9.982316	-0.423905	0.570817	0.590136	-1.182487	0.673576	-0.233819	-0.186360	0.954253	-0.879583	0.458778	-0.125926	-0.414322	-0.868788	-0.271190
29444	10.545003	-1.557684	0.700970	0.681895	-1.303570	0.696650	-0.245263	-0.194501	0.949745	-0.880683	0.454239	-0.134404	-0.405269	-0.869388	-0.282702
29445	10.521687	-1.309882	1.473998	0.726073	-1.429589	0.734520	-0.257421	-0.203619	0.944602	-0.881741	0.449404	-0.143417	-0.395306	-0.869813	-0.295225
29446	10.090983	-0.999295	1.848782	0.767751	-1.565727	0.745827	-0.270074	-0.213896	0.938780	-0.882749	0.444334	-0.152716	-0.384466	-0.869952	-0.308820
29447	9.785357	-0.653433	1.838966	0.779764	-1.718881	0.732978	-0.283020	-0.225613	0.932201	-0.883674	0.439178	-0.161996	-0.372854	-0.869610	-0.323665
29448	10.289459	-0.593560	1.362669	0.770191	-1.900962	0.734924	-0.296458	-0.238905	0.924682	-0.884348	0.434252	-0.171331	-0.360614	-0.868533	-0.340012
29449	11.050842	-0.813211	1.643734	0.910601	-2.092561	0.709432	-0.310095	-0.254012	0.916144	-0.885415	0.428112	-0.180995	-0.346238	-0.867293	-0.357661
29450	11.967257	-1.146231	0.914970	1.062609	-2.262777	0.686558	-0.323797	-0.270679	0.906581	-0.886811	0.420767	-0.191106	-0.329731	-0.865845	-0.376284
29451	13.877727	-1.136594	0.468389	1.158726	-2.455383	0.660221	-0.337491	-0.289167	0.895814	-0.888345	0.412608	-0.201489	-0.311356	-0.863792	-0.396132
29452	16.935333	-1.575953	0.332442	1.133541	-2.573584	0.653156	-0.351040	-0.308651	0.884028	-0.889499	0.404854	-0.211861	-0.292511	-0.860714	-0.416665
29453	19.370380	-2.620820	1.127633	1.094058	-2.620497	0.776987	-0.365333	-0.328039	0.871161	-0.889817	0.397944	-0.223309	-0.273419	-0.856756	-0.437277
29454	19.172125	-3.477634	3.011668	1.275626	-2.643504	0.964151	-0.380847	-0.346769	0.857150	-0.889539	0.390398	-0.237298	-0.252342	-0.852843	-0.457147
29455	17.989365	-2.982916	5.129436	1.664724	-2.774926	1.028099	-0.396606	-0.366431	0.841684	-0.889537	0.379906	-0.253761	-0.226774	-0.849353	-0.476627
29456	17.800131	-2.098657	4.767560	1.902707	-2.851391	0.985035	-0.411446	-0.386804	0.825285	-0.889551	0.367647	-0.271173	-0.198523	-0.845706	-0.495349
